CAR 0.0 0 2.7163031936196083 1773.6018759715132 301.43600192015214 2171.349690838895 487.283218436878 1.5023 1.898 4.937 13.833523960391847 -24.789608647311685 -6.5925 1.3410568121408173 0
CAR 0.0 0 2.6356239638156262 1311.4895546327266 234.92827005052632 1525.612507524358 363.2839568827526 1.5177 1.898 4.0963 22.00637574745752 -19.835226555148694 -6.7131 1.2712330420857847 0
CAR 0.0 0 2.6592234841895874 1405.7183259178555 310.6802584972726 1741.524866621715 509.029809487132 1.5541 1.898 4.9169 15.739478863704846 -17.691623574429407 -6.7043 1.3410568121408173 0
CAR 0.0 0 -1.4756911063991036 219.5612199323903 439.87343838407554 443.2185399824599 576.9753199351032 1.6474 1.9008 4.0966 22.285820811832956 38.90162297667853 -8.1942 -2.059644171057918 0
CAR 0.0 0 2.7143624471020695 1588.761131819913 198.5249796802851 1812.4566635302788 301.959084453753 1.396 1.8974 4.3588 23.2245765386683 -29.480799165731355 -6.6116 1.288688973276139 0
CAR 0.0 0 -1.277996502882591 371.76184574133885 397.4715074982593 553.3811553054952 511.3004191014204 1.6474 1.9008 4.0966 26.776815362145758 39.29815426864402 -8.1431 -2.077097463577861 0
CAR 0.0 0 4.41100194151841 1618.6255923346248 281.5488445852525 1918.521128958114 615.218558541299 4.11 3.0032 11.0896 33.29464380894086 10.65555646471565 -5.5143 3.080515983005155 0
CAR 0.0 0 4.33843917477151 1695.3811289447815 297.01346307351605 1814.0317116060291 399.2856023861108 1.9994999999999994 2.0167 6.000200000000007 49.59887114574702 7.819555123766838 -6.3098 2.9624863797598247 0
CAR 0.0 0 1.6861642280632974 98.80791219512228 196.53110960768106 194.46216377680366 236.17701150221666 1.7 1.8454 4.0952 54.47698454562142 86.67169371206884 -7.2475 1.0882981071991429 0
CAR 0.0 0 -3.6380403517481206 -629.364018108247 138.55466143375736 -94.56441062886189 499.40660053278066 3.9074 3.0032 5.6574 26.646906576591224 10.416417411011821 -5.6171 -2.8128804202626077 0
PEDESTRIAN 0.0 0 2.7715973589839167 623.4571512563317 131.88702200156786 659.3958548263705 200.5936528248008 1.7 0.6996 0.9374 39.701141543836144 -6.6049887817422945 -6.4566 1.4538021921240931 0
CAR 0.0 0 4.385524195835914 1724.3449338605847 228.76801248360607 1812.1250780050493 299.6064195900462 2.3536 2.2034 4.7012 69.88728363790375 4.322909102634135 -5.6925 2.9624863797598247 0
CAR 0.0 0 4.3310154591949335 1720.4162088634039 277.8472543502855 1805.670482774668 338.1926925666278 1.497 1.9045 4.1242 59.454717706019935 5.995921708360271 -6.3153 2.9327921430770307 0
