CAR 0.0 0 2.942494114279622 1434.3865098851952 323.9276240711073 1711.750336568308 515.9107738590494 1.551 1.9022 4.6956 21.396999824144526 -26.25760955357491 -6.4702 1.6315294449596547 0
CAR 0.0 0 2.9480331378319917 1351.7728778481019 214.25552459975373 1515.4119894394598 324.02949491444826 1.5 1.8998 4.0998 31.361328566166037 -28.35300424914052 -6.555 1.562018017330398 0
CAR 0.0 0 2.982676420278737 1793.4392940281953 318.63442400258765 2134.376363231919 492.39284826599925 1.5 2.037 4.3995 21.645834742481966 -33.4589203420995 -6.4402 1.6146851398907596 0
CAR 0.0 0 -0.9927152686430417 342.920341128475 412.12097025299437 550.5325407080688 525.454723133052 1.5999 1.899 4.0996 15.685731422622823 31.489953872376137 -7.4486 -1.757453444740866 0
CAR 0.0 0 -1.035509457842645 275.72629548952494 375.9304969578368 462.436967803373 466.9054437924621 1.5 1.899 4.0996 16.808639158683196 37.47894837682803 -7.4503 -1.7574534447408667 0
CAR 0.0 0 2.9095472875512467 1346.5687639305272 238.75038315323587 1528.9195444576237 364.2216663102361 1.5 1.8998 4.0998 28.108162189684684 -26.971076372853023 -6.4052 1.5445673833066762 0
CAR 0.0 0 3.0196214480293166 1605.9518557061883 202.9135951459688 1798.7901874348834 307.40814379240766 1.5 1.8998 4.0998 32.00658704874409 -35.41442770143046 -6.4191 1.5969143524866567 0
CAR 0.0 0 -1.2838577983148105 127.36900129198243 409.6607486685796 344.7803031357779 517.5060581068739 1.553 1.899 4.0996 12.797473784933949 36.30140985528374 -7.6325 -1.7574534447408667 0
CAR 0.0 0 -1.2320901686813175 177.27800109160418 456.58463305521093 427.6320679277837 595.9490933320877 1.6483 1.8736 4.0995 11.481623347217713 29.855024087731863 -7.5421 -1.7574534447408667 0
PEDESTRIAN 0.0 0 3.6500281996525223 927.3933687504543 101.78603855175675 953.7015391777754 162.67834181808692 1.7024 0.7548 0.7211 45.47585527338484 -18.069323537892128 -5.7738 2.2187577093109483 0
CAR 0.0 0 -1.5963317758442375 1728.2385599439676 242.4727518906655 1909.3045392690094 417.6887584489511 4.083 2.9959 5.8323 46.953835187000244 8.004059570259201 -4.9879 -2.9908413064371224 0
PEDESTRIAN 0.0 0 -2.067285556107278 1362.632726521103 843.3636928508281 1561.3276080219177 1124.701819140944 1.8354 0.7406 1.0616 9.072685571184447 -18.87436333892478 -6.551 -3.04477252578078 0
CAR 0.0 0 -1.379312135763168 62.65311405417303 339.5395102454267 235.3443006126201 413.74993051023586 1.4996 1.899 4.0996 15.386530878670893 48.965154376721394 -7.6 -1.7574534447408667 0
CAR 0.0 0 -1.5888750413465589 1719.1039270486178 223.64934354629895 1908.9591014049456 398.0961800516519 4.1526 3.0019 10.9977 52.158725505758724 8.761315643458865 -4.9096 -2.994543022300242 0
CAR 0.0 0 4.989727856558983 1151.16823769735 -374.92044502669546 1223.0079822551886 -313.83895117689957 1.4984 1.8986 4.0987 -64.70338002937766 2.2911795197504974 -8.2432 3.1370140388056007 0
CAR 0.0 0 1.5587138881501015 400.35411176844025 47.894244683974364 469.9685728486434 94.06738945462773 1.5 1.9032 4.1049 68.93975518079876 3.4455461673105225 -6.6873 0.1482379905279647 0
PEDESTRIAN 0.0 0 0.7431772914873063 1043.2680539860694 246.8081832998359 1066.7338991531872 287.72974717692705 1.7 0.6991 0.791 50.98948399907753 39.15155705639251 -6.1958 -0.5796320570379399 0
CAR 0.0 0 -1.6553972205242777 1649.5617032728724 258.77388861189297 1724.416880584578 305.5683447122811 1.4954 1.9024 4.0993 67.1637 15.7005 -6.0972 -3.060890406115459 0
