CAR 0.0 0 2.7162084596250198 1774.3729114490452 301.7286420780566 2172.629125316683 487.7952776533086 1.5023 1.898 4.937 13.813648525090652 -24.78516826923716 -6.5925 1.3410568121408173 0
CAR 0.0 0 2.669922781615293 1309.3776088478958 235.28303664758087 1523.5271773652855 363.870154194616 1.5177 1.898 4.0963 21.98986557869756 -19.76568170867969 -6.7131 1.306144914168319 0
CAR 0.0 0 2.659285788581295 1406.137705081476 310.6940860654085 1742.0371421856278 509.048174610107 1.5541 1.898 4.9169 15.73633277931093 -17.698615639137536 -6.7043 1.3410568121408173 0
CAR 0.0 0 -1.477610299983465 218.31578310470198 440.3078015255884 442.3971241668416 577.6648339945226 1.6474 1.9008 4.0966 22.247190725456882 38.89055977055048 -8.1942 -2.059644171057918 0
CAR 0.0 0 2.714362018569127 1588.4047723634733 198.47817594442512 1812.0225857078558 301.8908845402374 1.396 1.8974 4.3588 23.23209211987034 -29.476235810756965 -6.6116 1.288688973276139 0
CAR 0.0 0 -1.2821197213145918 367.693322289415 397.43528488529904 549.7640325954663 511.28529907939463 1.6474 1.9008 4.0966 26.73556222967919 39.383280520609794 -8.1431 -2.077097463577861 0
CAR 0.0 0 4.38076619212654 1615.2394543734513 276.75002947663256 1901.3874956003767 596.0473459890453 4.11 3.0032 11.0896 34.29767298013096 10.66682288801329 -5.5143 3.045609255173203 0
CAR 0.0 0 4.341241798619211 1697.3291391756447 293.3705557813523 1813.6348310050341 392.88228835420296 1.9994999999999994 2.0167 6.000200000000007 50.665334158055686 7.634730241818183 -6.3098 2.9624863797598247 0
CAR 0.0 0 1.7643952038333688 129.13935274302685 202.11551534532214 226.75039899258144 243.56204643641559 1.7 1.8454 4.0952 53.1532529072675 82.52173620958465 -7.2475 1.0882981071991429 0
CAR 0.0 0 -3.726082512193889 -582.8744388422438 129.87836070552788 -79.77684852275495 473.8405119646406 3.9074 3.0032 5.6574 27.63832722006969 10.423608648990172 -5.6171 -2.9175748876422958 0
PEDESTRIAN 0.0 0 2.7719180214180725 624.7174716437738 131.98340143568825 660.6549100696124 200.70947344226144 1.7 0.6996 0.9374 39.67527088422569 -6.636730315561086 -6.4566 1.4538021921240931 0
CAR 0.0 0 4.38703404211847 1726.945656132823 226.9628986525828 1813.4962444990033 296.4804616826196 2.3536 2.2034 4.7012 71.0705501061522 4.056307442153408 -5.6925 2.9624863797598247 0
CAR 0.0 0 4.332999373186287 1721.8136613487604 275.0046541988156 1805.6253698158764 334.01835060358934 1.497 1.9045 4.1242 60.53668518059451 5.804358123401981 -6.3153 2.9327921430770307 0
