CAR 0.0 0 2.736732385667226 1328.3383157402798 190.1496132088083 1535.128254555595 312.63644549412453 1.7194 1.8964 4.5202 24.898040032103435 -22.577810428878195 -6.5435 1.338281743454179 0
PEDESTRIAN 0.0 0 2.988682693047071 645.6116165863707 138.2338577831048 680.3060165338583 206.49323221480063 1.7 0.6968 0.7192 38.89120259763524 -7.072733835161238 -6.5112 1.6717520111948678 0
CAR 0.0 0 4.3478946848073505 1704.591329907174 257.55562804627004 1838.4840439488282 380.68996986148596 3.487 2.935 2.072 53.297204587871214 6.797980446402702 -5.9211 2.954589946740443 0
CAR 0.0 0 2.7065840292386647 1284.77930488952 232.7709156467808 1496.1103091678401 360.6284553702772 1.504 1.9011 4.104 22.199962073748885 -19.240712209639288 -6.6643 1.3445949556756323 0
CAR 0.0 0 -1.462784683119228 225.4927997976918 451.5055437059343 450.36965422758686 585.0092869380069 1.5003 1.9029 4.0972 22.02241206794244 38.45133857379769 -8.2755 -2.04660312373549 0
CAR 0.0 0 -1.2903659946201969 384.10579168007706 413.8078904845165 567.076449461833 525.7529315750726 1.4969 1.8793 4.0996 26.25614040870724 38.44527513034085 -8.2924 -2.086445960933754 0
CAR 0.0 0 2.7205018484347576 1487.9721427102043 237.7783085528388 1764.294439515882 385.1288711618048 1.498 1.8978 4.2058 18.013732833529826 -21.153305918170698 -6.0071 1.33729912391633 0
PEDESTRIAN 0.0 0 1.322617837424752 631.6339022679003 141.06888022951125 666.9986803941811 210.3246073928108 1.7 0.6974 0.7026 38.3868342138463 -6.598455951580607 -6.4943 0.015570256983676761 0
CAR 0.0 0 1.4059081137457772 453.33455859688746 -26.854470768154687 515.3698757304062 39.513700769961325 3.5054 2.9277 8.5474 102.23345303871902 -6.524715148583136 -6.2739 -0.1541603103573966 0
CAR 0.0 0 4.32251418668784 1703.942783506674 333.388979993724 1809.3218272383142 415.12078405416315 1.5032 1.8996 4.0986 47.37465211567621 7.956767057811644 -6.7781 2.961074677280605 0
CAR 0.0 0 4.360551483998558 1701.4721297052092 219.7547172331388 1853.4510910918111 366.11264766073714 4.117 3.002 6.0508 57.30852607056157 6.181479287415599 -5.4223 2.951256435673922 0
CAR 0.0 0 2.871033899614325 2961.0984177695464 198.29183698072976 3347.1386059475376 306.7454254434977 1.4956 1.9016 4.1016 9.535353353736694 -60.92095945169084 -5.6954 1.37950176162735 0
