CAR 0.0 0 2.7367290474564325 1327.2630186990937 189.98633247507985 1533.7896302315462 312.3851212109086 1.7194 1.8964 4.5202 24.92362790355857 -22.56367705370508 -6.5435 1.338281743454179 0
PEDESTRIAN 0.0 0 3.758426094279499 647.5598186599063 138.0020909925888 682.1865880526627 206.18074744055394 1.7 0.6968 0.7192 38.91933536986152 -7.132564157884566 -6.5112 2.440412758567605 0
CAR 0.0 0 4.347758443809489 1702.7918519761483 257.4768387074489 1836.4862239130114 380.5846816351905 3.487 2.935 2.072 53.283505737557 6.856626578792355 -5.9211 2.954589946740443 0
CAR 0.0 0 4.355382684065652 1698.7064142578315 232.24222582671467 1853.4853273201963 371.49640765887796 3.8402 3.1746 6.0448 57.38639538471097 6.1478530462784216 -5.7444 2.951256435673922 0
CAR 0.0 0 2.7064811090551153 1285.698500229977 233.0717979578507 1497.3642642911486 361.09401329166616 1.504 1.9011 4.104 22.167926207898102 -19.243233538731523 -6.6643 1.3445949556756323 0
CAR 0.0 0 4.318622691899323 1702.7319424231737 339.99424247480124 1807.8177500812176 422.2022107397895 1.5032 1.9025 4.0984 47.399843942911076 7.946692274714956 -6.9854 2.961074677280605 0
CAR 0.0 0 -1.4530798120075512 232.68591358949314 450.61286101038513 456.10560059483356 583.5652667631019 1.5003 1.9029 4.0972 22.141369221007995 38.39083162320785 -8.2755 -2.04660312373549 0
CAR 0.0 0 -1.295863276320755 387.50844515274207 413.5516284077696 569.9460927950972 525.3392749800694 1.4969 1.8793 4.0996 26.31287034904298 38.398225343495525 -8.2924 -2.095565067394772 0
PEDESTRIAN 0.0 0 1.3235651114528586 631.6583954109133 140.49040361335432 666.9365714944887 209.56998306863727 1.7 0.6975 0.7026 38.49190067918498 -6.616302546943667 -6.4952 0.015570256983676763 0
CAR 0.0 0 2.7203679081718635 1485.6711532624176 237.57005301216935 1761.4792221513035 384.81005273048504 1.498 1.8978 4.2058 18.0425648286222 -21.120037916742355 -6.0071 1.3372991239163303 0
CAR 0.0 0 1.7463597037429537 -15064.970465251889 1402.7241288821149 -3099.6194810138327 5055.15257880093 1.6029 1.897 4.2584 9.575372338672558 18.422841502052083 -6.9413 2.935949325173688 0
CAR 0.0 0 4.0827611360000535 1140.6890827762238 520.0032433695526 1304.3579620242763 704.673343865807 1.4996 1.9038 4.0952 23.103507040579498 19.420282277428658 -7.4733 2.97200645132414 0
