CAR 0.0 0 2.934449587804524 1432.9228987538393 323.6568685332379 1709.7386538062785 515.4623290276522 1.551 1.9022 4.6956 21.41446091085524 -26.237146694739195 -6.4702 1.623546125928737 0
CAR 0.0 0 2.9398793890387007 1354.1490843052068 214.87825915154392 1518.4745905987681 324.94155567066326 1.5 1.8998 4.0998 31.29002964285595 -28.38766247565791 -6.555 1.5540367973984677 0
CAR 0.0 0 2.9735941021470618 1790.9067289458649 319.4769091828744 2132.194700541404 493.81627925288564 1.5 2.037 4.3995 21.59389236230041 -33.37075418035666 -6.4402 1.6063940518724338 0
CAR 0.0 0 -1.0522365122729929 340.5088707713591 412.12157654147626 548.3226244224747 525.4699433168794 1.5999 1.899 4.0996 15.648161033081582 31.529046385189083 -7.4486 -1.814376792617349 0
CAR 0.0 0 -1.0929868265293408 275.96204701420174 376.13513099737725 462.7937980746742 467.203834097998 1.5 1.899 4.0996 16.799668685224276 37.444902681177446 -7.4503 -1.815035752896246 0
CAR 0.0 0 2.9181795096850793 1344.1890058278375 238.96184265560458 1526.3162116957042 364.56796524971156 1.5 1.8998 4.0998 28.08864085416027 -26.907698003222933 -6.4052 1.55373295563943 0
CAR 0.0 0 2.9941333778883115 1605.6845763997608 202.9666550485854 1798.5290115523073 307.4896361689943 1.5 1.8998 4.0998 32.00009689325126 -35.40342457534689 -6.4191 1.5714874523490754 0
CAR 0.0 0 -1.3340016681415696 131.94805260476323 409.8511979588109 349.11915019557705 517.7655835509788 1.553 1.899 4.0996 12.861634350344465 36.201854228589255 -7.6325 -1.8150357528962455 0
CAR 0.0 0 -1.2481041704383402 181.60484044159963 456.38552835983444 431.40750358415727 595.6081451883923 1.6483 1.8736 4.0995 11.546206302336918 29.812057873416542 -7.5421 -1.7794770025999547 0
CAR 0.0 0 -1.437710378504617 62.481126705637884 341.112725848832 236.29736238135737 415.9809017724131 1.4996 1.899 4.0996 15.279420854539458 48.63598128578178 -7.6 -1.8150357528962455 0
CAR 0.0 0 -1.5806277577782473 1510.3120692143495 315.04782800397027 1621.3869478790937 388.14609474569704 1.4954 1.9024 4.0993 43.94797784681204 14.204516295016067 -6.0972 -2.931490519625712 0
CAR 0.0 0 1.5941844499490188 346.6571595464319 -3.7988795327079523 535.5676327378691 169.33859777157284 4.1525 3.0019 10.9977 51.28082054371801 -1.71537183755912 -4.8941 0.191592840779379 0
CAR 0.0 0 3.0181862820833754 2079.6918614070605 267.966820290323 2593.8948346332354 488.50651253395455 1.9996 2.198 5.9958 22.017437333642125 -40.52720383530458 -6.0941 1.6063940518724342 0
CAR 0.0 0 -1.6230622205866052 1705.5636653966135 368.8541082926365 1907.7988872155704 544.1072695630039 2.008 2.2032 5.9814 30.60929470551134 5.812517668262501 -5.3721 -2.9503235316838445 0
CAR 0.0 0 -1.6174504348638072 1616.0417989592283 339.0958259013805 1729.9661148132618 419.2320284339201 1.5018 1.9004 4.0996 43.37198601121005 10.93676918802681 -6.4196 -2.9663937196666668 0
CAR 0.0 0 -1.2594895327878262 160.20708208463074 448.094343283707 603.0146662066554 988.7709152954285 2.3712 2.209 6.002 13.510815643681644 -10.115726499390215 -6.1021 -1.7985357669208022 0
CAR 0.0 0 -2.9497327091640524 -552.744799794565 392.62338812246327 -97.84282935849544 637.613695591298 1.4988 1.8988 4.4506 19.441759991592953 0.9826642621531227 -6.6137 -2.4050891897269047 0
PEDESTRIAN 0.0 0 2.7842402409867737 616.2029359408107 128.5043103458565 649.8464334549274 195.99231617353007 1.7 0.7049 0.6977 41.3725 -8.848 -6.0007 1.463938363012554 0
CAR 0.0 0 3.011078654389603 1859.7797047814568 268.4040689928903 2143.8174625679576 405.8345248328797 1.496 1.899 4.1016 25.175841233023743 -37.29209997026302 -6.3787 1.6063940518724338 0
CAR 0.0 0 -1.63934912895979 1747.0178057893825 353.4111838139632 1864.4938485131836 442.228556905469 1.5312 1.8982 4.1041 42.72277958813406 7.440945845672974 -6.3594 -2.9944315449492405 0
CAR 0.0 0 1.9979438853990936 916.8145076776383 -406.04626108807594 974.9844438709459 -337.72287342467087 1.496 1.899 4.1016 -61.1496 -8.3756 -8.3294 0.053095977228740515 0
CAR 0.0 0 -1.6530631832451381 1774.1524013234923 313.0468561832714 1871.901287593294 382.18271164706954 1.4975 1.9044 4.1025 51.80114858170196 8.305005143827406 -6.2146 -3.036202102157174 0
