CAR 0.0 0 2.71631906361717 1773.4427741852226 301.3816589584702 2171.093488426674 487.1883922789058 1.5023 1.898 4.937 13.837313776040553 -24.79012686082356 -6.5925 1.3410568121408173 0
CAR 0.0 0 2.653354199847377 1313.168443390837 234.90777209560912 1527.4696484491453 363.2316790053184 1.5177 1.898 4.0963 21.997105008486134 -19.87440167485966 -6.7131 1.2886889732761384 0
CAR 0.0 0 2.6593756826667607 1405.9082446338566 310.52085539415026 1741.5847704702478 508.7385368532042 1.5541 1.898 4.9169 15.747098080078406 -17.702205096455252 -6.7043 1.3410568121408173 0
CAR 0.0 0 -1.4831273904761146 214.14295129430243 440.4499967879444 438.8552614998997 577.9293084246674 1.6474 1.9008 4.0966 22.200208615374066 38.952732279844724 -8.1942 -2.059644171057918 0
CAR 0.0 0 2.6969376500614004 1588.4602240627069 198.43958186843662 1812.048117221941 301.8308264476993 1.396 1.8974 4.3588 23.235704807294404 -29.481857191562245 -6.6116 1.2712330420857862 0
CAR 0.0 0 -1.2641507189192351 368.22535406235585 397.4641817173712 550.2505393019454 511.32379437838955 1.6474 1.9008 4.0966 26.73888180281169 39.37005562026793 -8.1431 -2.059644171057918 0
CAR 0.0 0 4.318945155125314 1629.6172889688582 255.4002153839976 1871.3171493243924 513.6250018076983 4.11 3.0032 11.0896 40.10280914330796 9.86973888638977 -5.5143 2.9584653632143767 0
CAR 0.0 0 4.354515859919315 1706.3813810439988 275.92946272103234 1811.4392503804704 362.70047632036574 1.9994999999999994 2.0167 6.000200000000007 56.41614090053435 6.647735157232876 -6.3098 2.9624863797598247 0
CAR 0.0 0 2.1085922802762833 370.4161786222145 244.20581642842743 478.5281428441669 300.037073143747 1.7 1.8454 4.0952 45.72165148058207 58.30261883488942 -7.2475 1.1057513997190862 0
CAR 0.0 0 4.31113564213798 1606.1073896140729 302.6552117010867 1843.5897350739046 561.0425163592172 3.9074 3.0032 5.6574 33.4260618550642 11.115631348775407 -5.6171 2.9815949733346754 0
PEDESTRIAN 0.0 0 2.7708944187963445 622.8562451362741 132.17441287442236 658.847119980638 200.9723342043738 1.7 0.6996 0.9374 39.652180667173745 -6.580167527532579 -6.4566 1.4538021921240931 0
CAR 0.0 0 4.394361820574799 1735.4946224283688 217.61762127444544 1815.2529660364985 280.49769928839794 2.3536 2.2034 4.7012 77.65699892052686 2.7809812206567965 -5.6925 2.9624863797598247 0
CAR 0.0 0 4.343538772373285 1730.5174296657472 260.0103157544787 1806.8139777910958 312.17204115845266 1.497 1.9045 4.1242 66.9657 4.6153 -6.3153 2.9327921430770307 0
CAR 0.0 0 2.673085311237317 1284.3602644284194 206.28241162713945 1472.9971487681444 317.208165178958 1.4974 1.9028 4.1016 25.0541 -21.2274 -6.7407 1.2886889732761388 0
