CAR 0.0 0 1.74624705786019 437.462698817827 -36.33202475401625 504.6190980715086 38.76830097528764 4.019 2.916 2.729 94.73942892132438 7.329708506457074 -5.5219 0.1770991263252167 0
CAR 0.0 0 3.0037606802105685 1338.4365939998202 198.5411342962778 1508.3274445377795 315.2601684850225 1.594 1.8966 4.5394 31.65884911563982 -28.166454203482918 -6.3337 1.6105393675152717 0
CAR 0.0 0 -1.161047942223876 200.5840580732303 462.99533054269546 453.63247815586993 598.8759240587937 1.5196 1.8976 4.1761 11.714039805228504 29.257833486265888 -7.5683 -1.7168283486647578 0
CAR 0.0 0 2.111974167183305 1435.3187584790319 -1304.2384033095536 1991.3521073581085 -656.6701032618687 2.6198 2.2122 6.0322 -19.130697891633297 -3.829705243104718 -7.5887 0.03114003599830792 0
PEDESTRIAN 0.0 0 1.7354541450682441 632.9597203120578 138.58864572979937 669.7821812874797 208.07743214803932 1.7 0.7848 0.6973 40.009903897669034 -9.504057467587872 -6.0576 0.4242919206872831 0
CAR 0.0 0 -1.6429245940218262 1767.6982150227159 261.3287579910189 1905.0183962342721 388.7346015679029 3.4079 2.7742 1.8309 50.25839626731781 7.979245717539135 -5.2988 -3.0395974269518478 0
CAR 0.0 0 -1.8092979728206489 73.7816848081589 1.1623202499849958 306.3702596413646 142.6281124660879 3.5682 3.0012 10.9976 56.24689344387371 8.515268292133598 -5.2107 -3.052921796683383 0
CAR 0.0 0 -1.6855743279347788 1767.6131895078863 343.15142894282985 1880.1522833673416 426.81243157550904 1.5064 1.8966 4.1132 44.68009284327734 7.295290254917428 -6.2711 -3.0493759430220515 0
CAR 0.0 0 -0.9424396592748632 358.22350621188065 420.3903038962968 568.8533154659223 533.8385886043427 1.5195 1.8976 4.1014 15.548515425344151 30.503657105685555 -7.441 -1.7167858775405023 0
CAR 0.0 0 2.945785019869306 1314.2316317642878 241.83630625181442 1492.4090433072527 368.1909188215448 1.4987 1.9049 4.0972 28.018814744168793 -26.188034687101524 -6.4483 1.5881233509515706 0
CAR 0.0 0 1.6747436882343152 424.59916228059825 17.64206143170784 510.92400164520234 53.97345873696677 1.2972 3.2042 7.6122 89.98894009055557 6.645440655260416 -7.0427 0.17915388867624044 0
WHEELER 0.0 0 1.8032298523621186 666.9299387523569 136.5530971632219 701.7667799474383 204.1146001648729 1.7402 0.8236 1.4456 44.74654703186749 -9.967905875777168 -6.8021 0.47570316638641924 0
CAR 0.0 0 -1.859239402130413 1334.6265050725294 545.3347125872741 1587.3167580091176 766.0402579043457 1.4986 1.895 4.0984 17.946241983596956 8.054732841803075 -6.2699 -3.0130775779322945 0
CAR 0.0 0 -2.3605689875517415 458.58960464076915 742.1800995809723 952.6785854068665 1174.2363013560255 1.5038 1.8954 4.152 6.693560419290305 10.831658489620194 -6.3408 -3.0082957155006493 0
CAR 0.0 0 4.9478341077321595 1103.0856356030747 -289.56581305197176 1149.2842826434032 -251.69927151956736 1.498 1.8954 4.1042 -93.25965713600752 5.88915003845439 -8.3635 3.141428118190829 0
CAR 0.0 0 -1.3915575689504087 52.2662751141312 326.9708269136457 219.5121106990764 397.62596377354726 1.5196 1.8976 4.1284 15.88674588784016 51.428561496462414 -7.532 -1.7517376108074119 0
CAR 0.0 0 3.026459079976095 2002.5474606094049 262.7283552466109 2308.9147795723757 398.746638338758 1.5032 1.8952 4.1044 25.1309687547884 -40.54188047625737 -6.2698 1.6071949858009207 0
CAR 0.0 0 -1.249435456483376 1132.0157728996328 -378.94010000723347 1202.1978241466786 -317.7603397226269 1.496 1.899 4.103 -65.04711829577774 1.4910514635147563 -8.3985 -3.1098516261328566 0
CAR 0.0 0 -1.6812266698230447 1595.490123303345 354.24228655913987 1722.4846988020065 445.2085921696645 1.4994 1.9016 4.0998 38.71902128258384 10.283651520340861 -6.2208 -3.0168523042503694 0
CAR 0.0 0 -1.2485235091044498 1275.3421125187863 -412.7128578314555 1368.4971230724323 -340.10846608316484 1.5034 1.8968 4.0982 -56.73016932090625 5.3590213754609595 -8.2669 -3.0962025008686545 0
CAR 0.0 0 5.020556346595188 1300.7279973956995 -496.19127830236715 1422.975721941414 -396.13220387979294 1.5034 1.8968 4.0982 -45.253381264661584 2.474338267320456 -8.1409 3.1339455986281113 0
CAR 0.0 0 5.041640627233064 1578.0276994956746 -695.6731417753066 1816.2174645365483 -517.1933345552682 1.5012 1.8966 4.1044 -30.298300000000005 3.479 -7.9189 3.129098419081561 0
