CAR 0.0 0 3.0147035996484894 1341.3869892533685 198.51825963086557 1511.695124915687 315.1964483647583 1.594 1.8966 4.5394 31.661573480469404 -28.24496044509332 -6.3337 1.6210677637018256 0
CAR 0.0 0 -1.2352254871033057 194.66490638423966 463.64952569179763 448.7380472042273 599.9359039049773 1.5196 1.8976 4.1761 11.613085740649195 29.28301343482176 -7.5683 -1.7828567597874547 0
PEDESTRIAN 0.0 0 1.1338802363780773 626.9616974331747 138.61150557596625 664.0494873621025 208.140984169609 1.7 0.7848 0.6973 40.002142979847335 -9.344072800102955 -6.0576 -0.17496862750956493 0
CAR 0.0 0 -1.5975079290961007 1757.3729263410978 260.84507474077583 1893.9868688823467 387.93185934580663 3.4079 2.7742 1.8309 50.15931076413915 8.257918429397877 -5.2988 -2.9935192807144797 0
CAR 0.0 0 -1.5944831809534334 1731.3752378802753 237.92865822780598 1910.3326321201052 389.66012610729973 3.5682 3.0012 10.9976 53.950723430163855 8.752047126483387 -5.2107 -2.9984216935191634 0
CAR 0.0 0 -1.663580308390352 1765.541909932981 342.24192954255705 1877.6969408736863 425.4500594803146 1.5064 1.8966 4.1132 44.83029484890185 7.371917746926286 -6.2711 -3.027719941514197 0
CAR 0.0 0 -0.9726551636153773 358.42659806523284 420.23112578437843 568.9337331045288 533.5957850120951 1.5195 1.8976 4.1014 15.559943382629395 30.516982965171504 -7.441 -1.7473622960181394 0
CAR 0.0 0 2.9919722825500306 1315.8720428134457 242.25711853504964 1494.5498460574272 368.82230457817064 1.4987 1.9049 4.0972 27.978591502158526 -26.212245481258524 -6.4483 1.6343890336265965 0
CAR 0.0 0 -1.3194761507269177 100.47511117052589 359.7835180331052 287.97288333518264 444.29917005231886 1.5196 1.8976 4.1284 14.733020037506042 43.75104999234865 -7.532 -1.7714513563579624 0
CAR 0.0 0 2.996148282555761 1493.4351316648178 270.3017214931401 1725.5853932424486 415.59310958646665 1.5032 1.8952 4.1044 24.73462074722078 -28.809636367400962 -6.2698 1.634389033626596 0
CAR 0.0 0 1.6875818762493608 439.92248763035656 -39.39141986984165 519.135241730148 14.231461939335015 3.1098 3.3536 10.442 117.77983258279978 11.737201560494666 -6.0304 0.08868136636738409 0
CAR 0.0 0 2.0548724539839385 1225.152591591364 -736.7099709136974 1403.9806264552078 -549.4153509180599 1.4968 1.8978 4.1026 -30.848906290820185 -4.1092816831463015 -8.2622 0.030647438699374946 0
CAR 0.0 0 -0.08661260761330425 1776.2707165703778 525.1595177704623 2351.1327422716786 892.9716178156333 1.9202 2.1008 4.4984 13.288220651652193 -27.569173973993678 -6.8328 -1.3264714784109743 0
CAR 0.0 0 3.1040964695258504 2717.954841990652 223.1586175432684 3137.9997282986433 345.87232008821485 1.4966 1.9946 4.6048 26.6955899620731 -60.775953381475816 -5.8821 1.6296117114002369 0
CAR 0.0 0 -1.1938402770403336 122.53547198886369 285.2171978441473 257.8784965068362 339.7969392563716 1.4992 1.9014 4.0972 21.01332118780932 60.25144746024378 -7.3685 -1.7419707110178175 0
