CAR 0.0 0 2.93549033699707 1430.6356685414314 323.351840759523 1706.6908730759353 514.9646849214214 1.551 1.9022 4.6956 21.434526610305852 -26.201953953713936 -6.4702 1.6247709188662327 0
CAR 0.0 0 2.9630859684729796 1354.2262168149625 214.61717307007763 1518.4060552738938 324.5501085814938 1.5 1.8998 4.0998 31.31972762706674 -28.400973970004124 -6.555 1.5770240091038403 0
CAR 0.0 0 2.9969795310847536 1791.5406067809643 318.43653899616885 2131.909739058022 492.08537360550633 1.5 2.037 4.3995 21.6595437724348 -33.43007377720196 -6.4402 1.6290845723854452 0
CAR 0.0 0 -1.0455780805615027 342.87852293231236 411.91109183671165 550.3536510363493 525.135493711077 1.5999 1.899 4.0996 15.696424973057344 31.513698519085416 -7.4486 -1.8104714429084878 0
CAR 0.0 0 -1.0888102737916925 275.4569059797696 375.8734883348563 462.1489047100857 466.82341302492677 1.5 1.899 4.0996 16.807493202962274 37.4921726897829 -7.4503 -1.8104606373881729 0
CAR 0.0 0 2.9243099330714344 1346.489962842954 239.04292377763852 1529.011261487868 364.67182128346934 1.5 1.8998 4.0998 28.080203287182616 -26.95872879028538 -6.4052 1.5595760351837658 0
CAR 0.0 0 3.0171774094478216 1608.018796483714 203.22659643598246 1801.344560950993 307.85824954938306 1.5 1.8998 4.0998 31.968115383736986 -35.449248018510644 -6.4191 1.5944905815285024 0
CAR 0.0 0 -1.3179863313136924 128.42262849842058 409.61743707529644 345.71779049066737 517.4352608881879 1.553 1.899 4.0996 12.816073008362025 36.28947171701542 -7.6325 -1.7933414657269229 0
CAR 0.0 0 -1.2573640606756467 184.77764393961925 455.8754356048186 433.9208224837312 594.7851685086882 1.6483 1.8736 4.0995 11.60644970738807 29.81393766145758 -7.5421 -1.7933253174713948 0
CAR 0.0 0 -3.6709652003617297 -690.1731769707626 116.84552895441021 -77.75278326105483 473.684018977016 4.083 2.9959 5.8323 24.638951033224277 4.422186870184674 -4.9879 -2.774842274065987 0
CAR 0.0 0 -1.4224322740610882 51.399909530836524 340.91799380955933 225.81037592786657 415.75946796910563 1.4996 1.899 4.0996 15.062926238728856 48.905725092872345 -7.6 -1.7749669233050611 0
CAR 0.0 0 -1.6770202269824985 1511.727432637874 315.18727869828706 1622.8252834672314 388.34544182004146 1.4954 1.9024 4.0993 43.9484927790217 14.161759878017186 -6.0972 -3.0279752999934297 0
CAR 0.0 0 -3.764949553440973 -531.1600395859579 51.315934661025786 84.80321874164606 382.0778932723647 4.1525 3.0019 10.9977 31.226303310867603 5.717673439834121 -4.8941 -3.0041823494325204 0
PEDESTRIAN 0.0 0 2.8497709005933505 612.7221239030905 128.30033104829275 646.7007929859686 197.50414868586108 1.7322 0.6996 0.7164 41.14 -8.7843 -5.9789 1.5316807742695877 0
CAR 0.0 0 3.0559579425460135 2451.1151362852383 257.52926312871654 3034.231142817808 461.9321511108638 1.9996 2.198 5.9958 22.69269002687936 -49.81627839475774 -6.0941 1.6143678534163548 0
CAR 0.0 0 -1.6814065872196662 1762.1876991673937 291.21168874244194 1894.0470025476186 402.5402405814768 2.3712 2.209 6.002 48.79577211162154 7.835946666226928 -5.7232 -3.066462083310483 0
