CAR 0.0 0 2.71621343245194 1774.2969932848553 301.70695915936346 2172.5122956886094 487.7576234004705 1.5023 1.898 4.937 13.815233125464125 -24.78513495112304 -6.5925 1.3410568121408173 0
CAR 0.0 0 2.6529076453039857 1312.17037149262 235.26994488967622 1526.6330876293978 363.8163868833939 1.5177 1.898 4.0963 21.97266018741916 -19.829450879314145 -6.7131 1.2886889732761386 0
CAR 0.0 0 2.6593266632658326 1405.3619660635122 310.459931496744 1740.8729940326248 508.63702347151246 1.5541 1.898 4.9169 15.753542378979501 -17.69501423276298 -6.7043 1.3410568121408173 0
CAR 0.0 0 -1.4836492904113774 213.85752840567037 440.66473815908853 438.73673718967075 578.2669320878849 1.6474 1.9008 4.0966 22.18420327008886 38.94146259419596 -8.1942 -2.059644171057918 0
CAR 0.0 0 2.7143423642710616 1587.6561652591292 198.4071577333525 1811.1357531087908 301.7896795644612 1.396 1.8974 4.3588 23.245038989023627 -29.463723556613463 -6.6116 1.2886889732761404 0
CAR 0.0 0 -1.2564689169744332 374.8580000822018 396.594006101695 555.6295492036381 509.94441008769866 1.6474 1.9008 4.0966 26.886372286714597 39.31165966797159 -8.1431 -2.059644171057918 0
CAR 0.0 0 4.346825589402551 1640.9034097495173 246.2982515918272 1866.4165953221593 480.5259631766001 4.11 3.0032 11.0896 43.23754319319422 9.295499723417054 -5.5143 2.975170838212328 0
CAR 0.0 0 4.361145089558869 1713.980769528168 267.5898019824287 1814.0791235769398 348.4856911511473 1.9994999999999994 2.0167 6.000200000000007 59.70272209782886 5.969248116687808 -6.3098 2.9624863797598247 0
CAR 0.0 0 2.201256014033246 543.1403079773773 276.2218923680994 656.1211445680732 344.21748493124437 1.7 1.8454 4.0952 41.5588797022525 46.10566876254282 -7.2475 1.1057513997190862 0
CAR 0.0 0 4.326538327750786 1626.4750254955088 287.6774701032675 1846.5698617173969 519.7428459698871 3.9074 3.0032 5.6574 36.64087340989553 10.422405411167325 -5.6171 2.9806550537520806 0
PEDESTRIAN 0.0 0 2.7713447802521642 623.0045149298527 131.93557587621444 658.9565375126386 200.66031343479173 1.7 0.6996 0.9374 39.69512710567572 -6.591165432989055 -6.4566 1.4538021921240931 0
