CAR 0.0 0 1.7264463475758567 422.30065594191296 -30.260299366731758 495.6878781664194 51.01593120428594 4.019 2.916 2.729 87.52055631201716 6.417695852638513 -5.5219 0.1770991263252167 0
CAR 0.0 0 3.003782274723794 1338.8064869325856 198.57512140951835 1508.7739614625364 315.30965602069705 1.594 1.8966 4.5394 31.654716992610524 -28.174640487005 -6.3337 1.6105393675152717 0
CAR 0.0 0 -1.1788433349978324 200.15095833105306 462.6447598606727 452.9949492754073 598.3301557842977 1.5196 1.8976 4.1761 11.720578213918527 29.295131562238847 -7.5683 -1.7342630584530845 0
CAR 0.0 0 2.095750994794344 1369.6939621356448 -1145.2525438688338 1823.0699616400009 -607.7441245692567 2.6198 2.2122 6.0322 -21.239230238481962 -3.9707213326577744 -7.5887 0.031140035998307912 0
PEDESTRIAN 0.0 0 1.733299702193472 629.5177859398896 139.1208842946484 666.5677340550593 208.77414562087563 1.7 0.7848 0.6973 39.918619552391334 -9.422481351422592 -6.0576 0.4242919206872831 0
CAR 0.0 0 -1.6427965311818793 1767.7912191918542 261.1648949335973 1904.9480446098487 388.4082091229476 3.4079 2.7742 1.8309 50.32049764720021 7.986944978123743 -5.2988 -3.0395974269518478 0
CAR 0.0 0 -1.8088411083356568 73.97215379567864 1.1302832153525861 306.45564130734147 142.5430801849165 3.5682 3.0012 10.9976 56.26422997330382 8.51747473321012 -5.2107 -3.052921796683383 0
CAR 0.0 0 -1.6855970705160963 1767.5822265470713 343.1826023236102 1880.138801122357 426.859784197577 1.5064 1.8966 4.1132 44.6727984741179 7.294841204761223 -6.2711 -3.0493759430220515 0
CAR 0.0 0 -0.9433296535714617 357.31969611955674 420.3405048550989 567.9924753355352 533.7682300946915 1.5195 1.8976 4.1014 15.537375286892546 30.523233259543595 -7.441 -1.7167858775405023 0
CAR 0.0 0 2.945834715693455 1315.4186581767294 242.0103243144925 1493.8793899032976 368.4474309463712 1.4987 1.9049 4.0972 28.002009834923527 -26.20990200443283 -6.4483 1.5881233509515706 0
CAR 0.0 0 -1.2561080763803332 131.61097668294022 417.7078467399844 355.65769562396036 528.5652026570516 1.5196 1.8976 4.1284 12.508121863576324 35.169067779867625 -7.6049 -1.7342843053404915 0
CAR 0.0 0 1.6483143355729593 413.41209544574036 27.569432758683085 507.38276674057283 67.72752772333733 1.2972 3.2042 7.6122 83.21077570201572 5.527870517887778 -7.0427 0.17915388867624044 0
WHEELER 0.0 0 1.7896691611481 710.7901249188222 155.44867006054716 745.6670530855961 228.22202773633592 1.7402 0.8236 1.4456 41.39770603909628 -11.508279029131195 -6.8021 0.47570316638641924 0
CAR 0.0 0 -1.7769102681620275 1452.3635642249303 465.08669338234444 1648.4671357548796 623.632625828417 1.4986 1.895 4.0984 24.00138663746738 8.655503954256448 -6.2699 -3.0130775779322945 0
CAR 0.0 0 -1.9770502097558984 960.7408634841566 554.1623371354796 1247.6221252822504 784.4781841055741 1.5038 1.8954 4.152 14.303998888093918 11.681417775339481 -6.3408 -3.0082957155006493 0
CAR 0.0 0 4.957291066074882 1132.6983155502671 -312.11725576375096 1186.3002828452986 -268.52635481290923 1.498 1.8954 4.1042 -83.49266081601606 5.63390316719702 -8.3635 3.141428118190829 0
CAR 0.0 0 -1.4097945265011778 44.09800093536189 319.7715404720016 206.66659749287572 387.5212165113721 1.5196 1.8976 4.1284 16.234822625405315 53.351693266276776 -7.532 -1.7517376108074119 0
CAR 0.0 0 3.0383715282143857 2134.7733155223273 258.031854823654 2455.6963393197416 390.14646756093043 1.5032 1.8952 4.1044 25.476733172207833 -44.02527982931757 -6.2698 1.6071949858009207 0
CAR 0.0 0 -1.2376823928067233 1183.6165012904469 -418.1768867820239 1268.4884600403286 -345.47390170713714 1.496 1.899 4.103 -57.303451689553924 1.8285542496573723 -8.3985 -3.1098516261328566 0
CAR 0.0 0 -1.6600081104001223 1630.9814303296275 329.31005295304954 1742.7981279794055 407.1976158589983 1.4994 1.9016 4.0998 44.36803068338912 10.812899994005623 -6.2208 -3.0168523042503694 0
CAR 0.0 0 -1.2379249424327214 1358.1688326826054 -464.4089683728703 1475.655264770191 -375.49194665186616 1.5034 1.8968 4.0982 -48.98462209297219 5.7392909669720575 -8.2669 -3.0962025008686545 0
CAR 0.0 0 -1.2288991813175856 1416.0579854836556 -584.4483785561606 1582.045479902354 -452.98359050599265 1.5034 1.8968 4.0982 -37.52903603438061 2.9271049740892163 -8.1409 -3.1317874357548146 0
