CAR 0.0 0 3.0119888766309675 1344.4514173833181 198.33393426004133 1515.0862670020092 314.8799058019616 1.594 1.8966 4.5394 31.683921924138396 -28.333842794717928 -6.3337 1.6177921667651312 0
CAR 0.0 0 -1.2206679084803778 196.60203089652265 462.6062017970116 449.7575309542092 598.2915137994263 1.5196 1.8976 4.1761 11.674938328562824 29.348613462366533 -7.5683 -1.7714513563579624 0
PEDESTRIAN 0.0 0 1.3442617592861528 629.1657469578139 139.05302962461099 666.2212628433223 208.6898688330584 1.7 0.7848 0.6973 39.92972063827707 -9.411745231344144 -6.0576 0.03527947359358132 0
CAR 0.0 0 -1.651761981257465 1767.5788108291806 261.17909920139556 1904.7454672497888 388.4395974704163 3.4079 2.7742 1.8309 50.30966607732996 7.99120452143325 -5.2988 -3.048531819335291 0
CAR 0.0 0 -1.8610170431254751 48.209195504775074 4.8166984960275 293.8912553018625 152.46836092315303 3.5682 3.0012 10.9976 54.31454026898577 8.372558415970008 -5.2107 -3.0427454332082586 0
CAR 0.0 0 -1.686008320753754 1767.5939736788164 343.33797852534684 1880.2306341545518 427.09478306315617 1.5064 1.8966 4.1132 44.63999857581471 7.289078718959951 -6.2711 -3.0496920303081225 0
CAR 0.0 0 -0.9807738757295927 357.2277307111877 420.47384296497233 567.9967342663497 533.9711818041308 1.5195 1.8976 4.1014 15.529003882298518 30.510826255251217 -7.441 -1.754008691334736 0
CAR 0.0 0 2.994520106350485 1321.5847723197876 241.30585792288483 1500.545165914445 367.3108531151573 1.4987 1.9049 4.0972 28.066712888446816 -26.37740218866357 -6.4483 1.6352454592850747 0
CAR 0.0 0 -1.318572340707407 100.93534352408521 359.77204185871574 288.3920245543371 444.2801660619233 1.5196 1.8976 4.1284 14.742412438814615 43.7442649603087 -7.532 -1.7714513563579624 0
CAR 0.0 0 2.9983492360708777 1504.3837337462248 270.54587900889686 1738.547549410295 415.87323296888115 1.5032 1.8952 4.1044 24.710662023082094 -29.033830638678335 -6.2698 1.6352454592850747 0
CAR 0.0 0 1.5817793342124 414.3275733884643 23.381964251445687 471.94545154760965 61.182823169191465 1.5162 1.9006 4.1032 82.91363921002404 6.440866416516571 -6.7749 0.10522774726853645 0
CAR 0.0 0 4.781563290432697 1043.405998377251 -244.5220328767192 1073.8787214202036 -219.4617913924158 1.5044 1.9512 4.0978 -133.22438983717328 8.438116262471928 -9.2429 2.995155918247157 0
CAR 0.0 0 4.9222728000753815 1167.5043774664252 -335.78346503560994 1230.7894702272636 -285.17444895343436 1.4952 1.9028 4.1046 -73.95190087845648 5.324454017138027 -8.1952 3.098460294461671 0
CAR 0.0 0 1.3103111915080845 271.5004279407216 58.15677998449645 426.5153312362063 195.8833384490439 3.6148 3.2348 2.3654 45.98621974601112 0.24207083271793794 -5.7722 0.08255120890260005 0
CAR 0.0 0 1.1402719199493507 146.41628134292569 82.76836964832344 432.13595622598655 276.8924917365708 3.1098 3.3536 10.442 40.35248059039737 -0.2674657603177959 -6.0304 0.08868136636738407 0
CAR 0.0 0 2.697568775914465 797.0059609664213 -3054.152839737018 1369.602946510291 -1204.1958505126865 1.9202 2.1008 4.4984 -10.52663021913545 -12.74891043584433 -7.2846 0.03069529861024094 0
CAR 0.0 0 4.864331738042134 1043.584587551904 -283.2503101050013 1080.7404787146613 -250.6228295882895 1.5044 1.9032 4.0978 -108.59614779264882 4.458894716340392 -9.4954 3.0474973701041077 0
