CAR 0.0 0 2.925066070518469 1434.0187885848602 323.8049379307974 1711.2008081179133 515.7041071234605 1.551 1.9022 4.6956 21.404737658015616 -26.2539421941547 -6.4702 1.6140760596521562 0
CAR 0.0 0 2.9480314901905196 1351.7774979769822 214.25837237944555 1515.4189176310754 324.0337174290745 1.5 1.8998 4.0998 31.361002843645856 -28.353000940637646 -6.555 1.562018017330398 0
CAR 0.0 0 2.982434445191979 1794.7764523538883 319.2919047108138 2136.63404033032 493.46805809040376 1.5 2.037 4.3995 21.60331290873557 -33.45586804541355 -6.4402 1.6146851398907596 0
CAR 0.0 0 -0.9924260907729305 342.9295149742357 411.82807820506696 550.3447988285083 525.0088420776751 1.5999 1.899 4.0996 15.701710992425767 31.5220012212737 -7.4486 -1.757453444740866 0
CAR 0.0 0 -1.0362022970033684 275.0864714545562 375.79004114919934 461.7493593855682 466.7032175980594 1.5 1.899 4.0996 16.806242541636582 37.51110168154038 -7.4503 -1.757453444740867 0
CAR 0.0 0 2.9091472362405586 1347.3701583224702 239.4039450945457 1530.2480658678073 365.2186712562811 1.5 1.8998 4.0998 28.04547320087235 -26.96640749869768 -6.4052 1.5445674198756585 0
CAR 0.0 0 3.019918721032205 1605.518059471125 202.4183698998737 1797.9370177117169 306.6723212756806 1.5 1.8998 4.0998 32.067446818120864 -35.43699440561922 -6.4191 1.5969143524866567 0
CAR 0.0 0 -1.2840672309193133 127.22562635971984 409.603692919045 344.6087261487409 517.4214058063054 1.553 1.899 4.0996 12.797707415681971 36.310969225938386 -7.6325 -1.7574534447408667 0
CAR 0.0 0 -1.227346875253375 180.64155629241787 456.3053017706403 430.47940549714355 595.487973615387 1.6483 1.8736 4.0995 11.536175709755037 29.83306752676485 -7.5421 -1.7574534447408663 0
PEDESTRIAN 0.0 0 3.6367300365391513 870.8314247979494 105.17116098310086 896.3507205068639 167.39120699186734 1.7024 0.7548 0.7211 44.63418905562448 -16.20836744581559 -5.7738 2.2187577093109483 0
CAR 0.0 0 -1.5962283434075057 1728.5733324440164 242.39097778348574 1909.4977047351367 417.4581427728964 4.083 2.9959 5.8323 46.9949115473309 8.002974466084513 -4.9879 -2.9908413064371224 0
PEDESTRIAN 0.0 0 -2.14146854055156 1530.2838147642315 1134.2004030045023 1840.1294021989593 1506.872309109669 1.8354 0.7406 1.0616 6.31240768879083 -18.967445769011306 -6.551 -3.04477252578078 0
CAR 0.0 0 -1.3878162664916862 58.87883814260995 339.7845837419066 231.99180017119687 414.1157808634311 1.4996 1.899 4.0996 15.291794558279054 48.9913362811424 -7.6 -1.7574534447408672 0
CAR 0.0 0 -1.5890509367156251 1718.2385378219562 223.75225184869788 1908.399901364211 398.45325732444604 4.1526 3.0019 10.9977 52.079584585158926 8.770246608789419 -4.9096 -2.994543022300242 0
CAR 0.0 0 1.695621949736674 450.56868708154303 4.69613724912531 498.8727960698981 36.520825188591495 1.5 1.9032 4.1049 95.73770741478148 7.516351097652356 -6.6873 0.16763328574304456 0
PEDESTRIAN 0.0 0 0.7515326903622679 1076.4629619161306 245.78678193191786 1099.9015479519837 286.2393617692268 1.7 0.6991 0.791 52.594717354032326 38.371761395209006 -6.1958 -0.5796320570379399 0
CAR 0.0 0 -1.6744085236064246 1581.634843666547 276.5314812652568 1668.3905081905784 331.295937729829 1.4954 1.9024 4.0993 57.24567699890995 15.811988959488616 -6.0972 -3.060890406115459 0
