CAR 0.0 0 2.716027831541372 1775.7198030293716 302.2650209328203 2174.897428076652 488.7352357595661 1.5023 1.898 4.937 13.777692791448164 -24.77577005421308 -6.5925 1.3410568121408173 0
CAR 0.0 0 2.65331744604458 1313.8699658353748 235.08600353479645 1528.3885128677096 363.50529032475674 1.5177 1.898 4.0963 21.977235597136644 -19.8791836342751 -6.7131 1.2886889732761382 0
CAR 0.0 0 2.6591355566513513 1405.7777000855588 310.81149471531796 1741.7316896097318 509.26623222708156 1.5541 1.898 4.9169 15.731980894420058 -17.686832104336066 -6.7043 1.3410568121408173 0
CAR 0.0 0 -1.480278321080719 216.2525381657072 440.2993433617489 440.5983081815835 577.6728574674322 1.6474 1.9008 4.0966 22.22887942492043 38.927272932371366 -8.1942 -2.059644171057918 0
CAR 0.0 0 2.714331746194331 1587.529981030013 198.40581902924308 1810.9960049965598 301.7889982566185 1.396 1.8974 4.3588 23.246112805105195 -29.460476420543888 -6.6116 1.2886889732761388 0
CAR 0.0 0 -1.2668654418964953 365.76967721081786 397.6435767324545 548.1801211123559 511.6188964421726 1.6474 1.9008 4.0966 26.696746919535943 39.40394163229677 -8.1431 -2.0596441710579176 0
CAR 0.0 0 -3.1044368110977625 -499.6885402554551 98.30417581908056 80.1109458442891 542.2360697212032 4.11 3.0032 11.0896 27.061584352625264 8.096164023292593 -5.5143 -2.6090026136815827 0
CAR 0.0 0 4.314645110639688 1677.9522979622548 327.3030849887929 1815.91217420146 453.91748573504685 1.9994999999999994 2.0167 6.000200000000007 42.10007609744091 9.151667374781047 -6.3098 2.9624863797598247 0
CAR 0.0 0 -1.5780964045123185 -125.95155536534575 166.9779493049452 272.9432076590618 564.8350909573937 3.9074 3.0032 5.6574 22.16878015074217 3.9465917759024576 -5.6171 -1.8705576326099476 0
PEDESTRIAN 0.0 0 2.770606633705044 622.6626623227252 132.30406549466483 658.6760821737765 201.1425801734161 1.7 0.6996 0.9374 39.62963437790632 -6.571112047774106 -6.4566 1.4538021921240931 0
CAR 0.0 0 4.373804693336923 1717.2554944712917 244.35608467561994 1816.9267953109922 326.62002460584 2.3536 2.2034 4.7012 61.46010277645749 5.7018513202882914 -5.6925 2.9624863797598247 0
CAR 0.0 0 4.31153841721666 1702.1917815386344 304.7029584215692 1800.529385587872 378.2566444161882 1.497 1.9045 4.1242 50.69809032559585 7.695353374406302 -6.3153 2.9327921430770307 0
CAR 0.0 0 4.38631410480853 1724.6216266595561 255.077743412153 1792.731382081582 301.8199011391929 1.4966 1.8962 4.1044 73.5804 3.8965999999999994 -6.7089 2.9722800107190577 0
