CAR 0.0 0 2.7228943213409424 1326.7071808552357 190.05386632667935 1533.228121541392 312.5022144153366 1.7194 1.8964 4.5202 24.91999293170567 -22.543919934683085 -6.5435 1.3245750439438138 0
PEDESTRIAN 0.0 0 3.5152120106533733 650.1439876950384 138.31253474383078 684.7705703932444 206.5610178779001 1.7 0.6968 0.7192 38.84791420412548 -7.192950775530203 -6.5112 2.1967451706389425 0
CAR 0.0 0 4.378742980135626 1691.7071533307426 271.205510608017 1837.750377556466 406.96840005611443 3.487 2.935 2.072 48.55648360444127 7.747328310845363 -5.9211 2.996917376801119 0
CAR 0.0 0 2.6691886457900575 1280.8447940895348 232.28367247172065 1491.3510024766483 359.9037052120631 1.504 1.9011 4.104 22.267920292194727 -19.181568106714593 -6.6643 1.3074211637448088 0
CAR 0.0 0 -1.4887237558881914 221.90091188785448 452.3782888151618 447.7586231760763 586.3886239563726 1.5003 1.9029 4.0972 21.937618838666594 38.45055572648825 -8.2755 -2.067370310837955 0
CAR 0.0 0 -1.2659872407482964 388.8645114258457 413.2123248080303 570.962948207899 524.8204968774395 1.4969 1.8793 4.0996 26.354751905437368 38.398390933730035 -8.2924 -2.067370310837955 0
CAR 0.0 0 2.6894802910358067 1485.68545617198 238.54285755391433 1762.4779187921736 386.4493928941831 1.498 1.8978 4.2058 17.972046740476973 -21.056432824815914 -6.0071 1.3071218474788946 0
PEDESTRIAN 0.0 0 1.3395710090708841 633.0285203236198 141.36268489309913 668.4108597443874 210.69218798472934 1.7 0.6974 0.7026 38.327579641641044 -6.627219459463621 -6.4943 0.032453203031635944 0
CAR 0.0 0 4.346519761916678 1702.8497853225567 360.2293813769494 1822.2878864616328 455.8630417508569 1.5032 1.8996 4.0986 42.108713398421564 8.622273742075533 -6.7781 3.0025524356826883 0
CAR 0.0 0 4.394818673187995 1688.1459161949904 229.478556948876 1853.4861942432804 391.9135648895241 4.117 3.002 6.0508 52.22131864877984 7.220414924444454 -5.4223 2.9955396327680366 0
CAR 0.0 0 2.737745294699886 1846.3233698516349 218.19325100057185 2158.7835419933554 354.73787766629033 1.4956 1.9016 4.1016 16.193515631228404 -28.975980600855465 -5.6954 1.3077175845718039 0
CAR 0.0 0 -0.3066346262286961 3516.9850078500244 316.047505951476 4353.514002720968 526.4379936656455 1.8784 2.1996 5.9972 0.9801636486100378 -62.1743000603923 -6.9284 -1.772035088766517 0
CAR 0.0 0 -1.3527585047541795 234.3337192042306 321.6632786278459 382.7472096613674 394.4864833029852 1.501 1.901 4.1044 33.91000367663209 52.279023823901085 -8.2531 -2.067370310837955 0
CAR 0.0 0 -0.6861753289328284 -1559.542323652946 463.7717370335356 -495.84817849595794 1046.4189064080736 2.6032 2.3432 5.4312 16.887327832527397 11.893903358400237 -6.8554 0.22450901380276078 0
CAR 0.0 0 2.7749102177117453 1996.4620788028901 203.29484636099247 2293.432361639052 320.30152889123974 1.5038 1.901 4.3724 17.820375053390034 -36.98639686590196 -6.1565 1.324577888427898 0
CAR 0.0 0 4.410547482127069 1750.8956203470393 227.82440012732906 1811.6994565462521 266.887640970458 1.5026 1.8998 4.0992 85.3164 1.1195000000000002 -6.2389 2.977527194182836 0
