CAR 0.0 0 2.7369211593234777 1328.5600909629868 189.95672358607186 1535.2096997761198 312.3199481949417 1.7194 1.8964 4.5202 24.91790147346746 -22.599312828527257 -6.5435 1.3382817434541792 0
PEDESTRIAN 0.0 0 2.988963653462818 645.9249020591946 138.12938463194794 680.5986797601545 206.3565389736847 1.7 0.6968 0.7192 38.9075467696463 -7.0843968955935415 -6.5112 1.6717520111948678 0
CAR 0.0 0 4.347888258937248 1705.9705444706894 257.76651301572923 1840.1595640283244 381.05588385579273 3.487 2.935 2.072 53.25389191861259 6.7596205999552295 -5.9211 2.954589946740443 0
CAR 0.0 0 2.706693219192661 1286.354140322827 232.940667272529 1497.9965458934075 360.8785873258879 1.504 1.9011 4.104 22.174994076814016 -19.265870111701492 -6.6643 1.3445949556756323 0
CAR 0.0 0 -1.46298193321 225.2732785138922 451.3901042981012 450.1107765766986 584.8336635752388 1.5003 1.9029 4.0972 22.027412728922457 38.46349787846322 -8.2755 -2.04660312373549 0
CAR 0.0 0 -1.289993639914131 384.3692034490204 413.6989734222492 567.2507622587123 525.5879225884187 1.4969 1.8793 4.0996 26.26771991956154 38.44875947521938 -8.2924 -2.086445960933754 0
CAR 0.0 0 2.720472735023278 1488.1684892939745 237.85151758996304 1764.5907398144943 385.24948849497116 1.498 1.8978 4.2058 18.00725583838382 -21.152486908242093 -6.0071 1.33729912391633 0
CAR 0.0 0 1.3086764806934916 1810.8059280903458 209.70925984965177 1857.4833946530064 236.87866117539878 1.5054 1.9306 4.096 120.10069800598463 -8.320306940539945 -7.1517 -0.1410786359914363 0
PEDESTRIAN 0.0 0 1.3230150981750626 630.6497415660276 140.5840949138778 665.9616437846984 209.70837188199405 1.7 0.6974 0.7026 38.476407970490584 -6.585900606361881 -6.4943 0.015570256983676761 0
CAR 0.0 0 1.3683054609558372 440.06929961085444 -12.34709163813947 499.16832590502156 60.37414971284942 3.5570000000000004 2.5127999999999995 3.866599999999999 87.89337612567799 -4.7515218206641965 -6.322 -0.15310454807750865 0
CAR 0.0 0 1.3591869574861073 423.0950382843516 -12.536535257937835 496.1547358952309 68.79917191594004 3.5054 2.9277 8.5474 85.27614759577297 -4.010512636472031 -6.2739 -0.1541603103573966 0
CAR 0.0 0 4.322686860198258 1704.030753584453 333.1387788306455 1809.2892599061881 414.744694680873 1.5032 1.8996 4.0986 47.431065260278515 7.94740214598813 -6.7781 2.961074677280605 0
CAR 0.0 0 4.360616866872146 1702.528199059836 219.80742305377967 1854.7316775554316 366.2040189165068 4.117 3.002 6.0508 57.3119065814146 6.143968451368783 -5.4223 2.951256435673922 0
CAR 0.0 0 2.9257160279527943 3467.7568801711095 173.67345231469366 3856.462172223197 265.738286069529 1.4956 1.9016 4.1016 5.9272 -82.4427 -5.4535 1.4144137989103098 0
