CAR 0.0 0 1.7497809747121567 439.15452786004386 -37.45429606907411 505.2494422063875 36.5267551112987 4.019 2.916 2.729 96.18343982980957 7.576602801649385 -5.5219 0.1770991263252167 0
CAR 0.0 0 3.0037153875673455 1339.7031319853438 198.80175260633354 1509.9515674987408 315.6546031328181 1.594 1.8966 4.5394 31.627214038481817 -28.18800256156608 -6.3337 1.6105393675152717 0
CAR 0.0 0 -1.1591571935246514 201.81786593120233 462.52210195020695 454.41691852250216 598.1281360576074 1.5196 1.8976 4.1761 11.746957730072005 29.282542777921623 -7.5683 -1.7168283486647578 0
CAR 0.0 0 2.113949436676679 1450.2641543714533 -1335.4842181786196 2028.6299437883627 -665.7076312873345 2.6198 2.2122 6.0322 -18.77562867161284 -3.768139417768807 -7.5887 0.03114003599830792 0
PEDESTRIAN 0.0 0 1.734963380012911 631.9496746862569 138.65754053263126 668.826202273405 208.17086321398148 1.7 0.7848 0.6973 39.99769338338126 -9.478373343073422 -6.0576 0.4242919206872831 0
CAR 0.0 0 -1.6428947221864036 1767.9118099451134 261.3163570582813 1905.2240115019447 388.70676880802756 3.4079 2.7742 1.8309 50.2685860848524 7.974851309492305 -5.2988 -3.0395974269518478 0
CAR 0.0 0 -1.809168645186412 73.83877610201766 1.15399010680352 306.3981654765422 142.60582710884088 3.5682 3.0012 10.9976 56.25144083517374 8.515626169138626 -5.2107 -3.052921796683383 0
CAR 0.0 0 -1.6855853200078648 1767.6009860847441 343.16698329493323 1880.14866442564 426.83603829597797 1.5064 1.8966 4.1132 44.67652195005475 7.29499720938513 -6.2711 -3.0493759430220515 0
CAR 0.0 0 -0.9422595272760208 358.373387396036 420.3639733754392 568.9731237135596 533.7977491207579 1.5195 1.8976 4.1014 15.552173728540659 30.50400825949965 -7.441 -1.716785877540502 0
CAR 0.0 0 2.9462894285997727 1312.5253033912738 240.88183731909186 1489.872451143312 366.741419482904 1.4987 1.9049 4.0972 28.109765833252144 -26.17998217023107 -6.4483 1.5881233509515706 0
CAR 0.0 0 1.6794364382963909 426.85999814533807 15.860304169983833 511.8016207907059 51.5202024454229 1.2972 3.2042 7.6122 91.31935430074861 6.849660906637143 -7.0427 0.17915388867624044 0
WHEELER 0.0 0 1.8056342750168035 657.2332807243557 132.90841991348663 692.0910556147153 199.47601153629276 1.7402 0.8236 1.4456 45.44862600463629 -9.606128678046405 -6.8021 0.47570316638641924 0
CAR 0.0 0 -1.8809504386559965 1304.938324686735 565.4846739486068 1572.5184539251468 803.6229341479115 1.4986 1.895 4.0984 16.77730249192538 7.929820792270811 -6.2699 -3.0130775779322945 0
CAR 0.0 0 -4.266652169000906 -18046.979967214407 1491.8246526600474 -4067.711803090976 4913.379154871043 1.5038 1.8954 4.152 5.171472725529583 10.661706632476337 -6.3408 -3.0082957155006493 0
CAR 0.0 0 4.945862585278964 1105.5283975273414 -287.50698197225324 1151.3662310970835 -250.1302544625746 1.498 1.8954 4.1042 -94.18334398405469 6.235588431617752 -8.3635 3.141428118190829 0
CAR 0.0 0 -1.3880208631967053 53.95515816231433 328.8637741700606 222.456851153894 400.2938839114141 1.5196 1.8976 4.1284 15.788635773172466 50.95189211842995 -7.532 -1.7517376108074119 0
CAR 0.0 0 3.024682280444071 1971.0286355500464 261.50645754343407 2271.4096826670702 397.1320787296639 1.5032 1.8952 4.1044 25.247517484061987 -39.90047932572809 -6.2698 1.6071949858009207 0
CAR 0.0 0 -1.2515790013364871 1123.1112771467124 -372.2540833950508 1190.8956261830547 -312.9757277878688 1.496 1.899 4.103 -66.5958516170225 1.423550906286233 -8.3985 -3.1098516261328566 0
CAR 0.0 0 -1.6861262549075997 1588.9626316254212 360.19728543957245 1719.54882809454 454.4053519783819 1.4994 1.9016 4.0998 37.58288872251958 10.134937771206163 -6.2208 -3.0168523042503694 0
CAR 0.0 0 -1.2504962492108258 1260.7510123497877 -403.8317987263853 1349.9420980571088 -333.92376878421595 1.5034 1.8968 4.0982 -58.334300688956105 5.275618185867825 -8.2669 -3.0962025008686545 0
CAR 0.0 0 5.0174874553210715 1282.229108663267 -482.08974037797907 1398.0278905662856 -386.7812229647993 1.5034 1.8968 4.0982 -46.822949556989535 2.396185280702733 -8.1409 3.1339455986281113 0
CAR 0.0 0 5.0375230435462965 1541.3135856063996 -665.1470815914233 1761.085070395826 -499.2121211850201 1.5012 1.8966 4.1044 -31.765953395924896 3.4194059528565726 -7.9189 3.129098419081561 0
CAR 0.0 0 1.935238484695385 914.9400788158803 -333.8006112830559 959.7330091985713 -283.0900107184769 1.7 2.0361 3.853 -81.6701 -6.9098 -8.6143 0.04689157397375113 0
