CAR 0.0 0 3.0159381744842695 1342.4087460582189 198.50583535126978 1512.858342421889 315.16736115852547 1.594 1.8966 4.5394 31.66306418856603 -28.272362191533226 -6.3337 1.622155489895117 0
CAR 0.0 0 -1.218473494069975 198.28709006389565 462.64221925194175 451.3071038270807 598.3375619091144 1.5196 1.8976 4.1761 11.695989115531312 29.321641523911865 -7.5683 -1.7714513563579624 0
PEDESTRIAN 0.0 0 1.3433366335707935 627.1433327408025 139.14746297516444 664.3010909308518 208.82159637526357 1.7 0.7848 0.6973 39.91265015860009 -9.359650067910561 -6.0576 0.035279473593581315 0
CAR 0.0 0 -1.6518104022685653 1767.5193064646824 261.2377745797576 1904.7438972292057 388.5568651188137 3.4079 2.7742 1.8309 50.28672222172657 7.9890756559262925 -5.2988 -3.048531819335291 0
CAR 0.0 0 -1.8630061865688778 47.25173449083498 4.8685037608960124 293.2722827754441 152.62245611804659 3.5682 3.0012 10.9976 54.28514902433612 8.386808869595345 -5.2107 -3.0427454332082586 0
CAR 0.0 0 -1.6860619502063037 1767.1725230644727 343.34995282597384 1879.8332838882775 427.1155372583328 1.5064 1.8966 4.1132 44.62850581467639 7.297601546015902 -6.2711 -3.0496920303081225 0
CAR 0.0 0 -0.9977722575390319 357.50869293546265 420.3121728872321 568.1467771484744 533.7241271646334 1.5195 1.8976 4.1014 15.54173269302592 30.523171503547722 -7.441 -1.7714513563579624 0
CAR 0.0 0 2.9944455031778543 1322.3247520226141 241.54305555148775 1501.5398690553297 367.66822671011266 1.4987 1.9049 4.0972 28.04400974087381 -26.386651122460623 -6.4483 1.6352454592850747 0
CAR 0.0 0 -1.3193775776343548 100.51976738895769 359.75903961145684 287.99689750082337 444.2635150862627 1.5196 1.8976 4.1284 14.735310707842102 43.75453787879167 -7.532 -1.7714513563579624 0
CAR 0.0 0 2.9981705670597973 1506.5826047052904 271.22008954847433 1741.6198929738823 416.9204079896918 1.5032 1.8952 4.1044 24.656769836574885 -29.054688443103824 -6.2698 1.6352454592850747 0
CAR 0.0 0 1.4334900669989494 352.06690758676007 71.059093346532 434.7846412145609 125.39451279986045 1.5162 1.9006 4.1032 60.45683832334958 3.0446248577365216 -6.7749 0.10522774726853645 0
CAR 0.0 0 4.980157206302658 1220.7643280704308 -425.75002527409436 1318.3533898331234 -343.2907991609849 1.632 2.0088 4.1048 -53.757849553903334 2.4267270799020513 -7.9664 3.1159162353538514 0
CAR 0.0 0 4.858258199150843 1044.1706408498358 -276.1158252237463 1081.4012621862485 -244.31215054884254 1.5044 1.9512 4.0978 -110.17559997623553 4.794893280008846 -9.2429 3.0475157958069867 0
CAR 0.0 0 4.99117746500212 1382.1583246231935 -473.5385996368325 1506.4576143647728 -381.20724460553276 1.4952 1.9028 4.1046 -47.41598488830751 5.970482360235009 -8.1952 3.133372182720497 0
CAR 0.0 0 0.11098598949182702 -253.11949048992915 276.1051654409464 192.66715862147046 601.8786314404339 3.6148 3.2348 2.3654 19.529969281389448 -2.9250372605163197 -5.7722 0.1349038018022741 0
CAR 0.0 0 -0.33245784200782236 -1331.7358700533482 350.5529211542482 203.4521803496449 1292.3962687384899 3.1098 3.3536 10.442 13.789243484421862 -3.681759181966749 -6.0304 0.14134394554915766 0
