CAR 0.0 0 2.7366555498028733 1327.8123617050314 190.16029209539602 1534.5512384208196 312.6607201789246 1.7194 1.8964 4.5202 24.900509749699943 -22.56347962623241 -6.5435 1.3382817434541792 0
PEDESTRIAN 0.0 0 2.8837472235254973 645.266051918736 138.33136597410552 679.9806326011097 206.62120432823613 1.7 0.6968 0.7192 38.876307338207454 -7.060420990574868 -6.5112 1.567098590132319 0
CAR 0.0 0 4.347734703496591 1701.5190334985664 257.32236471491353 1834.9788297433163 380.32309348692536 3.487 2.935 2.072 53.309173041087156 6.893891152393959 -5.9211 2.954589946740443 0
CAR 0.0 0 4.355167376324849 1696.506675218915 232.21678555660617 1850.948206147077 371.5147732978477 3.8402 3.1746 6.0448 57.33658416033082 6.2312867802267915 -5.7444 2.951256435673922 0
CAR 0.0 0 2.706238241913706 1287.5925120046118 233.7297020160733 1499.977802233015 362.1137299382114 1.504 1.9011 4.104 22.098827028758667 -19.24613380946769 -6.6643 1.3445949556756323 0
CAR 0.0 0 4.31888253245708 1702.7354923356618 339.59121040346076 1807.6180505508398 421.6017996886292 1.5032 1.9025 4.0984 47.48590310814577 7.936234079819432 -6.9854 2.961074677280605 0
CAR 0.0 0 -1.4519879914840508 233.952143565114 451.2989106724792 457.60941567294594 584.6089044376646 1.5003 1.9029 4.0972 22.111064912748418 38.31930896947247 -8.2755 -2.04660312373549 0
CAR 0.0 0 -1.2928684732052538 381.8165554552683 414.0328616395603 565.1744536058088 526.1097719523783 1.4969 1.8793 4.0996 26.21381001438678 38.4726631459033 -8.2924 -2.086445960933754 0
CAR 0.0 0 2.7200715335008168 1485.9338502666242 238.0196407982303 1762.2306178484803 385.56392974346795 1.498 1.8978 4.2058 18.008394830500947 -21.095817115346023 -6.0071 1.33729912391633 0
PEDESTRIAN 0.0 0 1.3220515086473175 631.6805413451939 141.43235832638217 667.0974528241386 210.79174091780754 1.7 0.6974 0.7026 38.32434433257648 -6.589504330275592 -6.4943 0.015570256983676761 0
CAR 0.0 0 1.2777608651312247 413.52363831925334 46.03842261182251 464.08888282692317 89.27765995287713 1.5054 1.9306 4.096 73.2268184250721 -2.293253345464865 -7.1517 -0.1410786359914363 0
CAR 0.0 0 0.6662073377952822 142.6941552464079 126.91434337375368 325.0170268037071 334.74455087745565 3.5570000000000004 2.5127999999999995 3.866599999999999 33.62503609829163 3.261344946546256 -6.322 -0.15310454807750867 0
CAR 0.0 0 0.30737598240753616 -31.994843086033327 152.9855469749959 282.99506699337354 483.730580244998 3.5054 2.9277 8.5474 27.65960225064896 4.204746079275671 -6.2739 -0.1541603103573966 0
