CAR 0.0 0 0.7490680693543753 52.97227335522801 224.25476168012852 411.5364091180747 568.4052283252588 4.019 2.916 2.729 20.40637627119932 -6.018921232370061 -5.5219 0.1770991263252167 0
CAR 0.0 0 -1.2371343711062153 1269.827808363623 -494.7253442492091 1385.7477890961889 -396.94972096118425 1.5034 1.8968 4.0982 -46.429357713900544 1.8330487659016084 -8.3209 -3.131122989682952 0
WHEELER 0.0 0 1.2331858625380885 1333.8312927309623 778.0674369815529 1534.7756221994298 1054.0431100989078 1.7402 0.8236 1.4456 10.1444 -19.1584 -6.8021 0.23144634131526778 0
CAR 0.0 0 -1.6903030972023436 1402.7076284146015 378.9389381867798 1542.8991391457266 477.5099049270767 1.5064 1.8967 4.1131 33.772659130155354 13.441625494388076 -6.6461 -2.9796581395269364 0
CAR 0.0 0 3.0054894705455197 1352.1284272448524 198.654533239009 1524.0996201539997 315.3068482069268 1.594 1.8966 4.5394 31.64482743965765 -28.521040316009326 -6.3337 1.6105393675152717 0
CAR 0.0 0 4.967427165238289 1180.9703709848823 -353.2346582038273 1247.0190636612642 -299.7484451498271 1.5034 1.8968 4.0982 -72.0218001265453 5.479819585601954 -8.5994 3.134259445184084 0
CAR 0.0 0 -1.1413053602829328 201.99492856978196 462.23481723310306 454.3758240018536 597.6778013946663 1.5196 1.8976 4.1761 11.759402206352629 29.305649464345688 -7.5683 -1.699377694422411 0
CAR 0.0 0 -1.0108186219383977 260.63159933144493 372.18722446678174 447.32381572983576 462.62132916784253 1.5196 1.8976 4.1284 16.756660759015897 38.2208017602018 -7.4472 -1.7168283486647578 0
CAR 0.0 0 -1.6812544950599628 1528.173841002949 396.0094512903194 1672.8423216923015 503.84228880597567 1.5011 1.8966 4.1043 33.36116994723614 10.263647916505953 -6.5801 -2.9796581395269364 0
CAR 0.0 0 1.309739138008583 289.78375774488154 93.50715028329502 403.3364886990995 175.92135815354413 1.8149 1.9014 4.1022 46.96754311196786 0.6965073891075704 -6.1082 0.10471703530426107 0
CAR 0.0 0 -2.0705783890690217 958.799024602354 608.9407819869134 1247.3996957252991 853.4948544803974 1.5034 1.8968 4.0982 13.90033435336976 11.386886015971823 -7.0135 -3.0612838082486924 0
CAR 0.0 0 1.5672047517945566 385.15767280343516 33.523564849161566 453.8280590198676 77.87685779574477 1.5064 1.8966 4.1132 71.33634679500224 4.694378538398918 -6.2904 0.12710228116912003 0
CAR 0.0 0 1.942089688503136 1009.3198549411072 -438.6941114135953 1102.7322879341002 -313.17221832428316 2.6198 2.2122 6.0322 -54.94443070372548 -5.044433152623897 -7.5887 0.03114003599830792 0
CAR 0.0 0 -1.6445726404684902 1653.3201413031381 299.1695310240178 1747.9929607995734 362.4596827413089 1.499 1.9016 4.112 52.84599151294433 12.17868420424076 -6.2283 -3.0239424248893574 0
PEDESTRIAN 0.0 0 1.7329810075003869 628.835311106953 139.1572886128719 665.9204139005254 208.82436840377244 1.7 0.7848 0.6973 39.91210330563602 -9.404987150219107 -6.0576 0.4242919206872831 0
CAR 0.0 0 -1.9678295448214536 1388.1494425582514 552.6296770566921 1621.7767214719772 759.4730478522158 1.5034 1.8968 4.0982 19.59434343278779 7.911682087938874 -6.7568 -3.1317874357548146 0
CAR 0.0 0 -1.6428826034066857 1768.572668259076 261.38858082607237 1905.9717804616364 388.8399996691066 3.4079 2.7742 1.8309 50.259914044563196 7.9545628070562024 -5.2988 -3.0395974269518478 0
CAR 0.0 0 -1.8081093902822403 74.53249723656435 1.137350936195169 306.8911901278095 142.54791884999267 3.5682 3.0012 10.9976 56.263637179629434 8.49980462193261 -5.2107 -3.052921796683383 0
CAR 0.0 0 -1.6855406789473144 1767.4135275281312 343.0619966655113 1879.914706508835 426.6783945620832 1.5064 1.8966 4.1132 44.694896344138805 7.302712169779779 -6.2711 -3.0493759430220515 0
CAR 0.0 0 -0.9589965130218495 358.9087422025431 420.15053480776453 569.3218941873732 533.4706687579569 1.5195 1.8976 4.1014 15.571507972430823 30.51768856846478 -7.441 -1.7342789932111529 0
CAR 0.0 0 -1.260687890619336 1437.458705336173 -523.2305522749431 1584.2888394132688 -414.1960597638645 1.5034 1.8968 4.0982 -42.41337813485998 5.645092712987941 -8.2291 -3.131473176424989 0
CAR 0.0 0 2.9493796243314634 1335.5782917268111 241.5900976037277 1516.8075612799273 367.6216264411591 1.4987 1.9049 4.0972 28.035401167120394 -26.694708172341947 -6.4483 1.5881233509515706 0
CAR 0.0 0 -1.3951443754853328 36.615923459427194 320.754178981869 198.75340513002038 388.2215652282241 1.5196 1.8976 4.1284 16.139330630759833 53.812639757905366 -7.6049 -1.7168309998735665 0
CAR 0.0 0 0.4368652961584877 -168.388160448481 469.6700038393665 442.3877819951866 925.7629495364951 1.2972 3.2042 7.6122 15.808416915261233 -6.842702829680316 -7.0427 0.17919631084624332 0
