CAR 0.0 0 1.7086979675497622 414.9598443122295 -24.883071624018008 493.46905709019313 61.74541798990485 4.019 2.916 2.729 82.06514664916254 5.42283249321453 -5.5219 0.1770991263252167 0
CAR 0.0 0 3.0037730635805175 1339.4049938181179 198.68350715400496 1509.531691171931 315.4730053909255 1.594 1.8966 4.5394 31.641555662852152 -28.185486418157236 -6.3337 1.6105393675152717 0
CAR 0.0 0 -1.17738591975555 201.17969642660256 462.4548279024162 453.7924531642363 598.0268195424644 1.5196 1.8976 4.1761 11.740864465371315 29.29754139389644 -7.5683 -1.7342630584530845 0
CAR 0.0 0 1.6553135368222618 440.4190182153129 -8.727547758326885 489.8787073350026 28.144262472004232 1.8149 1.9014 4.1022 96.32775017803124 8.155623232715508 -6.1082 0.10470072598036383 0
CAR 0.0 0 2.079336561823891 1312.816253386974 -1015.3292391628639 1687.488606640869 -563.924244281155 2.6198 2.2122 6.0322 -23.507232723780017 -4.092848937510208 -7.5887 0.031140035998307912 0
CAR 0.0 0 -4.188478577587497 -4164.766442749734 822.2086667958968 -1731.5658554543722 1602.837302353102 1.499 1.9016 4.112 9.382875040591987 7.058821362308839 -6.2283 -3.022723708213006 0
PEDESTRIAN 0.0 0 1.7333103960810476 630.0057754500822 139.23031421490128 667.0502214307832 208.91051752905898 1.7 0.7848 0.6973 39.900676660870964 -9.437656727500269 -6.0576 0.4242919206872831 0
CAR 0.0 0 -1.6429177982222256 1767.266619187031 261.26131656354784 1904.5096017192263 388.6073847704561 3.4079 2.7742 1.8309 50.271432487893634 7.993736185512462 -5.2988 -3.0395974269518478 0
CAR 0.0 0 -1.809706742423318 73.37112934979648 1.1354953463157316 306.0117637210114 142.57008616761976 3.5682 3.0012 10.9976 56.258350046400416 8.533373941214114 -5.2107 -3.052921796683383 0
CAR 0.0 0 -1.6856144171197724 1766.8998283813376 343.09011288022776 1879.437374628357 426.7241374782351 1.5064 1.8966 4.1132 44.67798531321849 7.312631080300835 -6.2711 -3.0493759430220515 0
CAR 0.0 0 -0.9258406697352383 357.3886007403661 420.3531329624025 568.0639652367499 533.7870004208904 1.5195 1.8976 4.1014 15.537762619107436 30.52082159788707 -7.441 -1.699356462085231 0
CAR 0.0 0 4.8553101580692895 1074.4831016164799 -260.49842608598743 1112.6961831374233 -229.15481687742275 1.5034 1.8968 4.0982 -108.34671829202314 6.7985868247253975 -8.2291 3.0644465064279367 0
CAR 0.0 0 2.9464408844455345 1314.3490763496807 241.0564630726349 1492.0745363487517 366.9930045063161 1.4987 1.9049 4.0972 28.09261985529753 -26.216763389357858 -6.4483 1.5881233509515706 0
CAR 0.0 0 -1.265267018253274 123.93381123944155 410.5673343734412 343.5919074193313 517.889171522049 1.5196 1.8976 4.1284 12.693276487099592 36.16754952134682 -7.6049 -1.7342843053404915 0
CAR 0.0 0 1.6220030152829643 403.1909346615247 37.224047443511566 504.6559995867993 81.25343069969908 1.2972 3.2042 7.6122 77.48956740328403 4.5462880715257805 -7.0427 0.17915388867624044 0
WHEELER 0.0 0 1.7785353858713084 755.5326833465095 173.90683066455688 790.0096405563642 251.79742648551345 1.7402 0.8236 1.4456 38.540186785601875 -12.867554648794435 -6.8021 0.47570316638641924 0
CAR 0.0 0 -1.7346353472323148 1511.9151290767782 419.7697751408121 1678.301082668407 548.0416116617058 1.4986 1.895 4.0984 28.798595920135373 9.203554506478431 -6.2699 -3.0130775779322945 0
CAR 0.0 0 -1.8604185104134079 1130.3319752201342 478.88641190585355 1354.9628602932853 648.8058222800375 1.5038 1.8954 4.152 19.5158048928005 12.356762047543842 -6.3408 -3.008903042087709 0
CAR 0.0 0 4.965239600522739 1157.0731426756013 -331.7330841825551 1217.326792667092 -282.9883643859923 1.498 1.8954 4.1042 -76.59504314579223 5.398765593224057 -8.3635 3.141428118190829 0
CAR 0.0 0 -1.424744538823216 37.776923923496724 314.28852805036956 196.77466991663755 379.86104731627296 1.5196 1.8976 4.1284 16.511908949752733 54.901155120211634 -7.532 -1.7517376108074119 0
CAR 0.0 0 3.047076405539999 2250.7011685856037 255.15214264919902 2584.91988100413 384.56970865909483 1.5032 1.8952 4.1044 25.68223200905664 -47.08891694665182 -6.2698 1.6071949858009207 0
CAR 0.0 0 -1.2435992556118218 1233.493219704081 -458.98408812014924 1334.457144420605 -373.66432825576277 1.496 1.899 4.103 -51.10306889961775 2.010151896216399 -8.3985 -3.1273049186527997 0
CAR 0.0 0 -1.646978639948932 1647.6812084167136 312.6001259175305 1749.8076584091555 382.24768658946766 1.4994 1.9016 4.0998 48.81294429025913 11.408430431995757 -6.2208 -3.0168523042503694 0
CAR 0.0 0 -1.228332627978328 1446.3810491325746 -520.4194728627006 1592.8327840290544 -412.6661111411858 1.5034 1.8968 4.0982 -42.77891629719578 6.074900474133367 -8.2669 -3.0962025008686545 0
CAR 0.0 0 -1.2001080782289164 1552.1040590142625 -682.1181212451997 1774.8769102111712 -512.6557352513241 1.5034 1.8968 4.0982 -31.7012 3.5797 -8.1409 -3.114335395357164 0
