CAR 0.0 0 2.993858990796313 1340.4319949099015 198.50355658768834 1510.5905039077195 315.1825979172912 1.594 1.8966 4.5394 31.66337601397553 -28.22053978578751 -6.3337 1.600338874245188 0
CAR 0.0 0 -1.2229422035110946 195.10012312788473 463.11888305270236 448.7589571256959 599.1027449052116 1.5196 1.8976 4.1761 11.637228301563185 29.32407612296217 -7.5683 -1.7714513563579621 0
PEDESTRIAN 0.0 0 1.3433562136413797 627.6559469210465 139.25770756701587 664.8072741571852 208.95886244653522 1.7 0.7848 0.6973 39.89459514682602 -9.375519088673455 -6.0576 0.03527947359358132 0
CAR 0.0 0 -1.6517441098396337 1767.9896031086596 261.2097359600527 1905.1958732960816 388.49413069978607 3.4079 2.7742 1.8309 50.309449600208275 7.979439580395927 -5.2988 -3.048531819335291 0
CAR 0.0 0 -1.8632237213447218 47.20416952342753 4.890828651879137 293.2782364072828 152.68036857476534 3.5682 3.0012 10.9976 54.27427404805018 8.382955491385193 -5.2107 -3.0427454332082586 0
CAR 0.0 0 -1.6861332538078784 1767.5194537338664 343.5260802400947 1880.2568409169976 427.37987700729224 1.5064 1.8966 4.1132 44.598468880072325 7.283995731690171 -6.2711 -3.0496920303081225 0
CAR 0.0 0 -0.9621384897100188 358.14207773254805 420.223560528675 568.668112803163 533.5859505498204 1.5195 1.8976 4.1014 15.556010131995773 30.52230433321111 -7.441 -1.736558058116082 0
CAR 0.0 0 2.994312034421628 1321.4253963942917 241.53061577404148 1500.4981086021937 367.65719667339346 1.4987 1.9049 4.0972 28.045468976774853 -26.366075111639205 -6.4483 1.6352454592850747 0
CAR 0.0 0 -1.3092037534472611 105.67145100190419 359.43033607381426 292.546378987014 443.76110003950873 1.5196 1.8976 4.1284 14.85246354775645 43.71405237990772 -7.532 -1.7714513563579624 0
CAR 0.0 0 2.997977896170791 1507.4960818394502 271.6664203969762 1743.0216798448978 417.61920114676667 1.5032 1.8952 4.1044 24.62143279324771 -29.056921641728362 -6.2698 1.6352454592850747 0
CAR 0.0 0 1.6313889405139859 399.2172956797119 -20.982519863276554 503.4648538133228 49.43447113114738 3.1098 3.3536 10.442 92.69335202593331 7.991288227642558 -6.0304 0.08868136636738409 0
CAR 0.0 0 4.750985224996251 1045.9689674450565 -228.16173016378985 1071.9617917880541 -206.91477881152318 1.5044 1.9032 4.0978 -153.1047797417039 11.86227930179478 -9.4954 2.977674094340651 0
CAR 0.0 0 1.9756036303795497 1059.2661170272293 -512.9314262335625 1155.5279739503833 -409.90350045506847 1.4968 1.8978 4.1026 -45.4923600128118 -5.127611638119265 -8.2622 0.010858183512042307 0
CAR 0.0 0 0.11464801847386585 1113.7751096926434 740.3091607643671 1624.4588186811193 1375.818709392387 1.9202 2.1008 4.4984 9.166497830428778 -17.798952839733364 -6.8328 -0.7894351900754727 0
CAR 0.0 0 1.742185904796672 455.62907206765396 -43.72699252630604 494.93297839427305 -18.941388252483204 1.5162 1.9006 4.103 119.0642 12.2916 -4.8514 0.10522774726853645 0
CAR 0.0 0 -1.2832330326925743 92.35867441901199 267.6106527267503 216.70480128794895 315.8823576274532 1.4993 1.9014 4.0972 22.3368 67.5125 -7.3688 -1.7714513563579624 0
