CAR 0.0 0 2.7231835751102356 1328.9951207816428 190.05834480783435 1535.781826382146 312.4794320977756 1.7194 1.8964 4.5202 24.903599046840657 -22.60210650087671 -6.5435 1.3245723866681374 0
PEDESTRIAN 0.0 0 3.5130343831198907 644.1855558200529 138.3061347024372 678.9153741478967 206.5967156873711 1.7 0.6968 0.7192 38.88775898001539 -7.031976980046959 -6.5112 2.1967451706389425 0
CAR 0.0 0 4.326661994851795 1657.1484860487492 312.4587906246978 1839.9125589687046 487.45842260183446 3.487 2.935 2.072 38.21634039427868 9.73030154855006 -5.9211 2.9794644875480256 0
CAR 0.0 0 2.6684526513168483 1280.8324638236743 232.80810237085353 1491.7335810107918 360.7340855748725 1.504 1.9011 4.104 22.222469689495654 -19.149785097465635 -6.6643 1.3071218474788941 0
CAR 0.0 0 -1.4900091363893855 220.73536260204472 452.08867792999837 446.5742004558394 585.9537375560606 1.5003 1.9029 4.0972 21.94456201218786 38.49164667684199 -8.2755 -2.067370310837955 0
CAR 0.0 0 -1.2667242286399651 388.21985469961976 413.3133550367303 570.4472302867802 524.9771539690737 1.4969 1.8793 4.0996 26.33971709608846 38.40312978344246 -8.2924 -2.067370310837955 0
CAR 0.0 0 2.689856927550803 1484.004877861562 237.74187324387074 1759.766221968022 385.12272931150864 1.498 1.8978 4.2058 18.04002414147165 -21.074709681499325 -6.0071 1.307121847478894 0
PEDESTRIAN 0.0 0 1.339626260606318 632.683201488682 141.24472225267345 668.0546092450193 210.5430210560342 1.7 0.6974 0.7026 38.349974243929864 -6.6213757715971795 -6.4943 0.032453203031635944 0
CAR 0.0 0 -3.3548106436220877 -332.49651110789785 275.0891996619535 -68.41782672443023 444.1293387146351 1.5032 1.8996 4.0986 27.49793390722038 9.459835733145527 -6.7781 -2.8621978862888757 0
CAR 0.0 0 4.349941863001795 1658.8184949159163 256.1996315789937 1861.973980212143 465.2786022354453 4.117 3.002 6.0508 41.91894269497825 9.153043950226277 -5.4223 2.9780861579256346 0
CAR 0.0 0 2.7553263453635344 1847.2146533488287 218.09913300409454 2159.659886163689 354.56718837751924 1.4956 1.9016 4.1016 16.194783820762083 -29.00498418528389 -5.6954 1.325173438381775 0
CAR 0.0 0 2.2134178253314793 1004.0528538565875 340.19558926448775 1162.641054392343 504.327520090311 2.6032 2.3432 5.4312 32.517261906214316 24.764666345696632 -6.8554 1.0096694265543544 0
CAR 0.0 0 4.365091092280298 1711.1547391460888 293.9441707199536 1798.3742681113897 357.8990463053745 1.5026 1.8998 4.0992 57.182772149934436 6.53990513497174 -6.6842 2.977527194182836 0
CAR 0.0 0 2.7383958057950837 1641.3591409937603 220.48656811451454 1901.7387365599418 344.71432733450456 1.5038 1.901 4.3724 20.058995334425138 -27.852732027901975 -6.4874 1.3245778884278983 0
CAR 0.0 0 4.363087122387206 1727.0506232870812 272.3467851632176 1805.4756940150796 327.2703651073278 1.5026 1.8998 4.0992 64.66580066700202 5.005672825638623 -6.6114 2.9600977287534684 0
CAR 0.0 0 -0.47894721888826947 -1309.9083890683114 566.5062105786899 -579.7214942593887 958.3717912174951 1.4975 1.8986 4.1084 17.251104493863465 12.26893951877778 -7.3344 0.39868369841975776 0
