CAR 0.0 0 2.7053254786349967 1327.187811475949 190.2645697767937 1533.9446770368452 312.83848127497 1.7194 1.8964 4.5202 24.89328918163962 -22.53897130049964 -6.5435 1.307119096577169 0
PEDESTRIAN 0.0 0 3.515643172643799 650.4997478971529 138.12101695690666 685.0924001972589 206.31204601322224 1.7 0.6968 0.7192 38.87927637585973 -7.2085275265788145 -6.5112 2.1967451706389425 0
CAR 0.0 0 4.390557643230613 1707.8058840157576 257.5699707476059 1841.931785616777 380.63851281025825 3.487 2.935 2.072 53.366946015004395 6.687686829133826 -5.9211 2.996917376801119 0
CAR 0.0 0 2.7201667164063448 1280.2697995463934 233.48873813961654 1491.6200513317103 361.81880755386715 1.504 1.9011 4.104 22.167263393859567 -19.096441687072954 -6.6643 1.3594899471340491 0
CAR 0.0 0 -1.4899650174741481 220.91623937410412 452.358843874955 446.8907453116913 586.3682451179129 1.5003 1.9029 4.0972 21.929962817308446 38.468997504212 -8.2755 -2.067370310837955 0
CAR 0.0 0 -1.2666139705831811 388.3333744019691 413.3146059253495 570.5482392402035 524.9779832586578 1.4969 1.8793 4.0996 26.340819413215733 38.40077361730166 -8.2924 -2.067370310837955 0
CAR 0.0 0 2.689765447319794 1485.8857893379811 238.18743762950078 1762.3456965363182 385.8474113518272 1.498 1.8978 4.2058 17.996536444031072 -21.08381627338936 -6.0071 1.3071218474788946 0
PEDESTRIAN 0.0 0 1.3397365686366562 632.8264272631294 141.21067331528448 668.1902814157874 210.49817327562295 1.7 0.6974 0.7026 38.35487912067667 -6.62613726025091 -6.4943 0.032453203031635944 0
CAR 0.0 0 4.365381071183158 1723.1864104086608 334.99447678483966 1831.6116232378167 417.3125365946474 1.5032 1.8996 4.0986 47.37060180635801 7.405416434484026 -6.7781 3.0025841396709185 0
CAR 0.0 0 4.421728130884519 1701.4458762865186 220.39310908726765 1854.4194787156357 367.75499266047774 4.117 3.002 6.0508 56.971445406184706 6.2227122526829755 -5.4223 3.0129955833738897 0
CAR 0.0 0 2.8147784871523536 2492.082689526503 208.1907501147395 2856.725664144051 329.1743639023454 1.4956 1.9016 4.1016 12.540442916512966 -45.746378118797885 -5.6954 1.3432498668291273 0
CAR 0.0 0 -0.4075775428130799 2030.1524007315386 454.6147231686638 2880.6899094090645 863.43300804197 1.8784 2.1996 5.9972 6.572174686575658 -21.781067325565008 -6.9284 -1.719681994726951 0
CAR 0.0 0 -1.4774890830029088 141.02815909767205 282.9130928279509 274.3107768480184 341.56364129388743 1.501 1.901 4.1044 38.456602107095335 62.53325814397838 -8.2531 -2.067370310837955 0
