CAR 0.0 0 3.0146817154347127 1340.109924986647 198.3377234682996 1510.1118227510353 314.9270690810082 1.594 1.8966 4.5394 31.683531736126504 -28.21954825051075 -6.3337 1.6210677637018256 0
CAR 0.0 0 -1.2353327764261772 194.5330028876525 463.53308603564045 448.5369681574683 599.7544432830795 1.5196 1.8976 4.1761 11.615375906345399 29.295211390470392 -7.5683 -1.782856759787455 0
PEDESTRIAN 0.0 0 1.1359251552544665 629.3758826305517 137.9106178479417 666.2565344374752 207.2356570981506 1.7 0.7848 0.6973 40.12152153466962 -9.39470347257292 -6.0576 -0.17496862750956493 0
CAR 0.0 0 -3.299961639290826 -451.984096494791 211.29536593749702 -62.07236500612838 480.4165919566787 3.4079 2.7742 1.8309 22.173057718867817 1.5665192694429655 -5.2988 -2.6790851534558557 0
CAR 0.0 0 -3.376829352814105 -679.3499877013927 115.2457999050178 83.61007088684586 510.5128215214882 3.5682 3.0012 10.9976 25.766155960160923 3.2283894170832808 -5.2107 -2.666537345083847 0
CAR 0.0 0 -1.6075684072609149 140.41371889409422 444.70155467571743 455.17615748916495 726.8241131434864 1.5064 1.8966 4.1132 16.218762475601867 -8.094456632439028 -6.2711 -2.1028688495725505 0
CAR 0.0 0 -0.972056752035988 358.85655981714467 420.06916410739757 569.2201283586232 533.3474726694834 1.5195 1.8976 4.1014 15.574983727247016 30.526994746846825 -7.441 -1.7473622960181396 0
CAR 0.0 0 2.99236813590392 1315.5652841073113 241.71116823654182 1493.867658845549 367.98686043170284 1.4987 1.9049 4.0972 28.03022254770983 -26.223289331097124 -6.4483 1.6343890336265965 0
CAR 0.0 0 2.995899456526444 1494.1615180856859 270.78842747184524 1726.794936547144 416.3573635356702 1.5032 1.8952 4.1044 24.696041232558006 -28.80663712351275 -6.2698 1.634389033626596 0
CAR 0.0 0 3.0459668567258795 1848.5694786197726 242.12614010324532 2161.9641294223215 385.90798275725905 1.4966 1.9946 4.6048 25.098679232371587 -37.02368558750247 -5.8821 1.629611711400237 0
CAR 0.0 0 2.5917355239382096 528.6577347181621 263.05911206445745 718.1711832485978 363.0160174049545 2.5328 2.5828 5.9969 28.49458347993133 41.61398743401836 -6.1644 1.482428947791455 0
CAR 0.0 0 2.075389853554975 995.7375762590638 -611.0291329427072 1101.3827586391797 -471.00029675743315 1.8452 2.0012 2.6602 -37.691733722648515 -8.127649151652973 -8.1752 0.02922435761566963 0
CAR 0.0 0 2.199188988860488 1156.908176816282 440.0921108077031 1339.3543589416415 570.4999045768653 1.498 1.9016 4.1004 24.194024647365907 14.70672667546128 -6.8214 1.0106276387489002 0
CAR 0.0 0 3.0315223626497314 1583.3772000191361 233.49186253612731 1796.2741418097487 354.22709352722967 1.5038 1.895 4.1 28.55633084479364 -32.89532801614531 -6.4074 1.6321307886544327 0
CAR 0.0 0 -1.3103709082879527 98.99196898287968 363.37962929985656 285.54009887138534 447.42508160363434 1.5006 1.8984 4.1011 14.667700900883958 43.76530492479157 -7.6209 -1.755079248103253 0
