CAR 0.0 0 1.0090950797193226 169.2352365075858 157.2811694782201 441.1530426363073 429.465975220609 4.019 2.916 2.729 25.8125994038561 -5.182545890998802 -5.5219 0.1770991263252167 0
CAR 0.0 0 -1.2480470739325393 1222.9664756509458 -453.99293195037694 1322.0963976405799 -369.46409618176557 1.5034 1.8968 4.0982 -51.42197008297435 1.7319138245901047 -8.3209 -3.131122989682952 0
WHEELER 0.0 0 1.2697000236748832 1257.2347617249966 669.6969819407351 1417.955305695275 906.3814186698519 1.7402 0.8236 1.4456 11.998999306456142 -18.98869353942952 -6.8021 0.23144634131526778 0
CAR 0.0 0 -1.7189009326097604 1351.6265341010774 404.666507762952 1508.5215871229593 517.58721333475 1.5064 1.8967 4.1131 29.73368177414939 12.998528749852952 -6.6461 -2.9796581395269364 0
CAR 0.0 0 3.004414872667573 1343.6197613344555 198.58934446557296 1514.3020001651932 315.28607711200283 1.594 1.8966 4.5394 31.652901867231336 -28.300396500606386 -6.3337 1.6105393675152717 0
CAR 0.0 0 4.959752352234464 1156.7489644398536 -333.3544431497768 1215.9723760089191 -285.16629297502396 1.5034 1.8968 4.0982 -77.952614523836 5.683934922056454 -8.5994 3.134259445184084 0
CAR 0.0 0 -1.1439326783177575 200.1325685369226 462.56067181934475 452.9193625641072 598.1987474277898 1.5196 1.8976 4.1761 11.723280486049962 29.302882493207967 -7.5683 -1.699377694422411 0
CAR 0.0 0 -1.0024286077078273 270.40180023393555 376.91938561204756 459.6025405199256 469.5156294087569 1.5196 1.8976 4.1284 16.627759686332396 37.34488783431308 -7.4472 -1.7168283486647578 0
CAR 0.0 0 -1.7037229132794018 1494.950912733959 420.67072553517585 1654.6138050299267 542.8090622556905 1.5011 1.8966 4.1043 29.938853208646545 9.8767824531198 -6.5801 -2.9796581395269364 0
CAR 0.0 0 1.3710056795089056 313.61940354384 78.73154296050787 416.79994437831147 153.97939422468053 1.8149 1.9014 4.1022 50.82088443525128 1.2410266583060199 -6.1082 0.10471703530426107 0
CAR 0.0 0 -2.1857603335747604 801.8205140808719 673.725065794343 1147.5089606529812 976.20398203029 1.5034 1.8968 4.0982 10.896612298151581 11.166738609875301 -7.0135 -3.0612838082486924 0
CAR 0.0 0 1.5869535861508248 391.7745573488578 26.796614456668756 456.8848677406914 68.73825884207623 1.5064 1.8966 4.1132 74.92623443856466 5.371054026928157 -6.2904 0.12710228116912003 0
CAR 0.0 0 1.951692758552231 1018.5462612803881 -460.12057504323394 1119.3766465859155 -324.6173886365421 2.6198 2.2122 6.0322 -51.968297934646934 -5.114426556280728 -7.5887 0.03114003599830792 0
CAR 0.0 0 -1.6517535672861914 1644.1567598536385 308.50365426829615 1744.1730475501204 376.1801442770879 1.499 1.9016 4.112 49.891258898699505 11.768972926225564 -6.2283 -3.0239424248893574 0
PEDESTRIAN 0.0 0 1.7316416301359399 627.9146307973656 139.77272174092764 665.1294170300962 209.61237629426918 1.7 0.7848 0.6973 39.80908291706398 -9.392625305612162 -6.0576 0.4242919206872831 0
CAR 0.0 0 -2.0291165071115054 1313.1797259213622 614.8294172229532 1588.142118568709 873.0065810041654 1.5034 1.8968 4.0982 16.19911843732871 7.4802192882422665 -6.7568 -3.1317874357548146 0
CAR 0.0 0 -1.6428236244178689 1768.5713366576601 261.30713471106975 1905.8882237736084 388.678481877456 3.4079 2.7742 1.8309 50.289488051991654 7.959517855785338 -5.2988 -3.0395974269518478 0
CAR 0.0 0 -1.808817995201099 74.2038821240548 1.1797308653852412 306.72038609801723 142.66217736165981 3.5682 3.0012 10.9976 56.240294349536725 8.499079900746109 -5.2107 -3.052921796683383 0
CAR 0.0 0 -1.6855471419145867 1767.407604284903 343.07136213654167 1879.913891754079 426.6925983893273 1.5064 1.8966 4.1132 44.69277504326521 7.30250504428802 -6.2711 -3.0493759430220515 0
CAR 0.0 0 -0.9616447814443156 356.75938610715923 420.5949485032964 567.6481791566343 534.1577636448995 1.5195 1.8976 4.1014 15.515559053240336 30.505690563279632 -7.441 -1.7342789932111529 0
CAR 0.0 0 -1.2682418596289842 1367.1754084595748 -478.10395177183307 1490.5110568978519 -384.42931600345815 1.5034 1.8968 4.0982 -47.185397953302 5.360402684945806 -8.2291 -3.131473176424989 0
CAR 0.0 0 2.9470134019400573 1323.8290590666898 242.2208236011307 1503.681471966023 368.6951618296296 1.4987 1.9049 4.0972 27.97949484861928 -26.39879571865799 -6.4483 1.5881233509515706 0
CAR 0.0 0 -1.3759345049246188 45.1185225588806 330.99008522118265 214.04910061380846 402.58390132379986 1.5196 1.8976 4.1284 15.591534800126787 51.168180168126646 -7.6049 -1.7168309998735665 0
CAR 0.0 0 0.7008791487936881 44.95793867983312 352.4913661210354 467.6326646421544 637.6712619231936 1.2972 3.2042 7.6122 21.21376976114359 -5.9982668165714825 -7.0427 0.17919631084624332 0
CAR 0.0 0 -1.6103711431748753 1700.6078324892997 270.3217055744344 1775.7418303500108 318.96435401684346 1.4986 1.895 4.0984 67.0573 13.5661 -6.421 -3.0136867508378455 0
