CAR 0.0 0 2.727917285628731 1776.0924028997947 301.8546810175401 2174.8062132928303 487.99434705049043 1.5023 1.898 4.937 13.796758386420796 -24.809988303230664 -6.5925 1.352655634908364 0
CAR 0.0 0 2.665329029830221 1315.7591992371822 234.93304151708358 1530.3788461446536 363.2410030579624 1.5177 1.898 4.0963 21.977918286319465 -19.931344014712508 -6.7131 1.300287801406882 0
CAR 0.0 0 2.670789438619283 1408.0183025842357 311.2567523648677 1744.8552793448994 510.0362632397299 1.5541 1.898 4.9169 15.694961437146123 -17.707553364913036 -6.7043 1.3526556349083636 0
CAR 0.0 0 -1.5322592738556844 216.6002062761287 440.39946036994473 440.9608876809557 577.8252960491898 1.6474 1.9008 4.0966 22.225790045663675 38.913621174623344 -8.1942 -2.112005731420875 0
CAR 0.0 0 2.726476625955642 1590.5768352775465 198.89346129226425 1814.7878059560403 302.5069349941771 1.396 1.8974 4.3588 23.172804092364114 -29.490120435536003 -6.6116 1.3008901068240033 0
CAR 0.0 0 -1.3261514382902944 360.2100352637095 398.75180545956084 543.8884737328068 513.3492003902534 1.6474 1.9008 4.0966 26.541925242935545 39.41956009280155 -8.1431 -2.112005731420875 0
CAR 0.0 0 4.445254984755409 1667.0297255302619 222.146035305642 1849.3900481726043 399.1264349093953 4.11 3.0032 11.0896 53.93333214734714 7.4697895960428555 -5.5143 3.0458113162218337 0
PEDESTRIAN 0.0 0 2.7822308624314154 714.3275751974917 114.93291485293538 748.4768687949436 181.90270176077308 1.7 0.6968 0.9282 39.87560169790195 -9.315716729480641 -6.1004 1.4111268072147432 0
CAR 0.0 0 4.264113293943197 1484.3351725925143 328.281908358772 1556.6014782100663 402.4556931937284 1.5021 1.9038 4.0982 48.61387369259376 14.503585683593403 -7.3727 2.9284830667030453 0
CAR 0.0 0 4.3912954962313435 1732.9986245049513 247.28244728029827 1820.8738548449471 314.57937881044876 1.9994999999999994 2.0167 6.000200000000007 69.42149182309583 3.944453114028841 -6.3098 2.9767344146944934 0
CAR 0.0 0 1.514088486160478 1585.757953310348 671.4979999030377 1838.4192566349611 1005.3078496318927 1.7 1.8454 4.0952 18.08547134682582 12.877113409741227 -7.2475 0.39699358557028114 0
CAR 0.0 0 4.432768951386459 1676.447220867396 247.79690263272406 1848.261330997794 415.5304170748374 3.9074 3.0032 5.6574 48.5717 7.986900000000001 -5.6171 3.0458113162218337 0
