CAR 0.0 0 2.705443381117026 1328.0512054163148 190.25710450553527 1534.9006016757219 312.81499316495245 1.7194 1.8964 4.5202 24.88812022615157 -22.561659625117294 -6.5435 1.3071190965771693 0
PEDESTRIAN 0.0 0 3.515654918071327 650.5445823731013 138.1239028157361 685.1368694250248 206.31542753061336 1.7 0.6968 0.7192 38.878476901032464 -7.209652437609818 -6.5112 2.1967451706389425 0
CAR 0.0 0 4.3906151892552225 1706.4263434935563 257.2898926785147 1840.1896588497605 380.1415425160839 3.487 2.935 2.072 53.43532200542916 6.722993623440877 -5.9211 2.996917376801119 0
CAR 0.0 0 2.7212132482398292 1281.7175215954242 232.50454706695527 1492.4918321547796 360.2430008310889 1.504 1.9011 4.104 22.24303412359578 -19.187911284577318 -6.6643 1.3594899471340491 0
CAR 0.0 0 -1.4900805491146976 220.77141230736297 452.2586472670707 446.70573038964346 586.2152634912676 1.5003 1.9029 4.0972 21.934678098648877 38.47873926844354 -8.2755 -2.067370310837955 0
CAR 0.0 0 -1.2651961177974809 389.5709043795912 413.1168134830577 571.5362377822255 524.6715234632832 1.4969 1.8793 4.0996 26.3700044740988 38.39197858036674 -8.2924 -2.067370310837955 0
CAR 0.0 0 2.6896088379479552 1483.916038033755 238.06525087716025 1759.9918771542018 385.6689159139698 1.498 1.8978 4.2058 18.017110432529076 -21.051675235964115 -6.0071 1.3071218474788946 0
PEDESTRIAN 0.0 0 1.3397968602746435 632.763540132656 141.15792327970397 668.1208477033462 210.430794106259 1.7 0.6974 0.7026 38.36431358430817 -6.625953728114701 -6.4943 0.032453203031635944 0
CAR 0.0 0 4.365428572460506 1723.2050808263757 334.92372062361244 1831.594595345466 417.20612198773796 1.5032 1.8996 4.0986 47.38635335958134 7.402802648466112 -6.7781 3.0025841396709185 0
CAR 0.0 0 4.412960160495177 1700.7170545238887 220.3505398995776 1853.5251828347411 367.67593843113235 4.117 3.002 6.0508 56.97232088904235 6.248083846635309 -5.4223 3.0042676078684667 0
CAR 0.0 0 2.8174496666539577 2544.541501359467 206.91610682097397 2911.8514632996475 326.36697034901704 1.4956 1.9016 4.1016 12.240820929442446 -47.34525006861199 -5.6954 1.3432498668291273 0
CAR 0.0 0 -0.4063801555423565 1935.426191631235 461.9510637815434 2770.021481648608 884.0633404221755 1.8784 2.1996 5.9972 6.840270207108434 -20.174777182511438 -6.9284 -1.7022294576719943 0
CAR 0.0 0 -1.4931879437141744 134.46739117655397 284.4765062011525 269.24643043535366 343.75001560500635 1.501 1.901 4.1044 38.05379164003194 62.35421551138637 -8.2531 -2.067370310837955 0
