CAR 0.0 0 2.9251499143781174 1433.7626120148107 323.6306224312435 1710.746432204251 515.4073928614002 1.551 1.9022 4.6956 21.41558439101069 -26.253778909703176 -6.4702 1.614076059652156 0
CAR 0.0 0 2.948041784381012 1351.7478850315827 214.2404522172205 1515.3747095698614 324.00715116490335 1.5 1.8998 4.0998 31.363052687425537 -28.35300774951538 -6.555 1.562018017330398 0
CAR 0.0 0 2.9833017188993423 1788.8204124243264 316.71938429634815 2126.944276792775 489.2718460301956 1.5 2.037 4.3995 21.770870142939785 -33.453410141413684 -6.4402 1.6146851398907596 0
CAR 0.0 0 -0.9946364280598919 341.1895121444078 412.182183861012 548.9871018685425 525.5581749321819 1.5999 1.899 4.0996 15.655487761111086 31.511334419917645 -7.4486 -1.757453444740866 0
CAR 0.0 0 -1.0351744230766244 275.9015190267148 375.8206793356462 462.52490220049975 466.74371705542944 1.5 1.899 4.0996 16.818861879277527 37.49171227183187 -7.4503 -1.7574534447408667 0
CAR 0.0 0 2.909187824193981 1346.7758647333624 239.239463759512 1529.4623707624137 364.9712516134376 1.5 1.8998 4.0998 28.061345404023 -26.958383099562973 -6.4052 1.5445673833066762 0
CAR 0.0 0 3.0196853087824596 1608.1767864994085 203.12470913947388 1801.4467222687986 307.70473209857516 1.5 1.8998 4.0998 31.98058052560589 -35.46065900432398 -6.4191 1.5969143524866567 0
CAR 0.0 0 -1.2836557665905537 127.42275514233944 409.42515889829093 344.6649861871394 517.1529113613038 1.553 1.899 4.0996 12.808678414330394 36.33023521475426 -7.6325 -1.7574534447408667 0
CAR 0.0 0 -1.2296389572968232 179.10253680877804 456.6604759239958 429.3363791821749 596.056916288924 1.6483 1.8736 4.0995 11.503271785716723 29.822247724337068 -7.5421 -1.7574534447408667 0
PEDESTRIAN 0.0 0 3.6585504673427147 963.3958310777373 98.93445612840367 990.4311279946027 158.77822296351192 1.7024 0.7548 0.7211 46.19598493127749 -19.325444483084702 -5.7738 2.2187577093109483 0
CAR 0.0 0 -1.5963052292380957 1728.2274878894466 242.44069257368443 1909.2448399915552 417.60177154223993 4.083 2.9959 5.8323 46.96638257337739 8.00672405984098 -4.9879 -2.9908413064371224 0
PEDESTRIAN 0.0 0 -2.0215831479449444 1284.143754276308 710.0376957658234 1440.1748832605324 950.3356621949039 1.8354 0.7406 1.0616 10.993926841097794 -18.81872991824182 -6.551 -3.04477252578078 0
CAR 0.0 0 -1.3898165120571577 57.99616855424461 339.8636767335406 231.22328244805186 414.2322145325117 1.4996 1.899 4.0996 15.26824495810813 48.99281660614823 -7.6 -1.7574534447408667 0
CAR 0.0 0 1.6526012111946724 475.71357078126306 -8.049102959758473 522.1401357846044 22.91204415900589 1.4964 1.9028 4.1049 97.13752859405635 6.183720725734746 -6.0111 0.09618390726240347 0
CAR 0.0 0 -1.5889115147630464 1718.320603105917 223.61344114537616 1908.2096985488195 398.00223986778934 4.1526 3.0019 10.9977 52.15645949389622 8.782912388961615 -4.9096 -2.994543022300242 0
CAR 0.0 0 5.008989001485452 1226.6849998295513 -436.4935395415439 1322.1582300680134 -356.9164825534841 1.4984 1.8986 4.0987 -53.33309355593237 2.429507930679955 -8.2432 3.1370140388056007 0
CAR 0.0 0 1.3170287594387249 332.5145370807028 102.00168797182856 431.8121929263663 168.19517470088763 1.5 1.9032 4.1049 50.679709544743474 0.7512097374512823 -6.6873 0.0827779746539169 0
PEDESTRIAN 0.0 0 0.7375059903346102 1021.6804719116755 247.44255638839684 1045.1560966072468 288.66017249848517 1.7 0.6991 0.791 49.97576304712288 39.657727565763935 -6.1958 -0.5796320570379399 0
