CAR 0.0 0 2.7367815388503063 1328.1472942494909 190.06070076518375 1534.8389826746914 312.4944023930176 1.7194 1.8964 4.5202 24.909229236766084 -22.580212641200276 -6.5435 1.3382817434541792 0
PEDESTRIAN 0.0 0 2.8839269186300847 645.0820247604981 138.1752215527935 679.7771800076785 206.421713223622 1.7 0.6968 0.7192 38.90495716199863 -7.0601933869776 -6.5112 1.567098590132319 0
CAR 0.0 0 4.3478153539644815 1703.3854038698482 257.4866130810637 1837.1296810818974 380.5886844505368 3.487 2.935 2.072 53.293828018526334 6.836579534501816 -5.9211 2.954589946740443 0
CAR 0.0 0 2.706510399038332 1285.1555465380384 232.93217471306903 1496.6524201989498 360.8793391699055 1.504 1.9011 4.104 22.183544277934285 -19.23944851310722 -6.6643 1.3445949556756323 0
CAR 0.0 0 -1.457878296046048 229.0258808254782 450.88478392121164 453.0794505689175 584.019285638933 1.5003 1.9029 4.0972 22.091813757762324 38.43485889092282 -8.2755 -2.04660312373549 0
CAR 0.0 0 -1.2902030022871096 384.15727220797896 413.69848323260106 567.0632119429165 525.5891288074387 1.4969 1.8793 4.0996 26.265516955478365 38.453003203094084 -8.2924 -2.086445960933754 0
CAR 0.0 0 2.7205185811538435 1489.21999836885 237.96754896498436 1765.8985434126364 385.43036163606115 1.498 1.8978 4.2058 17.992582929141065 -21.16629997468847 -6.0071 1.33729912391633 0
PEDESTRIAN 0.0 0 1.3232623282546305 631.9854273437328 140.75314587774545 667.2978293899132 209.9159393653473 1.7 0.6974 0.7026 38.43874515335203 -6.616681058873745 -6.4943 0.015570256983676761 0
CAR 0.0 0 1.298542535943604 1828.6612633334407 228.1105692226974 1885.3371073760475 261.30608080586404 1.5054 1.9306 4.096 101.7538317282512 -6.0150074927118276 -7.1517 -0.1413752958255169 0
CAR 0.0 0 1.273265810861172 386.685904722856 14.827587020820072 463.923349530614 111.70749103478688 3.5570000000000004 2.5127999999999995 3.866599999999999 67.06905967239233 -1.6265312453015133 -6.322 -0.15310454807750867 0
CAR 0.0 0 1.227455777759959 356.1413992376412 21.037346370050372 456.2961709870268 141.07994162053177 3.5054 2.9277 8.5474 60.97200690680615 -0.6786893950641852 -6.2739 -0.15416031035739658 0
CAR 0.0 0 4.3227713424028344 1704.0929074751336 333.02005717694595 1809.29654362846 414.56603856968746 1.5032 1.8996 4.0986 47.458247127862315 7.9423173856076055 -6.7781 2.961074677280605 0
CAR 0.0 0 4.3606573863318285 1701.9986976623109 219.69737689090056 1853.9588845206463 365.9433756541798 4.117 3.002 6.0508 57.35454505113233 6.157458296220079 -5.4223 2.951256435673922 0
