CAR 0.0 0 2.7228118138783257 1325.9969067461036 190.03289615932792 1532.41851915794 312.4774551228847 1.7194 1.8964 4.5202 24.9272543588709 -22.52746282280485 -6.5435 1.324567071711267 0
PEDESTRIAN 0.0 0 3.516508168472904 650.2587913364666 137.49897195844613 685.0293087679194 205.61749308269253 1.7 0.7048 0.7016 38.87666993685756 -7.205506783211705 -6.4929 2.196745170638943 0
CAR 0.0 0 4.412941566211661 1674.029142563014 365.8905154404012 1912.6125347036073 592.7352687250077 3.487 2.935 2.072 30.486759681992506 10.136537477514105 -5.9211 3.1015681036049427 0
CAR 0.0 0 2.6689737309349653 1281.694333515762 232.3448909419854 1492.345243152316 359.9905484101185 1.504 1.9011 4.104 22.257055503771703 -19.196999106485112 -6.6643 1.3071218474788941 0
CAR 0.0 0 -1.489898466246626 220.9032968698282 452.23861438259854 446.8086347411673 586.183113012653 1.5003 1.9029 4.0972 21.937062813646897 38.47790371722543 -8.2755 -2.067370310837955 0
CAR 0.0 0 -1.2642399005730809 390.8604674964024 413.41417253621023 572.8352106101175 525.1034775915736 1.4969 1.8793 4.0996 26.3595394251736 38.342596707342636 -8.2924 -2.067370310837955 0
CAR 0.0 0 2.689769534728603 1486.384812615117 238.26694579502174 1762.9911122545814 385.9744771688561 1.498 1.8978 4.2058 17.987814894402604 -21.088768973478494 -6.0071 1.307121847478894 0
PEDESTRIAN 0.0 0 1.3405920949691885 634.7999160763524 141.15362927249723 670.1197451971839 210.41024830760662 1.7 0.6974 0.7026 38.35194188445134 -6.680168295773628 -6.4943 0.032453203031635944 0
CAR 0.0 0 -2.5085780699187397 -90.63459530491058 362.0403628661193 168.5759333858817 590.1251015334597 1.5032 1.8996 4.0986 20.64201744496956 4.73904088739445 -6.7781 -2.617898302856984 0
CAR 0.0 0 4.443195567271581 1654.2117327699355 287.5250781903224 1909.9575482595233 555.3110984750629 4.117 3.002 6.0508 34.25914007071861 9.981011575538911 -5.4223 3.100198085317397 0
CAR 0.0 0 2.773068392200972 1850.4455769037968 218.0517802012677 2163.202626859312 354.44217309457844 1.4956 1.9016 4.1016 16.17799631883295 -29.08089180515316 -5.6954 1.342639863092329 0
CAR 0.0 0 2.2653314602504815 721.5733492506831 283.0252953547524 871.4926639716057 403.43504747234056 2.6032 2.3432 5.4312 37.94794977969508 35.80524662984562 -6.8554 1.0971069482395255 0
CAR 0.0 0 4.3671390663542855 1707.0144576641244 317.0038568589176 1805.803528686215 391.8529515217478 1.5026 1.8998 4.0992 50.571722416449376 7.494070682113216 -6.6842 2.994956601495209 0
CAR 0.0 0 4.368015325907825 1710.8245215059073 289.13450525075683 1796.6040036051563 351.68033345971276 1.5026 1.8998 4.0992 58.085385894835056 6.452753325643759 -6.6114 2.977527194182836 0
CAR 0.0 0 1.781874598570531 1347.6282185913233 510.6590290677157 1487.3762120272027 690.5289765621759 1.4975 1.8986 4.1084 24.77846206112546 16.334217052848885 -7.3344 0.6079993189106837 0
CAR 0.0 0 4.370886707730594 1729.641989753664 260.8172006345503 1801.3069084921867 310.05467237639715 1.5026 1.9046 4.099 70.7986 4.0528 -6.7036 2.9600977287534684 0
