CAR 0.0 0 2.925131751588763 1433.83647376289 323.67280657273176 1710.8709242155412 515.4790547648927 1.551 1.9022 4.6956 21.412951794573534 -26.25404349535996 -6.4702 1.6140760596521555 0
PEDESTRIAN 0.0 0 0.7171571327645327 955.7436902655293 250.8911208746726 979.410542027569 293.3404334936505 1.7 0.699 0.791 46.6008 40.8542 -6.2141 -0.5796320570379399 0
CAR 0.0 0 2.9480264664439444 1351.7920786082886 214.2671400578123 1515.4406515647634 324.0467146676801 1.5 1.8998 4.0998 31.36 -28.353 -6.555 1.562018017330398 0
CAR 0.0 0 2.9822069532250115 1789.86927180146 318.2349964217026 2129.711440066098 491.7694431106123 1.5 2.037 4.3995 21.673362008377868 -33.40589427106223 -6.4402 1.6143805533885185 0
CAR 0.0 0 -0.9952978556114781 340.5273499652817 412.12646038971684 548.3428355990302 525.4772686735571 1.5999 1.899 4.0996 15.648185494863291 31.528209389947047 -7.4486 -1.7574534447408667 0
CAR 0.0 0 -1.0338269316274378 276.8734219816404 375.73065978513597 463.36405686949115 466.6067293831142 1.5 1.899 4.0996 16.84208725683304 37.48700453114555 -7.4503 -1.7574534447408667 0
CAR 0.0 0 2.9092659744691582 1346.5591966707339 239.1003050509519 1529.1265940830535 364.7593662775704 1.5 1.8998 4.0998 28.074699631819477 -26.9582941469383 -6.4052 1.544567383306676 0
CAR 0.0 0 3.0196839594356675 1607.1038794611368 202.97972725991525 1800.1337094270546 307.4972190762768 1.5 1.8998 4.0998 31.99841033423437 -35.441374626007 -6.4191 1.5969143524866567 0
CAR 0.0 0 -1.2843747095687372 127.08034707648473 409.74441355692665 344.57366968062416 517.6330018611811 1.553 1.899 4.0996 12.789229106419956 36.2956324161014 -7.6325 -1.7574534447408667 0
CAR 0.0 0 4.938892921223457 1125.8915484246838 -327.1123240109134 1177.337887060678 -283.94758466948787 1.5024 1.8984 4.0979 -86.8301 5.8762 -9.4133 3.109020331350383 0
CAR 0.0 0 -1.226886731906058 181.08283849521024 456.5601200922325 431.0577912088785 595.8863239517374 1.6483 1.8736 4.0995 11.533143555297372 29.80342976510024 -7.5421 -1.757453444740867 0
PEDESTRIAN 0.0 0 3.675067598371977 1043.1104457078668 92.91729719335153 1071.6462003408583 150.5225753537974 1.7024 0.7548 0.7211 47.81054278547377 -22.258394995050345 -5.7738 2.2187577093109483 0
CAR 0.0 0 -1.6136350631867364 1729.167480863515 242.417062156529 1910.103083795373 417.51480793938066 4.083 2.9959 5.8323 46.999291035066655 7.988099040670519 -4.9879 -3.0082839819789715 0
PEDESTRIAN 0.0 0 -1.9411993174040696 1156.295056286961 517.9535041880075 1258.1735372884825 700.1197302731493 1.8354 0.7406 1.0616 15.210251132492143 -18.545988719216222 -6.551 -3.045077297963178 0
CAR 0.0 0 -1.3914349260109904 56.935199499758006 336.6584723628561 227.95962044837535 409.7005526621642 1.4996 1.899 4.0996 15.45897768773994 49.70555346556123 -7.6 -1.7574534447408667 0
CAR 0.0 0 1.5342607788643177 444.68143319582236 40.48632366385182 514.7599596988216 88.90964624574382 1.4964 1.9028 4.1049 65.26906681391016 0.52880523010741 -6.0111 0.09618390726240349 0
CAR 0.0 0 -1.1545244180705525 1877.3170580953476 -956.0582521753415 2288.625068076302 -663.3795769404697 1.4984 1.8986 4.0987 -22.4323 4.175 -8.08 -3.0938034295093066 0
CAR 0.0 0 -1.6061857259766497 1721.0486516751066 223.69470251117238 1910.7370653009302 398.1879433240283 4.1526 3.0019 10.9977 52.1879 8.7123 -4.9096 -3.011985697842091 0
