CAR 0.0 0 2.9354002908765375 1430.6272141842683 323.4704305435143 1706.7757824331636 515.1686353016236 1.551 1.9022 4.6956 21.42724356330713 -26.198612699894696 -6.4702 1.624770918866233 0
CAR 0.0 0 2.9635835891001774 1353.129372166984 213.80769486410364 1516.6810999355553 323.34810376344666 1.5 1.8998 4.0998 31.412319581527598 -28.40766056310736 -6.555 1.5770240091038403 0
CAR 0.0 0 2.997361256962979 1790.9776190202692 317.6929262636239 2130.492842149782 490.8599467917477 1.5 2.037 4.3995 21.70727841110037 -33.45241108043155 -6.4402 1.6290845723854457 0
CAR 0.0 0 -1.043416172474269 344.7844642152061 411.78812197720055 552.0184358466246 524.937038143594 1.5999 1.899 4.0996 15.732789872045931 31.496237680789193 -7.4486 -1.8104714429084878 0
CAR 0.0 0 -1.0875578472355991 276.3971545646646 375.839608345061 462.99671279055093 466.7687812472126 1.5 1.899 4.0996 16.826515655152136 37.47987947749695 -7.4503 -1.8104606373881729 0
CAR 0.0 0 2.923856873575485 1342.7830626492232 238.89941428588597 1524.6615051079302 364.4847097719731 1.5 1.8998 4.0998 28.095029447284578 -26.876971249718277 -6.4052 1.5595760351837658 0
CAR 0.0 0 3.017349301017521 1608.8600009620418 203.08936314174306 1802.1883813624306 307.64618995051205 1.5 1.8998 4.0998 31.984869086264666 -35.481822607945176 -6.4191 1.5944905815285024 0
CAR 0.0 0 -1.3179656848623726 128.4492622764001 409.66546072295455 345.77581416447185 517.5070413088168 1.553 1.899 4.0996 12.814383223764821 36.282981433172644 -7.6325 -1.7933414657269229 0
CAR 0.0 0 -1.25977336418807 182.9777335017574 455.8199999817363 432.2528245101061 594.709362060411 1.6483 1.8736 4.0995 11.58436880111263 29.844570026559424 -7.5421 -1.7933253174713948 0
CAR 0.0 0 0.033757914834136704 223.5967715359436 127.58741652762296 558.5039562928348 479.3413681201976 4.083 2.9959 5.8323 23.82857658649867 -7.523114568647596 -4.9879 -0.9250006920898913 0
CAR 0.0 0 -1.4141404268543474 55.13959186180736 341.5668196559937 229.76334270208022 416.6613906246588 1.4996 1.899 4.0996 15.098312380813327 48.6919668699012 -7.6 -1.7749669233050611 0
CAR 0.0 0 -1.677053384912149 1510.53930966503 315.0076347285737 1621.5820904489497 388.0847655519617 1.4954 1.9024 4.0993 43.962645334875226 14.202406470409507 -6.0972 -3.0279752999934297 0
CAR 0.0 0 -1.858522972129071 -389.796634493326 93.3376770059216 286.1360350795029 545.6731356301501 4.1525 3.0019 10.9977 24.340697598415524 -1.448849380467335 -4.8941 -1.8523694886674655 0
PEDESTRIAN 0.0 0 2.8544071196301344 616.2713739199108 126.18537790716839 649.9687621297625 195.11593507750692 1.7322 0.6996 0.7164 41.32537347314602 -8.861299098302824 -5.9497 1.5316807742695877 0
CAR 0.0 0 3.0314638158465854 2126.581224966535 264.8727902931652 2646.8506091311783 481.6093281034831 1.9996 2.198 5.9958 22.236618451547304 -41.78071634955397 -6.0941 1.6143678534163548 0
CAR 0.0 0 -1.6245161423015868 1775.4607188042805 269.39414704268785 1890.6515857295974 354.55083338272186 2.008 2.2032 5.9814 54.75686029791168 8.566381476886278 -5.3721 -3.0279752999934297 0
CAR 0.0 0 3.037486083499247 2060.2844456510425 260.1137483967236 2363.027611780286 389.7945741142257 1.4978 1.9028 4.0956 26.018278272607727 -42.79961010309899 -6.4348 1.6119305876840413 0
CAR 0.0 0 -1.6779988982892755 1629.990545301023 340.2005320628819 1743.9221229090576 420.7981965254933 1.5018 1.9004 4.0996 43.44627622821968 10.576084703725494 -6.4196 -3.0279752999934297 0
