CAR 0.0 0 2.7164067373163068 1772.4988260452242 301.0699561731395 2169.587477930998 486.6450655550855 1.5023 1.898 4.937 13.859260098028082 -24.792496596338623 -6.5925 1.3410568121408173 0
CAR 0.0 0 2.65290594490245 1310.867991941737 235.02492224112962 1524.992929602513 363.4441872764483 1.5177 1.898 4.0963 22.002176717699538 -19.81521993117769 -6.7131 1.2886889732761382 0
CAR 0.0 0 2.659200658413172 1405.4343886191848 310.64501177704057 1741.1511539666233 508.9705622364041 1.5541 1.898 4.9169 15.743021763698325 -17.688047265662394 -6.7043 1.3410568121408173 0
CAR 0.0 0 -1.476428428569756 219.0604859008006 439.99996963247924 442.8592896173993 577.1775700690932 1.6474 1.9008 4.0966 22.273296171577126 38.900812450682814 -8.1942 -2.059644171057918 0
CAR 0.0 0 2.714428306811156 1588.542766118161 198.39998183070077 1812.1024651927764 301.7689244658452 1.396 1.8974 4.3588 23.239222863867827 -29.48831598786999 -6.6116 1.2886889732761388 0
CAR 0.0 0 -1.2676790310769281 364.88056786197575 397.54466342508374 547.3387689584761 511.4780315545765 1.6474 1.9008 4.0966 26.695535430590326 39.43042623073967 -8.1431 -2.0596441710579176 0
CAR 0.0 0 -3.3145656010327014 -545.4600750243843 95.52816247414053 49.660869615620676 532.3131345217685 4.11 3.0032 11.0896 27.61934098401528 8.751220087030019 -5.5143 -2.713993921904125 0
CAR 0.0 0 4.317166622672917 1671.0386680315232 322.4737877160642 1804.1422375247619 445.22129127363314 1.9994999999999994 2.0167 6.000200000000007 42.98554581178899 9.245671489420948 -6.3098 2.9624863797598247 0
CAR 0.0 0 -1.9476637622347608 -231.57618855332612 168.6707666523157 208.0842228922397 573.1223472627762 3.9074 3.0032 5.6574 22.28036099741835 4.971908931255539 -5.6171 -2.0101390656038722 0
PEDESTRIAN 0.0 0 2.770529128183515 622.4446904596967 132.30046423451174 658.4603536151111 201.1395585736178 1.7 0.6996 0.9374 39.631701099336205 -6.565251449019762 -6.4566 1.4538021921240931 0
CAR 0.0 0 4.375100837317492 1714.3115080556915 242.1299907673472 1811.9069604247463 322.80288776062605 2.3536 2.2034 4.7012 62.426804858458866 5.6873826482085725 -5.6925 2.9624863797598247 0
CAR 0.0 0 4.314425213394262 1704.031752424222 300.6117542832344 1800.294528522819 372.09629834391666 1.497 1.9045 4.1242 51.85183056214986 7.499238951903572 -6.3153 2.9327921430770307 0
CAR 0.0 0 4.38631410480853 1724.6216266595561 255.077743412153 1792.731382081582 301.8199011391929 1.4966 1.8962 4.1044 73.5804 3.8965999999999994 -6.7089 2.9722800107190577 0
