CAR 0.0 0 2.716341218331811 1773.0489917438983 301.2752231293753 2170.4954638998706 487.00395348797133 1.5023 1.898 4.937 13.845233739574262 -24.78955702051363 -6.5925 1.3410568121408173 0
CAR 0.0 0 2.652807333499243 1310.6204317759848 235.09952726130334 1524.7737126897807 363.56512995915017 1.5177 1.898 4.0963 21.997413357159022 -19.80502481688098 -6.7131 1.2886889732761384 0
CAR 0.0 0 2.659220804044171 1405.682071433508 310.67544556193917 1741.4768240052813 509.0216793134559 1.5541 1.898 4.9169 15.739948262624527 -17.691180939418416 -6.7043 1.3410568121408173 0
CAR 0.0 0 -1.484175647372752 213.3915239525707 440.54874128061834 438.2616691818149 578.0909265659574 1.6474 1.9008 4.0966 22.187191059386716 38.95837862604013 -8.1942 -2.059644171057918 0
CAR 0.0 0 2.714398782873933 1587.9306087912641 198.36153631551682 1811.395266762615 301.7164040918542 1.396 1.8974 4.3588 23.247765888447745 -29.475981726507577 -6.6116 1.2886889732761402 0
CAR 0.0 0 -1.2575709017454744 374.2993950602779 397.09920650815747 555.417122219219 510.7130697976811 1.6474 1.9008 4.0966 26.83659065963516 39.279171570429085 -8.1431 -2.059644171057918 0
CAR 0.0 0 4.321835670485243 1634.251837895182 252.6191810733007 1871.428054746956 503.2888281903213 4.11 3.0032 11.0896 41.04200282441925 9.666712134580022 -5.5143 2.9577297530668534 0
CAR 0.0 0 4.356726946658645 1707.6389956032262 272.9598433164452 1810.7483401251966 357.6423405301439 1.9994999999999994 2.0167 6.000200000000007 57.511392000721585 6.469466705124871 -6.3098 2.9624863797598247 0
CAR 0.0 0 2.125589117062038 423.52544762868916 254.25839410387067 533.616074881475 313.8118263516571 1.7 1.8454 4.0952 44.26342243346883 54.09692818960386 -7.2475 1.0882981071991429 0
CAR 0.0 0 4.315480947085852 1613.3627630231776 297.9831593347524 1845.677767785041 547.9906133815122 3.9074 3.0032 5.6574 34.38641556063185 10.889695139887465 -5.6171 2.9806550537520806 0
PEDESTRIAN 0.0 0 2.7711516511867065 622.6556792667277 131.97193754981402 658.6178042640356 200.71031056539007 1.7 0.6996 0.9374 39.69068859968852 -6.580547741288526 -6.4566 1.4538021921240931 0
CAR 0.0 0 4.394257648312093 1727.41912465613 216.79378983922138 1805.9560825697292 279.2511320140176 2.3536 2.2034 4.7012 77.94121001654692 3.11219690460182 -5.6925 2.9624863797598247 0
CAR 0.0 0 4.348613652973534 1731.577124334716 252.16554577842845 1804.2526734078983 301.2837869093083 1.497 1.9045 4.1242 70.2502 4.1327 -6.271 2.9327921430770307 0
