CAR 0.0 0 2.7163308845477463 1773.5823818172512 301.3871651665465 2171.2641346001005 487.19608677854006 1.5023 1.898 4.937 13.836187005811063 -24.79245612606429 -6.5925 1.3410568121408173 0
CAR 0.0 0 2.670186775436269 1309.8400175516597 235.04563891158887 1523.8619288800107 363.4891191356908 1.5177 1.898 4.0963 22.00715037311515 -19.790747871552092 -6.7131 1.3061449141683195 0
CAR 0.0 0 2.659270955502378 1405.2896686624924 310.5176062897324 1740.8470467758661 508.74245642021475 1.5541 1.898 4.9169 15.750803992568478 -17.69112023733477 -6.7043 1.3410568121408173 0
CAR 0.0 0 -1.4959100877049643 217.53770820726132 440.08064404443826 441.5838613802928 577.3188966046354 1.6474 1.9008 4.0966 22.254315717791407 38.921353231110004 -8.1942 -2.0770974635778616 0
CAR 0.0 0 2.71458457900799 1589.8927397374944 198.3517487834668 1813.5401826922848 301.67986034809616 1.396 1.8974 4.3588 23.234255159439435 -29.529774028584985 -6.6116 1.2886889732761406 0
CAR 0.0 0 -1.2809974315248172 369.17033384895836 397.8074431321288 551.27784324209 511.8334948069232 1.6474 1.9008 4.0966 26.719736633909825 39.321300896402455 -8.1431 -2.077097463577861 0
CAR 0.0 0 4.350249230850039 1665.064570382195 228.9075465565755 1860.8379298702284 420.75912439317074 4.11 3.0032 11.0896 50.64137962098757 7.8628948651828905 -5.5143 2.9577297530668534 0
PEDESTRIAN 0.0 0 2.7908452077166683 625.4762086788675 119.10954116622861 661.4683956849217 188.13873794774773 1.7 0.6968 0.9282 39.60512433667789 -6.683135248047626 -6.1004 1.4538021921240931 0
CAR 0.0 0 4.339187795780937 1465.7311873104734 326.06952895332284 1536.8581229496508 399.42385140900353 1.5021 1.9038 4.0982 48.782281279860854 15.075281234574343 -7.3727 3.0046951467276104 0
CAR 0.0 0 4.3719204597953105 1721.0839713075864 253.06852120600215 1811.7614609719658 324.2378467451951 1.9994999999999994 2.0167 6.000200000000007 66.17176734607362 4.865362494933297 -6.3098 2.9624863797598247 0
CAR 0.0 0 2.1914197722388034 1027.976421937226 380.6489287941948 1150.088228493647 496.4603225688256 1.7 1.8454 4.0952 32.2821882926421 24.563298515009382 -7.2475 1.0010316445994267 0
CAR 0.0 0 4.354174403498456 1655.04034352711 260.3969039656118 1841.2159202714192 447.84090974291365 3.9074 3.0032 5.6574 43.99710044083929 9.063014476685682 -5.6171 2.9806550537520806 0
CAR 0.0 0 2.6753507240101673 1282.0569988507416 202.96836768289685 1469.434465588581 312.9448199349842 1.4974 1.9028 4.1016 25.240259512678907 -21.28035745837583 -6.6995 1.2886889732761388 0
PEDESTRIAN 0.0 0 0.3931040134539051 1143.9846760788014 240.7159454541054 1162.9768201754193 277.85930709188756 1.7 0.7004 0.7048 68.8301 31.9282 -7.3048 -0.9566709088421345 0
