CAR 0.0 0 2.934403408467992 1432.6812117158233 323.6605342022781 1709.445454598264 515.471455732016 1.551 1.9022 4.6956 21.41437628990858 -26.23246477443641 -6.4702 1.623546125928737 0
CAR 0.0 0 2.9399166842067626 1354.4135603810998 214.8769593050963 1518.773385323248 324.9373873672805 1.5 1.8998 4.0998 31.290136866884986 -28.394569947091128 -6.555 1.5540367973984677 0
CAR 0.0 0 2.9736758902644356 1791.5514674197966 319.46259349851056 2132.9509818474316 493.7856244979638 1.5 2.037 4.3995 21.59441593611443 -33.384187528279064 -6.4402 1.6063940518724338 0
CAR 0.0 0 -1.0522209811015895 340.5184724563321 412.11614502846476 548.3277844837215 525.4616177684132 1.5999 1.899 4.0996 15.648603149104641 31.529487675016355 -7.4486 -1.814376792617349 0
CAR 0.0 0 -1.091869930992035 276.69614711889744 375.96589697552145 463.35906316611755 466.95209153233134 1.5 1.899 4.0996 16.823715385245222 37.45604431493017 -7.4503 -1.815035752896246 0
CAR 0.0 0 2.9181943691427517 1344.5506523034855 239.01250383020167 1526.7633803893887 364.642548055657 1.5 1.8998 4.0998 28.08369017373883 -26.9143644683477 -6.4052 1.55373295563943 0
CAR 0.0 0 2.9941422096920784 1606.3874449876669 203.050056257066 1799.380548372765 307.6082861599612 1.5 1.8998 4.0998 31.989833506132882 -35.416873216528586 -6.4191 1.5714874523490754 0
CAR 0.0 0 -1.3340513108105305 131.91896321696564 409.85520455714374 349.09522894259857 517.7717491113976 1.553 1.899 4.0996 12.860996808799902 36.2018309976818 -7.6325 -1.8150357528962455 0
CAR 0.0 0 -1.2475385938589487 182.01725436443823 456.3762254934989 431.77418401826304 595.5908809670175 1.6483 1.8736 4.0995 11.55202846759736 29.807070866019803 -7.5421 -1.7794770025999547 0
CAR 0.0 0 -1.4377094753577226 62.48170179649469 341.1140891140722 236.29886467512264 415.98283254304243 1.4996 1.899 4.0996 15.279343605547528 48.63568289648264 -7.6 -1.8150357528962455 0
CAR 0.0 0 -1.5807445326219647 1510.0519572577912 315.16307472001773 1621.2031840144816 388.31956852231957 1.4954 1.9024 4.0993 43.91507997232036 14.201666321296688 -6.0972 -2.931490519625712 0
CAR 0.0 0 1.600780834819353 350.5090477495203 -5.2223813669315415 536.1365396790792 164.96872679354234 4.1525 3.0019 10.9977 52.0360377845495 -1.602060758727541 -4.8941 0.191592840779379 0
CAR 0.0 0 3.0181945901736453 2080.1582995367626 268.01808072710764 2594.57616681663 488.60033329061923 1.9996 2.198 5.9958 22.013316001464304 -40.53365773703829 -6.0941 1.6063940518724342 0
CAR 0.0 0 -1.6265301727033796 1706.2433620705658 373.9004796447722 1912.6930645566763 554.5277908284672 2.008 2.2032 5.9814 29.952016702419392 5.6682013795663995 -5.3721 -2.9503235316838445 0
CAR 0.0 0 -1.617337895999529 1616.3615656991233 338.9877770648933 1730.215631546504 419.0687643756799 1.5018 1.9004 4.0996 43.40144221147204 10.93557869976092 -6.4196 -2.9663937196666668 0
CAR 0.0 0 -1.1496470154753153 260.47157962546015 452.2410634861107 664.7620584509084 998.273193103437 2.3712 2.209 6.002 13.344317418891054 -10.899517098967108 -6.1021 -1.7636432106374789 0
CAR 0.0 0 -2.923740342024942 -547.3732633487193 403.0607148642985 -85.19823498942684 656.1444678939636 1.4988 1.8988 4.4506 18.973693222416394 0.5370614770188085 -6.6137 -2.4050891897269047 0
PEDESTRIAN 0.0 0 2.7842402409867737 616.2029359408107 128.5043103458565 649.8464334549274 195.99231617353007 1.7 0.7049 0.6977 41.3725 -8.848 -6.0007 1.463938363012554 0
CAR 0.0 0 3.010605867080997 1855.027272789396 268.478889461126 2138.402811469123 405.9961846083332 1.496 1.899 4.1016 25.171833913955055 -37.17922343161647 -6.3787 1.6063940518724338 0
CAR 0.0 0 -1.6409200522409741 1744.996432932385 355.54838212860403 1863.666553708667 445.4995413180919 1.5312 1.8982 4.1041 42.269406559027495 7.40837878067466 -6.3594 -2.9944315449492405 0
CAR 0.0 0 1.9845280413603943 918.4578634679162 -412.31428202306006 977.979686505031 -342.1505372713708 1.496 1.899 4.1016 -60.00381445265681 -8.393498212145426 -8.3294 0.03565157389656074 0
CAR 0.0 0 -1.6541821335969402 1773.1702498054929 314.6909564571172 1871.8098775375327 384.61620969895097 1.4975 1.9044 4.1025 51.31533156212545 8.253566869756291 -6.2146 -3.036202102157174 0
