CAR 0.0 0 2.724565122549726 1777.1479999037722 301.23869811740263 2175.250721521834 486.8750819201139 1.5023 1.898 4.937 13.822472584034848 -24.87108083250006 -6.5925 1.3488135988365393 0
CAR 0.0 0 2.6565645722012268 1319.4229016761817 234.99867922005845 1534.5156456337568 363.3014818272001 1.5177 1.898 4.0963 21.948218506664414 -20.010025903517032 -6.7131 1.291018124955925 0
CAR 0.0 0 2.6558916501343384 1405.307406595911 311.7292925006756 1742.1269698106562 510.934581223798 1.5541 1.898 4.9169 15.684722478203156 -17.63738741370345 -6.7043 1.3385813619489222 0
CAR 0.0 0 -1.4729508293149467 209.66439910106635 441.01856909472946 435.3061488914511 578.8616544327032 1.6474 1.9008 4.0966 22.12399149761659 38.987826664670884 -8.1942 -2.043220920331697 0
CAR 0.0 0 2.7208814365593668 1589.3559143525088 198.8288136504907 1813.3880400028618 302.4206895153459 1.396 1.8974 4.3588 23.188555261340877 -29.464272456741693 -6.6116 1.2953621165572884 0
CAR 0.0 0 -1.3035383904314952 349.9351850355137 399.17613968514894 535.05090391295 514.0916783610462 1.6474 1.9008 4.0966 26.39498864376868 39.588335942484775 -8.1431 -2.078132818304195 0
CAR 0.0 0 -1.1293672769704624 -24.176932853276433 98.5276480061813 333.1524359449713 521.9234806406827 4.11 3.0032 11.0896 26.00598553968523 3.1233348822751648 -5.5143 -1.7262671124315718 0
CAR 0.0 0 0.4836022879207895 431.6352272851736 117.3796468260345 656.9239447650757 408.1633916011433 3.9074 3.0032 5.6574 26.309296375640383 -2.5054755611873842 -5.6171 -0.652183752634675 0
PEDESTRIAN 0.0 0 2.7720941559669887 628.1909038127818 132.67762429667994 664.1910436298703 201.5865816157054 1.7 0.6996 0.9374 39.52555352033269 -6.711441131066124 -6.4566 1.4538021921240931 0
CAR 0.0 0 4.359579420198252 1707.7096569694652 264.95139299965354 1823.2075095588125 363.1394294709828 2.3536 2.2034 4.7012 52.92622681204912 7.104980176285081 -5.6925 2.9639173527315954 0
CAR 0.0 0 4.362574071470943 1721.626884579842 277.96957747016893 1801.0604124682393 334.3005107555789 1.4966 1.8962 4.1044 63.28903762522121 5.377195985060103 -6.7089 2.9635237234090614 0
CAR 0.0 0 2.7858091207417868 2088.3556875098 249.78890441439842 2631.8636312226517 465.09505737085544 1.9972 2.1978 5.9954 12.276216073283559 -32.62019503095886 -6.1821 1.3630240930533906 0
CAR 0.0 0 2.7839806053442517 1921.146422580224 250.9928757715516 2230.137146897278 385.9188425739493 1.4974 1.8977 4.0982 15.976057906612429 -31.480680355593037 -6.4838 1.3642834977290486 0
CAR 0.0 0 2.8286845748817915 2581.7729222517046 223.3729843201206 2945.9867058382943 341.9430881484717 1.4878 1.9007 4.1038 11.997726751246015 -48.97766161291081 -6.1085 1.3590267776864633 0
CAR 0.0 0 4.380240818852067 1730.7155481229836 250.0875599668686 1801.1146105023065 297.94522045785004 1.5128 1.9022 4.1024 72.2366 3.8809000000000005 -6.3587 2.9631082532858892 0
CAR 0.0 0 2.687199224596851 1324.4739431441567 202.50933608115528 1516.3870777186016 312.22329529740966 1.4974 1.8976 4.0982 24.8816 -22.2964 -6.6735 1.2944598052176606 0
