CAR 0.0 0 2.7231348445929124 1329.3214154007642 190.17099901343434 1536.2423047941827 312.6582957873664 1.7194 1.8964 4.5202 24.888838631751515 -22.601210470030214 -6.5435 1.3245750439438153 0
PEDESTRIAN 0.0 0 3.5152136541703904 649.0098131443211 138.04940340102317 683.6181151917647 206.2309146949102 1.7 0.6968 0.7192 38.901573463860174 -7.170384056087592 -6.5112 2.1967451706389425 0
CAR 0.0 0 4.372715690227592 1700.751613123655 257.0613903763334 1833.9098743389018 379.84737140318646 3.487 2.935 2.072 53.384924634530634 6.909205163548506 -5.9211 2.9794614585281236 0
CAR 0.0 0 2.706289207988502 1285.4059058619828 233.24795979576282 1497.1712763657708 361.37648592266777 1.504 1.9011 4.104 22.154609253226674 -19.226058885352725 -6.6643 1.3445949556756323 0
CAR 0.0 0 -1.4882420892063961 222.0039931638111 451.8730374020492 447.5506899800018 585.609201659875 1.5003 1.9029 4.0972 21.96891092108243 38.48526518053407 -8.2755 -2.067370310837955 0
CAR 0.0 0 -1.2673665204587647 387.5548187010331 413.3019879723609 569.8533245306865 524.9662681789795 1.4969 1.8793 4.0996 26.333587051619986 38.41725552102147 -8.2924 -2.067370310837955 0
CAR 0.0 0 2.707678376501783 1485.787687173247 237.5426889606243 1761.5835162527624 384.76233359105805 1.498 1.8978 4.2058 18.043857383380576 -21.12422176073733 -6.0071 1.3245750439438153 0
PEDESTRIAN 0.0 0 1.3401312289581127 632.5767398875086 140.9046434492366 667.9005256363038 210.10642234072387 1.7 0.6974 0.7026 38.40892792088297 -6.628132668880552 -6.4943 0.032453203031635944 0
CAR 0.0 0 1.3002082849439578 1809.8516965421397 185.87418616944456 1898.6325383442054 249.98093250482188 3.5054 2.9277 8.5474 114.09815389461114 -8.098332044934955 -6.2739 -0.1541603103573966 0
CAR 0.0 0 4.322886342871794 1704.2613303432083 332.87465145858795 1809.408258551323 414.34621629826506 1.5032 1.8996 4.0986 47.49324914122463 7.9332147661444985 -6.7781 2.961074677280605 0
CAR 0.0 0 4.386888640840817 1698.725167103167 219.98156109076834 1850.687485119389 366.81026116006245 4.117 3.002 6.0508 57.10745423876467 6.3018089198055245 -5.4223 2.9780836854013915 0
CAR 0.0 0 2.8271793995196504 2754.1457701523755 201.693669871645 3130.432835051648 315.00899765514407 1.4956 1.9016 4.1016 10.988251278309598 -54.101822089167165 -5.6954 1.3432498668291273 0
CAR 0.0 0 -0.44506939685044844 1610.313257146426 495.17966821599043 2393.059780116328 977.915330255912 1.8784 2.1996 5.9972 7.493187781194148 -14.877127029974766 -6.9284 -1.6673122362394595 0
