CAR 0.0 0 3.0037486503968633 1339.510906441194 198.73025798364148 1509.6839749505477 315.54491573090775 1.594 1.8966 4.5394 31.63588433134638 -28.18616754292114 -6.3337 1.6105393675152717 0
CAR 0.0 0 -1.1751304428053349 202.79666800070407 462.17565839692753 455.0597398639343 597.580410091667 1.5196 1.8976 4.1761 11.772117477941482 29.299603386776738 -7.5683 -1.7342843053404915 0
CAR 0.0 0 2.1824117161192533 1752.742544269404 -2437.455028182733 3136.612014564869 -904.2777693004343 2.6198 2.2122 6.0322 -12.45918916611262 -3.5398105994764473 -7.5887 0.03114003599830792 0
PEDESTRIAN 0.0 0 1.7370688687022213 634.3595215610627 137.9053098380319 671.0223118237672 207.20025507911942 1.7 0.7848 0.6973 40.12573973661824 -9.52831809338062 -6.0576 0.4242919206872831 0
CAR 0.0 0 -1.6427747891477256 1769.3332805822106 261.3422998299525 1906.7018226238356 388.7366779279344 3.4079 2.7742 1.8309 50.296970926471104 7.939032970730571 -5.2988 -3.0395974269518478 0
CAR 0.0 0 -1.8072353470067974 75.23113589841279 1.1517708499427468 307.4444319101365 142.56806505187043 3.5682 3.0012 10.9976 56.26004150052836 8.476437065199738 -5.2107 -3.052921796683383 0
CAR 0.0 0 -1.685569616107207 1767.6033521901293 343.1421026551068 1880.138026486169 426.79838457950706 1.5064 1.8966 4.1132 44.68186954628279 7.29583053355285 -6.2711 -3.0493759430220515 0
CAR 0.0 0 -0.9441055670031044 356.7396522362345 420.52438685487044 567.5832689617193 534.0507465663883 1.5195 1.8976 4.1014 15.51894371161497 30.513340274041592 -7.441 -1.7167858775405018 0
CAR 0.0 0 2.946211318893895 1315.1190209849144 241.48960127434518 1493.220834503464 367.6507795843029 1.4987 1.9049 4.0972 28.05132400244827 -26.220274419987767 -6.4483 1.5881233509515706 0
CAR 0.0 0 1.7353345807247695 443.9614883874462 -6.539405160836798 512.9464021355841 21.16713533196827 1.2972 3.2042 7.6122 111.74922704128191 10.735669292041095 -7.0427 0.17915388867624044 0
WHEELER 0.0 0 1.8621350829840846 592.9091126601596 86.84954438166702 624.1592809869668 140.7327663787382 1.7402 0.8236 1.4456 56.541347635611245 -6.0769685620589 -6.8021 0.47570316638641924 0
CAR 0.0 0 -1.3679339975664795 64.90024861104628 346.53318833610524 245.40048019993696 425.39992249059543 1.5196 1.8976 4.1284 14.844252297609515 46.93839563177953 -7.532 -1.7517376108074119 0
CAR 0.0 0 2.9934142987744945 1680.6464915393663 268.5232793774176 1942.1828729415745 410.95999326821345 1.5032 1.8952 4.1044 24.79459248431786 -32.934180154198785 -6.2698 1.6071949858009207 0
CAR 0.0 0 -1.8498092134876036 1379.5922736915686 516.5912938510835 1613.8054444501884 715.8551744600877 1.4994 1.9016 4.0998 19.687319191779565 8.151071006242733 -6.2208 -3.0342956707609017 0
CAR 0.0 0 -1.315652982385412 1133.639948204202 -312.21832175944047 1187.8553878917335 -268.09628236313034 1.5034 1.8968 4.0982 -82.64179152016108 5.507415284124821 -8.2669 -3.1311229896829524 0
CAR 0.0 0 4.991755711095872 1209.0607504610305 -415.4618267139416 1299.9573078067874 -339.93033743264385 1.5012 1.8966 4.1044 -54.76169048647082 2.202495342596639 -7.9189 3.129098419081561 0
CAR 0.0 0 4.9597394507710995 1272.1991077205346 -411.59839461986604 1363.4020380987863 -340.2328353022742 1.5064 1.8966 4.1132 -57.85971006936102 5.5763307778052775 -8.4218 3.1115694772907663 0
CAR 0.0 0 -1.5994330116717026 1691.719335757517 271.90773938808104 1777.3803295142457 330.6347761274361 1.6286 1.9033 4.096 59.41581040358365 12.400426279551727 -5.8659 -2.998848718283731 0
CAR 0.0 0 1.9999048218397089 927.924175046971 -427.0246198692371 994.2011645988416 -347.0904203256253 1.7 2.0361 3.853 -57.58871834744201 -8.146184331417947 -8.2722 0.04689157397375113 0
