CAR 0.0 0 2.723599951750632 1770.7325959689354 301.67728840522096 2168.2970571514816 487.7597520478409 1.5023 1.898 4.937 13.83819984397699 -24.7184103167268 -6.5925 1.3488135988365393 0
CAR 0.0 0 2.6567069864220176 1320.5398243356096 235.03243936161232 1535.7873377268702 363.34166568451315 1.5177 1.898 4.0963 21.93798725713184 -20.033155831197767 -6.7131 1.2910181249559232 0
CAR 0.0 0 2.6561169995413465 1405.6579708348938 311.5095357123596 1742.3149339089503 510.53119322383395 1.5541 1.898 4.9169 15.694662758312498 -17.653513557039606 -6.7043 1.3385813619489224 0
CAR 0.0 0 -1.4732025202478263 209.41288085876667 440.9049755266096 435.0188674848828 578.6871373968946 1.6474 1.9008 4.0966 22.128760912077453 39.000814911524984 -8.1942 -2.043220920331697 0
CAR 0.0 0 2.7214375465061176 1588.94551010751 198.40771620854522 1812.5516616999967 301.77643110309435 1.396 1.8974 4.3588 23.235433975877193 -29.498311010011246 -6.6116 1.2956667494353806 0
CAR 0.0 0 -1.303950726195373 349.8044093268287 399.4405606360453 535.0847988895881 514.4932446823792 1.6474 1.9008 4.0966 26.371344951372038 39.56797568289306 -8.1431 -2.078132818304195 0
CAR 0.0 0 1.4697689593418066 434.32536659893805 -31.365497198099238 517.4539389682725 68.366530856146 4.11 3.0032 11.0896 82.14538656422853 -4.78351501789299 -5.5143 -0.06777537488725155 0
CAR 0.0 0 -1.7052677515387944 382.98548494325803 497.4406120166922 792.7382742700755 1160.5606158768107 2.3536 2.2034 4.7012 9.355004227578108 -0.943468882088379 -5.6925 -2.32325163594942 0
CAR 0.0 0 2.785804571475065 2087.6583486735817 249.70654300157798 2630.8563060098377 464.94057014209295 1.9972 2.1978 5.9954 12.285452881907936 -32.61365732953107 -6.1821 1.3630240930533906 0
CAR 0.0 0 2.738450484925817 1517.878963684902 259.1587601131734 1787.0592659452109 404.26716939389746 1.4974 1.8977 4.0982 18.036592620613476 -22.054101154068423 -6.4838 1.3642834977290486 0
CAR 0.0 0 -3.1589977500098896 -344.92935644819823 326.57478373893736 -39.220714347817655 536.3175728136545 1.5036 1.8952 4.097 23.145531990465003 7.995337387061214 -6.6445 -2.7611797556125453 0
CAR 0.0 0 -0.31739657387337683 3073.6657410000453 360.14266794565043 4073.5535444976804 692.9808570104406 2.5368 2.1676 5.7104 2.446839644161953 -42.288979281028595 -6.6447 -1.7442764585323027 0
CAR 0.0 0 -1.8255481521664125 1656.513636504562 411.5796289743656 1802.6070165852125 542.8487219880001 1.5128 1.9018 4.1024 32.93275654113615 10.725277656924266 -6.5594 -3.1281193635318134 0
CAR 0.0 0 4.302939724381139 1479.9000409737205 320.91387757274777 1551.9018599695912 394.27020885735766 1.5022 1.9049 4.1038 48.74430115901195 14.672099941131876 -7.16 2.9631096288826786 0
PEDESTRIAN 0.0 0 2.6950056076213267 623.3234068104135 131.21460360092942 659.9363334225376 201.18900781081433 1.7526 0.7308 0.855 39.81178068118979 -6.628538880725517 -6.4758 1.3770898247823946 0
CAR 0.0 0 2.7482118715139903 1787.020117245076 253.5685373669491 2088.02454500483 393.3803106095019 1.4878 1.9007 4.104 16.461054310769544 -27.897563014257937 -6.404 1.3415734851665193 0
CAR 0.0 0 2.68788347733702 1329.910826201233 202.53883026252112 1522.4799660984604 312.2578405701593 1.4974 1.8976 4.0982 24.8295037918912 -22.423001077898004 -6.671 1.2944598052176606 0
CAR 0.0 0 -0.5189302622814072 1825.343856033642 527.9700262482717 2416.408453120485 868.056974796413 1.4954 1.7997 4.3148 7.186399999999999 -17.0477 -6.9882 -1.7740934128142287 0
