CAR 0.0 0 2.716186779260292 1774.8740942030713 301.85352471286836 2173.376978389176 488.0111705871767 1.5023 1.898 4.937 13.804141065010615 -24.78659177135363 -6.5925 1.3410568121408173 0
CAR 0.0 0 2.670479810070483 1312.2767113270252 235.14665628112417 1526.6574932755243 363.62008598142546 1.5177 1.898 4.0963 21.98250722357233 -19.839474471022967 -6.7131 1.3061449141683192 0
CAR 0.0 0 2.6592852193899885 1405.007754168786 310.43330068577825 1740.4248528654614 508.5944792540966 1.5541 1.898 4.9169 15.757018230624313 -17.68977456672676 -6.7043 1.3410568121408173 0
CAR 0.0 0 -1.478872153895417 217.23506957009891 440.11322373794815 441.34036216339257 577.3727645311163 1.6474 1.9008 4.0966 22.249508180111896 38.92418083888834 -8.1942 -2.059644171057918 0
CAR 0.0 0 2.696670790145478 1584.862724678134 198.34873982115136 1808.0156762036893 301.73026163370923 1.396 1.8974 4.3588 23.271811606055593 -29.394922009948743 -6.6116 1.2712330420857867 0
CAR 0.0 0 -1.2667648911299896 381.3620530692229 396.0179250676783 561.0623215391228 509.0112328491057 1.6474 1.9008 4.0966 27.007779925704682 39.22989073543393 -8.1431 -2.077097463577861 0
CAR 0.0 0 4.338688586216806 1653.3093713053895 238.89958607995007 1866.8159200363389 454.40750793607253 4.11 3.0032 11.0896 46.1904793832963 8.662843638484077 -5.5143 2.9577297530668534 0
CAR 0.0 0 4.338854403988955 1461.2352673939877 325.6079251137551 1532.1138858698193 398.7975003102528 1.5021 1.9038 4.0982 48.80671992108516 15.214400414257605 -7.3727 3.0046951467276104 0
CAR 0.0 0 4.3659962237341245 1715.7440169999854 260.8608741255323 1811.292865404461 337.21056402882107 1.9994999999999994 2.0167 6.000200000000007 62.502575402934255 5.5474377521521925 -6.3098 2.9624863797598247 0
CAR 0.0 0 2.2363248849675292 721.8833327829136 311.53911212509934 837.4750655663868 394.2559555899652 1.7 1.8454 4.0952 37.867707936962454 36.44310458132715 -7.2475 1.0882981071991429 0
CAR 0.0 0 4.338404316521895 1638.2046926028681 276.0106516958342 1843.6972793976156 488.56116617023736 3.9074 3.0032 5.6574 39.48074323641012 9.90816411468814 -5.6171 2.9806550537520806 0
PEDESTRIAN 0.0 0 2.7703864084629943 621.457790070729 132.1577180108252 657.4640427411821 200.96129208224838 1.7 0.6996 0.9374 39.66426876922501 -6.542361811283386 -6.4566 1.4538021921240931 0
