CAR 0.0 0 2.7243511398262337 1777.8329425754494 301.71174214937884 2176.6618718118134 487.7113677329629 1.5023 1.898 4.937 13.79372362754481 -24.852979462319972 -6.5925 1.3488135988365393 0
CAR 0.0 0 2.6567051201614564 1320.5362867709405 235.0340895296108 1535.784659550747 363.3443174392671 1.5177 1.898 4.0963 21.93786940786215 -20.03297267125621 -6.7131 1.2910181249559243 0
CAR 0.0 0 2.6561209027327983 1405.6436622885722 311.50099763019364 1742.2890624483496 510.51596565053217 1.5541 1.898 4.9169 15.695208210294744 -17.653634769432763 -6.7043 1.3385813619489222 0
CAR 0.0 0 -1.4712896841817398 210.92456561624866 441.0028109551364 436.3917666990257 578.8241220002724 1.6474 1.9008 4.0966 22.136437894710326 38.96705248874364 -8.1942 -2.043220920331697 0
CAR 0.0 0 2.7214209000678524 1589.6551029522348 198.52635758881706 1813.4393257898987 301.9514226781379 1.396 1.8974 4.3588 23.217814383451326 -29.504667070744155 -6.6116 1.2956667494353806 0
CAR 0.0 0 -1.3030916669052681 351.19830922112607 400.0425220764129 536.6557032405966 515.3911779504032 1.6474 1.9008 4.0966 26.3358596883243 39.48803913951528 -8.1431 -2.078132818304195 0
CAR 0.0 0 1.3845675122322412 409.43688692947364 -9.218767394535142 518.4819649040643 129.01810791750796 4.11 3.0032 11.0896 61.54117740370046 -2.985577617155819 -5.5143 -0.06777537488725156 0
CAR 0.0 0 -3.542510120937381 -542.4653917420741 228.83200549279059 -118.44860847040832 505.11551556798025 2.3536 2.2034 4.7012 23.767949345417783 9.287328498425632 -5.6925 -2.830531232258195 0
CAR 0.0 0 2.7857648013613936 2089.453324564676 250.011384540916 2633.6493204315443 465.52972633171066 1.9972 2.1978 5.9954 12.256285372886406 -32.62096511944291 -6.1821 1.3630240930533906 0
CAR 0.0 0 2.7376102773962363 1517.405772140741 260.26377443418227 1787.5409610050713 406.078807572627 1.4974 1.8977 4.0982 17.963836910860426 -21.972869667337033 -6.4838 1.3642834977290486 0
CAR 0.0 0 4.311030342051038 1668.548251343395 373.4988329656942 1793.0152103874952 479.18457163395465 1.5036 1.8952 4.097 38.607916044327794 9.892961930970207 -6.6445 2.9809770159290045 0
CAR 0.0 0 -0.573947260377285 1463.1063174173742 448.7251443158433 2181.543181790767 962.4263605599369 2.5368 2.1676 5.7104 8.285523093115376 -13.057835649107712 -6.6447 -1.7800644849608955 0
CAR 0.0 0 4.327260134919886 1691.8835254975656 325.8762458207544 1796.174957384386 407.4424890390842 1.5128 1.9018 4.1024 47.184467443853016 8.366929635130147 -6.5594 2.9631082532858892 0
CAR 0.0 0 4.303018342947954 1481.038597044299 321.03176482789956 1553.105133486593 394.4311931195527 1.5022 1.9049 4.1038 48.73734304493904 14.637315995171946 -7.16 2.9631096288826786 0
PEDESTRIAN 0.0 0 2.695454454392425 624.1576754230191 131.13445454173413 660.7449064956628 201.0779086776305 1.7526 0.7308 0.855 39.82122650690452 -6.6538084815109535 -6.4758 1.3770898247823946 0
CAR 0.0 0 2.766618587937945 1781.974646359375 251.25190083400636 2079.9277734722355 389.67513389544916 1.4878 1.9007 4.104 16.64892299822852 -27.98595625659084 -6.404 1.3590267776864629 0
