CAR 0.0 0 2.9251418364098263 1433.625969420873 323.60853527561886 1710.56121133741 515.3710172171968 1.551 1.9022 4.6956 21.417019902404967 -26.251782078191106 -6.4702 1.6140760596521562 0
CAR 0.0 0 2.9480354672099374 1351.76587216009 214.25141736454637 1515.4016096319838 324.023407842816 1.5 1.8998 4.0998 31.36179840341431 -28.353000139440574 -6.555 1.562018017330398 0
CAR 0.0 0 2.9833702157063557 1788.43103207512 316.53191171358804 2126.29238681078 488.96588381180703 1.5 2.037 4.3995 21.7831341867423 -33.45412367719924 -6.4402 1.6146851398907596 0
CAR 0.0 0 -0.9961412284646491 339.9364532096883 412.34229764186057 547.9459370453898 525.8093801981654 1.5999 1.899 4.0996 15.627374433479766 31.51408299200733 -7.4486 -1.7574534447408663 0
CAR 0.0 0 -1.0359666630805942 275.29983482509175 375.832360451194 461.9756023654289 466.7640361258478 1.5 1.899 4.0996 16.807333566404306 37.50103361003115 -7.4503 -1.757453444740867 0
CAR 0.0 0 2.909368184152705 1346.4581080084904 238.95323114816293 1528.9187617152816 364.5342988874629 1.5 1.8998 4.0998 28.08878694130942 -26.961198913482004 -6.4052 1.5445674198756585 0
CAR 0.0 0 3.019416221671646 1605.7921587875885 203.19263657019056 1798.8168674297676 307.8262622757825 1.5 1.8998 4.0998 31.972408434821826 -35.3906903235172 -6.4191 1.5969143524866567 0
CAR 0.0 0 -1.2848778659000042 126.76278293246644 409.6992389881507 344.2504088209381 517.5671203698322 1.553 1.899 4.0996 12.786180603552898 36.306565972427364 -7.6325 -1.7574534447408667 0
CAR 0.0 0 -1.2304558314588694 178.81424406770864 456.3208879898503 428.83672680240073 595.5241144070644 1.6483 1.8736 4.0995 11.511277217012413 29.857514613905764 -7.5421 -1.7580622104290475 0
PEDESTRIAN 0.0 0 3.615827506067162 795.4528165493331 110.126195882788 822.4525268879613 174.23495697452387 1.7024 0.7548 0.7211 43.47690285648757 -13.881510640787727 -5.7738 2.2187577093109483 0
CAR 0.0 0 -1.5962665869363497 1728.3778840959449 242.41303596092047 1909.3455431930504 417.5228803317625 4.083 2.9959 5.8323 46.98120238207778 8.005550611697856 -4.9879 -2.9908413064371224 0
PEDESTRIAN 0.0 0 -2.242259654479064 1918.766519332731 1839.5449307655178 2610.596815139099 2444.149330668516 1.8354 0.7406 1.0616 3.0386630850739627 -19.127992449027662 -6.551 -3.04477252578078 0
CAR 0.0 0 -1.3878719089669143 58.84585150519677 339.7114179452072 231.90913086332935 414.01226823689154 1.4996 1.899 4.0996 15.295920650762154 49.00758802253729 -7.6 -1.7574534447408674 0
CAR 0.0 0 -1.6972191202074114 1534.051430870383 301.2771289354691 1636.3675204694061 367.5964307956242 1.4954 1.9024 4.0993 47.999459896133565 14.748332757771784 -6.0972 -3.060890406115459 0
CAR 0.0 0 1.891866650050946 909.5176328577156 -374.689759730682 956.0250708633398 -316.6373476932076 1.5026 1.7336 4.1034 -69.38623017547953 -8.19438365113337 -8.5742 -0.033361735831079424 0
CAR 0.0 0 -1.5887547847406185 1718.445764095203 223.28506121245067 1908.5798624580075 397.8776340578451 4.1525 3.0019 10.9977 52.08946779301891 8.769404028379755 -4.8941 -2.994543022300242 0
CAR 0.0 0 4.906503230480107 1040.4133509920184 -288.3507771003703 1077.7044567097225 -255.29142849506985 1.4984 1.8986 4.0986 -107.7761 4.0798 -9.697 3.084646287186393 0
