CAR 0.0 0 3.014643714768517 1341.3667965053298 198.58754585845446 1511.7177492569176 315.30469094089904 1.594 1.8966 4.5394 31.653161837640095 -28.241305072149068 -6.3337 1.6210677637018256 0
CAR 0.0 0 -1.2353561915341076 194.52835298366864 463.56330250867074 448.55398862534673 599.8017690667558 1.5196 1.8976 4.1761 11.61426839762199 29.292591878651834 -7.5683 -1.7828567597874547 0
PEDESTRIAN 0.0 0 1.1339028235261843 626.9773033900618 138.60117222615776 664.0629088525524 208.12775185116075 1.7 0.7848 0.6973 40.0038846872785 -9.344282650156407 -6.0576 -0.17496862750956493 0
CAR 0.0 0 -1.5975354455430049 1757.191051301693 260.8581922242115 1893.8143353464623 387.96062590042374 3.4079 2.7742 1.8309 50.14969627761566 8.261480721910061 -5.2988 -2.9935192807144797 0
CAR 0.0 0 -1.59463017195549 1730.4463137489158 238.00308506170416 1909.6374269032362 389.8853996029554 3.5682 3.0012 10.9976 53.88857236176953 8.767205193917796 -5.2107 -2.9984216935191634 0
CAR 0.0 0 -1.663631164597795 1765.4651158112615 342.3102367368406 1877.6588343029066 425.5537925524458 1.5064 1.8966 4.1132 44.814013862602586 7.3710964968101536 -6.2711 -3.027719941514197 0
CAR 0.0 0 -0.9716919537731912 359.24425996320457 420.10741632486696 569.6006192706604 533.403282060848 1.5195 1.8976 4.1014 15.578878946727674 30.516829626622453 -7.441 -1.7473622960181396 0
CAR 0.0 0 2.992711458582533 1315.2697093329696 241.23209738359643 1493.2389594856793 367.2542528445498 1.4987 1.9049 4.0972 28.0756730733494 -26.232393492777877 -6.4483 1.6343890336265965 0
CAR 0.0 0 2.995859516842579 1485.2969346110185 269.12132310977694 1715.2140794730096 413.80271618058197 1.5032 1.8952 4.1044 24.83133626531437 -28.680594935983322 -6.2698 1.634389033626596 0
CAR 0.0 0 3.076941694978713 2223.7128207563974 233.2568314455539 2587.4734007959355 367.3467287963322 1.4966 1.9946 4.6048 25.805608299792137 -46.64803197716993 -5.8821 1.6296117114002369 0
CAR 0.0 0 -1.1232476341924693 165.1826887296218 305.56334162988463 312.5059989038361 367.77677899173347 1.4992 1.9014 4.0972 19.929411393315103 53.1535776026374 -7.3685 -1.7419707110178175 0
CAR 0.0 0 -1.30976112583828 98.82454523253581 362.51604501248505 285.4640272976955 446.5144866153206 1.5006 1.8984 4.1012 14.665725741518994 43.756230404054854 -7.5939 -1.755079248103253 0
