CAR 0.0 0 2.9345671286379202 1432.3597941156643 323.3634335748736 1708.8125533750426 514.9644736259052 1.551 1.9022 4.6956 21.432813471610306 -26.23435823345717 -6.4702 1.623546125928737 0
CAR 0.0 0 2.939849382955292 1347.1030015454203 213.7075948220932 1509.7984713640017 323.2489165880861 1.5 1.8998 4.0998 31.4246540930843 -28.255390993655702 -6.555 1.5540367973984677 0
CAR 0.0 0 2.9735579012395097 1790.6103565532198 319.4811282175935 2131.844680320043 493.8264555565071 1.5 2.037 4.3995 21.5938011972726 -33.36468549240584 -6.4402 1.6063940518724338 0
CAR 0.0 0 -1.053499958429045 339.4757537517234 412.2761744325527 547.4793579612095 525.711435182391 1.5999 1.899 4.0996 15.62376507835208 31.52882233414298 -7.4486 -1.814376792617349 0
CAR 0.0 0 -1.0903142958730174 277.83762107950747 375.88439097424913 464.3610016389328 466.8266472737627 1.5 1.899 4.0996 16.849417441900815 37.4469823147595 -7.4503 -1.815035752896246 0
CAR 0.0 0 2.9183080829996593 1346.2760047909221 239.20052733652767 1528.8635502315892 364.91592163641195 1.5 1.8998 4.0998 28.06521249908392 -26.94806762159182 -6.4052 1.55373295563943 0
CAR 0.0 0 2.9939718971178246 1606.7306795589236 203.34699071982922 1799.9858311617875 308.04893852269475 1.5 1.8998 4.0998 31.953466405893394 -35.40565535975837 -6.4191 1.5714874523490754 0
CAR 0.0 0 -1.334478745697117 131.66844374359403 409.88940564920426 348.88900801687726 517.8243927388635 1.553 1.899 4.0996 12.855520456709526 36.20166909135142 -7.6325 -1.8150357528962455 0
CAR 0.0 0 -1.2488200096339388 181.04974182444883 456.31470661205645 430.855406833101 595.5001855151393 1.6483 1.8736 4.0995 11.541287329829437 29.82642210215089 -7.5421 -1.7794770025999547 0
CAR 0.0 0 -1.4377034611351571 62.48223299337691 341.0964291369907 236.28685740543042 415.95778170648674 1.4996 1.899 4.0996 15.280509457277567 48.639383748151545 -7.6 -1.8150357528962455 0
CAR 0.0 0 -1.5805791030783853 1510.3107900967846 314.97889046589876 1621.3462939129638 388.04329362154266 1.4954 1.9024 4.0993 43.96401554094879 14.209790125655026 -6.0972 -2.931490519625712 0
CAR 0.0 0 1.622269290404472 358.5551776964102 -14.961886573320982 526.6142473542551 136.1435774833554 4.1525 3.0019 10.9977 57.671558104349536 -0.19202452901886424 -4.8941 0.17413722316068733 0
CAR 0.0 0 3.0181535638831667 2079.899034331103 268.05504656722513 2594.319321253329 488.67793321462096 1.9996 2.198 5.9958 22.010600387062123 -40.52538680089782 -6.0941 1.6063940518724342 0
CAR 0.0 0 -3.5258605540089847 -544.6563685050855 202.31493192161378 -68.96177831290079 431.5624977073814 2.008 2.2032 5.9814 24.648089445774932 3.6952706597909826 -5.3721 -2.7758064419712807 0
CAR 0.0 0 -1.6179713073439042 1615.5933969772157 339.7932394993901 1729.9047267028666 420.276470003424 1.5018 1.9004 4.0996 43.217697168568364 10.90940510901879 -6.4196 -2.9663937196666668 0
CAR 0.0 0 -0.5255105533468054 1089.4570701280531 457.87432461746084 1535.966519498741 995.5101375783003 2.3712 2.209 6.002 12.810205129762629 -18.42197649933218 -6.1021 -1.5891732248227162 0
CAR 0.0 0 -2.1913824421270096 -413.0384828763729 457.886152532769 56.52918064736441 755.0098508811035 1.4988 1.8988 4.4506 16.735345757301328 -2.5523239729165734 -6.6137 -1.9335086353178585 0
PEDESTRIAN 0.0 0 2.7842402409867737 616.2029359408107 128.5043103458565 649.8464334549274 195.99231617353007 1.7 0.7049 0.6977 41.3725 -8.848 -6.0007 1.463938363012554 0
CAR 0.0 0 3.006689960673145 1820.4313082324036 269.6975956843578 2099.568627624178 408.2281347309929 1.496 1.899 4.1016 25.087683723669834 -36.32061739316025 -6.3787 1.6063940518724338 0
CAR 0.0 0 -1.673561481836841 1727.6108247902046 376.4253692525763 1857.9394009824127 477.7704358774483 1.5312 1.8982 4.1041 38.28751589075578 7.072845639200464 -6.3594 -3.0118817783258858 0
CAR 0.0 0 -1.6651173678320248 1763.5486534360334 330.6763117222113 1870.8984382497354 408.4673159906663 1.4975 1.9044 4.1025 46.98948767614124 7.796076213821424 -6.2146 -3.036202102157174 0
CAR 0.0 0 2.018084839135214 936.2334700013761 -469.1328954423135 1008.5710887837625 -381.5765300507461 1.496 1.899 4.1016 -51.40158422329028 -8.420843696549547 -8.3294 0.03565157389656074 0
