CAR 0.0 0 4.085026130257008 1306.013952118041 588.3485862412733 1479.4338320767533 829.8506892789711 1.5196 1.9044 4.1024 20.233081461143804 16.405431786165106 -7.3259 2.9794319110541143 0
CAR 0.0 0 2.7292263692935608 1337.732591236603 189.80629947810485 1545.3003690658277 311.954987102605 1.7194 1.8964 4.5202 24.870782957172032 -22.846887369807735 -6.5435 1.329287223154536 0
CAR 0.0 0 1.35665198819112 413.3102883448428 27.516070698694197 461.6829389469437 68.41085211224618 1.4992 1.8969 4.0968 75.81704580551079 -2.446345239111829 -6.5027 -0.10597203456309086 0
CAR 0.0 0 4.219056270822689 1345.5305503874306 394.0442084638805 1441.1781548318272 504.8931661695033 1.5032 1.765 4.3145 35.01041117134134 17.505581769401214 -7.2959 2.9583443922002948 0
PEDESTRIAN 0.0 0 2.862238278041893 652.4291023518623 138.08286758006366 686.9825552079852 206.248749576926 1.7 0.6968 0.7192 38.873437737443254 -7.262001050236296 -6.5112 1.5425810858228364 0
PEDESTRIAN 0.0 0 1.3059124708529923 630.2319962475858 141.66333645120685 665.6475129848982 210.94614650472238 1.703 0.6997 0.6969 38.421436777850246 -6.564054716280852 -6.515 0.0002754820865611407 0
CAR 0.0 0 4.413278726683969 1710.5063367663802 258.51192873409934 1845.722172957431 382.35783281964365 3.487 2.935 2.072 53.093756120880634 6.636363456641218 -5.9211 3.020039438511599 0
CAR 0.0 0 4.423743869242257 1699.064316511816 234.13612885366842 1856.6092481010185 375.9698826911804 3.8402 3.1746 6.0448 56.50422814767254 6.239511809215969 -5.7444 3.0211496524281416 0
CAR 0.0 0 4.234723729231361 1505.3834045941362 413.7439899153294 1605.547517632137 532.7291635324175 1.5032 1.765 4.0984 34.15577297385523 13.969356833320315 -7.2116 2.9583443922002948 0
CAR 0.0 0 3.78853609531594 785.2334845026106 680.4422800538701 1064.3094946545075 994.7306045451378 1.5023 1.8994 4.0966 14.900034117573982 21.410939135596404 -7.6193 2.94462395735657 0
CAR 0.0 0 2.7146052956799562 1305.9951683189959 232.2876153684012 1519.41051264096 359.6123842895397 1.504 1.9011 4.104 22.103161089303036 -19.748441456619197 -6.6643 1.348911205822196 0
CAR 0.0 0 4.861847523403977 2191.5910532815114 -971.6604364492572 2749.8463997883923 -639.903189433491 1.5024 1.8994 4.0966 -13.726852075736717 26.333892947601697 -8.1652 2.9801382716960325 0
CAR 0.0 0 4.368092627476821 1696.9397326902786 339.06332249906245 1800.8962220198962 420.87932150702824 1.5032 1.9025 4.0984 47.49472325013259 8.103103248047224 -6.9854 3.0106839122209634 0
CAR 0.0 0 1.3161217935410912 1838.8894428510396 217.48528345865 1898.6098259758949 251.88790320039124 1.5038 1.8964 4.0964 97.20230181769642 -5.473164291487849 -6.1955 -0.12990260492156275 0
CAR 0.0 0 -1.436102836635306 241.56603785995196 449.4447239707753 463.1545890375057 581.6824809926642 1.5003 1.9029 4.0972 22.293279518874375 38.32031437023606 -8.2755 -2.0415453642998926 0
CAR 0.0 0 1.1591015800650255 336.86446557625857 89.60670167287437 408.0688645076944 154.9788905555356 1.4976 1.9118 4.096 51.61926994682577 0.6157830865064757 -6.6302 -0.09725101745847313 0
CAR 0.0 0 1.8772717677774953 -1437924.933339753 -18863.711472764673 41816.64003666525 727358.8373195269 1.498 1.9032 4.0998 5.57804741412534 19.04537808215707 -7.5598 2.976634614978629 0
CAR 0.0 0 0.6966062786666583 163.48529645290085 146.55982431988338 422.9598227471359 442.2943520993016 4.0935 2.9956 3.2487 25.590111946893025 1.5538159287123259 -5.8272 -0.11926679817583517 0
CAR 0.0 0 -1.2695236629265163 379.36580676428656 414.2676104372736 563.1354124806077 526.4827627973759 1.4969 1.8793 4.0996 26.16906483486521 38.502411302128664 -8.2924 -2.0604177559563235 0
CAR 0.0 0 0.38821605656990105 98.57380687356553 339.78770361924404 392.0580348410327 638.5759937377383 1.2791 2.9956 7.5691 20.895700325519837 2.1361510550967258 -7.1889 -0.11926679817583515 0
CAR 0.0 0 4.392902423158088 1598.9788443081718 295.28106887523774 1674.4306550155623 359.85407376384387 1.507 1.9022 4.2796 55.8641 10.5318 -6.8916 3.0191841979129377 0
