CAR 0.0 0 3.0146424762283486 1340.648004138136 198.4724809370003 1510.8176461172404 315.1320847527569 1.594 1.8966 4.5394 31.667146532453053 -28.227613387449352 -6.3337 1.6210677637018256 0
CAR 0.0 0 -1.2354294196458644 194.40061232687177 463.3967644870831 448.32147616041084 599.5418844399287 1.5196 1.8976 4.1761 11.618349699935958 29.309191964204285 -7.5683 -1.782856759787455 0
PEDESTRIAN 0.0 0 1.1349847887464213 627.2633056729142 137.9962472931132 664.2484820120774 207.35671439575557 1.7 0.7848 0.6973 40.10568935664018 -9.339779068359539 -6.0576 -0.17496862750956493 0
CAR 0.0 0 -3.096312080742925 -120.31451179247512 77.43908053145849 85.2169813992201 236.88593748122415 3.4079 2.7742 1.8309 37.73235128980387 6.490254050194609 -5.2988 -3.010969915553106 0
CAR 0.0 0 -2.792473735411342 -172.01987120407762 37.04102335220945 201.0574419231548 244.2015576721262 3.5682 3.0012 10.9976 41.5193140080169 6.96116615981403 -5.2107 -3.0158723283577897 0
CAR 0.0 0 -3.2627829615973973 -302.4423815207725 233.38625661336684 -24.32480215040497 373.2206634343431 1.5064 1.8966 4.1132 28.355800608894242 4.424014672408022 -6.2711 -2.7833380897113673 0
CAR 0.0 0 -0.9734810574786174 357.68850701743537 420.29563437306484 568.3004965160444 533.6979802961641 1.5195 1.8976 4.1014 15.545333836009812 30.522028417524186 -7.441 -1.7473622960181396 0
CAR 0.0 0 2.9926557161666967 1314.4981072650928 241.14812914724007 1492.301093082671 367.13231985042114 1.4987 1.9049 4.0972 28.08387612093357 -26.21718215927876 -6.4483 1.6343890336265965 0
CAR 0.0 0 2.9961984463500655 1490.6115699314335 269.6842665326506 1721.8319410955396 414.6424475105671 1.5032 1.8952 4.1044 24.784527705168006 -28.772831551027163 -6.2698 1.634389033626596 0
CAR 0.0 0 3.0458042918317987 1843.9408420964376 241.74075179017598 2156.105717212134 385.3219804864334 1.4966 1.9946 4.6048 25.134294769873463 -36.94389738596787 -5.8821 1.6296117114002369 0
CAR 0.0 0 -1.0657503925084866 232.57456495918245 344.8649074339198 403.05867189312823 423.0831995186606 1.4992 1.9014 4.0972 17.988486325657476 42.9423612704525 -7.3685 -1.759421345856444 0
CAR 0.0 0 -1.3096726264482044 98.87486123788965 362.53775839006573 285.5260363677491 446.54551896697336 1.5006 1.8984 4.1012 14.66541262443258 43.75145178107126 -7.5939 -1.755079248103253 0
CAR 0.0 0 2.396414979685501 1111.9016642056567 375.1960117602351 1371.5895245052445 574.2331474917738 2.5328 2.5828 5.9969 24.379385168938303 14.966930165269762 -6.1644 1.1852004495665316 0
CAR 0.0 0 1.9922244732335685 911.3175626588619 -430.83698501675383 973.662278026371 -350.00430743235285 1.8452 2.0012 2.6602 -56.38418125699677 -8.932704630127251 -8.1752 0.029224357615669622 0
CAR 0.0 0 -1.2768486575980444 147.57657349968392 410.11519349470524 362.0865610802647 515.2298476335038 1.5018 1.9002 4.0982 13.1665 36.1255 -7.6497 -1.7828567597874547 0
