CAR 0.0 0 2.94270335677839 1434.5798561401693 323.6931804247867 1711.7982274802544 515.5053958283966 1.551 1.9022 4.6956 21.411269277430556 -26.26759306828508 -6.4702 1.631529444959655 0
CAR 0.0 0 2.9480318685020768 1351.7763829761734 214.25770922476178 1515.4172599752255 324.0327344713663 1.5 1.8998 4.0998 31.361078699062393 -28.353000695849754 -6.555 1.562018017330398 0
CAR 0.0 0 2.982920450408041 1792.5442929199035 318.05761558813987 2132.7290260193945 491.44702426384407 1.5 2.037 4.3995 21.683083861575625 -33.46714539031501 -6.4402 1.6146851398907596 0
CAR 0.0 0 -0.9941218063057002 341.608333190383 412.1157227219076 549.3264501681069 525.4545133158083 1.5999 1.899 4.0996 15.665590217565956 31.511837062015257 -7.4486 -1.7574534447408667 0
CAR 0.0 0 -1.035190741457288 276.0318919157377 376.0094988926878 462.7734400666095 467.019488787005 1.5 1.899 4.0996 16.80901437730472 37.46187052214331 -7.4503 -1.757453444740867 0
CAR 0.0 0 2.9089401199143623 1347.212841242015 239.63299702254017 1530.210108455623 365.57214396768325 1.5 1.8998 4.0998 28.023691546173193 -26.95452214610233 -6.4052 1.5445674198756585 0
CAR 0.0 0 3.019544642712062 1606.7656299087055 203.13779689765892 1799.8704393626724 307.7361556034609 1.5 1.8998 4.0998 31.979063186033045 -35.421129340036615 -6.4191 1.5969143524866567 0
CAR 0.0 0 -1.2833765781077853 127.7063018692683 409.8179208776369 345.19997630198634 517.7395931384099 1.553 1.899 4.0996 12.795917203011783 36.276045500615474 -7.6325 -1.7574534447408667 0
CAR 0.0 0 -1.2322922760207824 177.23770990126076 456.85639043554573 427.7868051966121 596.3772718379299 1.6483 1.8736 4.0995 11.471639457691477 29.83065018897013 -7.5421 -1.7574534447408663 0
PEDESTRIAN 0.0 0 3.634244064265968 857.1044133195663 105.23091516960967 882.7533957155224 167.55309234459335 1.7024 0.7548 0.7211 44.60190610337179 -15.778888840778102 -5.7738 2.2187577093109483 0
CAR 0.0 0 -1.596403109290087 1728.1027514223304 242.53998776497153 1909.2784212528788 417.87504221593764 4.083 2.9959 5.8323 46.923579447343364 8.001925479384653 -4.9879 -2.9908413064371224 0
PEDESTRIAN 0.0 0 -2.154024122293217 1582.6084044578786 1211.1396109076268 1928.4575522063644 1608.327102979828 1.8354 0.7406 1.0616 5.7811529951466065 -19.043986056198932 -6.551 -3.04477252578078 0
CAR 0.0 0 -1.388645910084616 58.51194279213304 339.81123901112596 231.6679399813882 414.1553619162772 1.4996 1.899 4.0996 15.282412287762007 48.99327495714878 -7.6 -1.7574534447408672 0
CAR 0.0 0 -1.5890751089919093 1718.1397311461135 223.76829085715752 1908.3441532299562 398.50790703591775 4.1526 3.0019 10.9977 52.06825839011257 8.770816108327155 -4.9096 -2.994543022300242 0
CAR 0.0 0 1.7107539060519732 457.6194241880843 -1.4157301905985213 503.05483307546496 28.491393152821058 1.5 1.9032 4.1049 101.23093144106961 8.345795743081194 -6.6873 0.16763328574304456 0
PEDESTRIAN 0.0 0 0.7531449735000646 1083.1428525923266 245.59335737176306 1106.5773869809773 285.9552589873623 1.7 0.6991 0.791 52.917338118625025 38.209358723438534 -6.1958 -0.5796320570379399 0
CAR 0.0 0 -1.6774825802168474 1578.8088865888976 280.5465668283984 1667.8889830653286 337.10140324809595 1.4954 1.9024 4.0993 55.69451715609609 15.482067600697174 -6.0972 -3.060890406115459 0
CAR 0.0 0 1.7596251637500762 907.5623667013012 -317.2296146584347 943.2248783777748 -275.1444129352365 1.5026 1.7336 4.1034 -88.7151 -6.9851 -8.817 -0.1206411343449402 0
