CAR 0.0 0 2.994671283491254 1345.1047302665188 198.27465474533153 1515.795870472216 314.7812747276099 1.594 1.8966 4.5394 31.69112255793512 -28.353720840203746 -6.3337 1.600338874245188 0
CAR 0.0 0 -1.219197005542878 197.70599238308688 462.57384506031127 450.73347125573883 598.2341649935521 1.5196 1.8976 4.1761 11.690684393545272 29.33593303274063 -7.5683 -1.7714513563579624 0
PEDESTRIAN 0.0 0 1.3440602351250652 629.4039384449629 139.23552335036007 666.4754914218302 208.92060164876358 1.7 0.7848 0.6973 39.89942001686571 -9.421702789639722 -6.0576 0.03527947359358132 0
CAR 0.0 0 -1.6517418760890108 1767.9874665453565 261.20637186804186 1905.1902971563372 388.48749138535146 3.4079 2.7742 1.8309 50.31061767292825 7.979695160138304 -5.2988 -3.048531819335291 0
CAR 0.0 0 -1.8624028555776453 47.47381909918214 4.833008807038647 293.3722221930666 152.5269769508433 3.5682 3.0012 10.9976 54.303163132120574 8.388928419340093 -5.2107 -3.0427454332082586 0
CAR 0.0 0 -1.6858461551378363 1767.79284359481 343.1118216829766 1880.3037774586037 426.75139232746216 1.5064 1.8966 4.1132 44.692346655975825 7.292878646560269 -6.2711 -3.0496920303081225 0
CAR 0.0 0 -0.9625863545926233 358.19686033241067 420.7573661181882 569.0724341768089 534.3960430923368 1.5195 1.8976 4.1014 15.52891601677491 30.465951098518325 -7.441 -1.736558058116082 0
CAR 0.0 0 2.994601027293391 1321.436179494386 241.17709751385206 1500.2962923810437 367.1146118898711 1.4987 1.9049 4.0972 28.078970814875323 -26.378291547431562 -6.4483 1.6352454592850747 0
CAR 0.0 0 -1.317481532985084 101.4702697018445 359.6708578785242 288.8165977685681 444.13096443492367 1.5196 1.8976 4.1284 14.758525894172905 43.75196681595652 -7.532 -1.7714513563579624 0
CAR 0.0 0 2.9996435774172987 1499.122837297317 267.72857810349467 1730.308061042568 411.4644271100566 1.5032 1.8952 4.1044 24.93622663158786 -29.03032157990001 -6.2698 1.6352454592850747 0
CAR 0.0 0 1.6568316132884975 418.5022594213557 -28.995416483086732 511.4112296461377 33.92507124417126 3.1098 3.3536 10.442 102.25590549395555 9.339285511128148 -6.0304 0.08868136636738409 0
CAR 0.0 0 2.0367460685239394 1109.2725078220244 -589.043358033351 1230.3586351860536 -459.2972227975315 1.4968 1.8978 4.1026 -39.01837522849607 -4.898051922042328 -8.2622 0.045764026946366415 0
CAR 0.0 0 0.0035954764500298886 1344.2175927080161 623.9270026610324 1859.5297662178575 1105.6645183878377 1.9202 2.1008 4.4984 11.154968348623507 -20.86729494182578 -6.8328 -1.0693090752491112 0
CAR 0.0 0 -1.2832330326925743 92.35867441901199 267.6106527267503 216.70480128794895 315.8823576274532 1.4993 1.9014 4.0972 22.3368 67.5125 -7.3688 -1.7714513563579624 0
CAR 0.0 0 3.1261511052416164 2813.903544141345 190.36143245297322 3190.9901182485096 293.10048610366437 1.4966 1.9946 4.6048 30.606928415900924 -69.57164066120656 -5.8821 1.6352454592850743 0
