CAR 0.0 0 2.7279741135629383 1775.500140044802 301.6559721271957 2173.856631643696 487.647663481858 1.5023 1.898 4.937 13.810652886773255 -24.811689656177368 -6.5925 1.352655634908364 0
CAR 0.0 0 2.665901928528501 1320.6532516207578 235.14658073890163 1536.0015291381815 363.5208582407879 1.5177 1.898 4.0963 21.92748455435717 -20.02858137916408 -6.7131 1.300287801406882 0
CAR 0.0 0 2.670523705982777 1408.0721878374936 311.6249085495775 1745.3025359986732 510.7017275889376 1.5541 1.898 4.9169 15.674650701432073 -17.692082895847225 -6.7043 1.3526556349083636 0
CAR 0.0 0 -1.5321645863140585 216.79943633118867 440.63153996262133 441.2739247070179 578.1849399949671 1.6474 1.9008 4.0966 22.2131 38.8926 -8.1942 -2.112005731420875 0
CAR 0.0 0 2.7267030358587023 1590.4039613891398 198.54024998144413 1814.2741417916995 301.96462757544435 1.396 1.8974 4.3588 23.210822331880824 -29.52329796076102 -6.6116 1.3008901068240033 0
CAR 0.0 0 -1.326813988865517 359.6505077979041 398.8276624698372 543.4367472291565 513.4694410987936 1.6474 1.9008 4.0966 26.529435271511417 39.42420651638206 -8.1431 -2.112005731420875 0
CAR 0.0 0 4.447340803802867 1666.9223488388195 220.01026726505313 1844.9399778930074 392.4577795069771 4.11 3.0032 11.0896 55.03417945875734 7.3640843642092735 -5.5143 3.0458113162218337 0
PEDESTRIAN 0.0 0 2.8034031517055853 779.4890163717886 111.33410690837367 812.2323369433669 176.62290185681675 1.7 0.6968 0.9282 40.19529819259743 -11.380704914160106 -6.1004 1.4111268072147432 0
CAR 0.0 0 4.391398136381856 1734.3190764418953 247.31536700058743 1822.3540616209855 314.61322733354035 1.9994999999999994 2.0167 6.000200000000007 69.44644553120733 3.8862496477666455 -6.3098 2.9767344146944934 0
CAR 0.0 0 4.273493449988085 1497.2259604426883 317.95272912881785 1566.0958514610177 387.429530879015 1.5021 1.9038 4.0982 51.28505597586042 14.125569856913827 -7.3727 2.9284830667030453 0
