CAR 0.0 0 3.0144530606281057 1340.3846617856962 198.65911836642448 1510.6389204127881 315.4256517926527 1.594 1.8966 4.5394 31.64449517952532 -28.21229566357789 -6.3337 1.6210677637018256 0
CAR 0.0 0 -1.2353836028035958 194.48012964210363 463.50004196612514 448.46593926514754 599.703044454181 1.5196 1.8976 4.1761 11.615822255344096 29.298891546933042 -7.5683 -1.782856759787455 0
PEDESTRIAN 0.0 0 1.135278354291111 627.4981428548932 137.86933179564235 664.4546345141445 207.19393995698084 1.7 0.7848 0.6973 40.12722857278005 -9.34351969469122 -6.0576 -0.17496862750956493 0
CAR 0.0 0 -3.4771879468596385 -229.4887298907439 103.82614979576226 15.737863888817882 285.57161835502393 3.4079 2.7742 1.8309 33.135912179163235 5.89948495532784 -5.2988 -2.9935192807144797 0
CAR 0.0 0 -3.2816636793778997 -292.23768660072983 53.17360028096026 156.73526396853052 294.111989796393 3.5682 3.0012 10.9976 37.01546278575609 6.426348851159331 -5.2107 -2.9984216935191634 0
CAR 0.0 0 -2.9387811967529336 -351.21781105556823 292.9259759825466 -18.899500574949812 468.8845612451005 1.5064 1.8966 4.1132 23.801398799255278 1.9301470021134741 -6.2711 -2.504304926035186 0
CAR 0.0 0 -0.9697488349665582 361.0195299014274 419.99063804884537 571.1493254888209 533.2157706945846 1.5195 1.8976 4.1014 15.61205515238178 30.50067888026264 -7.441 -1.7473622960181396 0
CAR 0.0 0 2.9929102497721365 1313.975920356788 240.73356093300242 1491.4511641523688 366.50096220388764 1.4987 1.9049 4.0972 28.123410226772478 -26.218836246207754 -6.4483 1.6343890336265965 0
CAR 0.0 0 2.995959348394422 1492.9771532956993 270.4751513893797 1725.179486527659 415.87240087873084 1.5032 1.8952 4.1044 24.721172710403724 -28.793288322617293 -6.2698 1.634389033626596 0
CAR 0.0 0 3.0457211480393935 1842.2220124166372 241.63512773927582 2153.9727138717526 385.16627339512087 1.4966 1.9946 4.6048 25.144204706933767 -36.91174406042272 -5.8821 1.629611711400237 0
CAR 0.0 0 -1.0673089211839808 234.03475479119618 348.58105949927597 406.990973495579 428.42116451602504 1.4992 1.9014 4.0972 17.736499377318538 42.23548884262464 -7.3685 -1.759421345856444 0
CAR 0.0 0 -1.309641635351773 98.9021046662469 362.5869200178787 285.5858851681698 446.6162258344326 1.5006 1.8984 4.1012 14.663064488280781 43.7422977843619 -7.5939 -1.755079248103253 0
CAR 0.0 0 2.5918428798125808 915.2292641049236 331.4307852448781 1144.3406199323763 487.55696636499255 2.5328 2.5828 5.9969 26.142196820221393 21.860765971898076 -6.1644 1.3952439892026438 0
CAR 0.0 0 2.015570932112898 930.1254141159249 -474.1354765525386 1002.200007685982 -379.9390742942094 1.8452 2.0012 2.6602 -50.226588648754536 -8.734227511590516 -8.1752 0.02922435761566963 0
CAR 0.0 0 -1.2766493052423518 147.77681291206844 410.3331307436341 362.42101356287856 515.5530679545835 1.5018 1.9002 4.0982 13.159850086803484 36.09487539975287 -7.6497 -1.7828567597874547 0
