CAR 0.0 0 2.724241861923497 1779.0441749588517 302.10677300102856 2178.5900085535127 488.40012088215923 1.5023 1.898 4.937 13.765927852313267 -24.85021005760284 -6.5925 1.3488135988365395 0
CAR 0.0 0 2.656816860323483 1320.2412733234014 234.839853351049 1535.3064634532777 363.04062456557847 1.5177 1.898 4.0963 21.956429680874407 -20.03845801482129 -6.7131 1.2910181249559243 0
CAR 0.0 0 2.656021574732032 1406.4367667330034 311.8179274392727 1743.5607720120524 511.07713230346934 1.5541 1.898 4.9169 15.673485718755405 -17.65387882179615 -6.7043 1.3385813619489222 0
CAR 0.0 0 -1.4710845614453336 211.06186867281627 440.9658944291862 436.48878212603364 578.7651527375177 1.6474 1.9008 4.0966 22.13998283450507 38.96745184889377 -8.1942 -2.043220920331697 0
CAR 0.0 0 2.7214261264963095 1588.6820068450709 198.3893062106798 1812.2455402216062 301.7509568358791 1.396 1.8974 4.3588 23.239305152594497 -29.49320166256282 -6.6116 1.2956667494353806 0
CAR 0.0 0 -1.3032062729502565 350.95303412489864 399.9015157407948 536.3595067328617 515.1800133521239 1.6474 1.9008 4.0966 26.34503593374013 39.505118519865434 -8.1431 -2.078132818304195 0
CAR 0.0 0 1.303693316698187 392.3478272189166 20.22323753863675 538.6927702633839 217.12322141102507 4.11 3.0032 11.0896 45.38903231151332 -2.0917517494577105 -5.5143 -0.03317677652702169 0
CAR 0.0 0 4.368436951129112 1669.9322613791976 318.79666650001224 1825.3571318463964 463.6052888275977 2.3536 2.2034 4.7012 38.38416941670031 9.797274894593443 -5.6925 3.0162887562482816 0
CAR 0.0 0 2.785843930901172 2088.7915332915086 249.78274196487055 2632.3692177302178 465.0727700158025 1.9972 2.1978 5.9954 12.273800873529222 -32.6301901721168 -6.1821 1.3630240930533906 0
CAR 0.0 0 2.7460796538454635 1575.1394945977472 258.27213312091595 1850.6782663039053 402.08922117038856 1.4974 1.8977 4.0982 17.739319476861805 -23.309767784172713 -6.4838 1.3642834977290486 0
CAR 0.0 0 4.331174694731606 1694.885708236547 321.56194823570485 1795.264599946121 399.3080850911764 1.5036 1.8952 4.097 48.91433115003025 8.0681531663892 -6.6445 2.9635237234090614 0
CAR 0.0 0 -2.545068622069567 -398.7871159331693 392.5843246124003 104.79220700378359 867.8368145497054 2.5368 2.1676 5.7104 16.568585148351968 5.366333226449408 -6.6447 -2.3730429290890016 0
CAR 0.0 0 4.3549395360179055 1714.9356852186831 287.4414870208404 1801.1887625709037 350.0913459549761 1.5128 1.9018 4.1024 58.226166640829994 6.299750741919918 -6.5594 2.9631082532858892 0
CAR 0.0 0 4.302972535197998 1480.704597306714 321.02812998151546 1552.7633961693316 394.4290618641275 1.5022 1.9049 4.1038 48.73220832623582 14.64740827350445 -7.16 2.9631096288826786 0
PEDESTRIAN 0.0 0 2.67794889444885 624.6196063499575 131.27248110444634 661.2213572142762 201.25444975589204 1.7526 0.7308 0.855 39.79271582217568 -6.662440693217449 -6.4758 1.3596365322624513 0
CAR 0.0 0 -1.6829914353284308 1678.9810990644075 514.2806267906542 1868.253540912306 705.156978532168 1.4954 1.7998 4.3147 26.140128888802238 10.93014816499047 -7.0466 -2.9239343451325563 0
CAR 0.0 0 2.776243099279801 1899.724389467396 252.0437844550194 2212.1989959645057 389.46721671594605 1.4878 1.9007 4.104 15.822899863087875 -30.519221623913793 -6.404 1.3590267776864633 0
CAR 0.0 0 2.68691917584023 1331.7134485373695 204.0366608881301 1525.5108335586647 314.49868809614657 1.4974 1.8976 4.0982 24.670514384900304 -22.360398304743104 -6.6735 1.2944598052176606 0
CAR 0.0 0 -1.334232648417796 293.55943585316066 367.80353505890645 461.14087869267746 458.87709709860235 1.5016 1.8992 4.1002 29.5011 44.8619 -8.3248 -2.078132818304195 0
