CAR 0.0 0 2.7163408355970837 1773.314288821447 301.3231076309015 2170.867768842543 487.0855630362573 1.5023 1.898 4.937 13.841139945261482 -24.79151365854407 -6.5925 1.3410568121408173 0
CAR 0.0 0 2.652845960333693 1310.4110972516698 235.0121712128046 1524.473487020711 363.42942301989973 1.5177 1.898 4.0963 22.006268399651958 -19.805698813689034 -6.7131 1.2886889732761384 0
CAR 0.0 0 2.65921834651007 1405.5634541919937 310.65126554605183 1741.3108813827741 508.97982795705445 1.5541 1.898 4.9169 15.741944390791545 -17.690109885742462 -6.7043 1.3410568121408173 0
CAR 0.0 0 -1.4715594749749086 222.62997007930315 439.62780090830495 445.73942646404464 576.5612199665943 1.6474 1.9008 4.0966 22.32936662112105 38.86644600547441 -8.1942 -2.059644171057918 0
CAR 0.0 0 2.714233108883194 1588.3129975243398 198.65371948669724 1812.082594883315 302.16232584590267 1.396 1.8974 4.3588 23.214486005294688 -29.45499508440715 -6.6116 1.288688973276139 0
CAR 0.0 0 -1.2808834283086339 369.018107339469 397.5515068075149 551.0001967634593 511.44806864924624 1.6474 1.9008 4.0966 26.740027668908226 39.346517368381875 -8.1431 -2.077097463577861 0
CAR 0.0 0 4.412674847078668 1618.643766993847 280.0312407518212 1914.6709798476518 609.0262671957635 4.11 3.0032 11.0896 33.62337358308981 10.631870211120722 -5.5143 3.0805159830051556 0
CAR 0.0 0 4.339389610849688 1699.0197893309871 296.2878497400384 1817.7047322775381 397.95098465945165 1.9994999999999994 2.0167 6.000200000000007 49.87481890369931 7.675229938538748 -6.3098 2.9624863797598247 0
CAR 0.0 0 1.7131317064164007 108.66955260874286 198.3489943646032 204.97269141267765 238.57804672137638 1.7 1.8454 4.0952 54.03574066617011 85.28837454457411 -7.2475 1.0882981071991429 0
CAR 0.0 0 -3.630756417367592 -612.6359843034224 135.78650038453696 -88.70177580974033 491.15600371653557 3.9074 3.0032 5.6574 26.950921153933404 10.399400252371684 -5.6171 -2.8128804202626077 0
PEDESTRIAN 0.0 0 2.7719541943082424 623.8825128453713 131.76867433648314 659.7974544865175 200.43635301064026 1.7 0.6996 0.9374 39.72019211562485 -6.62011052019813 -6.4566 1.4538021921240931 0
CAR 0.0 0 4.3860005786102985 1724.8566818789025 228.1598618431975 1812.1936761613533 298.5589686959812 2.3536 2.2034 4.7012 70.26928654016734 4.250870265223249 -5.6925 2.9624863797598247 0
CAR 0.0 0 4.33168470742088 1720.8873256203171 276.8888358323718 1805.6552566533903 336.78399077078836 1.497 1.9045 4.1242 59.81537353087813 5.932067180040841 -6.3153 2.9327921430770307 0
