CAR 0.0 0 1.4945934164072474 345.45610615896635 35.96347897038245 482.8046345583893 183.085006509823 4.019 2.916 2.729 47.95366131886063 -1.2577328049374552 -5.5219 0.1770991263252167 0
CAR 0.0 0 -2.0255801239369062 889.5333586868567 617.9550634197487 1208.476435935988 889.1171069393237 1.5064 1.8967 4.1131 12.314904985886274 11.151595354443984 -6.6461 -2.9796581395269364 0
CAR 0.0 0 3.0036510314848495 1338.700878093392 198.71668214988563 1508.7461730944055 315.53144437911976 1.594 1.8966 4.5394 31.63754630839791 -28.165521726983076 -6.3337 1.6105393675152717 0
CAR 0.0 0 4.932562849167994 1087.6345134112235 -273.31622059788964 1128.0774358480965 -240.0903618474147 1.5034 1.8968 4.0982 -104.27618205336931 6.980934326708401 -8.5994 3.134259445184084 0
CAR 0.0 0 -1.145103771913871 199.25709909139843 462.6019487968822 452.1563352905795 598.2686518596016 1.5196 1.8976 4.1761 11.710240917868772 29.311552096558753 -7.5683 -1.699377694422411 0
CAR 0.0 0 -1.908893500077088 1228.6643622616082 625.2254917334884 1525.3317023041795 902.4530705315556 1.5011 1.8966 4.1043 14.698734666901245 7.86790394875006 -6.5801 -2.9796581395269364 0
CAR 0.0 0 1.5298693092452667 379.64173693002425 34.4198145240839 454.15616382300675 89.38518830475506 1.8149 1.9014 4.1022 67.05503679941528 3.6842843238887415 -6.1082 0.10470072598036383 0
CAR 0.0 0 1.6534063385670674 431.0982347752531 3.73770231969059 483.22064787264867 37.59146495707531 1.5064 1.8966 4.1132 90.55194403148046 7.359452206460702 -6.2904 0.12710228116912003 0
CAR 0.0 0 1.9938344224977245 1089.2912017371664 -584.2376048321831 1240.2047066185619 -387.04551261540246 2.6198 2.2122 6.0322 -39.877685661493295 -4.837006939594642 -7.5887 0.03114003599830792 0
CAR 0.0 0 -1.7020172664114561 1570.1420396668948 370.20562678410164 1707.1396877180555 469.9688936216044 1.499 1.9016 4.112 35.69900108048278 10.052508728566222 -6.2283 -3.0233332519838063 0
PEDESTRIAN 0.0 0 1.7330422935151248 628.4372798256745 139.02424874291654 665.5204982846669 208.6574510760291 1.7 0.7848 0.6973 39.934055612302025 -9.391728347999386 -6.0576 0.4242919206872831 0
CAR 0.0 0 -1.6427209532421703 1769.482453463908 261.2881446900804 1906.7994934903322 388.62701007255123 3.4079 2.7742 1.8309 50.32064833118569 7.938705162602021 -5.2988 -3.0395974269518478 0
CAR 0.0 0 -1.8058739202762921 75.89305461588559 1.075749674601048 307.8057022318079 142.36146325313186 3.5682 3.0012 10.9976 56.30234717974308 8.475645896416856 -5.2107 -3.052921796683383 0
CAR 0.0 0 -1.6855641987715078 1767.3895481629404 343.09565130197365 1879.9091987960962 426.72945314779315 1.5064 1.8966 4.1132 44.687217049838395 7.302025214588731 -6.2711 -3.0493759430220515 0
CAR 0.0 0 -0.9252636185007176 358.02314991562804 420.41628705199014 568.687049271354 533.8791941871327 1.5195 1.8976 4.1014 15.544108409348652 30.50414592393674 -7.441 -1.6993776944224108 0
CAR 0.0 0 -1.2995212504116178 1187.3901171895886 -355.10184813322644 1256.9621737743794 -299.1760430563705 1.5034 1.8968 4.0982 -68.83644333597856 5.011553264069206 -8.2291 -3.131473176424989 0
CAR 0.0 0 2.94533844577896 1315.6480246899746 242.6641305368853 1494.5377030170778 369.4494069128312 1.4987 1.9049 4.0972 27.94035122859842 -26.193509587447426 -6.4483 1.5881233509515706 0
CAR 0.0 0 -1.3092289631515224 81.10413411416944 372.0376524412827 276.8316665587656 461.24892393821796 1.5196 1.8976 4.1284 13.817279255170947 42.457891947096954 -7.6049 -1.7168309998735665 0
CAR 0.0 0 1.3207014145964253 312.46033462037565 141.94801862244685 499.3515372977538 238.61973770419715 1.2972 3.2042 7.6122 43.40210315265589 -2.0694760901891804 -7.0427 0.17919631084624332 0
WHEELER 0.0 0 1.549502202266733 1026.0579096682952 371.67748308888673 1098.0531968963603 508.6157176031928 1.7402 0.8236 1.4456 21.416871852904894 -17.882401610665333 -6.8021 0.3709978950934095 0
CAR 0.0 0 4.886829167716632 1036.5366219124012 -265.4398419527322 1069.1467028620707 -237.09911584968336 1.5034 1.8968 4.0982 -121.779 5.9767 -9.6676 3.081900071005257 0
CAR 0.0 0 -1.6319923029058905 1652.8023022350467 295.6910529754699 1744.689980037547 356.85949313377193 1.4986 1.895 4.0984 54.30088674109389 12.532621918081535 -6.2699 -3.0136867508378455 0
CAR 0.0 0 -1.644867179422801 1567.1975583907206 281.9659835910099 1654.1423947335354 337.21364260173567 1.5038 1.8954 4.152 57.08232998221488 16.257960056117675 -6.3408 -3.0263469084509356 0
CAR 0.0 0 5.018428958857218 1506.0555915959087 -565.6607513005815 1674.7383906220255 -443.1475669583787 1.498 1.8954 4.1042 -39.29944024265289 6.197725487903146 -8.3635 3.141428118190829 0
CAR 0.0 0 3.089535030716757 2968.3162069848704 227.61576064889715 3355.2519907788505 335.7789400949431 1.5032 1.8952 4.1044 28.1618 -70.2404 -6.2698 1.6071949858009207 0
