CAR 0.0 0 3.0114865269317015 1342.167855065729 198.57389566223037 1512.627165845323 315.27578772986726 1.594 1.8966 4.5394 31.654804086352456 -28.262958788269234 -6.3337 1.6177921667651312 0
CAR 0.0 0 -1.2192879589089944 197.79748163588116 462.9371518124722 451.07113800846327 598.8019234973875 1.5196 1.8976 4.1761 11.679214200968993 29.302268586687614 -7.5683 -1.7714513563579624 0
PEDESTRIAN 0.0 0 1.344260094486971 629.2812635458129 139.08155779865822 666.3358613799329 208.72548813917803 1.7 0.7848 0.6973 39.92503172352379 -9.415392364276343 -6.0576 0.03527947359358132 0
CAR 0.0 0 -1.6517695146435722 1767.9524216548832 261.23972745315524 1905.1881647932576 388.5541741761533 3.4079 2.7742 1.8309 50.297541496730624 7.978517032374581 -5.2988 -3.048531819335291 0
CAR 0.0 0 -1.8618969281201572 47.664806602803644 4.804541811059329 293.46201095786626 152.45010980693004 3.5682 3.0012 10.9976 54.31768156211203 8.390275996398188 -5.2107 -3.0427454332082586 0
CAR 0.0 0 -1.6858847626954803 1767.749912935919 343.1664469714215 1880.2909959857252 426.8342955606828 1.5064 1.8966 4.1132 44.679801232011535 7.291851709631942 -6.2711 -3.0496920303081225 0
CAR 0.0 0 -0.9626838392023507 357.7305124366763 420.3491362289331 568.3744698205658 533.7789517887853 1.5195 1.8976 4.1014 15.543172186952454 30.515791595386766 -7.441 -1.7365580581160818 0
CAR 0.0 0 2.994255184288522 1321.6716279519176 241.64900130301868 1500.8530304446292 367.8366862303059 1.4987 1.9049 4.0972 28.034187311194263 -26.36782060814247 -6.4483 1.6352454592850747 0
CAR 0.0 0 -1.3189168125838946 100.75654166725587 359.76237154258064 288.21911581089324 444.2671035396942 1.5196 1.8976 4.1284 14.739597691506162 43.749408108432185 -7.532 -1.7714513563579624 0
CAR 0.0 0 2.9989414003777277 1500.6460339853963 268.99937496888816 1733.0307318142031 413.4603044601017 1.5032 1.8952 4.1044 24.83442723816594 -29.013701391035916 -6.2698 1.6352454592850747 0
CAR 0.0 0 1.6680528227084037 429.0175254618369 -32.70481745134999 516.6007450943589 26.807272444236844 3.1098 3.3536 10.442 107.37934725253663 9.951845260523976 -6.0304 0.08868136636738409 0
CAR 0.0 0 2.0680027296356545 1126.8367517907257 -626.6025929139263 1259.865456329766 -482.9683587952715 1.4968 1.8978 4.1026 -36.54887648354198 -4.965165780246029 -8.2622 0.06321722667974086 0
CAR 0.0 0 -0.0205505740386418 1472.494022542925 585.8404694427122 2003.0352512684099 1022.1104056636852 1.9202 2.1008 4.4984 11.923435068343522 -22.74092394874059 -6.8328 -1.1565448635803022 0
CAR 0.0 0 3.1189547177663464 2849.1125810569547 211.30994074085515 3265.9333094356766 325.63962439280147 1.4966 1.9946 4.6048 27.982922319600068 -66.5067647936919 -5.8821 1.6352454592850743 0
CAR 0.0 0 -1.20635255406035 126.88812588986383 277.2692141189945 256.34127058122056 328.881097470741 1.4992 1.9014 4.0972 22.08696545145825 62.889561556132634 -7.3685 -1.7714513563579624 0
