CAR 0.0 0 3.01586361518679 1341.3057565003116 198.41750711092436 1511.535436104907 315.04010926685004 1.594 1.8966 4.5394 31.67381426865696 -28.247373005560277 -6.3337 1.622155489895117 0
CAR 0.0 0 -1.2215934245032771 195.9974083970194 462.82996796125315 449.3676866432152 598.6452338604907 1.5196 1.8976 4.1761 11.65913843240411 29.337178709220378 -7.5683 -1.7714513563579624 0
PEDESTRIAN 0.0 0 1.3435069063293659 627.6403883350355 139.16011831267622 664.7782201571623 208.8348350475275 1.7 0.7848 0.6973 39.91085970688732 -9.373162326469917 -6.0576 0.035279473593581315 0
CAR 0.0 0 -1.6517550336056088 1767.584382403894 261.170281063819 1904.742260652519 388.42202514955875 3.4079 2.7742 1.8309 50.3130261157719 7.991605912460025 -5.2988 -3.048531819335291 0
CAR 0.0 0 -1.8632292988030748 47.167442921795356 4.880962514302073 293.2324753074801 152.6561193036377 3.5682 3.0012 10.9976 54.27879779562059 8.386238487525107 -5.2107 -3.0427454332082586 0
CAR 0.0 0 -1.6862914489973653 1760.7552784120414 342.5849249465865 1873.2909714444077 425.99850216911767 1.5064 1.8966 4.1132 44.65487817367054 7.461505438890896 -6.2711 -3.0496920303081225 0
CAR 0.0 0 -0.9981091688152897 357.2315529514278 420.3643785322498 567.927588697428 533.8049816909961 1.5195 1.8976 4.1014 15.534785783606658 30.522152656882014 -7.441 -1.7714513563579624 0
CAR 0.0 0 2.9947672373739893 1322.0964470372105 241.10209333762583 1501.0099759494226 366.9936178314096 1.4987 1.9049 4.0972 28.085883308442757 -26.396268249786775 -6.4483 1.6352454592850747 0
CAR 0.0 0 -1.3181503555475973 101.14379302845443 359.73931818014137 288.56224740320425 444.2317271869228 1.5196 1.8976 4.1284 14.748293552273074 43.74607558319936 -7.532 -1.7714513563579624 0
CAR 0.0 0 2.999131870648824 1501.1026440419785 268.8214713816232 1733.4306405603559 413.1742724397964 1.5032 1.8952 4.1044 24.848349820269593 -29.030377266478997 -6.2698 1.6352454592850747 0
CAR 0.0 0 4.774014574292944 1075.6784176553956 -228.09628162970475 1106.2483771227246 -204.07569296807876 1.5038 1.8956 4.1518 -134.74775591461034 11.722771629964505 -8.2426 3.0077970091202064 0
CAR 0.0 0 2.4578025259701377 2313.605340935768 -8404.341352120167 6307.106783362096 -1903.3236853861886 3.4461 3.0048 1.7389 -5.795214034902327 -6.623952481297559 -7.3737 0.0476240649650965 0
CAR 0.0 0 -0.0109612016695088 -81733.25960833982 -65445.493324534065 55897.40735184589 156538.463368208 3.1096 3.3536 10.442 -7.791063953995014 -6.381621348076692 -7.1405 0.05406425722112945 0
CAR 0.0 0 1.2936432924541013 296.4750086341613 107.66193789854069 400.9092262510038 175.91973737828712 1.5162 1.9006 4.1032 49.84349178748493 1.6309147510058761 -6.7749 0.10522774726853645 0
CAR 0.0 0 2.2754554785149295 716.3670014526421 -670.8376720268769 822.3309877779844 -486.55377925031956 1.9203 2.1008 4.4984 -36.23826602034699 -14.538865487973792 -8.1745 0.06590596732688835 0
PEDESTRIAN 0.0 0 -1.7870808760156365 645.3047140827657 136.03664780064722 678.0549255515588 204.65896076494823 1.7 0.6962 0.6968 40.5069 -9.737 -6.0661 -3.106313179996212 0
CAR 0.0 0 5.022995733309336 1315.5048922935985 -514.7233367514182 1451.6624979069056 -401.5551726072464 1.632 2.0088 4.1048 -42.90535766297641 2.217325357547169 -7.9664 3.133372182720497 0
CAR 0.0 0 4.904561739780807 1057.9262911360447 -295.3687477113994 1099.9993257315875 -259.20088984214334 1.5044 1.9512 4.0978 -99.5809 4.0278 -9.2429 3.0824223808468734 0
