CAR 0.0 0 3.0148654951487996 1342.2141322502841 198.45606968828764 1512.6023211841011 315.0916075609502 1.594 1.8966 4.5394 31.669112997640433 -28.26949894555173 -6.3337 1.6210677637018256 0
CAR 0.0 0 -1.234995666793616 195.0245463573264 464.0758520163653 449.3627196160871 600.6011875620359 1.5196 1.8976 4.1761 11.603086979805369 29.240149328216674 -7.5683 -1.7828567597874547 0
PEDESTRIAN 0.0 0 1.133799225534167 626.8961146642251 138.6462742592144 663.9918264962737 208.18558212558708 1.7 0.7848 0.6973 39.99627519210324 -9.343017411675609 -6.0576 -0.17496862750956493 0
CAR 0.0 0 -1.5975791642427157 1757.1903866362022 260.9179845742328 1893.8738027185589 388.07920224343826 3.4079 2.7742 1.8309 50.1279567045426 8.257747235488203 -5.2988 -2.9935192807144797 0
CAR 0.0 0 -1.5946435186939643 1730.467691897784 238.0208345588082 1909.6838698205634 389.9338866891824 3.5682 3.0012 10.9976 53.88044703018696 8.765062696860623 -5.2107 -2.9984216935191634 0
CAR 0.0 0 -1.6636494382638867 1765.4597639914311 342.3387003997577 1877.668477166169 425.59685370664914 1.5064 1.8966 4.1132 44.80780131482935 7.37018615428735 -6.2711 -3.027719941514197 0
CAR 0.0 0 -0.971494889790946 359.4095193598583 420.0797436948314 569.7336413068945 533.3603258751415 1.5195 1.8976 4.1014 15.582848304532574 30.517076472878706 -7.441 -1.7473622960181396 0
CAR 0.0 0 2.9928488713745 1314.7148803740672 240.954362987499 1492.4336827930074 366.8330785632544 1.4987 1.9049 4.0972 28.102199559073235 -26.228722662926494 -6.4483 1.634389033626596 0
CAR 0.0 0 2.996217071156471 1489.7326610042787 269.48795929484606 1720.6609566377763 414.34010073751165 1.5032 1.8952 4.1044 24.80041871258161 -28.761508603277143 -6.2698 1.634389033626596 0
CAR 0.0 0 3.0735914926836694 2177.353626462594 234.54210155279134 2535.6000874793112 369.9338474583228 1.4966 1.9946 4.6048 25.696152526246927 -45.3849466531887 -5.8821 1.6296117114002369 0
CAR 0.0 0 -1.1170785688908014 169.7356840119731 308.13274322869233 318.5967224039075 371.3435157382345 1.4992 1.9014 4.0972 19.78598252781629 52.370043159962066 -7.3685 -1.7419707110178175 0
CAR 0.0 0 -1.309680104201795 98.87737676576943 362.5651629667853 285.54762385452824 446.584998309724 1.5006 1.8984 4.1012 14.663863913959743 43.746591642993025 -7.5939 -1.755079248103253 0
