CAR 0.0 0 2.9252163316890396 1433.1704598272327 323.39879564490747 1709.8342042461004 515.0157878507889 1.551 1.9022 4.6956 21.430169320404843 -26.248789850286464 -6.4702 1.6140760596521562 0
CAR 0.0 0 2.948030387533686 1351.7807513563992 214.2603058687364 1515.4237535071097 324.0365833154001 1.5 1.8998 4.0998 31.360781681527968 -28.353001718973807 -6.555 1.562018017330398 0
CAR 0.0 0 2.98266483459493 1793.5997764126116 318.6841148422154 2134.617936614819 492.47345458135175 1.5 2.037 4.3995 21.642581239093346 -33.4598708921081 -6.4402 1.6146851398907596 0
CAR 0.0 0 -0.9933434922321456 342.56228155222317 412.3764846360017 550.3754913876963 525.8458600971545 1.5999 1.899 4.0996 15.666370749478968 31.467725296273194 -7.4486 -1.7574534447408663 0
CAR 0.0 0 -1.0379198173491653 273.9156456260894 375.9886965266178 460.7996361172296 467.000344997773 1.5 1.899 4.0996 16.772487088670612 37.50363230202043 -7.4503 -1.757453444740867 0
CAR 0.0 0 2.9092914408400725 1346.3721629272034 239.03273535219517 1528.8695218297316 364.65722773518024 1.5 1.8998 4.0998 28.0812122276501 -26.956332888539528 -6.4052 1.5445674015897737 0
CAR 0.0 0 3.0197014961946795 1608.707642027452 203.17364556745702 1802.0795540441225 307.77335906461127 1.5 1.8998 4.0998 31.974555412649075 -35.471781907567845 -6.4191 1.5969143524866567 0
CAR 0.0 0 -1.2813773043020007 128.78973233037115 409.37888140859593 345.88829205282013 517.0759248146245 1.553 1.899 4.0996 12.832395883266116 36.31348829957588 -7.6325 -1.7574534447408667 0
CAR 0.0 0 -1.2313483713229574 177.85255453908732 456.6655491285383 428.20888375990006 596.0728474648328 1.6483 1.8736 4.0995 11.486456133438754 29.839465709456547 -7.5421 -1.7574534447408667 0
PEDESTRIAN 0.0 0 3.6427623948906485 897.2326841645818 103.86154639605164 922.8657883817851 165.5415239888433 1.7024 0.7548 0.7211 44.961613449410535 -17.054388980288095 -5.7738 2.2187577093109483 0
CAR 0.0 0 -1.5963085924300278 1728.6530791534021 242.49318903008765 1909.7303221246646 417.7343922519804 4.083 2.9959 5.8323 46.95599687023116 7.993519554419643 -4.9879 -2.9908413064371224 0
PEDESTRIAN 0.0 0 -2.109644042916104 1449.9462521414487 993.2479168256654 1702.8328073123055 1321.3424049534551 1.8354 0.7406 1.0616 7.468027357177576 -18.928311495609332 -6.551 -3.0453816988558193 0
CAR 0.0 0 -1.3791521820189965 62.72450713005374 339.5366624610548 235.4089860230267 413.7455440023502 1.4996 1.899 4.0996 15.38820679572735 48.964277831433826 -7.6 -1.7574534447408672 0
CAR 0.0 0 -1.5890211603472917 1718.327189883793 223.72935491818933 1908.433891032609 398.3767252166334 4.1526 3.0019 10.9977 52.09431819802154 8.770625015556941 -4.9096 -2.994543022300242 0
CAR 0.0 0 1.6599043122929489 436.1316903448329 18.686177227256714 491.02181400673646 54.9943637687199 1.5 1.9032 4.1049 85.12210754147718 5.81609573011103 -6.6873 0.16763328574304456 0
PEDESTRIAN 0.0 0 0.7482159611025023 1062.6288552731103 246.10451733613525 1086.0609832180764 286.7198118049134 1.7 0.6991 0.791 51.96321251903827 38.728827585635784 -6.1958 -0.5796320570379399 0
CAR 0.0 0 -1.667700079312799 1601.4398771294193 269.85132967562237 1683.8516979340195 321.59926230560615 1.4954 1.9024 4.0993 60.49997343577947 15.948046504644307 -6.0972 -3.060890406115459 0
