CAR 0.0 0 2.724263169213758 1776.9695472549113 301.7025200866488 2175.638316637901 487.70823873891345 1.5023 1.898 4.937 13.799395513190372 -24.836942816090207 -6.5925 1.3488135988365393 0
CAR 0.0 0 2.656452965770117 1319.201226028062 235.0953006047426 1534.34254926985 363.4569248873732 1.5177 1.898 4.0963 21.941412529382436 -19.998983569435833 -6.7131 1.2910181249559247 0
CAR 0.0 0 2.6559685062318916 1406.1853118341328 311.83049482242365 1743.2751268543411 511.1038795640355 1.5541 1.898 4.9169 15.674234872134814 -17.64877005471134 -6.7043 1.3385813619489222 0
CAR 0.0 0 -1.470689409053161 211.28456693867923 440.8157353405876 436.59159048829383 578.528764538118 1.6474 1.9008 4.0966 22.15135207737277 38.97493389395498 -8.1942 -2.043220920331697 0
CAR 0.0 0 2.7210591146034613 1587.7775528844802 198.359824377966 1811.2256819796714 301.71544186401235 1.396 1.8974 4.3588 23.2490778022886 -29.472051673214764 -6.6116 1.2953621165572875 0
CAR 0.0 0 -1.3037472187656185 349.90600246221726 399.34817872311044 535.1223274040342 514.3523926551636 1.6474 1.9008 4.0966 26.380203993858018 39.57396909915138 -8.1431 -2.078132818304195 0
CAR 0.0 0 0.31283142924799234 259.95101800677975 74.81890150695332 502.20585384555835 412.92249041312397 4.11 3.0032 11.0896 29.661174482076113 0.15901430273613038 -5.5143 -0.7312833481760681 0
CAR 0.0 0 1.2866391231127001 443.7312905859715 70.38520646347932 617.553118010549 285.7160464891128 3.9074 3.0032 5.6574 34.72413946621924 -3.092576754076565 -5.6171 0.02850869127378722 0
CAR 0.0 0 4.3645433405601235 1692.26696604657 279.945336035643 1818.2691642045374 390.50872910719414 2.3536 2.2034 4.7012 47.84471150280236 8.181784020106571 -5.6925 2.981374829953033 0
CAR 0.0 0 2.785561217122246 2086.6170526182127 250.0096487130548 2630.2685323009828 465.588529844977 1.9972 2.1978 5.9954 12.274427330620217 -32.56026569715388 -6.1821 1.3630240930533906 0
CAR 0.0 0 2.76424387834603 1727.2611857361808 255.53072061273355 2018.648539666435 395.6976081904589 1.4974 1.8977 4.0982 16.95468724932476 -26.76497480806389 -6.4838 1.3642834977290486 0
CAR 0.0 0 4.368873849277938 1713.0991065928895 293.6136399603111 1800.7663990411174 357.8366267352007 1.5036 1.8952 4.097 56.97814056732101 6.509186596772251 -6.6445 2.9809770159290045 0
CAR 0.0 0 4.367037343793939 1640.7529038442124 415.3996800296334 1849.0996412008867 650.1624972551633 2.5368 2.1676 5.7104 29.449271933701542 11.03834493676274 -6.6447 3.0898372592989554 0
CAR 0.0 0 4.36858552612021 1723.1672159901148 267.6125498850212 1799.7119734645437 321.32638047073607 1.5128 1.9018 4.1024 65.94439465775204 4.993958840402855 -6.5594 2.9631082532858892 0
CAR 0.0 0 4.302926621074591 1479.8872157900528 320.9291563507494 1551.894340819656 394.2925922425992 1.5022 1.9049 4.1038 48.74052752609493 14.672431604878415 -7.16 2.9631096288826786 0
PEDESTRIAN 0.0 0 2.660784293287432 624.6322697914771 131.10006319104403 661.2066525186401 201.02932879791106 1.7526 0.7308 0.855 39.82452953302057 -6.667863661635529 -6.4758 1.3421832397425082 0
CAR 0.0 0 4.221757816408542 1651.6067919030238 385.6198797529127 1768.2517808158243 492.51735658930113 1.4954 1.7998 4.3147 38.820356284957505 10.248097223477435 -7.0466 2.901525931352486 0
