CAR 0.0 0 2.727881926276913 1776.333276671252 301.95560975573596 2175.2183421815794 488.1713907399599 1.5023 1.898 4.937 13.790066587441537 -24.807969971636506 -6.5925 1.352655634908364 0
CAR 0.0 0 2.6651920396038458 1316.696679251768 235.27980985497456 1531.690265577949 363.7784253660085 1.5177 1.898 4.0963 21.942099549086358 -19.93094382375303 -6.7131 1.300287801406882 0
CAR 0.0 0 2.6708009897658087 1407.5800003812726 311.1398053713628 1744.213092769682 509.8316039533062 1.5541 1.898 4.9169 15.703821595602452 -17.704837713232948 -6.7043 1.3526556349083636 0
CAR 0.0 0 -1.5322682989338485 216.58264182901107 440.3799491270739 440.9338605727131 577.7950714665235 1.6474 1.9008 4.0966 22.226850165969626 38.915403887496325 -8.1942 -2.112005731420875 0
CAR 0.0 0 2.7264522673559566 1589.7223246737387 198.81517660568213 1813.7778339695064 302.3956637601715 1.396 1.8974 4.3588 23.187261763978707 -29.475562131790937 -6.6116 1.3008901068240033 0
CAR 0.0 0 -1.3261227417823052 360.19875362953167 398.71306213858287 543.8567401776556 513.2906901739286 1.6474 1.9008 4.0966 26.545089433707265 39.423139185157986 -8.1431 -2.112005731420875 0
CAR 0.0 0 4.4449861237354344 1667.041963883497 222.4208022279234 1849.963939607543 399.9886844985279 4.11 3.0032 11.0896 53.794621402380805 7.483164118296986 -5.5143 3.0458113162218337 0
PEDESTRIAN 0.0 0 2.7806347720017044 709.196461203536 115.06872252681869 743.4339784147606 182.12367422678923 1.7 0.6968 0.9282 39.88065548095043 -9.16389955841733 -6.1004 1.4111268072147432 0
CAR 0.0 0 4.2640926729014055 1484.1318256204431 328.26915224797295 1556.389656492753 402.43909055171724 1.5021 1.9038 4.0982 48.61313985634075 14.50975062473697 -7.3727 2.9284830667030453 0
CAR 0.0 0 4.3912343488860515 1732.749515669931 247.3372825781109 1820.6376946920896 314.672570069779 1.9994999999999994 2.0167 6.000200000000007 69.38500605334517 3.9598042369191684 -6.3098 2.9767344146944934 0
CAR 0.0 0 1.6102622316753816 1555.2977784887644 644.912611116368 1782.4741589415332 953.0159544984177 1.7 1.8454 4.0952 18.879390560161728 13.241581760253931 -7.2475 0.4842418764786597 0
CAR 0.0 0 4.432768951386459 1676.447220867396 247.79690263272406 1848.261330997794 415.5304170748374 3.9074 3.0032 5.6574 48.5717 7.986900000000001 -5.6171 3.0458113162218337 0
