CAR 0.0 0 4.8426408176167 1736.4085158847467 -738.5689764253814 2105.957997051938 -505.55004649396477 1.5196 1.9044 4.1024 -18.76202318481087 23.567614056679854 -7.3259 2.9619996004587223 0
CAR 0.0 0 2.728762478127879 1336.0714586102995 190.1117747553667 1543.7134234602831 312.4733145690286 1.7194 1.8964 4.5202 24.84846700981288 -22.77894228241383 -6.5435 1.329287223154536 0
CAR 0.0 0 4.837071614675757 2828.7207373127844 -1341.103916845378 3957.9872879882732 -749.5164998495774 1.5032 1.765 4.3145 -7.040600586629866 25.451918581832434 -7.2959 2.975791357899945 0
PEDESTRIAN 0.0 0 2.863134574011447 656.0583651828708 138.34412231877693 690.5862181824282 206.55804317593856 1.7 0.6968 0.7192 38.80388334931638 -7.352132879702214 -6.5112 1.5425810858228364 0
CAR 0.0 0 4.413300105557167 1709.8802686664383 258.3909625281454 1844.9367459281527 382.1438327986643 3.487 2.935 2.072 53.12219791898333 6.65251944544084 -5.9211 3.020039438511599 0
CAR 0.0 0 4.423749649498607 1698.9482368961083 234.11400056015782 1856.4451442868751 375.92154067085335 3.8402 3.1746 6.0448 56.51129725550146 6.2427105954966295 -5.7444 3.0211496524281416 0
CAR 0.0 0 4.870846518405162 3070.227415434124 -1986.6185895780225 4833.008412817247 -950.2173450303052 1.5032 1.765 4.0984 -4.7641896774668 21.308571163094484 -7.2116 2.958648780373742 0
CAR 0.0 0 2.7109309842172316 1287.8321871370306 233.3191390739506 1499.93348178481 361.4604671583148 1.504 1.9011 4.104 22.13265268142034 -19.276236555446967 -6.6643 1.3489112058221957 0
CAR 0.0 0 4.368035369354544 1696.9345153724564 339.150949728687 1800.934352813088 421.0098464398371 1.5032 1.9025 4.0984 47.47587350628274 8.105459581577618 -6.9854 3.0106839122209634 0
CAR 0.0 0 -1.435673155268173 242.17881122540058 449.8883788684266 463.94689615531547 582.3586860124841 1.5003 1.9029 4.0972 22.271555604653475 38.27756029380999 -8.2755 -2.0415453642998926 0
CAR 0.0 0 1.4164777715327217 424.75666243557407 -14.223701074654592 504.73396664286173 81.63260153322817 4.0935 2.9956 3.2487 75.40448858322614 -3.870129805406896 -5.8272 -0.08435490020333669 0
CAR 0.0 0 -1.2640565182517705 384.3704633922362 413.7891479008202 567.3002757326616 525.7225296096819 1.4969 1.8793 4.0996 26.260452631868677 38.44152418560254 -8.2924 -2.0604177559563235 0
CAR 0.0 0 1.3341588445975467 1807.142476943142 184.63024617724173 1846.7090636126322 207.15152862206253 1.5038 1.8964 4.0964 139.15287437027908 -11.26516960706733 -6.1955 -0.12990260492156275 0
CAR 0.0 0 1.3305538592851138 428.54430294235624 50.1372456180788 508.20018774763145 98.41768332380289 1.2791 2.9956 7.5691 70.82626871473127 -3.484704509544466 -7.1889 -0.08435490020333661 0
CAR 0.0 0 4.018483073478405 1231.8302057199028 603.6914791102633 1435.5987404286404 886.8368610161401 1.507 1.9022 4.2796 17.93046030816005 17.007766544494533 -6.8916 2.9496756607112578 0
PEDESTRIAN 0.0 0 1.3079425872637715 635.1949782845275 141.48927253029404 670.6456710051699 210.9848132366586 1.7028 0.6996 0.6969 38.25077347756497 -6.675591277041079 -6.489 0.0002754820865611407 0
CAR 0.0 0 4.241866191467396 1294.978047520578 395.8409426037488 1405.440665172135 515.851748188845 1.4996 1.897 4.6336 33.28362999621057 18.376718657416692 -7.133 2.9942659262455553 0
CAR 0.0 0 2.7990563216656525 2390.143646852228 223.31033349632926 2752.2669186961266 348.8410967428763 1.498 1.8978 4.2058 13.09525552522305 -43.16572065447884 -6.0071 1.338150923885777 0
CAR 0.0 0 4.252667960601803 1526.117967979709 373.63129242372986 1623.054634081629 474.7218440097169 1.4972 1.8964 4.1876 38.85866954467422 13.382273655039526 -7.046 2.9442272823651887 0
WHEELER 0.0 0 1.318092281386985 811.9609798707786 180.77948098680085 867.1240294764511 268.67903282951045 1.7 0.8486 1.7004 31.4285 -10.017 -6.5935 0.007842915966959524 0
