CAR 0.0 0 2.9939485569901416 1340.445013693134 198.39722041082044 1510.5352435063348 315.01665652726444 1.594 1.8966 4.5394 31.67629415119265 -28.22567215615735 -6.3337 1.600338874245188 0
CAR 0.0 0 -1.2226810733176232 195.26284681270045 463.0377686788912 448.8491730971707 598.9748305434636 1.5196 1.8976 4.1761 11.642196751921736 29.32900878421669 -7.5683 -1.7714513563579621 0
PEDESTRIAN 0.0 0 1.343504502074866 627.8361516305393 139.20834418949735 664.9724158887208 208.8950450516778 1.7 0.7848 0.6973 39.90294189527851 -9.37934368304067 -6.0576 0.03527947359358132 0
CAR 0.0 0 -1.6517379833699843 1767.9977105291396 261.2023877408985 1905.196738293487 388.47943480664145 3.4079 2.7742 1.8309 50.31234129624999 7.979689844951205 -5.2988 -3.048531819335291 0
CAR 0.0 0 -1.8627500336035607 47.44878460332705 4.883604600590263 293.4475104854431 152.65629075471728 3.5682 3.0012 10.9976 54.278911144797654 8.377929554234697 -5.2107 -3.0427454332082586 0
CAR 0.0 0 -1.6860581069087492 1767.5930621727641 343.4180216119373 1880.2712761538428 427.2159006958193 1.5064 1.8966 4.1132 44.62297145824765 7.286261049252337 -6.2711 -3.0496920303081225 0
CAR 0.0 0 -0.9623062272281525 358.0113080877645 420.2576274618909 568.5709385641397 533.6384179642723 1.5195 1.8976 4.1014 15.552235405143874 30.52084165232649 -7.441 -1.736558058116082 0
CAR 0.0 0 2.994449733877776 1321.4590508935535 241.36776886944722 1500.4381220988146 367.4069833449029 1.4987 1.9049 4.0972 28.060883787443863 -26.372369441150276 -6.4483 1.6352454592850747 0
CAR 0.0 0 -1.311483913415671 104.51700642106397 359.51897983044125 291.5374652345468 443.8953529422321 1.5196 1.8976 4.1284 14.825286444577081 43.72047749825383 -7.532 -1.7714513563579624 0
CAR 0.0 0 2.9980082130452512 1506.2990716535403 271.39273125323956 1741.4184033204094 417.1968968942544 1.5032 1.8952 4.1044 24.64337001308483 -29.041992442879497 -6.2698 1.6352454592850747 0
CAR 0.0 0 4.823795747070207 1068.9292155144108 -241.5515839946062 1102.5772416329448 -214.5884342019872 1.4952 1.9028 4.1046 -121.88735337014143 8.801713621235582 -8.1952 3.0460925428424637 0
CAR 0.0 0 1.628398721319207 398.2972091126243 -20.04188052230512 503.7013233590646 51.251244037599086 3.1098 3.3536 10.442 91.69975499432054 7.777586048836185 -6.0304 0.08868136636738409 0
CAR 0.0 0 4.752102089742389 1045.8308215309971 -229.53018334544603 1072.0990255600868 -208.01604927159335 1.5044 1.9032 4.0978 -151.53849734148852 11.59360045656063 -9.4954 2.977674094340651 0
CAR 0.0 0 1.9729060818046424 1056.8270122167744 -507.07584663169206 1151.435389872362 -406.0097477701208 1.4968 1.8978 4.1026 -46.0843014263825 -5.103150166453399 -8.2622 0.010858183512042307 0
CAR 0.0 0 0.09444643207618375 1092.4556143875827 755.5369071805776 1604.7106562041545 1413.09306461982 1.9202 2.1008 4.4984 8.942545618587735 -17.54404441044251 -6.8328 -0.7894351900754727 0
CAR 0.0 0 1.742185904796672 455.62907206765396 -43.72699252630604 494.93297839427305 -18.941388252483204 1.5162 1.9006 4.103 119.0642 12.2916 -4.8514 0.10522774726853645 0
CAR 0.0 0 -1.2832330326925743 92.35867441901199 267.6106527267503 216.70480128794895 315.8823576274532 1.4993 1.9014 4.0972 22.3368 67.5125 -7.3688 -1.7714513563579624 0
