CAR 0.0 0 2.994053706023109 1340.661106383107 198.30492362674661 1510.722056805858 314.8706894472327 1.594 1.8966 4.5394 31.687511061704704 -28.235512479040665 -6.3337 1.600338874245188 0
CAR 0.0 0 -1.2223283120266082 195.47111475492406 462.90177748237556 448.9420574535672 598.7607901966176 1.5196 1.8976 4.1761 11.649678234060632 29.338192538421975 -7.5683 -1.7714513563579621 0
PEDESTRIAN 0.0 0 1.34389437563676 628.3181916075783 139.08032941989848 665.414762681088 208.72946113118832 1.7 0.7848 0.6973 39.92461372330569 -9.389662475092365 -6.0576 0.03527947359358132 0
CAR 0.0 0 -1.6517049844850604 1768.0423454706377 261.1629373820582 1905.2025143247913 388.40052138615255 3.4079 2.7742 1.8309 50.32790069792467 7.981007151001148 -5.2988 -3.048531819335291 0
CAR 0.0 0 -1.8619345710093678 47.64886924243327 4.806157627954691 293.45310664878997 152.45459136151254 3.5682 3.0012 10.9976 54.31683236743891 8.390339083487728 -5.2107 -3.0427454332082586 0
CAR 0.0 0 -1.6859136142613211 1767.2144196574573 343.11843059252453 1879.7533123171024 426.7650069275812 1.5064 1.8966 4.1132 44.67864290028253 7.304937348234099 -6.2711 -3.0496920303081225 0
CAR 0.0 0 -0.9796582534058081 358.10589139314783 420.2570031099503 568.6571555095134 533.63692218872 1.5195 1.8976 4.1014 15.553707262339547 30.5193996285416 -7.441 -1.7540086913347361 0
CAR 0.0 0 2.9943301683034256 1323.1684025024078 241.85093387294899 1502.6969168735507 368.1332206656335 1.4987 1.9049 4.0972 28.01462261681684 -26.39591313252977 -6.4483 1.6352454592850747 0
CAR 0.0 0 -1.3184924154690105 100.98446324599905 359.80617010937794 288.46195538207405 444.32929729660276 1.5196 1.8976 4.1284 14.74132678432753 43.737269149937106 -7.532 -1.7714513563579624 0
CAR 0.0 0 2.9987844145339935 1502.0552908886089 269.4894117925533 1735.0403724297043 414.2224172471525 1.5032 1.8952 4.1044 24.79500461795494 -29.024907635795604 -6.2698 1.6352454592850747 0
CAR 0.0 0 4.829684532617993 1081.3611170154204 -252.57787659431676 1118.244166857861 -223.05193959877911 1.4952 1.9028 4.1046 -113.1176192883977 8.212479807029146 -8.1952 3.0460925428424637 0
CAR 0.0 0 1.6292275098229316 417.98994868824514 -18.17625147386108 497.0375824209738 57.39660410166548 3.6148 3.2348 2.3654 84.50374016618466 5.852327283072524 -5.7722 0.10029631116745565 0
CAR 0.0 0 1.5911198404089781 377.8402702567334 -8.927443922343373 498.61705693808454 73.13608328006194 3.1098 3.3536 10.442 81.21993026226421 5.976038111032205 -6.0304 0.08868136636738409 0
CAR 0.0 0 4.758052923205806 1045.0944832976468 -236.84015625851353 1072.8320318622889 -213.88548993219752 1.5044 1.9032 4.0978 -143.7070853404116 10.250206230389876 -9.4954 2.977674094340651 0
CAR 0.0 0 1.9304747926183898 1028.3485009097487 -452.00534599944245 1107.219890321257 -368.7944172031693 1.4968 1.8978 4.1026 -52.664559858488346 -5.013383250847182 -8.2622 -0.0065944610982945065 0
CAR 0.0 0 0.10785966100488009 865.2382474436188 959.0497071094297 1403.8389122445265 1963.671323180464 1.9202 2.1008 4.4984 6.550437315221735 -15.296595844986015 -6.8328 -0.5277196370232453 0
CAR 0.0 0 1.742185904796672 455.62907206765396 -43.72699252630604 494.93297839427305 -18.941388252483204 1.5162 1.9006 4.103 119.0642 12.2916 -4.8514 0.10522774726853645 0
