CAR 0.0 0 2.7056249788098112 1327.8309557405473 190.0009685575856 1534.4351353321529 312.4014525956881 1.7194 1.8964 4.5202 24.918056609994483 -22.5770146189947 -6.5435 1.3071164376815183 0
CAR 0.0 0 -3.8052240908568944 -470.2402237886574 183.7259295989325 -90.58111777745123 447.50130718576827 3.487 2.935 2.072 27.059662473472194 10.012912771556449 -5.9211 -3.0944097183413195 0
CAR 0.0 0 2.668532569614529 1280.886252419045 232.7220264451958 1491.7285489860596 360.597156163473 1.504 1.9011 4.104 22.22958183368607 -19.15615758974703 -6.6643 1.3071218474788941 0
CAR 0.0 0 -1.4899643062814656 220.71401717603715 451.9843801272487 446.4941632507286 585.7932668990643 1.5003 1.9029 4.0972 21.95063828696583 38.49955922858323 -8.2755 -2.067370310837955 0
CAR 0.0 0 -1.2648011714839478 390.016000620332 413.15677331832615 571.951070806328 524.7270820849584 1.4969 1.8793 4.0996 26.3714820391943 38.37993183004579 -8.2924 -2.067370310837955 0
CAR 0.0 0 2.689571173032903 1483.9284097956008 238.11876015031802 1760.0598790208403 385.75893221813715 1.498 1.8978 4.2058 18.0131622661674 -21.048420139958402 -6.0071 1.307121847478894 0
PEDESTRIAN 0.0 0 1.3405864978456554 634.7877695273812 141.1541963205921 670.1079009754293 210.4110672128779 1.7 0.6974 0.7026 38.35192299893997 -6.679829457718338 -6.4943 0.032453203031635944 0
CAR 0.0 0 -2.156263361793825 31.887029633804847 370.79477068903753 265.1016751088606 604.2313108846703 1.5032 1.8996 4.0986 19.738900844271335 3.3130235837307644 -6.7781 -2.478292772103896 0
CAR 0.0 0 -3.8488571312615254 -459.85270034153103 88.24301212665213 -25.867747144847584 403.06420715749334 4.117 3.002 6.0508 30.757288471294945 10.22481055222065 -5.4223 -3.0957735045075214 0
CAR 0.0 0 2.755072799627843 1850.2266218428667 217.90493596102894 2162.775210730701 354.19856367893385 1.4956 1.9016 4.1016 16.190054624938973 -29.090764195356986 -5.6954 1.3245723866681374 0
CAR 0.0 0 2.207654183932137 618.750321703624 263.67109781938507 766.6287201283913 370.8164458499038 2.6032 2.3432 5.4312 40.28292979535635 41.16124420517466 -6.8554 1.06220185284538 0
CAR 0.0 0 4.3573696468469185 1696.4732003040015 330.08200330047197 1800.9646195944872 411.5182126669142 1.5026 1.8998 4.0992 47.28754739467316 8.20067676372137 -6.6842 2.994956601495209 0
CAR 0.0 0 4.362433573399663 1716.4280164778484 298.72146863728585 1807.7387641470466 365.63046917268525 1.5026 1.8998 4.0992 55.189741138611474 6.629002087735429 -6.6114 2.977527194182836 0
CAR 0.0 0 1.9358089340342797 1232.5327020781313 454.6283843429528 1364.1063592874718 599.0539914109033 1.4975 1.8986 4.1084 27.922326247172453 18.82957443608024 -7.3344 0.747478087886069 0
PEDESTRIAN 0.0 0 3.515681514971372 647.3406944082581 137.35059696216032 682.1419592554993 205.44817302557797 1.7 0.7048 0.7016 38.9217865179923 -7.131087990104258 -6.4929 2.1967451706389425 0
CAR 0.0 0 4.3656294949487515 1728.3327898685268 268.84662249551513 1803.944758691575 321.41161751515756 1.5026 1.9046 4.099 67.15 4.5995 -6.7073 2.9600977287534684 0
CAR 0.0 0 4.398625796467069 1746.6856149529021 246.74812402172657 1813.7126204795784 291.13631243720147 1.5026 1.8998 4.0992 77.16633084298842 2.446882800639234 -6.5673 2.977527194182836 0
