CAR 0.0 0 3.0039776777969935 1342.3450522459043 198.91309265622465 1513.0546651502252 315.8031486780335 1.594 1.8966 4.5394 31.613669560148658 -28.252303866629347 -6.3337 1.6105393675152717 0
CAR 0.0 0 -1.1566667128557346 203.4999044356416 462.0185400139688 455.58596687141596 597.3304747669732 1.5196 1.8976 4.1761 11.78698672538004 29.303685960166202 -7.5683 -1.7168309998735665 0
PEDESTRIAN 0.0 0 1.7342596084267816 630.5499573740484 138.76641240703904 667.5033979586998 208.31737886717036 1.7 0.7848 0.6973 39.978543675097384 -9.44307492812288 -6.0576 0.4242919206872831 0
CAR 0.0 0 -1.6429063323221256 1767.9546816476932 261.3381181955013 1905.2897507734083 388.74927910552776 3.4079 2.7742 1.8309 50.26181626296746 7.972500472895283 -5.2988 -3.0395974269518478 0
CAR 0.0 0 -1.8077612520672128 74.60275825828434 1.095566119751134 306.8682133121006 142.44114148188655 3.5682 3.0012 10.9976 56.285307071187674 8.507760294385653 -5.2107 -3.052921796683383 0
CAR 0.0 0 -1.6856383451805446 1766.1435393489612 342.99514962074727 1878.6638899525447 426.58522113825086 1.5064 1.8966 4.1132 44.6821307894014 7.3320940895100355 -6.2711 -3.0493759430220515 0
CAR 0.0 0 -0.9426652595731473 358.0127745991001 420.4120335936749 568.6747246097724 533.8727972014885 1.5195 1.8976 4.1014 15.544173227733975 30.50475347710796 -7.441 -1.7167726053114256 0
CAR 0.0 0 2.9464233235225983 1310.9414603169316 240.40565931391325 1487.765612780004 366.02517391787217 1.4987 1.9049 4.0972 28.155551037017947 -26.15881131219815 -6.4483 1.5881233509515706 0
CAR 0.0 0 -1.3493793514104973 66.46998454204231 354.58999555290285 252.6620801962257 436.97372882480533 1.5196 1.8976 4.1284 14.388755400221395 45.353358641299295 -7.532 -1.7342843053404915 0
CAR 0.0 0 2.9797264149954463 1577.5719853974174 270.8489400250474 1824.1471426514204 415.6398529545511 1.5032 1.8952 4.1044 24.65485397700506 -30.589112791609338 -6.2698 1.6071949858009207 0
CAR 0.0 0 -1.3383814006592156 1083.4743344805051 -265.3966993712014 1123.1683785306989 -232.98558926813618 1.5034 1.8968 4.0982 -105.50390653253831 6.935360402065751 -8.2669 -3.1311229896829524 0
CAR 0.0 0 4.931879079929247 1139.8042142444563 -320.8373756244434 1195.799307056684 -275.0586535247863 1.5064 1.8966 4.1132 -80.83604608379972 5.438797294637611 -8.4218 3.1115694772907663 0
CAR 0.0 0 -1.6514277783840061 1608.9113860263913 335.61586461426106 1734.879538983297 428.5413854581536 1.6286 1.9033 4.096 39.545788399516 10.219831242568285 -5.8659 -2.998848718283731 0
CAR 0.0 0 2.1101021243032974 1014.9158606074863 -662.5572835841997 1142.6610907694844 -498.7945136246837 1.7 2.0361 3.853 -35.25198317303613 -7.8941871914100155 -8.2722 0.04689157397375113 0
CAR 0.0 0 5.015901693487741 1247.506849903061 -459.5736979971743 1355.0661502121395 -370.2672567048809 1.499 1.9016 4.112 -48.67876956036076 1.838526187055304 -7.9597 3.1371435214583197 0
CAR 0.0 0 -1.2633072863592016 1456.8428435828882 -525.2640347787351 1607.532273132894 -415.17283544428676 1.5038 1.8956 4.1518 -42.22302711661441 6.162993691222835 -8.2426 -3.131038877818941 0
CAR 0.0 0 -1.6285978023627372 1599.0427027432768 272.06672465051406 1679.5091054610702 322.80859269118446 1.5026 1.902 4.1038 61.9487 16.3841 -6.3397 -3.0203957641892134 0
