CAR 0.0 0 2.715963574770967 1776.0090399023804 302.42205224687706 2175.4385542188516 489.01214419978584 1.5023 1.898 4.937 13.767815515224104 -24.77100206646784 -6.5925 1.3410568121408173 0
CAR 0.0 0 2.6705879727436423 1312.6328132553188 235.08064203884882 1527.0042984563108 363.51144629422015 1.5177 1.898 4.0963 21.985818662158522 -19.851595604487013 -6.7131 1.3061449141683188 0
CAR 0.0 0 2.6592957452048744 1405.2767147958796 310.48149724480027 1740.794178884668 508.67736797200564 1.5541 1.898 4.9169 15.752850438434264 -17.692501034719218 -6.7043 1.3410568121408173 0
CAR 0.0 0 -1.4753848170968356 219.7660488796194 439.8150300911086 443.3615055741119 576.8822360628275 1.6474 1.9008 4.0966 22.29136482660593 38.90245792250859 -8.1942 -2.059644171057918 0
CAR 0.0 0 2.714401263327619 1587.7302412802803 198.3312647177111 1811.1476039999816 301.6719693909878 1.396 1.8974 4.3588 23.2524081279402 -29.47383792338671 -6.6116 1.2886889732761388 0
CAR 0.0 0 -1.266952516390242 365.70503438203923 397.66298679500875 548.1338510913012 511.64886961427993 1.6474 1.9008 4.0966 26.694381036395434 39.40355834848895 -8.1431 -2.0596441710579176 0
CAR 0.0 0 -3.8164954449863018 -556.9962806265828 77.05393525520756 -2.050866068042939 456.5495617516518 4.11 3.0032 11.0896 31.05812682296894 10.388118640036714 -5.5143 -3.045591456262478 0
CAR 0.0 0 4.332545623423546 1691.6837372627651 304.7063727666313 1815.3578912442651 412.91442576750694 1.9994999999999994 2.0167 6.000200000000007 47.48640811610269 8.17394059101422 -6.3098 2.9624863797598247 0
CAR 0.0 0 -3.374954126745532 -582.8725213990002 155.35648291000427 -34.90100886328785 545.6114197005843 3.9074 3.0032 5.6574 24.56595168511057 9.023537664825046 -5.6171 -2.690699806415723 0
PEDESTRIAN 0.0 0 2.771316027515477 622.5510125259863 131.84805595181507 658.49531424938 200.54985815004173 1.7 0.6996 0.9374 39.714164981000756 -6.581275501973149 -6.4566 1.4538021921240931 0
CAR 0.0 0 4.38200079455742 1718.3467311008235 232.96388085491438 1808.96955551594 306.8997501486202 2.3536 2.2034 4.7012 67.27637538642928 4.909586623783181 -5.6925 2.9624863797598247 0
CAR 0.0 0 4.325605871386978 1708.8852068284757 284.30865347131896 1796.6543432606327 347.8155104579096 1.497 1.9045 4.1242 56.930817362524834 6.718238386810696 -6.3153 2.9327921430770307 0
CAR 0.0 0 2.6752951870327055 1283.391525293954 203.18891806072787 1471.5317833224817 313.54222558590527 1.4974 1.9028 4.1016 25.1475 -21.2535 -6.6858 1.2886889732761388 0
CAR 0.0 0 4.396761787252021 1730.5675791484748 238.69107805963785 1795.1627650648875 281.7489202412653 1.4966 1.8962 4.1044 78.177 3.0922 -6.3076 2.9722800107190577 0
