CAR 0.0 0 2.925146330746932 1433.6869733195115 323.6172043659718 1710.642942409514 515.3852082455719 1.551 1.9022 4.6956 21.416452173582247 -26.252705681847694 -6.4702 1.6140760596521562 0
CAR 0.0 0 2.9480304368897445 1351.780640244103 214.26022523497477 1515.423579651921 324.03646359087867 1.5 1.8998 4.0998 31.3607909011108 -28.35300232396349 -6.555 1.562018017330398 0
CAR 0.0 0 2.982744038523883 1793.8889707582234 318.6063224017883 2134.8853907244284 492.34147193547346 1.5 2.037 4.3995 21.64735508561949 -33.46913141344999 -6.4402 1.6146851398907596 0
CAR 0.0 0 -0.9938980675267262 341.7475168628871 412.03819715968893 549.402083035976 525.3356723033572 1.5999 1.899 4.0996 15.671940733733518 31.518098091558297 -7.4486 -1.7574534447408663 0
CAR 0.0 0 -1.0352941850711235 275.85432056365266 375.88032985423735 462.5215688657432 466.8313052456412 1.5 1.899 4.0996 16.814167090832985 37.48389926331527 -7.4503 -1.7574534447408667 0
CAR 0.0 0 2.909303890903389 1346.9812190966975 239.13355031815846 1529.6323754639789 364.80664882808946 1.5 1.8998 4.0998 28.0713974284151 -26.966992071859167 -6.4052 1.5445673833066762 0
CAR 0.0 0 3.0199031915421664 1609.0526036641882 202.92455778748547 1802.2828038108705 307.3984322723377 1.5 1.8998 4.0998 32.005060410296295 -35.49858827228985 -6.4191 1.5969143524866567 0
CAR 0.0 0 -1.2833376126286415 127.62537173920715 409.45953035663734 344.87512513809634 517.2032468722675 1.553 1.899 4.0996 12.810379640675903 36.32255039274149 -7.6325 -1.7574534447408667 0
CAR 0.0 0 -1.231351475937249 177.81177259565698 456.56853964324523 428.1037444820439 595.9203632046004 1.6483 1.8736 4.0995 11.48929006127645 29.848949751109423 -7.5421 -1.7574534447408667 0
PEDESTRIAN 0.0 0 3.6454941541258 906.372634245546 102.83423225040116 932.158473579763 164.16095525216974 1.7024 0.7548 0.7211 45.20571980055088 -17.365025358949783 -5.7738 2.2187577093109483 0
CAR 0.0 0 -1.5962086612832245 1729.0967984894737 242.4278818705345 1910.0524132442588 417.5459561664408 4.083 2.9959 5.8323 46.99319466315695 7.98881722970028 -4.9879 -2.9908413064371224 0
PEDESTRIAN 0.0 0 -2.0978289520729767 1418.9678041071452 944.2595997452182 1652.8857005327889 1257.0176901818947 1.8354 0.7406 1.0616 7.9437258780284665 -18.891485501188615 -6.551 -3.0453816988558193 0
CAR 0.0 0 -1.3854789126041944 59.9068615054631 339.65263365050373 232.85870043213072 413.9237442173889 1.4996 1.899 4.0996 15.321870999067706 48.99808668038418 -7.6 -1.7574534447408667 0
CAR 0.0 0 -1.5888674388570494 1719.3627907438856 223.6658822293473 1909.2155511771398 398.142333913456 4.1526 3.0019 10.9977 52.156958462476474 8.753692819174963 -4.9096 -2.994543022300242 0
CAR 0.0 0 1.632725794326405 425.6634899275988 26.965328570702795 484.66337520615326 66.00630605843145 1.5 1.9032 4.1049 79.83752469687664 5.062348418655036 -6.6873 0.16278450163493602 0
PEDESTRIAN 0.0 0 0.7465606558503153 1055.884614240673 246.26864506493862 1079.3148863171798 286.9660701852161 1.7 0.6991 0.791 51.653587625638266 38.89931627589282 -6.1958 -0.5796320570379399 0
CAR 0.0 0 -1.6642724620460876 1611.6455135389551 266.37166508815505 1691.818286877043 316.57280429855194 1.4954 1.9024 4.0993 62.31320867737317 16.02635408549395 -6.0972 -3.060890406115459 0
