CAR 0.0 0 4.391567695350378 1737.9689815743839 247.572525522291 1826.5636419320228 314.9778639640758 1.9994999999999994 2.0167 6.000200000000007 69.42886844397124 3.7375127814090967 -6.3098 2.9767344146944934 0
CAR 0.0 0 2.7281016889113046 1774.2937867695648 301.23205283737286 2171.8984280064115 486.9073953363396 1.5023 1.898 4.937 13.839996824009077 -24.816428179085776 -6.5925 1.352655634908364 0
CAR 0.0 0 2.6659744497120146 1320.472473829825 235.02249970046776 1535.7045838933293 363.3267417755221 1.5177 1.898 4.0963 21.93928011367313 -20.03225547292886 -6.7131 1.300287801406882 0
CAR 0.0 0 2.670619713223453 1408.6902458815102 311.63961500082087 1746.051964890445 510.71854148845057 1.5541 1.898 4.9169 15.670333153523146 -17.702617550072723 -6.7043 1.3526556349083636 0
CAR 0.0 0 -1.5321645863140585 216.79943633118867 440.63153996262133 441.2739247070179 578.1849399949671 1.6474 1.9008 4.0966 22.2131 38.8926 -8.1942 -2.112005731420875 0
CAR 0.0 0 2.7266249134671545 1590.137194441408 198.61868921056697 1814.0531929829742 302.0883866321932 1.396 1.8974 4.3588 23.204630316808437 -29.50772646689156 -6.6116 1.3008901068240033 0
CAR 0.0 0 -1.328767174817008 357.8042125366204 398.850202461602 541.8182588402665 513.5215682038403 1.6474 1.9008 4.0966 26.507542259362655 39.459233265677305 -8.1431 -2.112005731420875 0
CAR 0.0 0 1.293431860776758 1864.1303091157235 219.44697574477266 1919.616874441069 250.5764388398459 1.5 1.9032 4.098 107.65139843032719 -9.17861879313396 -6.8759 -0.1539043397097295 0
CAR 0.0 0 4.4473984543947935 1666.9406308189834 219.95375353653995 1844.8492817762124 392.2809759897189 4.11 3.0032 11.0896 55.0645026526846 7.360411979244696 -5.5143 3.0458113162218337 0
CAR 0.0 0 1.2335338479668723 416.2910434739849 61.02233443913034 471.6074441915996 109.70661969132955 1.4993 1.8979 4.0993 65.82628270114742 -2.215723579522977 -7.12 -0.14846436207423386 0
PEDESTRIAN 0.0 0 2.774813546105442 935.4432003395824 101.2590785519911 966.7376386880076 162.05540625004195 1.7 0.6968 0.9282 41.35696232260913 -16.930745812198264 -6.1004 1.3412780209478408 0
