CAR 0.0 0 2.9254225249183223 1434.2788592938398 323.38896159095714 1711.1842236524292 514.9859379823052 1.551 1.9022 4.6956 21.430130363946695 -26.270090122661333 -6.4702 1.6140760596521562 0
CAR 0.0 0 2.9480336654988752 1351.7711270795555 214.2545661431717 1515.4094359363285 324.0280754188237 1.5 1.8998 4.0998 31.36143822265748 -28.3530002817187 -6.555 1.562018017330398 0
CAR 0.0 0 2.9832023549412017 1788.9054031972078 316.9010212656415 2127.2270938631664 489.57144874635406 1.5 2.037 4.3995 21.759170207404587 -33.44688411111657 -6.4402 1.6146851398907596 0
CAR 0.0 0 -0.9956664293428845 340.29284865676493 412.24781437282826 548.2092454388143 525.663411138267 1.5999 1.899 4.0996 15.638001071534864 31.51867843193914 -7.4486 -1.7574534447408663 0
CAR 0.0 0 -1.0351515979779893 275.95440070488803 375.8672745232423 462.60541333744766 466.8116551798652 1.5 1.899 4.0996 16.816801410182613 37.48396517235145 -7.4503 -1.757453444740867 0
CAR 0.0 0 2.909175938343508 1346.112660651413 239.12754225718749 1528.6303282828183 364.80524109819225 1.5 1.8998 4.0998 28.072231389011012 -26.94685406825243 -6.4052 1.5445674198756585 0
CAR 0.0 0 3.0198930125982617 1606.2422834420402 202.55511312876214 1798.8517185120847 306.870392945828 1.5 1.8998 4.0998 32.05058823525486 -35.44732791182847 -6.4191 1.5969143524866567 0
CAR 0.0 0 -1.283002362087391 127.91723213611186 409.76347138308387 345.35564977744474 517.6568425983598 1.553 1.899 4.0996 12.80164801424016 36.27941992316225 -7.6325 -1.7574534447408667 0
CAR 0.0 0 -1.2317178210492168 177.9847620575083 456.5575421968727 428.2525442735441 595.901949105497 1.6483 1.8736 4.0995 11.491976357198874 29.847511919610795 -7.5421 -1.7580622104290475 0
PEDESTRIAN 0.0 0 3.624145109243944 818.5044810116175 107.42351662889651 844.7668983815037 170.61472564314704 1.7024 0.7548 0.7211 44.075283629882165 -14.575668780137674 -5.7738 2.2187577093109483 0
CAR 0.0 0 -1.5962885750645033 1728.2991288451908 242.42955279624783 1909.295929111822 417.56972784911204 4.083 2.9959 5.8323 46.972626897522936 8.006011298412137 -4.9879 -2.9908413064371224 0
PEDESTRIAN 0.0 0 -2.203430816186456 1743.3923557726298 1508.8197572382558 2236.4601551836986 2002.7943204845667 1.8354 0.7406 1.0616 4.217237492425279 -19.079417227963134 -6.551 -3.04477252578078 0
CAR 0.0 0 -1.378312532461874 63.09182354518292 339.46148183643163 235.69895507173104 413.637224909089 1.4996 1.899 4.0996 15.4008437905409 48.97265325170154 -7.6 -1.7574534447408674 0
CAR 0.0 0 -1.6883502383590134 1552.5556599741274 291.84592647799286 1648.8710591168694 353.6607425479411 1.4954 1.9024 4.0993 51.21481171527552 15.109998630256355 -6.0972 -3.060890406115459 0
CAR 0.0 0 1.797596299636228 910.0476751235278 -344.1128146250372 951.3445792175452 -294.2081291335465 1.5026 1.7336 4.1034 -77.51072071514183 -7.608861875749101 -8.5742 -0.10318529952326884 0
CAR 0.0 0 -1.5886349691839703 1718.5810507524116 223.17206703518826 1908.4836892476405 397.5076488634477 4.1525 3.0019 10.9977 52.154202287255295 8.778200529364762 -4.8941 -2.994543022300242 0
