CAR 0.0 0 4.97286382026371 -14639.892808237 -79879.80069516155 163261.06381084488 5107.405689911324 1.5196 1.9044 4.1024 5.528848023016374 19.072056100814756 -7.3259 2.9619996004587223 0
CAR 0.0 0 2.7289339497998606 1335.5351359369454 189.82128063884167 1542.8651387954453 312.00818864483585 1.7194 1.8964 4.5202 24.884421250948034 -22.789257247580537 -6.5435 1.329287223154536 0
CAR 0.0 0 1.3324739922438553 1845.9912576199627 231.5272916371313 1910.955368059121 269.3155351117651 1.4992 1.8969 4.0968 90.32430542185578 -4.545192101559022 -6.5027 -0.10597203456309086 0
CAR 0.0 0 3.9767819099905735 995.5307481044483 568.0407478044293 1197.8158126768 802.3658687983487 1.5032 1.765 4.3145 19.115091022204187 20.50755707373526 -7.2959 2.9583443922002948 0
PEDESTRIAN 0.0 0 2.8628757785368357 653.2814921042605 137.87279340226954 687.789702426843 205.9722463745102 1.7 0.6968 0.7192 38.904898032093605 -7.291714721223024 -6.5112 1.5425810858228364 0
PEDESTRIAN 0.0 0 1.3063914127270873 632.3137543526851 141.75920722817676 667.8566792126757 211.35338894448873 1.7028 0.6996 0.6969 38.2233 -6.5917 -6.489 0.0002754820865611407 0
CAR 0.0 0 4.413263402668481 1709.7037673954167 258.4151210779687 1844.771352515904 382.1939525813306 3.487 2.935 2.072 53.10953747629537 6.659650356950835 -5.9211 3.020039438511599 0
CAR 0.0 0 4.423746958748344 1698.969732269509 234.12005222486997 1856.478341267162 375.9351289911539 3.8402 3.1746 6.0448 56.5090811330739 6.242225337790334 -5.7444 3.0211496524281416 0
CAR 0.0 0 4.058435900514054 1292.2397751922772 588.8340865623662 1460.486624843925 831.6660383930152 1.5032 1.765 4.0984 19.833430602216424 16.615409619199117 -7.2116 2.9583443922002948 0
CAR 0.0 0 4.849066268181398 4194.897746527717 -2952.9228158239425 7856.8233102761815 -1178.9670645301167 1.5023 1.8994 4.0966 -1.3978186821117546 24.506366214054808 -7.6193 2.961467705816278 0
CAR 0.0 0 2.7110211945071185 1287.2131568766445 233.09110360554973 1499.0694153109064 361.1066384803118 1.504 1.9011 4.104 22.156382948027602 -19.27609266663197 -6.6643 1.348911205822196 0
CAR 0.0 0 4.367994035706546 1696.9310257040834 339.21426119375604 1800.9622164760913 421.10415495191614 1.5032 1.9025 4.0984 47.462268329879194 8.107152237527929 -6.9854 3.0106839122209634 0
CAR 0.0 0 -1.4360914777940357 241.582219747755 449.4564472873879 463.17551829579514 581.7003466133287 1.5003 1.9029 4.0972 22.292704778565497 38.31918352278888 -8.2755 -2.0415453642998926 0
CAR 0.0 0 4.887628059911398 2282.994470490256 -1210.4418146149571 3057.2509857352907 -723.672754966335 1.498 1.9032 4.0998 -10.405643850649186 22.152039961970438 -7.5598 2.976634614978629 0
CAR 0.0 0 1.2053502822493407 360.7325128777815 39.12842334772191 490.954250197082 196.90026188954542 4.0935 2.9956 3.2487 46.30091209003377 -1.0934062548491497 -5.8272 -0.10181084756998215 0
CAR 0.0 0 -1.266711847700698 381.9107993750867 413.9989193324583 565.2394827166469 526.0582271432775 1.4969 1.8793 4.0996 26.217538351231358 38.47351064408232 -8.2924 -2.0604177559563235 0
CAR 0.0 0 1.3245867219576137 1823.2663540260621 201.86136039847761 1873.1497421585418 230.45432032285197 1.5038 1.8964 4.0964 113.41387830760725 -7.675559338817816 -6.1955 -0.12990260492156275 0
CAR 0.0 0 1.043236908622409 361.9712930240265 143.5709636077427 491.35641470831706 245.35591389488454 1.2791 2.9956 7.5691 41.73563364634606 -0.6237287747037064 -7.1889 -0.1018108475699821 0
CAR 0.0 0 4.307166096929468 1539.92862138173 355.48123628585023 1634.4429038820633 450.53803572359567 1.507 1.9022 4.2796 40.998985228911565 12.9950915767052 -6.8916 2.9842776128730515 0
WHEELER 0.0 0 0.9279537134427643 1030.5866621902064 368.9403520026465 1138.423863562425 519.7008885762857 1.7 0.8486 1.7004 16.9096 -9.3627 -6.8313 -0.254989024837602 0
CAR 0.0 0 4.369791014610661 1552.9264539227327 259.2401083778202 1607.8661980769884 307.87799383847135 1.4996 1.897 4.6335 70.165 11.7108 -7.1148 2.9762034608200607 0
CAR 0.0 0 4.068396438562029 1655.0760443379402 69.29843006601978 1788.2743508947676 123.96440821120375 1.504 1.9012 4.1042 40.0249 -49.9584 -5.6589 2.5532393466111407 0
CAR 0.0 0 2.8495029908175424 3050.843942886921 199.16465600843125 3441.1342438711495 304.82883385404193 1.498 1.8978 4.2058 8.9962 -65.22 -5.8482 1.3556041236191512 0
