CAR 0.0 0 4.391315300637208 1741.8276691370766 248.47757490488598 1831.4683019250353 316.39726556032133 1.9994999999999994 2.0167 6.000200000000007 69.08285856971634 3.6273585597283264 -6.3098 2.9767344146944934 0
PEDESTRIAN 0.0 0 2.802697259367396 1049.207709075568 88.58938033914214 1082.3566096690981 146.01112656022386 1.7 0.6968 0.9282 42.44214443357726 -21.636323380240363 -5.9482 1.3412780209478408 0
CAR 0.0 0 2.728010445228069 1775.7847039028545 301.6470622283997 2174.178620954972 487.6272970914866 1.5023 1.898 4.937 13.809405411231769 -24.817763989021635 -6.5925 1.352655634908364 0
CAR 0.0 0 2.665877055625888 1320.6730761398903 235.18119494176017 1536.0502330378472 363.57537523140115 1.5177 1.898 4.0963 21.924396784939397 -20.02686559943505 -6.7131 1.300287801406882 0
CAR 0.0 0 2.670142754823062 1404.8443357380365 311.3854792958369 1741.2196025566786 510.3195610153728 1.5541 1.898 4.9169 15.706039578825754 -17.644304510887107 -6.7043 1.3526556349083643 0
CAR 0.0 0 -1.5321645863140585 216.79943633118867 440.63153996262133 441.2739247070179 578.1849399949671 1.6474 1.9008 4.0966 22.2131 38.8926 -8.1942 -2.112005731420875 0
CAR 0.0 0 2.709210765276541 1589.9349375649679 198.5308426529447 1813.7506343265218 301.9552691167813 1.396 1.8974 4.3588 23.2152751828935 -29.51170468576234 -6.6116 1.283434159484851 0
CAR 0.0 0 -1.3294380990499048 357.31441776398276 399.0017595249219 541.4708260258544 513.7557000363944 1.6474 1.9008 4.0966 26.489420521928626 39.45591285507367 -8.1431 -2.112005731420875 0
CAR 0.0 0 1.237221734224589 459.1600855971547 63.743863609287615 518.9834928996277 115.123271742633 1.5 1.9032 4.098 61.931620954380264 -3.896483291974049 -6.8759 -0.1539043397097295 0
CAR 0.0 0 4.447377179914032 1663.4092013914471 219.54619033379572 1839.6162136040534 391.2037218143445 4.11 3.0032 11.0896 55.174600199760285 7.476602017578906 -5.5143 3.0458113162218337 0
