CAR 0.0 0 3.014547510893619 1340.6006356648572 198.5797998562473 1510.8341889986136 315.29989482865597 1.594 1.8966 4.5394 31.654116176871064 -28.221535376382654 -6.3337 1.6210677637018256 0
CAR 0.0 0 -1.2350892420100545 194.88071563687174 463.90839329397636 449.1150378843226 600.3398573266757 1.5196 1.8976 4.1761 11.606978046380464 29.257010361049606 -7.5683 -1.782856759787455 0
PEDESTRIAN 0.0 0 1.1348316919819115 627.5598021407275 138.1617765222467 664.5561039178904 207.56554588391617 1.7 0.7848 0.6973 40.07803030837825 -9.351050920781196 -6.0576 -0.17496862750956493 0
CAR 0.0 0 -3.611731443672849 -369.3234566434461 141.7551485580111 -65.41543220201324 355.2133604190112 3.4079 2.7742 1.8309 28.22004727145857 4.9550568690300745 -5.2988 -2.905952716884722 0
CAR 0.0 0 -3.5699663861935367 -475.22001781282984 75.59045645274122 95.59451288006346 368.34276307945584 3.5682 3.0012 10.9976 32.054696617083835 5.844879706980783 -5.2107 -2.9108551296894056 0
CAR 0.0 0 -2.379561013921702 -236.9100662137626 356.52186007547573 116.89773698090258 574.3314068412824 1.5064 1.8966 4.1132 20.11102469308619 -2.018170407408266 -6.2711 -2.277401832013523 0
CAR 0.0 0 -0.9729721574926341 358.17264693108723 420.2881550601114 568.7389654597187 533.6838215741899 1.5195 1.8976 4.1014 15.553091032263055 30.51509386123771 -7.441 -1.7473622960181396 0
CAR 0.0 0 2.993012210725227 1314.1445607944095 240.64200073693942 1491.5899605392053 366.35900440509954 1.4987 1.9049 4.0972 28.132066892852563 -26.225843211598512 -6.4483 1.6343890336265965 0
CAR 0.0 0 2.996987565466486 1489.3084791650658 268.3389274377003 1719.316660533404 412.52528984212574 1.5032 1.8952 4.1044 24.89173748388684 -28.796157275665244 -6.2698 1.634389033626596 0
CAR 0.0 0 3.0460002059351527 1846.8274383085607 241.82384197570025 2159.5822953235306 385.4278612113165 1.4966 1.9946 4.6048 25.126030566394903 -37.004149543600015 -5.8821 1.629611711400237 0
CAR 0.0 0 2.6506701261474994 733.5312905655082 297.6828863868825 942.4468718102788 424.5463030787442 2.5328 2.5828 5.9969 27.366853111547364 29.77915826612633 -6.1644 1.4824519625962256 0
CAR 0.0 0 2.0401996034415326 953.1470015083664 -524.9075973236085 1037.1336003144263 -414.33654893603756 1.8452 2.0012 2.6602 -44.62622180553015 -8.513483930277776 -8.1752 0.02922435761566963 0
CAR 0.0 0 -1.276512747634242 147.91269463094474 410.4784014806603 362.64615535610227 515.7685328139794 1.5018 1.9002 4.0982 13.155460582788386 36.07444524310804 -7.6497 -1.7828567597874547 0
CAR 0.0 0 2.019593481127788 1405.3386815619501 556.2066572420747 1637.5772406020762 762.9299158263369 1.498 1.9016 4.1004 19.79338908435114 7.7204538455636 -6.8214 0.853643062891864 0
CAR 0.0 0 3.032518300694315 1591.5977936102815 233.33979810104927 1805.537853636229 353.92169176981565 1.5038 1.895 4.1 28.569300579304834 -33.10600955852976 -6.4074 1.6321307886544327 0
