CAR 0.0 0 2.7162913995160967 1774.2881574639762 301.57760323652747 2172.33572795104 487.52611835932674 1.5023 1.898 4.937 13.822019918585784 -24.793497232041467 -6.5925 1.3410568121408173 0
CAR 0.0 0 2.6703915942626337 1310.8643814519294 234.98760383500223 1524.9604071475892 363.38520070044797 1.5177 1.898 4.0963 22.005397078557685 -19.817445607937398 -6.7131 1.3061449141683188 0
CAR 0.0 0 2.6593315400959643 1405.652863147786 310.52073768761136 1741.2814704353575 508.74236781911287 1.5541 1.898 4.9169 15.748561273870067 -17.697573801199262 -6.7043 1.3410568121408173 0
CAR 0.0 0 -1.4740116119858295 220.82358094505676 439.8033178754644 444.27405425769274 576.8531326479227 1.6474 1.9008 4.0966 22.301779133659384 38.884821193358945 -8.1942 -2.059644171057918 0
CAR 0.0 0 2.6882124588468534 1587.9985044144835 198.3755147025167 1811.4825960922558 301.73719230749066 1.396 1.8974 4.3588 23.245804901021533 -29.47630969772489 -6.6116 1.2625060447492396 0
CAR 0.0 0 -1.2641130515809225 368.4383059232625 397.6356337053304 550.5346826471175 511.58088781600526 1.6474 1.9008 4.0966 26.726492674462627 39.35090744805365 -8.1431 -2.0596441710579176 0
CAR 0.0 0 -3.6221897731788415 -582.0384218965178 86.33395003180375 7.5814616684086165 495.24164550434125 4.11 3.0032 11.0896 29.320330267908993 9.855207675080559 -5.5143 -2.8885172145410882 0
CAR 0.0 0 4.32624784014559 1688.349417664007 312.98670249217065 1817.5555615047922 427.74728580356003 1.9994999999999994 2.0167 6.000200000000007 45.40373212653977 8.505806218367892 -6.3098 2.9624863797598247 0
CAR 0.0 0 -2.862851910295445 -470.1804830771128 166.01755557909013 53.976003163534315 572.9206912143086 3.9074 3.0032 5.6574 23.156252210059836 7.4237210210316995 -5.6171 -2.4114658282730996 0
PEDESTRIAN 0.0 0 2.7724091897819605 626.2839062944125 132.04573617818568 662.2108827396999 200.77863956932464 1.7 0.6996 0.9374 39.65369453910996 -6.6778485178339 -6.4566 1.4538021921240931 0
CAR 0.0 0 4.379086894904176 1720.072948164589 237.2973343040645 1814.313641280859 314.329129122406 2.3536 2.2034 4.7012 65.00790236290713 5.136031388107016 -5.6925 2.9624863797598247 0
CAR 0.0 0 4.321362529238579 1711.799308712997 291.30436481022446 1803.68597852145 358.13211290127293 1.497 1.9045 4.1242 54.75087861134115 6.89244290129227 -6.3153 2.9327921430770307 0
CAR 0.0 0 2.6750932611918032 1283.8799910070113 203.512785678001 1472.307985322679 314.03644601190956 1.4974 1.9028 4.1016 25.109828929165207 -21.24192868131354 -6.6858 1.2886889732761388 0
CAR 0.0 0 4.392118615890036 1780.5457026692138 252.85869579211254 1856.2109899438524 301.371794269406 1.4966 1.8962 4.1044 71.8839967139432 1.8586538753495807 -6.3076 2.9722800107190577 0
