CAR 0.0 0 3.011385575863593 1341.6834079245023 198.61773200957077 1512.1007072672533 315.3487573310427 1.594 1.8966 4.5394 31.64949226173049 -28.248257666952956 -6.3337 1.6177921667651312 0
CAR 0.0 0 -1.2189489675841023 198.25289053237123 463.3822355312775 451.7953162977864 599.4955984253218 1.5196 1.8976 4.1761 11.66972721001393 29.256285939260355 -7.5683 -1.7714513563579624 0
PEDESTRIAN 0.0 0 1.3442422489706138 629.2948902514383 139.0959389699491 666.3509771636066 208.74370033654625 1.7 0.7848 0.6973 39.92263954427849 -9.416039992129543 -6.0576 0.03527947359358132 0
CAR 0.0 0 -1.6517670891922684 1767.9555383871502 261.2368058867505 1905.188399765973 388.54833275735945 3.4079 2.7742 1.8309 50.298687825849875 7.978619062465511 -5.2988 -3.048531819335291 0
CAR 0.0 0 -1.8619445307801346 47.64658102974678 4.8071493589185215 293.45323933245044 152.45716752388734 3.5682 3.0012 10.9976 54.316347808004494 8.390172584829836 -5.2107 -3.0427454332082586 0
CAR 0.0 0 -1.6858659520153492 1767.7702640901139 343.1397324498674 1880.2966298396354 426.79375521079237 1.5064 1.8966 4.1132 44.68592210677394 7.292367562315498 -6.2711 -3.0496920303081225 0
CAR 0.0 0 -0.9624988563869394 357.93704746569387 420.37994575556263 568.5840772084758 533.8245246305075 1.5195 1.8976 4.1014 15.544700939632534 30.509296819963073 -7.441 -1.7365580581160818 0
CAR 0.0 0 2.9944710751797468 1321.5424580951167 241.3578900479185 1500.5280429960794 367.39107637479424 1.4987 1.9049 4.0972 28.061793990327487 -26.374652019984584 -6.4483 1.6352454592850747 0
CAR 0.0 0 -1.3186668599511113 100.88056276910906 359.74546799786475 288.32222103092005 444.2419971246485 1.5196 1.8976 4.1284 14.74294482862896 43.750030399074845 -7.532 -1.7714513563579624 0
CAR 0.0 0 3.0000405389657843 1499.0340365285215 267.1588409275189 1729.7808165481026 410.56443133654886 1.5032 1.8952 4.1044 24.98184367939957 -29.050601378226766 -6.2698 1.6352454592850747 0
CAR 0.0 0 1.6648859810150467 423.9839926404522 -31.646801890814594 513.3452966782938 28.862549875477185 3.1098 3.3536 10.442 105.83005583521039 9.893707570501244 -6.0304 0.08868136636738409 0
CAR 0.0 0 2.062848798582375 1120.4362431139648 -612.4700525309902 1248.9595967644448 -474.1162894012331 1.4968 1.8978 4.1026 -37.43443654753443 -4.936876561505974 -8.2622 0.06321722667974086 0
CAR 0.0 0 -0.022186491622146143 1429.2981844207457 596.7375663339441 1953.5233147497854 1045.8496728673344 1.9202 2.1008 4.4984 11.698775264380169 -22.105527512967498 -6.8328 -1.1390979351210992 0
CAR 0.0 0 -1.2410824399723963 111.90365914585583 276.65361533357816 241.71188048995 328.1085536094201 1.4992 1.9014 4.0972 21.7411 63.505799999999994 -7.3685 -1.7714513563579624 0
CAR 0.0 0 3.1203604986841014 2877.5848435685766 209.9891692379324 3295.6013760562855 323.2627276450437 1.4966 1.9946 4.6048 28.133175845735288 -67.59246635356278 -5.8821 1.6352454592850743 0
