CAR 0.0 0 2.9344541852186135 1432.0434768497753 323.4386275891907 1708.485492535093 515.0974206483368 1.551 1.9022 4.6956 21.428375567700535 -26.22633383350353 -6.4702 1.623546125928737 0
CAR 0.0 0 2.9404212678421606 1352.478856917282 213.91524253579817 1516.0086792518962 323.5144465133581 1.5 1.8998 4.0998 31.400107051694906 -28.38608209357489 -6.555 1.5540367973984677 0
CAR 0.0 0 2.971788766370051 1777.2566284598963 319.87987664066844 2116.2771189422683 494.63111743876715 1.5 2.037 4.3995 21.576515769625242 -33.08238166157643 -6.4402 1.6063940518724338 0
CAR 0.0 0 -1.0519655461241963 340.673735803265 412.02380424404333 548.4082053092869 525.3201283248687 1.5999 1.899 4.0996 15.65599784321821 31.53712183389426 -7.4486 -1.814376792617349 0
CAR 0.0 0 -1.093083247751582 275.78721189052277 376.0023479712891 462.54201622240913 467.01032620506703 1.5 1.899 4.0996 16.805096849941993 37.467388833067055 -7.4503 -1.815035752896246 0
CAR 0.0 0 2.9183483862476214 1346.7026850281309 239.23173545404373 1529.3734380061533 364.96003477109406 1.5 1.8998 4.0998 28.062105103735906 -26.956945682061132 -6.4052 1.55373295563943 0
CAR 0.0 0 2.993895718838975 1606.6439629785316 203.44685694925337 1799.9622046145616 308.1988623014447 1.5 1.8998 4.0998 31.941264223800857 -35.3963618731549 -6.4191 1.5714874523490754 0
CAR 0.0 0 -1.3336054609576062 132.06338846658585 409.4348808550998 348.9344918153678 517.1413840656159 1.553 1.899 4.0996 12.881854758530006 36.252324352258285 -7.6325 -1.8150357528962455 0
CAR 0.0 0 -1.2491967486530617 180.785809151176 456.34652981706466 430.63891935929325 595.5519563954484 1.6483 1.8736 4.0995 11.536655892142445 29.827237672312116 -7.5421 -1.7794770025999547 0
CAR 0.0 0 -1.4453255119811166 59.091138121723944 341.38852821336724 233.3268818024852 416.38889178018655 1.4996 1.899 4.0996 15.191390345659867 48.64798375949542 -7.6 -1.8150357528962455 0
CAR 0.0 0 -1.5806669342600792 1510.4181633623273 315.1233753892422 1621.5319935786242 388.2581210320137 1.4954 1.9024 4.0993 43.93285556558666 14.196361776900513 -6.0972 -2.931490519625712 0
CAR 0.0 0 1.7229747051001258 407.50247834325097 -44.32211150756257 519.3019780779367 53.635519459388156 4.1525 3.0019 10.9977 84.59937115621729 5.223485316344503 -4.8941 0.15668156196939406 0
CAR 0.0 0 3.0185927406818513 2084.8817121361135 267.97087649225256 2600.420738164251 488.42797087322464 1.9996 2.198 5.9958 22.014898923011916 -40.63958140636969 -6.0941 1.6063940518724342 0
CAR 0.0 0 -0.642076917807731 919.3384456830184 435.2944365012572 1297.1981964284282 979.1447946249752 2.008 2.2032 5.9814 12.20656418515804 -16.219748327005984 -5.3721 -1.6412700782089267 0
CAR 0.0 0 -1.617954969151636 1615.610525705031 339.77195583562786 1729.9098998776465 420.2445654528064 1.5018 1.9004 4.0996 43.22246612243719 10.910163048502262 -6.4196 -2.9663937196666668 0
CAR 0.0 0 -0.2045069662208856 2066.6175867468987 517.1106764137546 2687.6181439438906 836.7747008635071 1.4988 1.8988 4.4506 13.333403263740623 -31.470455507209223 -6.6137 -1.4981035976588846 0
PEDESTRIAN 0.0 0 2.7842402409867737 616.2029359408107 128.5043103458565 649.8464334549274 195.99231617353007 1.7 0.7049 0.6977 41.3725 -8.848 -6.0007 1.463938363012554 0
CAR 0.0 0 3.005629442572439 1801.2628150005607 268.4226226381853 2076.2744024195363 406.41449779426557 1.496 1.899 4.1016 25.200712268014186 -35.962830395731075 -6.3787 1.6063940518724338 0
CAR 0.0 0 -2.5579634692670665 -329.1293123578467 377.0893993798222 57.09692595067554 608.8609923385969 1.5312 1.8982 4.1041 19.40822784067821 -1.4346630748170206 -6.3594 -2.3133550170239077 0
CAR 0.0 0 -1.5736940742088532 1731.9039025883671 457.66560958708857 1908.7787736144287 610.6997430515587 1.4975 1.9044 4.1025 27.85364713571226 5.0574045396185525 -6.2146 -2.8616860194980336 0
CAR 0.0 0 2.195328213123449 1099.7355293339538 -900.6756330140585 1293.83746536135 -644.8268138763614 1.496 1.899 4.1016 -26.127940958551953 -7.734120001457029 -8.3294 0.053095977228740515 0
CAR 0.0 0 2.054401718062099 991.3727043877087 -559.8190970330587 1088.588818645378 -442.1360547662311 1.496 1.899 4.1016 -42.11347617531775 -7.66001277428416 -8.355 0.03565157389656077 0
CAR 0.0 0 -1.37353547378885 98.63377459868443 368.87659063824725 288.92160026659576 455.2040222847236 1.4982 1.899 4.1016 14.3584 42.8622 -7.6255 -1.8150357528962455 0
CAR 0.0 0 0.0155167680242414 3277.6857157485983 322.359560272433 4287.477634767667 623.8022328619536 2.5492 2.1288 5.4747 16.362785580028895 -57.8783539927378 -5.8839 -1.432135582696031 0
