CAR 0.0 0 3.003748866953416 1338.0747336516472 198.49661508590845 1507.8832132693503 315.1941810347835 1.594 1.8966 4.5394 31.664260663996988 -28.158949427517996 -6.3337 1.6105393675152717 0
CAR 0.0 0 -1.1785241933839754 200.3913054901189 462.6007664110657 453.1815304232148 598.2598779738547 1.5196 1.8976 4.1761 11.725302224540982 29.295660572982328 -7.5683 -1.7342843053404915 0
CAR 0.0 0 2.1709378643153756 1702.213681619602 -2193.8735535964056 2900.127168609907 -862.2698214282152 2.6198 2.2122 6.0322 -13.277425185316101 -3.5400977084368455 -7.5887 0.03114003599830792 0
PEDESTRIAN 0.0 0 1.7352499522438014 632.0639940980805 138.50516902750346 668.913497359619 207.97640915631766 1.7 0.7848 0.6973 40.023318108203156 -9.478456885075046 -6.0576 0.4242919206872831 0
CAR 0.0 0 -1.6427996055320178 1768.9148314924512 261.3202338441864 1906.2522247537609 388.69925567235754 3.4079 2.7742 1.8309 50.293863454023345 7.950448524004395 -5.2988 -3.0395974269518478 0
CAR 0.0 0 -1.8057788393752205 75.87226308575914 1.0551851412276287 307.7526618362718 142.31020054775354 3.5682 3.0012 10.9976 56.312726634646104 8.48113911309235 -5.2107 -3.052921796683383 0
CAR 0.0 0 -1.6856420175224964 1767.5320223023866 343.2461481492156 1880.1236841769778 426.95623423369534 1.5064 1.8966 4.1132 44.65820989991596 7.2936519143730285 -6.2711 -3.0493759430220515 0
CAR 0.0 0 -0.9430197440746694 357.7060695137295 420.43667766983975 568.4101697095358 533.9119870677334 1.5195 1.8976 4.1014 15.538219955552584 30.50707483086019 -7.441 -1.7167858775405018 0
CAR 0.0 0 2.946992120418999 1313.0022881031182 240.1166792439145 1489.961056723093 365.56358060224704 1.4987 1.9049 4.0972 28.18247311505343 -26.216701065014977 -6.4483 1.5881233509515706 0
CAR 0.0 0 1.729094676062641 441.98335005560017 -3.987803672177386 512.7647645543301 24.585740878131592 1.2972 3.2042 7.6122 108.99594556792086 10.215752888143857 -7.0427 0.17915388867624044 0
WHEELER 0.0 0 1.8554226262059277 600.6884734246476 91.94887300421831 632.36917234652 147.22288522090233 1.7402 0.8236 1.4456 55.07366891904566 -6.56953849300735 -6.8021 0.47570316638641924 0
CAR 0.0 0 4.926336428207096 1073.8842264470186 -252.02640247744563 1109.551292791398 -223.10368501269605 1.498 1.8954 4.1042 -115.6857198372225 8.078161495494944 -8.3635 3.141428118190829 0
CAR 0.0 0 -1.3713321844720927 62.965165018083916 343.5769522941558 241.4693116149532 421.1773471858707 1.5196 1.8976 4.1284 14.991160760512752 47.57290627946145 -7.532 -1.7517376108074119 0
CAR 0.0 0 2.99715958818404 1704.5014740045217 266.7143583185157 1968.3317172725765 407.87438292901066 1.5032 1.8952 4.1044 24.930111265227183 -33.551100598557646 -6.2698 1.6071949858009207 0
CAR 0.0 0 -1.7998353038159318 1421.6226109258653 483.2978551429492 1632.6987670286733 656.8416017370326 1.4994 1.9016 4.0998 22.152512109231502 8.481943406611988 -6.2208 -3.0168523042503694 0
CAR 0.0 0 -1.275605273260854 1139.1043879126944 -321.5352416331026 1196.0617088298825 -274.9873887589338 1.5034 1.8968 4.0982 -79.326449217383 5.068623479730805 -8.2669 -3.0962025008686545 0
CAR 0.0 0 4.998009601233494 1232.3806253484586 -435.7941805438372 1331.5286620173672 -353.8082031868562 1.5012 1.8966 4.1044 -51.6159737974915 2.1812386726495676 -7.9189 3.129098419081561 0
CAR 0.0 0 4.964083302114922 1301.729631172552 -430.5323073975678 1401.331369288922 -353.3940554048104 1.5064 1.8966 4.1132 -54.670137573412035 5.694835005614427 -8.4218 3.1115694772907663 0
CAR 0.0 0 1.988433275032086 922.5976260423145 -408.4120162514638 984.6105917830713 -334.2618537366197 1.7 2.0361 3.853 -60.82461599249357 -8.101942021481397 -8.2722 0.04689157397375113 0
CAR 0.0 0 -1.594986670984759 1698.6248766224828 266.15133660193715 1780.7820240474834 322.0833907146578 1.6286 1.9033 4.096 62.05942326793901 12.704275153087314 -5.8659 -2.998848718283731 0
