CAR 0.0 0 2.7161808159053105 1775.1769915574116 301.9173021148525 2173.813957770089 488.12070837822466 1.5023 1.898 4.937 13.799005715887208 -24.788222679076753 -6.5925 1.3410568121408173 0
CAR 0.0 0 2.670181527458933 1309.7239500776072 235.03006281880346 1523.7205558830503 363.46585349783027 1.5177 1.898 4.0963 22.009246408667583 -19.789091010360174 -6.7131 1.3061449141683188 0
CAR 0.0 0 2.6594405917767103 1405.5409944979688 310.3491743504227 1740.9705257378255 508.4339346265588 1.5541 1.898 4.9169 15.758574126445616 -17.703225476591516 -6.7043 1.3410568121408173 0
CAR 0.0 0 -1.4763841393931139 219.20288962015564 440.19634322456795 443.10128821617593 577.4820497906564 1.6474 1.9008 4.0966 22.26227936548186 38.88346880950431 -8.1942 -2.059644171057918 0
CAR 0.0 0 2.6881395085592814 1587.8658984297836 198.4640905463781 1811.4181134646456 301.8750841586024 1.396 1.8974 4.3588 23.237549691927896 -29.463266643694947 -6.6116 1.2625060447492396 0
CAR 0.0 0 -1.2618091909070899 370.0912228176973 397.0564171648407 551.6722547986753 510.6893817579761 1.6474 1.9008 4.0966 26.794303176153477 39.36781726252016 -8.1431 -2.0596441710579176 0
CAR 0.0 0 -3.593139076076106 -568.9253612952041 87.43591744399005 17.339885287219815 499.23543170965206 4.11 3.0032 11.0896 29.091541455669372 9.62601300603917 -5.5143 -2.8885172145410882 0
CAR 0.0 0 4.324751730654812 1686.1192810200416 314.6834600514621 1816.192541789002 430.83771272042776 1.9994999999999994 2.0167 6.000200000000007 44.96980464216814 8.617187773452734 -6.3098 2.9624863797598247 0
CAR 0.0 0 -2.768947316271728 -442.46424537931404 167.6960323395472 74.01728265307474 576.9452023161232 3.9074 3.0032 5.6574 22.91723708956906 7.085852215783152 -5.6171 -2.3765649322917524 0
PEDESTRIAN 0.0 0 2.770984522408856 623.3109306896725 132.22513525132163 659.303812607808 201.0348830013939 1.7 0.6996 0.9374 39.63993464114767 -6.591145063624968 -6.4566 1.4538021921240931 0
CAR 0.0 0 4.378482954410016 1718.9730408805121 238.0016971878494 1813.6807876931005 315.5656700599728 2.3536 2.2034 4.7012 64.61139383344091 5.230079438098467 -5.6925 2.9624863797598247 0
CAR 0.0 0 4.319810867644073 1699.1371701166968 291.54676270668784 1789.9385405581363 358.6335171067008 1.497 1.9045 4.1242 54.39505455808833 7.351955997822998 -6.3153 2.9327921430770307 0
CAR 0.0 0 2.6750708090853843 1283.9343289692983 203.548813538068 1472.3943442421341 314.09143187414793 1.4974 1.9028 4.1016 25.105643363851005 -21.24064301278699 -6.6858 1.2886889732761388 0
CAR 0.0 0 4.391283262563234 1789.8377109117728 255.4950715183069 1867.6626623966138 305.04902143238405 1.4966 1.8962 4.1044 70.83535508389924 1.653100539352777 -6.3076 2.9722800107190577 0
