CAR 0.0 0 2.935337335850191 1430.162364309282 323.4425237294461 1706.1837963989424 515.1260930491121 1.551 1.9022 4.6956 21.429227998830406 -26.190543193616158 -6.4702 1.6247709188662327 0
CAR 0.0 0 2.9635650629426498 1352.9631085336566 213.80244109383753 1516.489729838291 323.3416394210035 1.5 1.8998 4.0998 31.41294520780442 -28.403567546804034 -6.555 1.5770240091038403 0
CAR 0.0 0 2.9972744805253644 1790.8853426719863 317.8203519895235 2130.510153439109 491.07190675949005 1.5 2.037 4.3995 21.699197722692933 -33.44481700639838 -6.4402 1.6290845723854452 0
CAR 0.0 0 -1.0428500311513575 345.1078739296044 411.55817921490876 552.1610313449214 524.5851981857097 1.5999 1.899 4.0996 15.750317324777493 31.516277791455057 -7.4486 -1.8104714429084878 0
CAR 0.0 0 -1.0865612869626797 277.0374017588019 375.66900293672774 463.4742033678174 466.51559033442453 1.5 1.899 4.0996 16.84901392097719 37.49297392687081 -7.4503 -1.8104606373881729 0
CAR 0.0 0 2.9240825483319948 1345.8604415638583 239.20679993689373 1528.3897972314617 364.9293046980058 1.5 1.8998 4.0998 28.064738207589762 -26.938107761967675 -6.4052 1.5595760351837658 0
CAR 0.0 0 3.017529393332895 1609.8011603568768 202.95348863659436 1803.1454060154622 307.4353415058353 1.5 1.8998 4.0998 32.001468028203895 -35.51707462658316 -6.4191 1.5944905815285024 0
CAR 0.0 0 -1.3140735748331265 130.7245038194869 409.36412847735755 347.65522261980317 517.0429573279464 1.553 1.899 4.0996 12.863740808331642 36.283371849427006 -7.6325 -1.7933414657269229 0
CAR 0.0 0 -1.2573207367646249 184.82525895201036 455.91304175551676 433.9903066461809 594.8440431208612 1.6483 1.8736 4.0995 11.605760026417757 29.809806011877516 -7.5421 -1.7933253174713948 0
CAR 0.0 0 -1.7102872030916327 1655.7386495422363 292.2043245629425 1918.817021516526 562.1645869648254 4.083 2.9959 5.8323 31.62224632606955 6.422148623413983 -4.9879 -3.0533175454255446 0
CAR 0.0 0 -1.4202635035158404 52.3503291501521 340.8212827516727 226.62928261333516 415.61761666199686 1.4996 1.899 4.0996 15.088819713504758 48.906555756044966 -7.6 -1.7749669233050611 0
CAR 0.0 0 -1.6772919627412683 1511.4284147427854 315.5141876161817 1622.7251823822573 388.83494454455695 1.4954 1.9024 4.0993 43.86553541126186 14.143809062844852 -6.0972 -3.0279752999934297 0
CAR 0.0 0 -3.375148318549214 -287.50374714299625 23.604056127856623 155.37575624617412 276.23714484831055 4.1525 3.0019 10.9977 38.40731571700303 7.040159997498973 -4.8941 -3.0565361548780694 0
CAR 0.0 0 2.427935099066076 445.65510470125895 281.87853150062386 570.5257302307378 338.05142599051055 1.5034 1.9028 4.1032 28.40404909418399 49.06122785390188 -6.8614 1.403422677109945 0
CAR 0.0 0 -1.6738104195317263 1623.6556606115496 332.0352051770798 1736.7896470749847 411.0856142825249 1.5018 1.9004 4.0996 43.776217526028645 10.862660711241235 -6.2447 -3.0279752999934297 0
PEDESTRIAN 0.0 0 2.8535488720460425 613.6654385521695 126.11663053983779 647.4654993573464 195.04341153500891 1.7322 0.6996 0.7164 41.335611366459815 -8.788110101465126 -5.9497 1.5316807742695877 0
