CAR 0.0 0 2.728827060404365 1335.569291605097 189.95593734365534 1543.0193839410617 312.22659742090065 1.7194 1.8964 4.5202 24.869238379523715 -22.778974448084753 -6.5435 1.329287223154536 0
PEDESTRIAN 0.0 0 2.862169381220694 652.7348277934468 138.19702613252545 687.299450184557 206.39333755323392 1.7 0.6968 0.7192 38.85136415075842 -7.266711069805749 -6.5112 1.5425810858228364 0
CAR 0.0 0 4.4131915558799 1709.537856901725 258.48873524404524 1844.664819640569 382.3375731414453 3.487 2.935 2.072 53.079587525111066 6.668594191195941 -5.9211 3.020039438511599 0
CAR 0.0 0 4.423749937934055 1698.945072168387 234.11323949245568 1856.4404435519355 375.9198483499994 3.8402 3.1746 6.0448 56.51156324781544 6.2427891663753 -5.7444 3.0211496524281416 0
CAR 0.0 0 2.7116156746597535 1286.9729355313793 232.32478053411722 1498.2198710736527 359.8962479278026 1.504 1.9011 4.104 22.224349730720004 -19.317043871346865 -6.6643 1.3489112058221955 0
CAR 0.0 0 4.368069642725354 1696.9404425461717 339.09905362195417 1800.9149304003622 420.93251240076535 1.5032 1.9025 4.0984 47.487086295990224 8.103976012785376 -6.9854 3.0106839122209634 0
CAR 0.0 0 -1.4362108117133774 241.41231149923726 449.33338035582665 462.9557733892863 581.512808021166 1.5003 1.9029 4.0972 22.298739490173887 38.3310588345802 -8.2755 -2.0415453642998926 0
CAR 0.0 0 1.3694198018031707 1816.910939776229 182.4915209626227 1898.0224564256375 255.55081801383827 4.0935 2.9956 3.2487 105.10363726813677 -6.411085869931507 -5.8272 -0.08435490020333669 0
CAR 0.0 0 -1.2644380298713525 384.3088635319611 414.102372805821 567.4139666964658 526.1907654096474 1.4969 1.8793 4.0996 26.234542042814688 38.41772904538656 -8.2924 -2.0604177559563235 0
CAR 0.0 0 1.3546477065636426 1824.9239252148068 229.97057143787387 1915.9580739896908 266.72914717418047 1.2791 2.9956 7.5691 100.33359622880303 -6.37808501985289 -7.1889 -0.08435490020333661 0
CAR 0.0 0 4.850335342924367 2199.9930747711674 -1060.4687543813407 2931.303302732039 -631.7402814002076 1.507 1.9022 4.2796 -10.867982692209344 22.192875266414124 -6.8916 2.9677380601423926 0
PEDESTRIAN 0.0 0 1.3070189983163465 633.2643311458327 141.59878814258803 668.7663950204246 211.1399789131558 1.7028 0.6996 0.6969 38.244511586669304 -6.621355795263897 -6.489 0.0002754820865611407 0
CAR 0.0 0 4.920565078314116 4692.842810591491 -4322.956523019305 12016.798924273831 -1237.53164688052 1.4996 1.897 4.6336 0.34167046816737523 24.123754934986298 -7.133 3.0465880051001784 0
CAR 0.0 0 2.7579764277547003 1822.0599653403053 233.75756241871392 2136.0811901279912 373.77054847634963 1.498 1.8978 4.2058 16.242231221949943 -28.536998012574994 -6.0071 1.3381509238857767 0
CAR 0.0 0 3.863152346136369 1063.4381063640083 735.6720103594051 1345.0993252941266 1147.2154976551813 1.4972 1.8964 4.1876 13.564190174814819 17.745718766821128 -7.046 2.9442272823651887 0
CAR 0.0 0 4.232389412207596 1504.7559287664712 398.17839893781394 1610.2135892973154 516.2085961469037 1.5006 1.9012 4.3216 34.80054427576811 13.95098481608984 -6.9882 2.94615829817472 0
WHEELER 0.0 0 1.424916882999309 629.9264919854352 82.18361253850433 668.5362198540653 143.27875258120665 1.7 0.8486 1.7004 47.5937 -8.2494 -6.0815 0.025322819173903426 0
