CAR 0.0 0 2.7053465774345273 1325.9245474552304 190.04237897806252 1532.3460068801764 312.49382264476964 1.7194 1.8964 4.5202 24.926704301924683 -22.524835780469502 -6.5435 1.3071190965771686 0
PEDESTRIAN 0.0 0 3.5156278975097854 650.4575765839401 138.12098491924166 685.0509606051676 206.31231572703845 1.7 0.6968 0.7192 38.879556324353416 -7.207386067214615 -6.5112 2.1967451706389425 0
CAR 0.0 0 4.39062167333995 1706.5422432744085 257.2980216738589 1840.3212398097771 380.1541105298569 3.487 2.935 2.072 53.43510601678748 6.7193446849531195 -5.9211 2.996917376801119 0
CAR 0.0 0 2.6684307066285307 1279.294050020397 232.5385743862195 1489.8129937823633 360.32556217260503 1.504 1.9011 4.104 22.25588111550473 -19.131380073270577 -6.6643 1.307121847478894 0
CAR 0.0 0 -1.4894430354596861 221.6828421351872 453.016826879116 447.94511619394774 587.374936125218 1.5003 1.9029 4.0972 21.897405065787396 38.4083361467847 -8.2755 -2.067370310837955 0
CAR 0.0 0 -1.266960299954857 388.03229229361665 413.3636875344959 570.3084061755833 525.0539830875335 1.4969 1.8793 4.0996 26.333647283353027 38.40283427835537 -8.2924 -2.067370310837955 0
CAR 0.0 0 2.689926426164403 1484.872331346151 237.7948347102507 1760.8017656932382 385.1998860320527 1.498 1.8978 4.2058 18.031012379711218 -21.088933964524248 -6.0071 1.3071218474788946 0
PEDESTRIAN 0.0 0 1.3396999700815866 632.8715176974969 141.24437096453275 668.2394646852664 210.54117998046138 1.7 0.6974 0.7026 38.34882267896956 -6.626384998318992 -6.4943 0.032453203031635944 0
CAR 0.0 0 4.382808529548359 1722.0077148939997 334.7460419240912 1830.165444395141 416.95296126887257 1.5032 1.8996 4.0986 47.40357118593985 7.434739788893177 -6.7781 3.0199979204338043 0
CAR 0.0 0 4.421670856391542 1700.1732312233728 220.30443314148317 1852.8355180772085 367.58005830728973 4.117 3.002 6.0508 56.980491203713555 6.26612815389987 -5.4223 3.0129955833738897 0
CAR 0.0 0 2.8078290871172547 2357.5568672110644 210.55881603977977 2713.3213577780484 334.9157541465501 1.4956 1.9016 4.1016 13.342657973568297 -41.93036558309039 -5.6954 1.343249866829127 0
CAR 0.0 0 -0.40828213630909227 2264.0215623816393 437.69810256452297 3149.91619861983 816.5057992702599 1.8784 2.1996 5.9972 5.836101020100595 -25.955942479055718 -6.9284 -1.7545848079282806 0
CAR 0.0 0 -1.4274709201147475 168.8512513924454 288.945301826977 303.51582595909974 349.61105215831543 1.501 1.901 4.1044 37.895431986417 60.32976028142098 -8.2531 -2.067370310837955 0
CAR 0.0 0 2.8224672477099366 2842.8691249191515 174.02218549143566 3189.15654055543 269.90110952391154 1.5038 1.901 4.3724 12.3818 -65.2161 -5.8167 1.324577888427898 0
