CAR 0.0 0 1.6481013771823103 396.9030779458355 -6.779204662268009 492.3140680980185 97.75899753829657 4.019 2.916 2.729 67.84230833205875 2.542432943033945 -5.5219 0.1770991263252167 0
CAR 0.0 0 3.0037726975716783 1338.6495314087874 198.5612021732378 1508.584821898943 315.2894405334865 1.594 1.8966 4.5394 31.656409292089883 -28.171144465683103 -6.3337 1.6105393675152717 0
CAR 0.0 0 -1.142260671243343 201.41254871887406 462.5640158409764 454.07962016427854 598.1961635365798 1.5196 1.8976 4.1761 11.7401170423416 29.284528242714106 -7.5683 -1.6993776944224108 0
CAR 0.0 0 1.613252778935315 415.5437125720475 6.591359342781505 473.8511294296947 49.73126883452754 1.8149 1.9014 4.1022 83.4518482209941 6.372713910913692 -6.1082 0.10470072598036383 0
CAR 0.0 0 2.0407663620228327 1194.9654084807278 -778.1678693625696 1437.8621178438923 -473.41173382947073 2.6198 2.2122 6.0322 -29.917705268504903 -4.452054491967276 -7.5887 0.031140035998307912 0
CAR 0.0 0 -1.8347680579937136 1382.126932062951 511.6256765088734 1613.1104830289155 706.9164482101829 1.499 1.9016 4.112 20.012680317354924 8.245575109335332 -6.2283 -3.0233332519838063 0
PEDESTRIAN 0.0 0 1.733986408486603 630.8917022302721 139.01824485161464 667.8666631432608 208.63570797742932 1.7 0.7848 0.6973 39.93664917342082 -9.457146848460418 -6.0576 0.4242919206872831 0
CAR 0.0 0 -1.6427739902458691 1768.5433465372873 261.23498312025873 1905.786827089609 388.5358094522466 3.4079 2.7742 1.8309 50.31500165707698 7.964558601047396 -5.2988 -3.0395974269518478 0
CAR 0.0 0 -1.8080728493656606 74.7338270617974 1.1774263560326987 307.11592620603517 142.64412954605586 3.5682 3.0012 10.9976 56.24430902894899 8.484515534211528 -5.2107 -3.052921796683383 0
CAR 0.0 0 -1.6856117299197564 1767.3545544334106 343.16603811332976 1879.9121958698342 426.83614961096424 1.5064 1.8966 4.1132 44.67148595167808 7.300267055530688 -6.2711 -3.0493759430220515 0
CAR 0.0 0 -0.909096400273832 356.8684059121382 420.50682032233743 567.6895288536421 534.0233304025646 1.5195 1.8976 4.1014 15.52181832510046 30.51311739630693 -7.441 -1.6819270272704947 0
CAR 0.0 0 4.887389922197814 1101.878458293404 -288.36342116209227 1148.3461797620914 -250.21603914045377 1.5034 1.8968 4.0982 -92.5808593092188 5.685073082445813 -8.2291 3.081900071005257 0
CAR 0.0 0 2.9461261274748214 1315.2024298718668 241.61045649522367 1493.389600058005 367.8355256989762 1.4987 1.9049 4.0972 28.039860882472276 -26.218187598296513 -6.4483 1.5881233509515706 0
CAR 0.0 0 -1.2652469957852646 111.0355636476576 400.73733882756 324.8049759846324 503.2967351884541 1.5196 1.8976 4.1284 12.923139848420611 37.657001968393324 -7.6049 -1.7168309998735665 0
CAR 0.0 0 1.539686011061991 383.195428005227 67.86335111690467 507.54100605604077 125.12982440155884 1.2972 3.2042 7.6122 63.440016374587074 1.6195445901737608 -7.0427 0.17915388867624044 0
WHEELER 0.0 0 1.7403313279167916 877.1477278585468 236.5073537437162 918.0894787990843 332.31137717846286 1.7402 0.8236 1.4456 31.03644168078214 -15.81442115389411 -6.8021 0.47570316638641924 0
CAR 0.0 0 -1.672577111938717 1602.2604732996315 348.0790055896244 1724.248933149883 434.8807224830166 1.4986 1.895 4.0984 40.2923130573679 10.528434490112987 -6.2699 -3.0133821179597526 0
CAR 0.0 0 -1.7007836137861025 1411.3261523213769 354.21915554246914 1544.5549579698868 444.90691483738715 1.5038 1.8954 4.152 35.877456408211756 14.093684137110383 -6.3408 -3.0089030420877094 0
CAR 0.0 0 4.9870132325737835 1248.9970920415842 -398.6750768125172 1334.7881904794492 -331.0752980440136 1.498 1.8954 4.1042 -59.9139101167621 5.2595889935334625 -8.3635 3.141428118190829 0
CAR 0.0 0 -1.645771505057182 1682.2189646079278 282.03603595154556 1766.8232015321694 337.5542996686788 1.4994 1.9016 4.0998 59.46063635637236 12.689571564123053 -6.2208 -3.0393757420720453 0
CAR 0.0 0 -1.4262912581903286 29.99889684067776 295.42859894531546 175.81377022303408 353.6764598137925 1.5196 1.8976 4.1284 17.928760562116075 60.519757506495296 -7.532 -1.7342843053404915 0
CAR 0.0 0 3.0679813371707634 2553.3777819024735 243.28311913445344 2913.4377260261904 363.4139342290779 1.5032 1.8952 4.1044 26.66987362165402 -56.1247488214143 -6.2698 1.6071949858009207 0
CAR 0.0 0 4.863028694314637 1039.2475205983137 -280.111156085053 1074.2610431682867 -249.21374575073557 1.5034 1.8968 4.0982 -114.2824 5.0097 -9.8725 3.0469927222473094 0
CAR 0.0 0 -1.1920528167803626 1443.8183286059195 -629.0708728063578 1624.6205259273593 -484.47826101223563 1.496 1.899 4.103 -35.65363462873509 2.79026346576768 -8.3985 -3.1098516261328566 0
