CAR 0.0 0 2.9344619499886635 1432.67963315762 323.5816198742191 1709.380000571672 515.3358024618317 1.551 1.9022 4.6956 21.419222310778995 -26.234556779837966 -6.4702 1.6235461259287363 0
CAR 0.0 0 2.9400539414255196 1355.5687595408926 214.90317053499672 1520.0975278043757 324.9669166682164 1.5 1.8998 4.0998 31.286979488916792 -28.423360303375688 -6.555 1.5540367973984677 0
CAR 0.0 0 2.9734795193560926 1790.1418237164303 319.523064310555 2131.3266583022555 493.9010127215931 1.5 2.037 4.3995 21.591425049154644 -33.353514457969574 -6.4402 1.6063940518724338 0
CAR 0.0 0 -1.0497810436278123 342.6003247003291 411.9095637877451 550.0976189637177 525.1348167606195 1.5999 1.899 4.0996 15.69217330728416 31.518387645016396 -7.4486 -1.814376792617349 0
CAR 0.0 0 -1.0917029504798523 276.8679772796951 376.0222256617675 463.55630277526586 467.03365338950334 1.5 1.899 4.0996 16.823155481358285 37.444715608144584 -7.4503 -1.815035752896246 0
CAR 0.0 0 2.9184644163610116 1346.5798064635192 239.06314255657043 1529.1271219545142 364.7020786003543 1.5 1.8998 4.0998 28.078244243205976 -26.960109621948575 -6.4052 1.55373295563943 0
CAR 0.0 0 2.9943959776700444 1606.6366453145297 202.71193668154538 1799.4107079647172 307.1012391927416 1.5 1.8998 4.0998 32.03129605503306 -35.44721391140741 -6.4191 1.5714874523490754 0
CAR 0.0 0 -1.3334577411698 132.20876617813843 409.6164821394972 349.19478394445395 517.412541449398 1.553 1.899 4.0996 12.876130294464646 36.22705989258115 -7.6325 -1.8150357528962455 0
CAR 0.0 0 -1.2623712970326129 183.7409148184147 455.8772442399643 432.9837596640338 594.7945949949961 1.6483 1.8736 4.0995 11.59254401591182 29.828478119357175 -7.5421 -1.796926865373165 0
CAR 0.0 0 1.2637536628243136 457.83140245479063 81.30480819513163 673.536119416365 346.69410499862283 4.083 2.9959 5.8323 30.34580348734717 -9.126888455750445 -4.9879 0.03449096184174487 0
CAR 0.0 0 -1.437481646150172 62.575130628167095 341.0394490674846 236.33327650342244 415.87650656733985 1.4996 1.899 4.0996 15.28615888235639 48.6494450390786 -7.6 -1.8150357528962455 0
CAR 0.0 0 -1.5806405745308523 1510.3966484255238 315.08205336177855 1621.4877091174878 388.196622382988 1.4954 1.9024 4.0993 43.941976998282954 14.199991269555445 -6.0972 -2.931490519625712 0
CAR 0.0 0 -0.4158861890849591 -45.84925324906498 82.24955271023869 445.49573361080405 485.9798729788088 4.1525 3.0019 10.9977 26.18604938408597 -4.245555681311917 -4.8941 -1.15241190021682 0
CAR 0.0 0 3.0180578806492733 2090.925853793643 269.7934862816157 2611.428570985911 491.94292199626716 1.9996 2.198 5.9958 21.87352304105274 -40.63981027790367 -6.0941 1.6063940518724342 0
CAR 0.0 0 -1.5954445601306635 1758.6885313747482 287.25740168117886 1889.2140697394723 386.43817059687547 2.008 2.2032 5.9814 48.17467012142317 7.935389955743887 -5.3721 -2.985217987574505 0
CAR 0.0 0 3.0300064081990095 1869.224735438802 267.65608373383725 2151.147673664764 403.2463619356842 1.4978 1.9028 4.0956 25.457104531857023 -37.748469187126105 -6.4348 1.6238473516340513 0
CAR 0.0 0 -1.6174405091258044 1615.378981128602 338.95394927664483 1729.2556294438425 419.024177392589 1.5018 1.9004 4.0996 43.387029680045195 10.958762030560024 -6.4196 -2.9663937196666668 0
CAR 0.0 0 -1.6562936521242648 1681.043009873748 385.3014627533298 1881.069836388226 574.6356141969037 2.3712 2.209 6.002 31.552256015857694 6.264346812119166 -6.1021 -2.967946916332754 0
PEDESTRIAN 0.0 0 0.4337800601069097 201.7147748031906 -1044.6977665801016 324.4121992555692 -790.4569456048357 1.7156 0.6988 1.0352 -21.704159185313117 -20.42671470663389 -7.6748 -2.424942486591099 0
