CAR 0.0 0 2.7160373958473754 1775.0339813502758 302.1269725814482 2173.915975284975 488.49853412863257 1.5023 1.898 4.937 13.788974840734543 -24.771657176129516 -6.5925 1.3410568121408173 0
CAR 0.0 0 2.6529976344131083 1312.326498581219 235.188482243218 1526.7450056033879 363.6856632700765 1.5177 1.898 4.0963 21.978602075265982 -19.83800984026574 -6.7131 1.2886889732761384 0
CAR 0.0 0 2.6592182463551235 1405.918491765427 310.7336014103509 1741.8179307985752 509.1231146818426 1.5541 1.898 4.9169 15.73542686719992 -17.69286974871974 -6.7043 1.3410568121408173 0
CAR 0.0 0 -1.4788731059295592 217.2723915724921 440.1829678242424 441.4148250275919 577.4810456806908 1.6474 1.9008 4.0966 22.24547949070216 38.9182483656889 -8.1942 -2.059644171057918 0
CAR 0.0 0 2.696843803714024 1586.8389296420232 198.36040880501326 1810.1958270510045 301.7266122499489 1.396 1.8974 4.3588 23.255966184472097 -29.446766392027726 -6.6116 1.2712330420857865 0
CAR 0.0 0 -1.2655146702325908 366.6902031863008 397.2614158447923 548.7799051718914 511.0322832956969 1.6474 1.9008 4.0966 26.739550797414356 39.41859260848721 -8.1431 -2.059644171057918 0
CAR 0.0 0 4.323350941518704 1636.3580504299011 251.47100402544908 1871.734276048412 499.0475278443584 4.11 3.0032 11.0896 41.44469244975654 9.574785917371386 -5.5143 2.9577297530668534 0
CAR 0.0 0 4.357266546445011 1704.6798340240548 271.72623891242483 1806.5322748114227 355.60380310202845 1.9994999999999994 2.0167 6.000200000000007 57.891024096185745 6.52733053924687 -6.3098 2.9624863797598247 0
CAR 0.0 0 2.134597153973856 440.3488058348239 257.7960606885457 551.2111730505516 318.6998570636121 1.7 1.8454 4.0952 43.74270388444334 52.77019578742366 -7.2475 1.0882981071991429 0
CAR 0.0 0 4.317398126221034 1617.4015140398822 296.52660907486245 1848.5361442370274 543.8672379555146 3.9074 3.0032 5.6574 34.72210621421161 10.774456132674368 -5.6171 2.9806550537520806 0
PEDESTRIAN 0.0 0 2.7704633657592357 622.0840349181598 132.2565751608315 658.0975407658148 201.0851856516491 1.7 0.6996 0.9374 39.64208003213726 -6.556650220227784 -6.4566 1.4538021921240931 0
CAR 0.0 0 4.397004967307407 1736.6538823683811 213.99338275785675 1813.6207418548834 274.38694578372014 2.3536 2.2034 4.7012 80.4455 2.3383 -5.6925 2.9624863797598247 0
CAR 0.0 0 4.348613652973534 1731.577124334716 252.16554577842845 1804.2526734078983 301.2837869093083 1.497 1.9045 4.1242 70.2502 4.1327 -6.271 2.9327921430770307 0
