CAR 0.0 0 2.71622965279846 1773.4868512776864 301.5359799394741 2171.3433080314894 487.4640083657885 1.5023 1.898 4.937 13.829005946081967 -24.780794613522247 -6.5925 1.3410568121408173 0
CAR 0.0 0 2.6529160894348536 1309.9719822956874 234.84240777027784 1523.8540661383543 363.16610412624823 1.5177 1.898 4.0963 22.023702068130618 -19.806280390923913 -6.7131 1.2886889732761382 0
CAR 0.0 0 2.6592866829421378 1405.8195419153028 310.61924691897747 1741.5816610699271 508.91786728052597 1.5541 1.898 4.9169 15.742231680396316 -17.696190343552317 -6.7043 1.3410568121408173 0
CAR 0.0 0 -1.4779607251878815 217.94461318172324 440.12448372395244 441.9640425922728 577.3830178509952 1.6474 1.9008 4.0966 22.25528624209991 38.91091608124263 -8.1942 -2.059644171057918 0
CAR 0.0 0 2.6969209211198573 1587.6768968810927 198.35970642486873 1811.115078239633 301.71636152168537 1.396 1.8974 4.3588 23.249835403312456 -29.46935924774687 -6.6116 1.2712330420857854 0
CAR 0.0 0 -1.2636681397482739 368.1978653240265 396.980110137115 549.9554903035156 510.5925125314122 1.6474 1.9008 4.0966 26.780193943315517 39.41265049833226 -8.1431 -2.0596441710579176 0
CAR 0.0 0 2.3533042301744533 -528.9813697648541 70.69706974288526 -2.1406159020527142 430.39636341123054 4.11 3.0032 11.0896 32.32154389415974 10.645061728042032 -5.5143 3.1328757023498737 0
CAR 0.0 0 4.3353058858934945 1686.163464435073 299.84607957625343 1805.4177394480198 404.4236512063424 1.9994999999999994 2.0167 6.000200000000007 48.643896251934095 8.209155596172735 -6.3098 2.9624863797598247 0
CAR 0.0 0 1.5998707212772088 70.61096118882259 191.32141169539156 164.34225886405167 229.31213627840964 1.7 1.8454 4.0952 55.80071618397534 90.82165121455304 -7.2475 1.0882981071991429 0
CAR 0.0 0 -3.586584294734403 -586.5184743614523 145.0643054762669 -55.288584759833185 516.4032361682381 3.9074 3.0032 5.6574 25.748166763571334 9.596163128866186 -5.6171 -2.8477908921477906 0
PEDESTRIAN 0.0 0 2.772064768487944 625.3819261329362 132.0474949060134 661.3207484929529 200.7878231730058 1.7 0.6996 0.9374 39.65919594441248 -6.653067985068542 -6.4566 1.4538021921240931 0
CAR 0.0 0 4.383833677972992 1717.964593831485 230.33330150888594 1806.4641528020675 302.39700056532126 2.3536 2.2034 4.7012 68.75348084538923 4.734209170402824 -5.6925 2.9624863797598247 0
CAR 0.0 0 4.328864007676016 1718.6220421563467 280.87958061249094 1805.3877911156774 342.66151077425775 1.497 1.9045 4.1242 58.33308645768698 6.204740662399953 -6.3153 2.9327921430770307 0
