CAR 0.0 0 2.925288297280871 1433.3332462066153 323.3414409849875 1709.9874627291329 514.9153025756974 1.551 1.9022 4.6956 21.433600543290673 -26.25342480378091 -6.4702 1.614076059652156 0
CAR 0.0 0 2.9477339698158307 1352.6164861553605 214.77367307678975 1516.676222593142 324.797877716073 1.5 1.8998 4.0998 31.30215862339665 -28.35248114173616 -6.555 1.562018017330398 0
CAR 0.0 0 2.982283676862143 1794.0647311989437 318.9000975729145 2135.3901731857427 492.826340422005 1.5 2.037 4.3995 21.62858625487175 -33.459377395960175 -6.4402 1.614380599778514 0
CAR 0.0 0 -0.9946658632825875 341.3295137761105 412.37180470965916 549.2424883863386 525.8460459831758 1.5999 1.899 4.0996 15.6474504667713 31.488241677879554 -7.4486 -1.757453444740866 0
CAR 0.0 0 -1.0349893169101787 276.0051311720821 375.7689911643575 462.58587089468375 466.6674883842904 1.5 1.899 4.0996 16.824055002195617 37.497336055283725 -7.4503 -1.7574534447408667 0
CAR 0.0 0 2.909314724194097 1346.5219939973822 239.0322366079578 1529.0414161033145 364.6551119057454 1.5 1.8998 4.0998 28.081215108518023 -26.95986283573772 -6.4052 1.5445673833066762 0
CAR 0.0 0 3.0196759736586074 1607.3468736711332 203.02473224484925 1800.4400700666042 307.5623906902267 1.5 1.8998 4.0998 31.992879422032924 -35.44489703034372 -6.4191 1.5969143524866567 0
CAR 0.0 0 -1.2839014121997936 127.32870011326197 409.6129678536051 344.70988404791603 517.4347180537011 1.553 1.899 4.0996 12.79893347087 36.30809798932476 -7.6325 -1.7574534447408667 0
CAR 0.0 0 -1.2310346790664992 178.09670066350273 456.7022100498774 428.4555870113894 596.129022217378 1.6483 1.8736 4.0995 11.488429795128564 29.83264749981188 -7.5421 -1.7574534447408667 0
PEDESTRIAN 0.0 0 3.6640458883731544 989.3069975982895 97.12031794319617 1016.8721815672413 156.27766420158954 1.7024 0.7548 0.7211 46.672868583865906 -20.250108356355028 -5.7738 2.2187577093109483 0
CAR 0.0 0 -1.5962516598553125 1728.7958204447523 242.44342618157035 1909.789843254983 417.59551357526635 4.083 2.9959 5.8323 46.97946376976866 7.9941788262070395 -4.9879 -2.9908413064371224 0
PEDESTRIAN 0.0 0 -1.993036091197592 1236.762052174435 636.0085472547277 1370.81668214776 853.7652402522549 1.8354 0.7406 1.0616 12.360290663731366 -18.74579182052736 -6.551 -3.04477252578078 0
CAR 0.0 0 -1.3876502949488874 58.964614162400785 339.8895207684396 232.14629984656105 414.26406223987783 1.4996 1.899 4.0996 15.286680587741685 48.967246731712265 -7.6 -1.7574534447408667 0
CAR 0.0 0 1.6245167837515986 470.63921061664365 3.9029195276974447 522.6038738255921 38.9637060991884 1.4964 1.9028 4.1049 86.83990643647306 4.222404579120487 -6.0111 0.09618390726240347 0
CAR 0.0 0 -1.5888744149540301 1718.351838904873 223.5773905843205 1908.1689456113982 397.88486802539126 4.1526 3.0019 10.9977 52.176732124771746 8.78598117184959 -4.9096 -2.994543022300242 0
CAR 0.0 0 5.0301901134608 1306.304742091629 -510.4799700690259 1432.330542487148 -406.76179869111013 1.4984 1.8986 4.0987 -44.30133353452555 2.308789354840396 -8.2432 3.1370140388056007 0
CAR 0.0 0 1.0511971386057455 239.7749757659179 169.73204471616444 381.42751181367584 264.71894173741833 1.5 1.9032 4.1049 37.7344745022084 -1.0749355770063533 -6.6873 0.0827779746539169 0
PEDESTRIAN 0.0 0 0.7336382820651601 1006.9104876984678 247.74022739244774 1030.3685798351844 289.1190893016027 1.7 0.6991 0.791 49.33977401528078 40.03836740185847 -6.1958 -0.5796320570379399 0
