CAR 0.0 0 3.0147854153813354 1341.831657280184 198.49118101666917 1512.1870386219816 315.1499946322281 1.594 1.8966 4.5394 31.66485432744515 -28.257863595105196 -6.3337 1.6210677637018256 0
CAR 0.0 0 -1.2351565406128886 194.77218242421682 463.776122252315 448.92398373941495 600.1334325262898 1.5196 1.8976 4.1761 11.610120740720347 29.270267934876266 -7.5683 -1.782856759787455 0
PEDESTRIAN 0.0 0 1.1341706511524976 626.2540615715012 138.26258773930022 663.3220083983177 207.70127243680545 1.7 0.7848 0.6973 40.06022117060846 -9.318118310185614 -6.0576 -0.17496862750956493 0
CAR 0.0 0 -1.607731756639405 1756.4076436013765 274.76539761039385 1907.0568738532115 415.6697803498412 3.4079 2.7742 1.8309 45.52937383214738 7.4844149134176465 -5.2988 -2.9935192807144797 0
CAR 0.0 0 -2.069380883414688 -29.955363570878912 15.420069399064223 256.603071828099 181.70921432905587 3.5682 3.0012 10.9976 49.344594777577036 8.048201016994224 -5.2107 -2.9984216935191634 0
CAR 0.0 0 -1.6804480822400119 1753.4084800539208 367.1262925710795 1879.0786668986839 463.56986924787844 1.5064 1.8966 4.1132 39.803570659374536 6.7974216711497775 -6.2711 -3.027719941514197 0
CAR 0.0 0 -0.9726570873506066 358.49398279946786 420.30690144337916 569.045718555315 533.7104155071253 1.5195 1.8976 4.1014 15.556997725586946 30.50802388419705 -7.441 -1.7473622960181396 0
CAR 0.0 0 2.9925793835709094 1315.4978523061802 241.43895468754678 1493.625991960756 367.5696539824403 1.4987 1.9049 4.0972 28.056001041613232 -26.230804791958217 -6.4483 1.6343890336265965 0
CAR 0.0 0 2.9961264856595506 1494.7842469546283 270.59383271921246 1727.377371654795 416.04286033925507 1.5032 1.8952 4.1044 24.711057901629246 -28.827294116408854 -6.2698 1.634389033626596 0
CAR 0.0 0 3.0459091892126744 1846.6804625242785 241.95457085700295 2159.556931664448 385.64522647844973 1.4966 1.9946 4.6048 25.114474227099745 -36.992090625628705 -5.8821 1.6296117114002369 0
CAR 0.0 0 -1.0909566413458465 207.46174344609514 330.91838247214474 369.92598775461494 403.28074260684053 1.4992 1.9014 4.0972 18.58355431713384 46.20901618627865 -7.3685 -1.759421345856444 0
CAR 0.0 0 -1.3098642137182923 98.75862332816362 362.45906448418236 285.36274214052065 446.4327146182062 1.5006 1.8984 4.1012 14.66779872602726 43.76750536678978 -7.5939 -1.755079248103253 0
CAR 0.0 0 -0.322881468183723 -1522.2546174598792 410.7888578062996 -387.30797861678667 936.1289906099597 2.5328 2.5828 5.9969 15.269946254701871 2.9193248446737905 -6.1644 0.6092808355281463 0
CAR 0.0 0 -1.277200169444669 146.54698947143385 408.8584442136151 361.2572201880113 513.8944989397505 1.5018 1.9002 4.0982 13.1518 36.1298 -7.6157 -1.7828567597874547 0
