CAR 0.0 0 3.014610205755936 1340.8482812383254 198.5440451965496 1511.0945180226008 315.24178096460554 1.594 1.8966 4.5394 31.65845214432171 -28.229649014982254 -6.3337 1.6210677637018256 0
CAR 0.0 0 -1.2352755798344393 194.59865385916666 463.58442196855674 448.63240089319993 599.8343978300397 1.5196 1.8976 4.1761 11.61446499234307 29.289727199316175 -7.5683 -1.7828567597874547 0
PEDESTRIAN 0.0 0 1.1347406484026892 627.4712204309783 138.19740145994103 664.4765643292683 207.611366101798 1.7 0.7848 0.6973 40.071981401857535 -9.349393730048675 -6.0576 -0.17496862750956493 0
CAR 0.0 0 -1.5983335791517477 1756.9166229719297 261.9144608926075 1894.5968372661612 390.0599852210089 3.4079 2.7742 1.8309 49.76140571827246 8.202275710106935 -5.2988 -2.9935192807144797 0
CAR 0.0 0 -1.5953223182233112 1729.2631986300175 238.68455559969874 1909.6708111349135 391.79256000713997 3.5682 3.0012 10.9976 53.52359867714911 8.732583045290324 -5.2107 -2.9984216935191634 0
CAR 0.0 0 -1.664396650567858 1764.922996801237 343.4462898701908 1877.7292675337487 427.27538215739224 1.5064 1.8966 4.1132 44.56031968952112 7.341910275841782 -6.2711 -3.027719941514197 0
CAR 0.0 0 -0.9724227174395199 358.68834639730727 420.27184408729755 569.200485758758 533.6560743444514 1.5195 1.8976 4.1014 15.561792089846305 30.50857467623634 -7.441 -1.7473622960181396 0
CAR 0.0 0 2.9925285833174495 1315.3201760587167 241.46612575733667 1493.438030891434 367.6129470149485 1.4987 1.9049 4.0972 28.053483699016056 -26.225751361581562 -6.4483 1.6343890336265965 0
CAR 0.0 0 2.99647224615747 1492.3843064886178 269.64826158617865 1723.8741105533525 414.5681537870562 1.5032 1.8952 4.1044 24.786608800011507 -28.81206259835147 -6.2698 1.634389033626596 0
CAR 0.0 0 3.0654705915012133 2069.5206348898855 237.06870858623816 2413.815364647114 375.21359295055134 1.4966 1.9946 4.6048 25.490460863844515 -42.55566817418185 -5.8821 1.6296117114002369 0
CAR 0.0 0 -1.1061382268163085 177.43482490544702 311.57509215046565 328.2519263638161 376.1247057596778 1.4992 1.9014 4.0972 19.63621587694539 51.312355239666246 -7.3685 -1.7419707110178175 0
CAR 0.0 0 -1.3098041966348513 98.79731939445323 362.4936209612118 285.42297556038943 446.4823123302762 1.5006 1.8984 4.1012 14.666517169223777 43.76069159350805 -7.5939 -1.755079248103253 0
CAR 0.0 0 -1.277148031149613 146.59429223238607 408.9046386664713 361.3356419304933 513.9645986288735 1.5018 1.9002 4.0982 13.1503 36.1227 -7.6156 -1.7828567597874547 0
