CAR 0.0 0 2.9250179087501627 1434.070017937506 323.88195978561566 1711.3256691542977 515.835949217933 1.551 1.9022 4.6956 21.399983814908232 -26.252839741666016 -6.4702 1.6140760596521568 0
CAR 0.0 0 2.948039542960494 1351.7539958287023 214.24429631322013 1515.3839191551479 324.01285195814654 1.5 1.8998 4.0998 31.362612987232925 -28.353000020671793 -6.555 1.562018017330398 0
CAR 0.0 0 2.982516584273638 1794.7822606855789 319.15557567987025 2136.5040523180187 493.2420322819453 1.5 2.037 4.3995 21.611951092898323 -33.46212274201067 -6.4402 1.6146851398907596 0
CAR 0.0 0 -0.9950594215832247 340.76528493199896 412.145806527216 548.5738879044171 525.5053097682597 1.5999 1.899 4.0996 15.650846182157906 31.52221951334112 -7.4486 -1.7574534447408663 0
CAR 0.0 0 -1.0348117069117104 276.03626407066656 375.62929098774305 462.52014998899966 466.46280685144484 1.5 1.899 4.0996 16.83363980653307 37.517108735358704 -7.4503 -1.757453444740867 0
CAR 0.0 0 2.926551999831961 1346.625968495695 239.32561966529715 1529.3437798019688 365.10500353345736 1.5 1.8998 4.0998 28.05316826460878 -26.951785886801215 -6.4052 1.562023372950315 0
CAR 0.0 0 3.0195482589445053 1607.546976763714 203.23961602571868 1800.823906184452 307.881668638975 1.5 1.8998 4.0998 31.966550973891046 -35.435434676751775 -6.4191 1.5969143524866567 0
CAR 0.0 0 -1.2815692188814674 128.70938439677275 409.5012387797542 345.8999845097506 517.2596166335351 1.553 1.899 4.0996 12.825731936291557 36.29938233022073 -7.6325 -1.7574534447408667 0
CAR 0.0 0 -1.2319458924083926 177.92209282867654 456.8199663860168 428.38042206807677 596.315561705186 1.6483 1.8736 4.0995 11.482009696840993 29.82431435428614 -7.5421 -1.7580622104290473 0
PEDESTRIAN 0.0 0 3.5870872879613636 714.1187707494429 116.77799619816975 745.0856618204147 183.2885799027621 1.7024 0.7548 0.7211 42.05105159101698 -11.5720439746779 -5.7738 2.2187577093109483 0
CAR 0.0 0 -1.5981495180077598 1730.977723153251 244.89729678451323 1915.6310488233169 424.23756045970663 4.083 2.9959 5.8323 46.06955469573948 7.766009221202778 -4.9879 -2.9908413064371224 0
CAR 0.0 0 -1.378522534451869 62.99085017022937 339.4077567813536 235.56659144590466 413.56161378334707 1.4996 1.899 4.0996 15.402302998312397 48.98619392205671 -7.6 -1.7574534447408674 0
CAR 0.0 0 -1.693506387823284 1503.8308168069304 315.126494087028 1615.2107716154824 388.30298279356805 1.4954 1.9024 4.0993 43.778659618851265 14.345745822759048 -6.0972 -3.0434344555096065 0
CAR 0.0 0 1.9960436176070118 946.5360342855895 -489.74335491830044 1016.8064670577651 -397.58800829763345 1.5026 1.7336 4.1034 -50.12420611646689 -8.270312978178826 -8.5742 0.0015501362514548404 0
CAR 0.0 0 -1.588670450510136 1717.3233935160335 223.7291097973837 1908.444592267234 399.3500401568507 4.1525 3.0019 10.9977 51.82028883833388 8.74837560365185 -4.8941 -2.9939342325180367 0
PEDESTRIAN 0.0 0 0.782609565786267 1135.5073292198547 244.24314858958968 1158.6969312291133 283.54780467353504 1.7 0.699 0.7911 55.9817 37.2166 -6.2554 -0.5621787645179964 0
CAR 0.0 0 4.730658629315219 1063.4068812272394 -247.30676292913856 1092.5123442586098 -223.42297612004978 1.4984 1.8986 4.0986 -140.04414407710775 11.384621064722333 -10.0523 2.9450000258674502 0
CAR 0.0 0 -1.635658651932883 1669.2572667494444 257.82933714353874 1744.6682303865266 305.21267558822467 1.4954 1.9024 4.0992 66.8523 14.8524 -5.9684 -3.0434344555096065 0
