CAR 0.0 0 2.9354984181490558 1430.2424031055289 323.24611446467765 1706.1241456944115 514.7875550573607 1.551 1.9022 4.6956 21.441255640112907 -26.197327801902887 -6.4702 1.6247709188662327 0
CAR 0.0 0 2.963604871964121 1349.2842474851766 213.12457927406993 1511.9218655091772 322.35869482620757 1.5 1.8998 4.0998 31.491234488235254 -28.337301106940554 -6.555 1.5770240091038403 0
CAR 0.0 0 2.997196582620754 1792.7846049451994 318.3089878721179 2133.2679683017695 491.8607661596512 1.5 2.037 4.3995 21.666926659569405 -33.460578036680275 -6.4402 1.6290845723854452 0
CAR 0.0 0 -1.041523645174439 346.16321192629607 411.35137278205764 552.9901754842247 524.2642858658068 1.5999 1.899 4.0996 15.778042584963535 31.521876875177604 -7.4486 -1.8104714429084878 0
CAR 0.0 0 -1.088782014131533 275.44241459009845 375.8255026546261 462.10299955308017 466.75323331886943 1.5 1.899 4.0996 16.81032909139731 37.49942004565988 -7.4503 -1.8104606373881729 0
CAR 0.0 0 2.941897311387198 1347.2987639530559 239.0297500588731 1529.9326204460008 364.64429515265596 1.5 1.8998 4.0998 28.081220573728167 -26.978160833525294 -6.4052 1.577029327703709 0
CAR 0.0 0 3.017468880245569 1609.238542406473 202.96547682887228 1802.5220491476114 307.45797813339277 1.5 1.8998 4.0998 32.00003116237555 -35.50082646375 -6.4191 1.5944905815285024 0
CAR 0.0 0 -1.3159971614184618 129.53060420930328 409.28172509659214 346.5009660904934 516.9262734180821 1.553 1.899 4.0996 12.848435264400292 36.31350380802353 -7.6325 -1.7933414657269229 0
CAR 0.0 0 -1.2567573148311666 185.20851396106687 455.8334550380222 434.28134674408415 594.7163753838345 1.6483 1.8736 4.0995 11.613683539604489 29.81168344361144 -7.5421 -1.7933253174713948 0
PEDESTRIAN 0.0 0 2.860273072330231 631.2974807248048 125.99887569586156 664.2543338959983 194.64149302541492 1.7322 0.6996 0.7164 41.4573 -9.2596 -5.9621 1.5316807742695873 0
CAR 0.0 0 -1.6798162907771554 1702.1961477797574 262.9133239430606 1916.2259112686588 475.1533949679235 4.083 2.9959 5.8323 39.41132426935821 7.159651868605814 -4.9879 -3.0539320633466236 0
CAR 0.0 0 -1.4123090531321352 55.82224415340517 340.2510403851406 229.46726967821533 414.791960379644 1.4996 1.899 4.0996 15.19775472607416 48.95557041571678 -7.6 -1.7749669233050611 0
CAR 0.0 0 -1.6772345399961015 1510.8531768233088 315.3233183829099 1622.0638969551378 388.55370379277895 1.4954 1.9024 4.0993 43.8964774759521 14.171308170518522 -6.0972 -3.0279752999934297 0
CAR 0.0 0 -2.3742628213639843 -100.33628454882373 2.985102605690438 228.388848400407 203.74082004761013 4.1525 3.0019 10.9977 46.09923332194888 7.832025960520567 -4.8941 -3.0565361548780694 0
CAR 0.0 0 2.519009264806649 916.7545400583765 377.6981225900258 1074.0403536179024 474.87261897269434 1.5034 1.9028 4.1032 26.212374552140243 23.052777787048637 -6.8614 1.35107840018984 0
CAR 0.0 0 -1.6525824052334293 1654.162417221053 305.37578873937196 1751.7664900529878 371.3838985577582 1.5018 1.9004 4.0996 51.16067071171709 11.757780505998953 -6.2447 -3.0279752999934297 0
