CAR 0.0 0 2.7053493673214195 1326.365325608569 190.10769006158142 1532.8932993700294 312.5942133797391 1.7194 1.8964 4.5202 24.916395018239324 -22.53076938259184 -6.5435 1.3071190965771686 0
PEDESTRIAN 0.0 0 3.5153900296348324 650.0751731110506 138.18367835344253 684.6843084253284 206.39577759401135 1.7 0.6968 0.7192 38.87101367822178 -7.195082164703984 -6.5112 2.1967451706389425 0
CAR 0.0 0 4.390448481696469 1703.6292645471176 257.1072378784362 1837.027309868826 379.8638681408642 3.487 2.935 2.072 53.435672216758945 6.811713564131768 -5.9211 2.996917376801119 0
CAR 0.0 0 2.668322073416797 1278.5865249003646 232.53328316465323 1489.0193827000803 360.3255626985376 1.504 1.9011 4.104 22.26095264465656 -19.115794594026497 -6.6643 1.307121847478894 0
CAR 0.0 0 -1.4901456352634121 220.60838207825702 452.0516486547257 446.44192434403743 585.8979252959971 1.5003 1.9029 4.0972 21.945648015287833 38.49652305616089 -8.2755 -2.067370310837955 0
CAR 0.0 0 -1.2708277179354077 384.5823530576031 413.8168512109049 567.502388835866 525.7619508137808 1.4969 1.8793 4.0996 26.260457832377828 38.4351074482687 -8.2924 -2.067370310837955 0
CAR 0.0 0 2.6898256724823177 1482.963553781012 237.60701120750767 1758.4512980321902 384.910009814529 1.498 1.8978 4.2058 18.056021703882653 -21.0623116846164 -6.0071 1.3071218474788946 0
PEDESTRIAN 0.0 0 1.3396818296047797 632.8939835213893 141.26110308247158 668.2639612936717 210.56253381436034 1.7 0.6974 0.7026 38.34581554781231 -6.626510021657926 -6.4943 0.032453203031635944 0
CAR 0.0 0 4.3828848604892965 1722.2120979055169 334.6659991957638 1830.3504415629443 416.83053851331493 1.5032 1.8996 4.0986 47.4247171348201 7.426117267107483 -6.7781 3.0199979204338043 0
CAR 0.0 0 4.404168664138114 1699.1531219080316 220.23366302572546 1851.566536031926 367.44064517196347 4.117 3.002 6.0508 56.98758646912339 6.300976385833198 -5.4223 2.995539632768037 0
CAR 0.0 0 2.786030490793118 2281.7064810262164 212.02701008189877 2632.284959506019 338.3877958973227 1.4956 1.9016 4.1016 13.770520475223881 -39.832357670253835 -5.6954 1.3257885173400492 0
CAR 0.0 0 -0.40879597016441704 2405.277846536568 429.051017220899 3312.07002488407 792.5191479272264 1.8784 2.1996 5.9972 5.319999889790251 -28.577754365169035 -6.9284 -1.772035088766517 0
CAR 0.0 0 -1.4089221671926804 180.98804081342126 292.85937450485346 316.9988990244933 354.8943918590354 1.501 1.901 4.1044 37.43908646131874 59.12585174367669 -8.2531 -2.067370310837955 0
CAR 0.0 0 2.8224672477099366 2842.8691249191515 174.02218549143566 3189.15654055543 269.90110952391154 1.5038 1.901 4.3724 12.3818 -65.2161 -5.8167 1.324577888427898 0
