CAR 0.0 0 2.7164613309330994 1773.523470628103 301.1629867367408 2170.9072766055842 486.7957035763264 1.5023 1.898 4.937 13.84823626762371 -24.806126692063053 -6.5925 1.3410568121408173 0
CAR 0.0 0 2.6707566454291825 1312.865801437378 234.91652597497455 1527.1387487915972 363.24910374695787 1.5177 1.898 4.0963 21.998343007123037 -19.867024968717228 -6.7131 1.3061449141683192 0
CAR 0.0 0 2.6593446460319194 1405.0726924357434 310.36897117485375 1740.4351693475123 508.47713967368793 1.5541 1.898 4.9169 15.760163876222014 -17.693833421760427 -6.7043 1.3410568121408173 0
CAR 0.0 0 -1.4777295835992834 218.07419291751972 440.0351756519953 442.022926135208 577.242548440869 1.6474 1.9008 4.0966 22.262070197905047 38.91540877772521 -8.1942 -2.059644171057918 0
CAR 0.0 0 2.7143041863749344 1587.3598717260345 198.42329114848255 1810.8252520347473 301.8177735748141 1.396 1.8974 4.3588 23.245549865804158 -29.45403696125992 -6.6116 1.2886889732761404 0
CAR 0.0 0 -1.27713849077926 371.8154804786609 396.7124026528471 553.0048452929194 510.1528539187934 1.6474 1.9008 4.0966 26.842827602745285 39.36288168169834 -8.1431 -2.077097463577861 0
CAR 0.0 0 4.354907582922316 1649.8910309667183 239.64355202249035 1863.9128176452027 457.1256250828232 4.11 3.0032 11.0896 45.827260276303015 8.801008074750067 -5.5143 2.975170838212328 0
CAR 0.0 0 4.338798031334023 1460.7617338924758 325.58788314151025 1531.6242005990875 398.7728790629841 1.5021 1.9038 4.0982 48.80280776058954 15.228897889139066 -7.3727 3.0046951467276104 0
CAR 0.0 0 4.365574041303254 1717.996337357813 261.80448569907185 1814.477296024274 338.74593065385915 1.9994999999999994 2.0167 6.000200000000007 62.16365620548281 5.506011252009268 -6.3098 2.9624863797598247 0
CAR 0.0 0 2.2195131459805224 708.1510365542564 305.64040756249324 822.0653446808266 385.64928592326174 1.7 1.8454 4.0952 38.67667854418757 37.442508609021786 -7.2475 1.0708448146791996 0
CAR 0.0 0 4.3370929910846225 1636.9368929188545 277.3140570294147 1844.06929909325 492.0089486510456 3.9074 3.0032 5.6574 39.14446681657266 9.96798013379815 -5.6171 2.9806550537520806 0
PEDESTRIAN 0.0 0 2.7710727343399135 622.5891536883333 132.00437419832548 658.5571510311961 200.7530408416699 1.7 0.6996 0.9374 39.68515186791032 -6.577783429991877 -6.4566 1.4538021921240931 0
