CAR 0.0 0 4.14664824770784 1375.958779249026 528.4122956536254 1522.3655741379957 722.4220683408823 1.5196 1.9044 4.1024 23.81833217394676 15.797045473042711 -7.3259 2.9794319110541143 0
CAR 0.0 0 2.72986541796031 1342.4456554750666 189.7559529095429 1550.5070321846374 311.81129438933 1.7194 1.8964 4.5202 24.843529101330944 -22.972117919431597 -6.5435 1.329287223154536 0
CAR 0.0 0 1.3376693605730863 404.44862200371784 33.76214023913001 454.99678184407566 77.09128043066343 1.4992 1.8969 4.0968 72.22490829015241 -1.9496811002639787 -6.5027 -0.10597203456309086 0
CAR 0.0 0 4.246077016705131 1388.1448638435154 369.7793654474682 1472.3346123818558 467.1700480975725 1.5032 1.765 4.3145 38.89485964514965 16.827325190765578 -7.2959 2.9583443922002948 0
PEDESTRIAN 0.0 0 2.8613349741084573 652.2569968830151 138.61808440883664 686.8908499389067 206.93846642672423 1.7 0.6968 0.7192 38.78056152659237 -7.240623169697314 -6.5112 1.5425810858228364 0
PEDESTRIAN 0.0 0 1.3055593788416722 630.6439696900394 141.98312138484945 666.0984981161591 211.35413214406523 1.703 0.6997 0.6969 38.36414305034471 -6.566087769808935 -6.515 0.0002754820865611407 0
CAR 0.0 0 4.413285455179747 1710.324028237706 258.4760150367004 1845.4927871151556 382.2942098668902 3.487 2.935 2.072 53.10227854110444 6.641035329019803 -5.9211 3.020039438511599 0
CAR 0.0 0 4.423747770247978 1699.0745027327978 234.13275428268457 1856.6160045356646 375.96150949997116 3.8402 3.1746 6.0448 56.50607497848121 6.238939510836288 -5.7444 3.0211496524281416 0
CAR 0.0 0 4.255883256841611 1529.3309970094358 390.3862200069931 1624.4089932686254 496.2605763610513 1.5032 1.765 4.0984 37.42824135878678 13.360117025542104 -7.2116 2.9583443922002948 0
CAR 0.0 0 3.9337298652098838 969.1815369015561 596.9831520824955 1181.6092109774945 836.4097745389628 1.5023 1.8994 4.0966 18.641703944178392 20.677444281300275 -7.6193 2.94462395735657 0
CAR 0.0 0 2.7147745170723643 1308.9331459763855 232.63267039161977 1522.9522631214365 360.12365251585493 1.504 1.9011 4.104 22.054067485957482 -19.793361351531473 -6.6643 1.348911205822196 0
CAR 0.0 0 4.8716337194755965 2565.5003845578544 -1264.0498442345583 3411.747441099595 -766.2142602825168 1.5024 1.8994 4.0966 -9.558563714887551 25.57967360728405 -8.1652 2.9801382716960325 0
CAR 0.0 0 4.368191656110416 1696.9575162041938 338.9135047422753 1800.8409086508404 420.65608648373046 1.5032 1.9025 4.0984 47.52714365868771 8.098794447086883 -6.9854 3.0106839122209634 0
CAR 0.0 0 1.3135801545129093 1844.0640917306614 222.2796299858044 1906.9100367661902 258.5220488603558 1.5038 1.8964 4.0964 93.14167126448262 -4.942583180183779 -6.1955 -0.12990260492156275 0
CAR 0.0 0 -1.4360688173905098 241.60457686245832 449.4632280722851 463.19894340872276 581.7105542073195 1.5003 1.9029 4.0972 22.292490322279853 38.31830213155567 -8.2755 -2.0415453642998926 0
CAR 0.0 0 1.1055514304451812 319.73486771284985 103.87037808489555 397.182976016354 175.6789979087654 1.4976 1.9118 4.096 47.87821827910971 1.0161012726818466 -6.6302 -0.09725101745847313 0
CAR 0.0 0 1.8082071445387304 -14775.892138237505 1608.8281540084924 -3147.902224350605 5604.6030523962245 1.498 1.9032 4.0998 9.065684952666759 18.341259586638127 -7.5598 2.959181322458686 0
CAR 0.0 0 0.3948967549936355 21.065149236009006 209.27370113727562 373.1590162269921 593.3586847292117 4.0935 2.9956 3.2487 20.16246502223473 2.373849957222233 -5.8272 -0.11926679817583517 0
CAR 0.0 0 -1.2693279319685993 379.82880163353514 414.5295229981817 563.6853933049873 526.8697294077502 1.4969 1.8793 4.0996 26.15293159236835 38.47231591739167 -8.2924 -2.0604177559563235 0
CAR 0.0 0 0.08374218754250869 -137.01940477275724 458.22905953455086 327.06231801108555 955.3862412318564 1.2791 2.9956 7.5691 15.4328 2.9735 -7.1889 -0.11926679817583515 0
