CAR 0.0 0 2.724706431181729 1776.1707620288123 300.8332690513837 2173.5848153716115 486.1646851205156 1.5023 1.898 4.937 13.84951893518896 -24.879089141434477 -6.5925 1.3488135988365393 0
CAR 0.0 0 2.656782833994324 1320.3827492744765 234.90871710148224 1535.5171283123525 363.14785336337684 1.5177 1.898 4.0963 21.94960431771877 -20.037346358889124 -6.7131 1.2910181249559243 0
CAR 0.0 0 2.6559706802466696 1406.174729112622 311.8251298398407 1743.2569738598695 511.0943334351948 1.5541 1.898 4.9169 15.674586130990084 -17.64881729594187 -6.7043 1.3385813619489222 0
CAR 0.0 0 -1.4771712585510226 206.83476009776157 441.7567344427215 433.2941950856913 580.0420336608488 1.6474 1.9008 4.0966 22.05255149254872 38.98125774110108 -8.1942 -2.043220920331697 0
CAR 0.0 0 2.7210709027070976 1589.6390215779925 198.59034424380386 1813.4803096326798 302.0501720267305 1.396 1.8974 4.3588 23.21126935127487 -29.497381788640034 -6.6116 1.2953621165572875 0
CAR 0.0 0 -1.3037535842217733 349.7237476720035 399.16664813735207 534.8587914690786 514.0793758376708 1.6474 1.9008 4.0966 26.393505307185915 39.59338527602313 -8.1431 -2.078132818304195 0
CAR 0.0 0 1.1125484993448473 369.63115681021424 44.742891051512544 548.0632455893715 298.7463387853691 4.11 3.0032 11.0896 36.791922390281464 -1.4169886609725868 -5.5143 -0.12043604676867752 0
CAR 0.0 0 4.352071417513782 1683.705268300314 295.3058945491061 1821.3535310277002 418.95912047970734 2.3536 2.2034 4.7012 43.63365719323149 8.893327431102588 -5.6925 2.9810367679284973 0
CAR 0.0 0 2.7856088741632345 2089.845578049491 250.3436386372735 2634.832140527659 466.20653301778214 1.9972 2.1978 5.9954 12.234495138339458 -32.595370317563635 -6.1821 1.3630240930533906 0
CAR 0.0 0 2.753869677650182 1635.6740511960327 256.9142428685092 1917.379192395365 399.1069085877092 1.4974 1.8977 4.0982 17.44902400937423 -24.68774192861864 -6.4838 1.3642834977290486 0
CAR 0.0 0 4.359426070929025 1706.515049420644 307.07419973536986 1800.55139549374 377.6541048643052 1.5036 1.8952 4.097 52.85214767871011 7.2400882651200265 -6.6445 2.9809770159290045 0
CAR 0.0 0 -3.5035550532675015 -640.7508914133211 294.59112301093046 -145.72041007856407 635.9571450944084 2.5368 2.1676 5.7104 22.828690003136998 9.873392569138346 -6.6447 -2.8266998382798336 0
CAR 0.0 0 4.362031234937297 1719.9420754135995 277.27607695222906 1801.2818967253631 335.27174631147835 1.5128 1.9018 4.1024 61.97400078631949 5.637358994150047 -6.5594 2.9631082532858892 0
CAR 0.0 0 4.3029748711873825 1480.816237925421 321.0469943037697 1552.8840399020576 394.4554923918828 1.5022 1.9049 4.1038 48.729833204645665 14.643973319429769 -7.16 2.9631096288826786 0
PEDESTRIAN 0.0 0 2.661095774934207 624.5277415484068 130.88693215487223 661.0701733994194 200.75198664365917 1.7526 0.7308 0.855 39.864697115888745 -6.671271876749647 -6.4758 1.3421832397425082 0
CAR 0.0 0 4.293321770945061 1630.4301275142827 430.0952990075761 1765.1090378577494 563.5749267355378 1.4954 1.7998 4.3147 32.941688762003565 11.228986064936068 -7.0466 3.0062300080834388 0
CAR 0.0 0 2.78577635839594 2004.6649890761475 249.31378472732558 2325.8476780132614 383.7161825913326 1.4878 1.9007 4.104 15.297149087326146 -33.16339782902207 -6.404 1.3590267776864635 0
