CAR 0.0 0 2.9349582420983857 1429.8492112499735 323.87454340729937 1706.1470101448704 515.8725416001057 1.551 1.9022 4.6956 21.402892002758797 -26.173044529841754 -6.4702 1.6247709188662327 0
CAR 0.0 0 2.9635895300459394 1353.0711682550714 213.79033475816902 1516.604855339433 323.322623400912 1.5 1.8998 4.0998 31.4143155138239 -28.4069028859852 -6.555 1.5770240091038403 0
CAR 0.0 0 2.9969746522000884 1790.7093539924354 318.28755492476546 2130.7675531797763 491.84749748499945 1.5 2.037 4.3995 21.669518409919817 -33.42024533146563 -6.4402 1.6290845723854452 0
CAR 0.0 0 -1.0456128910601472 342.71433272877164 411.76255803446895 550.1036676156818 524.9103989999453 1.5999 1.899 4.0996 15.701903357315377 31.532710406632578 -7.4486 -1.8104714429084878 0
CAR 0.0 0 -1.0853999281112419 277.8735786735063 375.5872006609292 464.1932791801653 466.39137375058755 1.5 1.899 4.0996 16.86929996633023 37.489554509993276 -7.4503 -1.8104606373881729 0
CAR 0.0 0 2.941830675330946 1345.8907029673342 238.84409462433024 1528.1986837862871 364.3717353621395 1.5 1.8998 4.0998 28.099395050153785 -26.951808159509817 -6.4052 1.577029327703709 0
CAR 0.0 0 3.017018729089025 1610.8748230804676 203.8514636885525 1805.017865561158 308.7677778682105 1.5 1.8998 4.0998 31.8916073695917 -35.48387860893272 -6.4191 1.5944905815285024 0
CAR 0.0 0 -1.3141853007026374 130.6252326848945 409.25988738371706 347.4912413625515 516.8874222384609 1.553 1.899 4.0996 12.866772337864441 36.29816179556134 -7.6325 -1.7933414657269229 0
CAR 0.0 0 -1.2581439688936982 184.23819255091126 455.96337873682336 433.4942917669189 594.9269825298536 1.6483 1.8736 4.0995 11.59615001262425 29.813507071205894 -7.5421 -1.7933253174713948 0
PEDESTRIAN 0.0 0 2.860273072330231 631.2974807248048 125.99887569586156 664.2543338959983 194.64149302541492 1.7322 0.6996 0.7164 41.4573 -9.2596 -5.9621 1.5316807742695873 0
CAR 0.0 0 -1.6738436648392627 1712.545204316905 257.30969315830055 1917.3007004042918 459.0768602057596 4.083 2.9959 5.8323 41.32073976396396 7.305368111809037 -4.9879 -3.0539320633466236 0
CAR 0.0 0 -1.404381675821237 59.30840645590218 339.8432680900834 232.43468773642675 414.19682144601 1.4996 1.899 4.0996 15.296868964490185 48.96994986612976 -7.6 -1.7749669233050611 0
CAR 0.0 0 -1.677173465998722 1510.5640636737955 315.18191693621384 1621.705521036633 388.3445464679659 1.4954 1.9024 4.0993 43.92262906402021 14.18860011351178 -6.0972 -3.0279752999934297 0
CAR 0.0 0 -2.173662617726296 -60.053706361698005 -1.2715776871231486 246.510239054126 189.40492243398896 4.1525 3.0019 10.9977 48.06947574489563 7.93964087674861 -4.8941 -3.0565361548780694 0
CAR 0.0 0 2.4089080603670605 1048.0175259385778 412.51030332590847 1219.409293128357 527.3762962959551 1.5034 1.9028 4.1032 25.04556699220222 18.075965690487177 -6.8614 1.2289520453746439 0
CAR 0.0 0 -1.6468781406154689 1661.187679601345 297.86559400009446 1754.5381281168325 360.3802835110198 1.5018 1.9004 4.0996 53.602353585697166 12.097506552137435 -6.2447 -3.0279752999934297 0
