CAR 0.0 0 2.935455777992389 1430.5046169100128 323.3665071849447 1706.542088587797 514.9914256073904 1.551 1.9022 4.6956 21.43370110143085 -26.199074008597506 -6.4702 1.6247709188662327 0
CAR 0.0 0 2.9637538220941186 1352.5838670677992 213.50199089141572 1515.8813687926588 322.8954262161585 1.5 1.8998 4.0998 31.44742896101632 -28.40677994080512 -6.555 1.5770240091038403 0
CAR 0.0 0 2.9972179200678775 1790.487401994042 317.83962816814494 2130.0541923736564 491.1080828924161 1.5 2.037 4.3995 21.698202446217138 -33.43601905675193 -6.4402 1.6290845723854452 0
CAR 0.0 0 -1.0426720549718165 345.4712389927347 411.7783655579509 552.6414668237041 524.9181200554184 1.5999 1.899 4.0996 15.744026744362891 31.486142170251256 -7.4486 -1.8104714429084878 0
CAR 0.0 0 -1.0884964102474943 275.584369719828 375.7222247301559 462.16454851071336 466.601271013124 1.5 1.899 4.0996 16.819537764323158 37.51185407918689 -7.4503 -1.8104606373881729 0
CAR 0.0 0 2.9419179363219286 1347.4011600129356 239.02350236364018 1530.046408509896 364.633773454945 1.5 1.8998 4.0998 28.08178713897403 -26.980785758001073 -6.4052 1.577029327703709 0
CAR 0.0 0 3.017467587654947 1607.3678820245798 202.71149978698438 1800.232051724708 307.0944377648964 1.5 1.8998 4.0998 32.031308102657825 -35.46728490074593 -6.4191 1.5944905815285024 0
CAR 0.0 0 -1.3143150110308666 130.53316984483544 409.21598330572266 347.37601254922475 516.8222001896406 1.553 1.899 4.0996 12.86725198474432 36.305224928786394 -7.6325 -1.7933414657269229 0
CAR 0.0 0 -1.2561132246413318 185.6797154527232 455.82139002354415 434.6993711665466 594.694400316627 1.6483 1.8736 4.0995 11.620402188516517 29.80610642334175 -7.5421 -1.7933253174713948 0
PEDESTRIAN 0.0 0 2.8534486100522516 618.6803201938595 127.77954737184024 652.1291547382965 196.38239966638804 1.7322 0.6996 0.7162 41.48135838923792 -8.901608380609483 -6.0146 1.5319854071476804 0
CAR 0.0 0 -3.233088641364797 -192.46901643981332 37.12455043876911 120.08501825710316 249.42789499602742 4.083 2.9959 5.8323 38.55669840620731 6.981042351914847 -4.9879 -3.0539320633466236 0
CAR 0.0 0 -1.4117753009384348 56.063473704165276 340.29069422761825 229.72072571847022 414.8469812483736 1.4996 1.899 4.0996 15.200172699040868 48.94216810030774 -7.6 -1.7749669233050611 0
CAR 0.0 0 -1.6769952492623765 1511.5702033658276 315.1220223936257 1622.637052654326 388.24907100401214 1.4954 1.9024 4.0993 43.960028014313565 14.170280824020617 -6.0972 -3.0279752999934297 0
CAR 0.0 0 -2.4277194412457277 -109.98044851047999 4.890209692551667 226.31646832748154 209.98720633966587 4.1525 3.0019 10.9977 45.298515209841604 7.601175496374352 -4.8941 -3.0565361548780694 0
CAR 0.0 0 2.5443275729801984 856.054345207171 364.5160046713377 1008.89434286579 455.42570840333104 1.5034 1.9028 4.1032 26.52763499797539 25.473296786333183 -6.8614 1.3859742695257145 0
CAR 0.0 0 -1.6561144290416843 1649.4219322555634 309.93124211221226 1749.6362492618593 378.09745907365794 1.5018 1.9004 4.0996 49.762237135738516 11.576201684149646 -6.2447 -3.0279752999934297 0
