CAR 0.0 0 2.6988696434605046 1774.3797736380782 301.537883901129 2172.392047271993 487.45357789300164 1.5023 1.898 4.937 13.823537539613227 -24.79788487515328 -6.5925 1.3236008615349644 0
CAR 0.0 0 2.670484200627853 1311.4509022544617 234.9846375147903 1525.6124429558963 363.3735704470368 1.5177 1.898 4.0963 22.00180013191646 -19.830865615042402 -6.7131 1.3061449141683188 0
CAR 0.0 0 2.659193862480296 1406.0016878279425 310.78545052192993 1741.9705781702562 509.2155756964954 1.5541 1.898 4.9169 15.732124252692275 -17.692060241868663 -6.7043 1.3410568121408173 0
CAR 0.0 0 -1.4715700257643536 222.62638391886838 439.6360433381997 445.74125945176337 576.5740933082967 1.6474 1.9008 4.0966 22.328814507384113 38.8658853281263 -8.1942 -2.059644171057918 0
CAR 0.0 0 2.7142514819100736 1588.6495802575291 198.67178849308843 1812.468673042935 302.186479705597 1.396 1.8974 4.3588 23.210114436399 -29.46209921309248 -6.6116 1.2886889732761388 0
CAR 0.0 0 -1.2622605705410497 370.033346156247 397.42763494815 551.8284968257516 511.250944008105 1.6474 1.9008 4.0966 26.76173432722008 39.33679168350565 -8.1431 -2.0596441710579176 0
CAR 0.0 0 -2.2929235829335775 -326.5821243029716 105.11027795333716 184.70801837220452 564.2721007662832 4.11 3.0032 11.0896 25.615129246849776 5.969627188789492 -5.5143 -2.225518754759943 0
CAR 0.0 0 4.297196793390511 1656.5889778604624 347.19633937606744 1805.1286354707795 491.38243131960195 1.9994999999999994 2.0167 6.000200000000007 38.074023669577095 10.09878279800308 -6.3098 2.9624863797598247 0
CAR 0.0 0 -0.4902055599014107 222.38583987714279 150.20690202874576 508.1827228193867 505.67416012528986 3.9074 3.0032 5.6574 22.9310275735294 0.3901770126942905 -5.6171 -1.3645503096626583 0
PEDESTRIAN 0.0 0 2.7702730205201997 623.4464204892048 132.68860982036128 659.5092535076819 201.63714761244404 1.7 0.6996 0.9374 39.554160173322536 -6.581413045402358 -6.4566 1.4538021921240931 0
CAR 0.0 0 4.366800460791736 1709.2827775233943 253.06927433926154 1815.2198047155318 342.0283356228252 2.3536 2.2034 4.7012 57.44753203279998 6.493505745693927 -5.6925 2.9624863797598247 0
CAR 0.0 0 4.298968502659265 1685.5775149579488 320.79475940574395 1790.9865910612305 402.83815089232667 1.497 1.9045 4.1242 46.42632290642067 8.67854452653097 -6.3153 2.9327921430770307 0
CAR 0.0 0 2.694048886534304 1282.6008681639214 201.34652585733747 1470.352453946575 311.32025451151827 1.4974 1.9028 4.1016 25.214 -21.2705 -6.6551 1.3061449141683195 0
