CAR 0.0 0 2.7288778595409555 1335.6740825528705 189.91064456946714 1543.0970557010762 312.15160394320856 1.7194 1.8964 4.5202 24.873534207749643 -22.785413996280777 -6.5435 1.329287223154536 0
CAR 0.0 0 4.825793654608265 2274.3228714147 -921.5219021241206 2897.618559828069 -586.8662206234039 1.5032 1.765 4.3145 -12.345105048844303 26.499061200004707 -7.2959 2.975791357899945 0
PEDESTRIAN 0.0 0 2.8628049798273656 654.4682613515251 138.1901230001089 689.0016271034694 206.37167765071715 1.7 0.6968 0.7192 38.84129600630566 -7.313905196417439 -6.5112 1.5425810858228364 0
CAR 0.0 0 4.413253795108245 1709.7677770947992 258.43760845698233 1844.8613816900313 382.23501673864587 3.487 2.935 2.072 53.10303825422915 6.658444066330837 -5.9211 3.020039438511599 0
CAR 0.0 0 4.423749757672711 1698.9470453465717 234.11371452284865 1856.443375151039 375.9209047104001 3.8402 3.1746 6.0448 56.51139716620099 6.242740206136774 -5.7444 3.0211496524281416 0
CAR 0.0 0 4.859345151351201 2470.424499404932 -1314.7042096216467 3408.485106021048 -748.3507376690135 1.5032 1.765 4.0984 -8.580541432124555 21.98105795523056 -7.2116 2.9595571840305195 0
CAR 0.0 0 2.711517868888695 1287.350954663381 232.51554271107906 1498.7863732411545 360.1937165113019 1.504 1.9011 4.104 22.205322796374695 -19.31399396684201 -6.6643 1.3489112058221957 0
CAR 0.0 0 4.36800678437778 1696.928015198378 339.19392398507506 1800.9486634964335 421.0739054942714 1.5032 1.9025 4.0984 47.46656361452118 8.106737104580008 -6.9854 3.0106839122209634 0
CAR 0.0 0 -1.4357715517069076 242.03898332621824 449.787773849147 463.76648262799284 582.2053363834707 1.5003 1.9029 4.0972 22.27646977238688 38.287261948404115 -8.2755 -2.0415453642998926 0
CAR 0.0 0 1.436831507393756 430.81015184334586 -20.368294708083788 505.2342092764284 68.72614224236209 4.0935 2.9956 3.2487 81.1136472175318 -4.35924843928618 -5.8272 -0.08435490020333669 0
CAR 0.0 0 -1.265175779582174 383.4352949790318 413.9774462713116 566.5750014864734 526.0122178347009 1.4969 1.8793 4.0996 26.23537756279666 38.4450166075381 -8.2924 -2.0604177559563235 0
CAR 0.0 0 1.3586904605508745 434.21713553586085 39.4157511415366 508.20863607759304 82.85336112550998 1.2791 2.9956 7.5691 76.62885375820261 -3.9683331551856815 -7.1889 -0.08435490020333661 0
CAR 0.0 0 1.7769935325121082 -5664.946744896216 943.2500950353141 -2088.8159678427846 2093.7664243530457 1.507 1.9022 4.2796 12.52970760909778 18.02958152063222 -6.8916 2.95028515831831 0
PEDESTRIAN 0.0 0 1.3070026914830526 633.3899319600334 141.6393859141975 668.8956197126582 211.19128084321312 1.7028 0.6996 0.6969 38.23678822368038 -6.623540335990959 -6.489 0.0002754820865611407 0
CAR 0.0 0 4.170153802232093 1184.7711543706555 450.7040970227235 1328.9541015489085 607.9338373162806 1.4996 1.897 4.6336 26.821650220788655 19.485986704380558 -7.133 2.9942659262455553 0
CAR 0.0 0 2.7921484163266066 2260.564892072426 224.29732315663122 2611.090406542397 352.1802388553145 1.498 1.8978 4.2058 13.954895729853737 -39.79478997895597 -6.0071 1.338150923885777 0
CAR 0.0 0 4.224158819355009 1495.9696227231602 405.76582238109535 1602.4065418025405 525.2525312023226 1.4972 1.8964 4.1876 34.14260720030439 14.12858327814052 -7.046 2.9442272823651887 0
WHEELER 0.0 0 1.3532480175998327 765.2386460862783 156.0865183941879 816.3068958914131 237.33577573826312 1.7 0.8486 1.7004 34.4805 -9.6233 -6.4781 0.025322819173903426 0
CAR 0.0 0 1.3440174787264423 1808.4557785905222 167.17050609641993 1846.6563268951784 188.31991513875744 1.5038 1.8964 4.0964 144.6518 -12.0876 -4.9409 -0.12990260492156275 0
