CAR 0.0 0 3.0144009396513693 1339.01537293507 198.49987045628095 1508.963863147632 315.19031587958807 1.594 1.8966 4.5394 31.663848737205445 -28.183502434588146 -6.3337 1.6210677637018256 0
CAR 0.0 0 -1.2353734879625513 194.47483888973818 463.47015881199087 448.44016270210733 599.6563034618993 1.5196 1.8976 4.1761 11.616787308560326 29.30162219369969 -7.5683 -1.7828567597874547 0
PEDESTRIAN 0.0 0 1.1347038969761316 627.2869931964995 138.17654364598926 664.2973443679101 207.58589630546874 1.7 0.7848 0.6973 40.07536646078397 -9.344040896641241 -6.0576 -0.17496862750956493 0
CAR 0.0 0 -1.5991657395635384 1759.2167112349955 263.3688676983908 1898.4115728878614 392.9122566454147 3.4079 2.7742 1.8309 49.30597194514143 8.058694030705267 -5.2988 -2.9935192807144797 0
CAR 0.0 0 -1.5959195510950386 1732.2588121810177 239.6914671098082 1913.860829909235 394.5160105983537 3.5682 3.0012 10.9976 53.12010912018209 8.571443829908603 -5.2107 -2.9984216935191634 0
CAR 0.0 0 -1.6656457959850437 1764.0393172250997 345.2992251556639 1877.845462580927 430.0871492218463 1.5064 1.8966 4.1132 44.152085149562886 7.29491386309974 -6.2711 -3.027719941514197 0
CAR 0.0 0 -0.9705473463756944 360.6529336693059 420.43420679971274 571.1075367812027 533.8911555787156 1.5195 1.8976 4.1014 15.583164564516228 30.46039939906079 -7.441 -1.7473622960181396 0
CAR 0.0 0 2.9922531118827367 1313.5331347645297 241.4503567545347 1491.3732818731482 367.6047640642702 1.4987 1.9049 4.0972 28.055534826226175 -26.184584476489704 -6.4483 1.6343890336265965 0
CAR 0.0 0 2.9954459125402617 1493.178715394361 271.2273339555232 1725.973371064511 417.06277775596095 1.5032 1.8952 4.1044 24.662050560234665 -28.76910122962749 -6.2698 1.634389033626596 0
CAR 0.0 0 3.0594813374783474 1996.1117913738228 238.72096414276493 2330.428504407255 378.7099673381281 1.4966 1.9946 4.6048 25.36018398775978 -40.68305090939035 -5.8821 1.6296117114002369 0
CAR 0.0 0 -1.11800992507721 182.67135266426098 315.5286149713635 335.94294454153646 381.64825985972504 1.4992 1.9014 4.0972 19.386409785451228 50.21808624428998 -7.3685 -1.759421345856444 0
CAR 0.0 0 -1.3098099648119006 98.79367833406447 362.49063862015726 285.4174970950582 446.47803337549414 1.5006 1.8984 4.1012 14.666622056104824 43.761285361130966 -7.5939 -1.755079248103253 0
CAR 0.0 0 -1.277148031149613 146.59429223238607 408.9046386664713 361.3356419304933 513.9645986288735 1.5018 1.9002 4.0982 13.1503 36.1227 -7.6156 -1.7828567597874547 0
