CAR 0.0 0 2.934700836311466 1432.0971248709395 323.12084286772154 1708.2956478849333 514.5506044343848 1.551 1.9022 4.6956 21.447887107672425 -26.23590216678105 -6.4702 1.6235461259287367 0
CAR 0.0 0 2.9400926564232837 1355.774572810543 214.88995728024796 1520.3227463911855 324.94540753885684 1.5 1.8998 4.0998 31.28845016062099 -28.429266156197908 -6.555 1.5540367973984677 0
CAR 0.0 0 2.973577634374948 1790.7773807804842 319.4798688104383 2132.043059622693 493.8225745584364 1.5 2.037 4.3995 21.593781786224675 -33.36805546498952 -6.4402 1.6063940518724338 0
CAR 0.0 0 -1.0522994964139802 340.5194621246045 412.1998603526365 548.3848045886525 525.5890590661309 1.5999 1.899 4.0996 15.644108747276459 31.52026947856651 -7.4486 -1.814376792617349 0
CAR 0.0 0 -1.0911967512789371 277.2062234969138 375.9522501761031 463.82218952177385 466.9293818478283 1.5 1.899 4.0996 16.833727098871563 37.44868677841954 -7.4503 -1.815035752896246 0
CAR 0.0 0 2.9184436582445388 1346.4917643917745 239.07227092708357 1529.0316198878543 364.7168976953539 1.5 1.8998 4.0998 28.07739831374039 -26.957718800524454 -6.4052 1.55373295563943 0
CAR 0.0 0 2.9940197992577886 1608.6647473200321 203.54205878512596 1802.304138131382 308.3240804486277 1.5 1.8998 4.0998 31.929504855610958 -35.44499198908935 -6.4191 1.5714874523490754 0
CAR 0.0 0 -1.3337320761391054 132.10636406726235 409.83049792543846 349.25010766314114 517.7336844672077 1.553 1.899 4.0996 12.865055581724155 36.20184181979175 -7.6325 -1.8150357528962455 0
CAR 0.0 0 -1.2508588408348595 179.6241838961963 456.4915904677489 429.6896792625056 595.78769892932 1.6483 1.8736 4.0995 11.516109147805834 29.830365245210956 -7.5421 -1.7794770025999547 0
CAR 0.0 0 -1.437720872786786 62.475568854830094 341.1060000757398 236.2874098556239 415.9713896415337 1.4996 1.899 4.0996 15.279745706408683 48.63750963117018 -7.6 -1.8150357528962455 0
CAR 0.0 0 -1.5806950544416698 1510.2646753162383 315.1338027595551 1621.3906260973508 388.2746102756838 1.4954 1.9024 4.0993 43.92685024599833 14.199057434414673 -6.0972 -2.931490519625712 0
CAR 0.0 0 1.599108841689233 339.41967226042055 3.600983377560219 542.1700826401478 191.9815758109989 4.1525 3.0019 10.9977 47.716682866084845 -2.590788105223371 -4.8941 0.22650393402287422 0
CAR 0.0 0 3.0183392420549486 2080.0409572608337 267.7413498985449 2593.9136156923355 488.05386060859615 1.9996 2.198 5.9958 22.034548415528462 -40.55093120043055 -6.0941 1.6063940518724342 0
CAR 0.0 0 -1.642701106279186 1707.0871079731303 347.4317843174647 1891.1034713646625 500.78562682187845 2.008 2.2032 5.9814 33.790671392654595 6.426682974215293 -5.3721 -2.985217987574505 0
CAR 0.0 0 -1.6174843066842153 1616.1887329035812 339.1749174329578 1730.1487813507124 419.34925074303237 1.5018 1.9004 4.0996 43.358752767202056 10.929358419629862 -6.4196 -2.9663937196666668 0
CAR 0.0 0 -1.8647491471116031 -265.61445289316424 418.3153144038407 324.50633268892204 916.7917796079713 2.3712 2.209 6.002 14.663624146057604 -6.369611111055715 -6.1021 -1.9729950755500099 0
CAR 0.0 0 -3.161969405133229 -563.9631335829757 345.89851233083056 -145.36831913953714 556.3934137980987 1.4988 1.8988 4.4506 21.778752907047235 3.063774371055094 -6.6137 -2.509790022629776 0
PEDESTRIAN 0.0 0 2.7842402409867737 616.2029359408107 128.5043103458565 649.8464334549274 195.99231617353007 1.7 0.7049 0.6977 41.3725 -8.848 -6.0007 1.463938363012554 0
CAR 0.0 0 3.0144053264853503 1893.9008322601765 267.86568817284564 2182.6648298049618 404.6726122552009 1.496 1.899 4.1016 25.20483085622113 -38.10587255784465 -6.3787 1.6063940518724338 0
CAR 0.0 0 -1.614868075927209 1747.5831768049636 342.28188452900844 1859.2857560282634 425.35828103856977 1.5312 1.8982 4.1041 45.01203769880749 7.834846119501806 -6.3594 -2.9769814909471717 0
CAR 0.0 0 1.919963808144371 908.1534901450117 -367.5848270321932 957.540331704491 -310.9718927256203 1.496 1.899 4.1016 -70.3804 -8.1077 -8.4728 0.0007636385754847175 0
