CAR 0.0 0 3.0029261989530442 1340.343799520076 198.076941424388 1510.2078699426268 314.51826809511994 1.594 1.8966 4.5394 31.715261595201447 -28.237459445644657 -6.3337 1.6090655205051596 0
CAR 0.0 0 -1.2215242514486107 196.0719008823491 462.880134271864 449.47028657431275 598.7232604262963 1.5196 1.8976 4.1761 11.658377297083693 29.331657793496028 -7.5683 -1.7714513563579624 0
PEDESTRIAN 0.0 0 1.3431912956415648 626.3472465447574 139.04767569816292 663.5253497489435 208.69925897049237 1.7 0.7848 0.6973 39.92879002999519 -9.33641339379368 -6.0576 0.0352794735935813 0
CAR 0.0 0 -1.651789810641446 1767.5416719301586 261.2124269846737 1904.7411644156282 388.50625591759615 3.4079 2.7742 1.8309 50.29654259177821 7.990075626819645 -5.2988 -3.048531819335291 0
CAR 0.0 0 -1.862629682032001 47.39066742774676 4.8464682019476495 293.33511536334487 152.56315601747946 3.5682 3.0012 10.9976 54.296336185647945 8.388095609861159 -5.2107 -3.0427454332082586 0
CAR 0.0 0 -1.6861186110433972 1765.6359769702383 343.1697936341898 1878.268475065727 426.85257905660154 1.5064 1.8966 4.1132 44.63416896940698 7.336644823327025 -6.2711 -3.0496920303081225 0
CAR 0.0 0 -0.9983259658849554 357.0912432185429 420.4396994524436 567.8490691170231 533.920138150406 1.5195 1.8976 4.1014 15.528713575861715 30.516550534410555 -7.441 -1.7714513563579624 0
CAR 0.0 0 2.994109526027891 1323.0322944757302 242.0960672109076 1502.68920796626 368.5107642346804 1.4987 1.9049 4.0972 27.99151577652461 -26.384444593381257 -6.4483 1.6352454592850747 0
CAR 0.0 0 -1.318203654191069 101.23008785332638 360.2134814882852 288.98029336042356 444.917534881285 1.5196 1.8976 4.1284 14.721951006367956 43.660431259520756 -7.532 -1.7714513563579624 0
CAR 0.0 0 2.9986358540761713 1504.7900259801859 270.2233209559207 1738.7802058094123 415.3581928084396 1.5032 1.8952 4.1044 24.735879788183915 -29.054970354059275 -6.2698 1.6352454592850747 0
CAR 0.0 0 4.785528311333852 1083.7661000731114 -245.32965943412123 1118.845353382827 -217.42579702831557 1.5038 1.8956 4.1518 -119.1127372281173 9.529796124617265 -8.2426 3.0077970091202064 0
CAR 0.0 0 2.323633110157892 1620.4198029143886 -2549.959056005607 2597.1366072772016 -1098.5311933656317 3.4461 3.0048 1.7389 -10.643869509306052 -6.615528391403801 -7.3737 0.047624064965096496 0
CAR 0.0 0 -1.2759105438584653 1156.298929262594 -381.2913599465078 1231.2942097757552 -317.4673555392108 1.5044 1.9032 4.0978 -62.51781217938883 2.0143412417891717 -8.118 -3.1309524143388496 0
CAR 0.0 0 2.255203184889048 1190.8523459363164 -2036.10900474853 2268.1820845767584 -616.2333303884284 3.1096 3.3536 10.442 -16.299931975970907 -6.905243897265905 -7.1405 0.05406425722112945 0
CAR 0.0 0 0.9460147661456505 181.03415987153164 185.5504870978379 336.7274778109765 287.50235321012684 1.5162 1.9006 4.1032 35.98681106671633 -0.397895039526885 -6.7749 0.10522607845770394 0
CAR 0.0 0 2.1616154882750265 719.0195382141005 -499.1649442679854 794.801410310584 -384.62096412008896 1.9203 2.1008 4.4984 -49.617719548612236 -15.277125085432658 -8.1745 0.06590596732688835 0
PEDESTRIAN 0.0 0 -1.7810898188041493 641.109856957947 130.82334222115523 673.9657936694356 199.34437219909222 1.7 0.6962 0.6968 40.66211189471341 -9.616297408692205 -5.9535 -3.106313179996212 0
