CAR 0.0 0 2.9344457069195906 1432.3129255926435 323.51497526084876 1708.8770502274367 515.2255165807067 1.551 1.9022 4.6956 21.423528444290646 -26.229392986389996 -6.4702 1.623546125928737 0
CAR 0.0 0 2.939855280251125 1353.9477010124908 214.8738741690133 1518.2438653453862 324.9366838665245 1.5 1.8998 4.0998 31.290559090357124 -28.382635616864505 -6.555 1.5540367973984677 0
CAR 0.0 0 2.973401391379507 1789.3744315272882 319.50776555735644 2130.3940478226514 493.8838867147264 1.5 2.037 4.3995 21.59284872932142 -33.33897711721785 -6.4402 1.6063940518724338 0
CAR 0.0 0 -1.0511046819780465 341.3823072451816 411.92240491589365 548.9897413032323 525.1615813528166 1.5999 1.899 4.0996 15.672504650923427 31.536767371303846 -7.4486 -1.814376792617349 0
CAR 0.0 0 -1.090055481572794 278.03410178275664 375.87909458615144 464.5393764637861 466.8178420922465 1.5 1.899 4.0996 16.85327857483758 37.44415268955113 -7.4503 -1.815035752896246 0
CAR 0.0 0 2.9182645575284276 1346.0448169670235 239.21071570049887 1528.6041641549289 364.9336608823856 1.5 1.8998 4.0998 28.064309084148057 -26.942286851635217 -6.4052 1.55373295563943 0
CAR 0.0 0 2.994073589794425 1606.6052606647922 203.18058446718575 1799.7218319768679 307.80141664011967 1.5 1.8998 4.0998 31.97383409802309 -35.413770507092 -6.4191 1.5714874523490754 0
CAR 0.0 0 -1.3342127965809296 131.82432114326159 409.86816692671965 349.0173507607884 517.7916993947842 1.553 1.899 4.0996 12.858925927477893 36.20176459117146 -7.6325 -1.8150357528962455 0
CAR 0.0 0 -1.2459183584662155 183.15966709879163 456.2510571253846 432.7201376178865 595.3865957257913 1.6483 1.8736 4.0995 11.571647567541984 29.802375325355452 -7.5421 -1.7794770025999547 0
CAR 0.0 0 -1.43769626215012 62.48816093452175 341.1181880447311 236.30779910141345 415.9886144273462 1.4996 1.899 4.0996 15.279209178475817 48.634688093861534 -7.6 -1.8150357528962455 0
CAR 0.0 0 -1.5805994885259511 1510.3803129186097 315.0209278784005 1621.4370707324206 388.1055604039172 1.4954 1.9024 4.0993 43.955838012633684 14.205010729976916 -6.0972 -2.931490519625712 0
CAR 0.0 0 1.61493305691495 349.91989703664274 -9.056263148297957 529.5534404511753 153.62998431760198 4.1525 3.0019 10.9977 54.10634187412848 -0.9687664249097132 -4.8941 0.191592840779379 0
CAR 0.0 0 3.0181788147897946 2080.1840270895664 268.05009806742083 2594.668104704713 488.6633684223222 1.9996 2.198 5.9958 22.01085638507042 -40.531924653130424 -6.0941 1.6063940518724342 0
CAR 0.0 0 -3.648067394115976 -449.51483133990416 168.1423411316211 -44.562981290802625 361.53108960205054 2.008 2.2032 5.9814 27.94687422924658 5.0438245150975405 -5.3721 -2.915430618235955 0
CAR 0.0 0 -1.6178416800207764 1615.761083513761 339.63046337628333 1729.9794681732471 420.0322599168418 1.5018 1.9004 4.0996 43.25499153777176 10.91440970497838 -6.4196 -2.9663937196666668 0
CAR 0.0 0 -0.8362384946837816 612.2304968145888 459.5049124353468 908.7862370341386 1011.8227798544398 2.3712 2.209 6.002 12.99514323773511 -13.529452508132977 -6.1021 -1.658962913674071 0
CAR 0.0 0 -2.687894497507765 -511.39417850860576 421.89435986616274 -43.251968454125524 689.7223907838745 1.4988 1.8988 4.4506 18.161229098693692 -0.4939563404296803 -6.6137 -2.2475770254744103 0
PEDESTRIAN 0.0 0 2.7842402409867737 616.2029359408107 128.5043103458565 649.8464334549274 195.99231617353007 1.7 0.7049 0.6977 41.3725 -8.848 -6.0007 1.463938363012554 0
CAR 0.0 0 3.0090820272983057 1839.869209958535 268.7172576448625 2121.1261334766236 406.51151631730556 1.496 1.899 4.1016 25.159102043032057 -36.819956783653 -6.3787 1.6063940518724338 0
CAR 0.0 0 -1.62879047613837 1739.4546325823221 363.0020305754366 1862.2373574610103 456.9470559491788 1.5312 1.8982 4.1041 40.78090010551488 7.269329512145536 -6.3594 -2.9769814909471717 0
CAR 0.0 0 2.0155490257259046 920.3883495634233 -431.9001832551433 983.8637546551172 -355.90212696154975 1.496 1.899 4.1016 -56.731448899977934 -8.564301215688872 -8.3294 0.053095977228740515 0
CAR 0.0 0 -1.6576638657984606 1770.1137390128563 319.7971080918091 1871.5257206844128 392.19720153321543 1.4975 1.9044 4.1025 49.857880503395926 8.099252047542945 -6.2146 -3.036202102157174 0
