CAR 0.0 0 1.7299095711116175 -51720.29702691565 -8363.518062884425 17572.80758178736 17660.97048603582 1.5196 1.9044 4.1024 4.120086134224039 19.40164984186547 -7.3259 2.9619996004587223 0
CAR 0.0 0 2.7289107189935073 1335.3632931065392 189.8228446973274 1542.6750329817721 312.01298712322756 1.7194 1.8964 4.5202 24.88544388653889 -22.784719272405603 -6.5435 1.329287223154536 0
CAR 0.0 0 1.3342110561164249 1840.476887238435 227.96974499578187 1903.1180261152845 264.4424362208314 1.4992 1.8969 4.0968 92.90691773072538 -4.778292416170202 -6.5027 -0.10597203456309086 0
CAR 0.0 0 3.888532529500979 883.9267825715766 620.4915292982024 1126.5865772035072 902.3862865698421 1.5032 1.765 4.3145 16.475517174631605 20.968125001550813 -7.2959 2.9583443922002948 0
PEDESTRIAN 0.0 0 2.863502278055005 656.1302287090175 138.12548320699605 690.6252584959417 206.2762779341282 1.7 0.6968 0.7192 38.841843571432186 -7.361014315930587 -6.5112 1.5425810858228364 0
CAR 0.0 0 4.413257436930393 1709.6553645797894 258.41615547896623 1844.7206194517644 382.1970985496057 3.487 2.935 2.072 53.10805046857649 6.661358759415599 -5.9211 3.020039438511599 0
CAR 0.0 0 4.4237483369511414 1698.9642588527627 234.11767549073738 1856.4686866151242 375.92968574856724 3.8402 3.1746 6.0448 56.51003333346726 6.242303062936842 -5.7444 3.0211496524281416 0
CAR 0.0 0 3.9985180643744327 1218.9619053348617 641.6019609022557 1416.8647240002226 931.7389539416816 1.5032 1.765 4.0984 17.355036288472157 17.105876755625882 -7.2116 2.958648780373742 0
CAR 0.0 0 4.837340338407904 3086.841154423589 -1597.8296034322686 4437.991791171718 -858.0940615365499 1.5023 1.8994 4.0966 -5.6922892473461655 25.282639442782138 -7.6193 2.961467705816278 0
CAR 0.0 0 2.7106652712124966 1288.5474755815255 233.77871428215673 1501.0811426860328 362.1800601881003 1.504 1.9011 4.104 22.08839040662068 -19.264593107698914 -6.6643 1.348911205822196 0
CAR 0.0 0 4.367948903728899 1696.9232892088407 339.28261250390136 1800.9878785764813 421.20602013620316 1.5032 1.9025 4.0984 47.447517235943586 8.109101983447966 -6.9854 3.0106839122209634 0
CAR 0.0 0 -1.4361784990987774 241.45790089664624 449.3660190729388 463.0145130451219 581.5625385950383 1.5003 1.9029 4.0972 22.297143456060617 38.3278993902331 -8.2755 -2.0415453642998926 0
CAR 0.0 0 4.879621040603562 2072.0506148241643 -1018.7000944732391 2665.81389711784 -644.7519645952104 1.498 1.9032 4.0998 -12.944534133901625 22.640566309985182 -7.5598 2.976634614978629 0
CAR 0.0 0 1.256436047032404 369.6290302474154 29.940681801888292 490.708105034747 176.8022232351128 4.0935 2.9956 3.2487 49.66753687436682 -1.329300390651155 -5.8272 -0.08435490020333669 0
CAR 0.0 0 -1.2664176011443582 382.18216125151787 413.975041495532 565.4664248334151 526.0200910944067 1.4969 1.8793 4.0996 26.222328472822998 38.4700434550319 -8.2924 -2.0604177559563235 0
CAR 0.0 0 1.3257402170716794 1820.649283989329 199.69858019659327 1869.1890455284536 227.51512306853246 1.5038 1.8964 4.0964 116.06853042505789 -8.005443551565303 -6.1955 -0.12990260492156275 0
CAR 0.0 0 1.1081404794220993 374.1004161660805 127.62718251090796 493.7026249636448 218.77258764826524 1.2791 2.9956 7.5691 45.03067933016291 -0.9288921557935508 -7.1889 -0.08435490020333661 0
CAR 0.0 0 4.2961971812926505 1529.0267342365505 368.2442475493714 1627.4218232108578 470.41513381207125 1.507 1.9022 4.2796 38.76225776941157 13.328377124240632 -6.8916 2.9842776128730515 0
PEDESTRIAN 0.0 0 1.3063914127270873 632.3137543526851 141.75920722817676 667.8566792126757 211.35338894448873 1.7028 0.6996 0.6969 38.2233 -6.5917 -6.489 0.0002754820865611407 0
WHEELER 0.0 0 0.9448362629794463 1004.6024067967562 340.7721287517495 1103.3865886108151 481.5720431230738 1.7 0.8486 1.7004 18.3166 -9.5264 -6.807 -0.254989024837602 0
CAR 0.0 0 4.369791014610661 1552.9264539227327 259.2401083778202 1607.8661980769884 307.87799383847135 1.4996 1.897 4.6335 70.165 11.7108 -7.1148 2.9762034608200607 0
CAR 0.0 0 4.068396438562029 1655.0760443379402 69.29843006601978 1788.2743508947676 123.96440821120375 1.504 1.9012 4.1042 40.0249 -49.9584 -5.6589 2.5532393466111407 0
CAR 0.0 0 2.8495029908175424 3050.843942886921 199.16465600843125 3441.1342438711495 304.82883385404193 1.498 1.8978 4.2058 8.9962 -65.22 -5.8482 1.3556041236191512 0
