CAR 0.0 0 2.736701440968015 1328.3103330950041 190.18252993500445 1535.1253472259884 312.6903318937992 1.7194 1.8964 4.5202 24.894585046629253 -22.574396488967178 -6.5435 1.3382817434541792 0
PEDESTRIAN 0.0 0 -1.7025232554784724 649.6313099251447 138.03336905731197 684.2264392470626 206.20570750837152 1.7 0.6968 0.7192 38.900355165369675 -7.187718932800881 -6.5112 -3.0212435291045563 0
CAR 0.0 0 4.347709381045111 1702.4138596231817 257.48798645124197 1836.0930538162224 380.61505380460795 3.487 2.935 2.072 53.270717288257046 6.870138939259546 -5.9211 2.954589946740443 0
CAR 0.0 0 4.355228583737846 1697.7757641507226 232.3074703203546 1852.5206266416512 371.6839274106005 3.8402 3.1746 6.0448 57.32901153170117 6.187422235098535 -5.7444 2.951256435673922 0
CAR 0.0 0 2.7058861759640465 1284.7525223835423 233.24154140672871 1496.4370984513532 361.3740648730828 1.504 1.9011 4.104 22.15942078322497 -19.21177948762993 -6.6643 1.344290322825816 0
CAR 0.0 0 4.318701049083404 1702.6133043167847 339.84901373543613 1807.6121744167663 421.9871517205792 1.5032 1.9025 4.0984 47.42867082208314 7.946651870953373 -6.9854 2.961074677280605 0
CAR 0.0 0 -1.4579199829190168 229.05175248433332 450.98927998431293 453.1632932070976 584.1798741757394 1.5003 1.9029 4.0972 22.085704777624326 38.42684907613678 -8.2755 -2.04660312373549 0
CAR 0.0 0 -1.2876146095056347 386.64588288201367 413.57209079886974 569.1947273458644 525.3777037716999 1.4969 1.8793 4.0996 26.302078059178413 38.41371797350258 -8.2924 -2.086445960933754 0
CAR 0.0 0 2.720509576061155 1486.564488131519 237.52843454739556 1762.4484549455012 384.72750867051576 1.498 1.8978 4.2058 18.040259923304017 -21.14103329241167 -6.0071 1.33729912391633 0
CAR 0.0 0 4.81667797920427 1679.4830401872011 -672.3596157999596 2026.6115693637842 -456.4914364852722 1.6029 1.897 4.2584 -19.977987899229582 23.863031419689825 -6.9413 2.953394181760341 0
CAR 0.0 0 4.850569431113943 2185.791294104131 -908.5131052999242 2747.1326280785265 -590.4984317052013 1.4996 1.9038 4.0952 -13.306454279585163 25.96160315034529 -7.4733 2.9891023650271724 0
PEDESTRIAN 0.0 0 1.3248990294147243 635.4534475041859 140.57219834653097 670.6749979096345 209.64718416931058 1.7 0.6975 0.7026 38.453371675545256 -6.715068905160069 -6.4952 0.015570256983676761 0
CAR 0.0 0 0.5454914760214532 151.0519499504145 223.99074137701706 288.19115473469725 348.4906334595196 1.5054 1.9306 4.096 32.096452563835534 3.6821947468685385 -7.1517 -0.12362268538558328 0
