CAR 0.0 0 3.014616760735021 1340.1219635934503 198.4183034863254 1510.178791076395 315.05260215328394 1.594 1.8966 4.5394 31.673737591483338 -28.21623506091678 -6.3337 1.6210677637018256 0
CAR 0.0 0 -1.2353365416273823 194.50678809084616 463.4792340997286 448.475431846494 599.6703127383219 1.5196 1.8976 4.1761 11.616894736618919 29.300366162259113 -7.5683 -1.782856759787455 0
PEDESTRIAN 0.0 0 1.1349639758021384 627.2464637815225 138.0051960034356 664.2336753800248 207.36819308345324 1.7 0.7848 0.6973 40.10417131807521 -9.339507870540572 -6.0576 -0.17496862750956493 0
CAR 0.0 0 -3.2835712777429484 -162.73919595455152 87.80536722690685 58.03139378797614 256.0103597430092 3.4079 2.7742 1.8309 35.781116675366775 6.23393812980596 -5.2988 -3.010969915553106 0
CAR 0.0 0 -3.0076519606447873 -216.5179128170558 43.23957166663582 184.42598376622328 263.0339530187949 3.5682 3.0012 10.9976 39.67818457124349 6.729649820656789 -5.2107 -3.0158723283577897 0
CAR 0.0 0 -3.196220188646819 -343.1721319555705 259.15454864282464 -38.11159464168483 414.2705353012993 1.5064 1.8966 4.1132 26.216590044786567 3.548415055733425 -6.2711 -2.696134962487815 0
CAR 0.0 0 -0.9747762251665003 356.56715324741316 420.43434850206194 567.3655168495798 533.9150524665602 1.5195 1.8976 4.1014 15.521024916411431 30.525451955051444 -7.441 -1.7473622960181396 0
CAR 0.0 0 2.9927888997226653 1314.6323246104691 241.01152319200787 1492.3731753165994 366.9215158791545 1.4987 1.9049 4.0972 28.0967977456517 -26.224882118703153 -6.4483 1.6343890336265965 0
CAR 0.0 0 2.995653690852129 1492.3975476074118 270.7868017310936 1724.7340633233573 416.3720004765436 1.5032 1.8952 4.1044 24.696935259543064 -28.769134301303698 -6.2698 1.634389033626596 0
CAR 0.0 0 3.0458831897322467 1844.9735510506634 241.75594331611302 2157.333174412432 385.33587195447615 1.4966 1.9946 4.6048 25.132628807762053 -36.96642134598034 -5.8821 1.6296117114002369 0
CAR 0.0 0 -1.0668815861470455 232.8067745059573 346.33129967114417 404.28997188626556 425.1895559294094 1.4992 1.9014 4.0972 17.881306651390215 42.66782645535166 -7.3685 -1.759421345856444 0
CAR 0.0 0 -1.3097548990605345 98.82921002784441 362.52243571597467 285.4728512264802 446.5236720220157 1.5006 1.8984 4.1012 14.665441673338915 43.755018495968734 -7.5939 -1.755079248103253 0
CAR 0.0 0 2.4978468010098833 1024.1331192501902 353.96965123654144 1268.830994990663 531.4267992043789 2.5328 2.5828 5.9969 25.296119641268433 17.88862247823543 -6.1644 1.2906413714139207 0
CAR 0.0 0 2.001139516919308 922.484894994231 -449.2458575000162 989.1633184208863 -362.7829008637196 1.8452 2.0012 2.6602 -53.55402682783359 -8.732037012116296 -8.1752 0.02922435761566963 0
CAR 0.0 0 -1.2767205019827335 147.7052657565246 410.25526324359396 362.30151500796813 515.4375776231308 1.5018 1.9002 4.0982 13.162225019415006 36.10581258941121 -7.6497 -1.7828567597874547 0
