CAR 0.0 0 2.728735427960716 1335.8516405125085 190.11052892480924 1543.4674106307223 312.4741774364318 1.7194 1.8964 4.5202 24.850134553945924 -22.773412286666 -6.5435 1.329287223154536 0
PEDESTRIAN 0.0 0 2.863046666028195 654.9504953091113 138.14644884262952 689.4691358680474 206.3119441281 1.7 0.6968 0.7192 38.84583756116339 -7.3283571966211385 -6.5112 1.5425810858228364 0
CAR 0.0 0 4.413263768394608 1709.645322937049 258.40605074225965 1844.700172746294 382.1781881084338 3.487 2.935 2.072 53.1114045348146 6.66125785498382 -5.9211 3.020039438511599 0
CAR 0.0 0 4.42374995113543 1698.9449276758096 234.11320470541833 1856.4402288739716 375.9197709913091 3.8402 3.1746 6.0448 56.511575410366405 6.242792751591095 -5.7444 3.0211496524281416 0
CAR 0.0 0 2.7113223454490463 1287.8359450128064 232.84531494341604 1499.577864662973 360.7100507594319 1.504 1.9011 4.104 22.173581456006076 -19.304941139574723 -6.6643 1.3489112058221955 0
CAR 0.0 0 4.368035008485434 1696.9348877939335 339.1515823029 1800.935084895602 421.0107842260621 1.5032 1.9025 4.0984 47.47574485234997 8.105463829247974 -6.9854 3.0106839122209634 0
CAR 0.0 0 -1.436176290282956 241.46189019019573 449.36971070471265 463.02014029284175 581.5681748017323 1.5003 1.9029 4.0972 22.296952355595014 38.327562491512126 -8.2755 -2.0415453642998926 0
CAR 0.0 0 1.371998213347979 1816.007275577963 179.0780048124133 1893.0261762893022 248.45995840277183 4.0935 2.9956 3.2487 110.36264641722187 -7.325979477825766 -5.8272 -0.08435490020333669 0
CAR 0.0 0 -1.266174187907947 382.470421137299 414.0172050498306 565.7437877239327 526.0804113222671 1.4969 1.8793 4.0996 26.22197850469639 38.46096001280008 -8.2924 -2.0604177559563235 0
CAR 0.0 0 1.357933580851243 1817.6503816189893 223.67136511743934 1902.8324526553117 257.8129106018339 1.2791 2.9956 7.5691 105.80200172036817 -6.9734348497088146 -7.1889 -0.08435490020333661 0
CAR 0.0 0 4.83741818907306 1838.1782007353725 -777.1079472258917 2284.7820325069056 -511.2924297678588 1.507 1.9022 4.2796 -16.304057760201523 23.150107539527898 -6.8916 2.9677380601423926 0
PEDESTRIAN 0.0 0 1.3071629708768546 632.5461648874249 141.3351461732027 668.0228950924828 210.80610308552318 1.7028 0.6996 0.6969 38.29409904604673 -6.609736554034726 -6.489 0.0002754820865611407 0
CAR 0.0 0 4.8667191430373595 2809.310460282507 -1335.2396951223693 4016.597299524522 -725.674828297995 1.4996 1.897 4.6336 -6.924635611734774 25.481194850557294 -7.133 3.0118281234319837 0
CAR 0.0 0 2.7510108344693855 1747.0062934159191 234.5205126913881 2052.806121500726 376.0756112507048 1.498 1.8978 4.2058 16.662845409141642 -26.83716578220048 -6.0071 1.3381509238857767 0
CAR 0.0 0 1.74982596349271 -27013.952177891002 1681.7983901298471 -3663.9391049333376 9166.569127348404 1.4972 1.8964 4.1876 8.671939221694286 18.697769187433366 -7.046 2.9442272823651887 0
CAR 0.0 0 4.195812740446277 1460.2916329823017 437.26341594741615 1580.5315065768011 580.1922173966406 1.5006 1.9012 4.3216 30.061514750053888 14.76702623715012 -6.9882 2.94615829817472 0
WHEELER 0.0 0 1.437876198789388 625.7785871115356 73.68386799589419 663.3122196694268 132.94421648884577 1.7 0.8486 1.7004 49.1161 -8.3635 -5.9744 0.025322819173903426 0
CAR 0.0 0 4.068574893035355 1656.3830831470036 69.0031713557269 1790.1046083794254 123.8271674747892 1.504 1.9012 4.1042 39.883 -49.8638 -5.6315 2.5532393466111407 0
