CAR 0.0 0 2.727813126675138 1775.6604423174588 301.9485640816524 2174.420747517662 488.1692070205064 1.5023 1.898 4.937 13.794476090985917 -24.79547409613494 -6.5925 1.352655634908364 0
CAR 0.0 0 2.666032713116275 1320.259282995105 234.91003667887102 1535.3804394252206 363.151400282968 1.5177 1.898 4.0963 21.950303398974235 -20.034472517856823 -6.7131 1.300287801406882 0
CAR 0.0 0 2.670507380875547 1408.2374492041556 311.6850732114075 1745.5614839420496 510.80801940620466 1.5541 1.898 4.9169 15.670444346054996 -17.692389909283676 -6.7043 1.3526556349083636 0
CAR 0.0 0 -1.5321645863140585 216.79943633118867 440.63153996262133 441.2739247070179 578.1849399949671 1.6474 1.9008 4.0966 22.2131 38.8926 -8.1942 -2.112005731420875 0
CAR 0.0 0 2.726661216007125 1589.7146959781205 198.5095638413497 1813.4893562492443 301.9249001049682 1.396 1.8974 4.3588 23.2191226768298 -29.50806745552641 -6.6116 1.3008901068240033 0
CAR 0.0 0 -1.3270011641631267 359.26511841439196 398.62157729699635 542.9804208492778 513.1613858282351 1.6474 1.9008 4.0966 26.542736739395135 39.4497747241996 -8.1431 -2.112005731420875 0
CAR 0.0 0 4.44734352782187 1666.921279074179 220.0073619947648 1844.932800104625 392.44879745093033 4.11 3.0032 11.0896 55.03567781813783 7.363973733424281 -5.5143 3.0458113162218337 0
PEDESTRIAN 0.0 0 2.8058934969362674 786.6787050019144 110.68103816905767 819.2283480004693 175.70252925597458 1.7 0.6968 0.9282 40.28489297328252 -11.629588495281814 -6.1004 1.4111268072147432 0
CAR 0.0 0 4.391405117986992 1734.6579581417693 247.3521077438838 1822.7539634819957 314.6680636984028 1.9994999999999994 2.0167 6.000200000000007 69.4381105781842 3.873355150628393 -6.3098 2.9767344146944934 0
CAR 0.0 0 4.273771486026535 1496.3236930865849 317.39492746106134 1564.9813750544536 386.63627579796093 1.5021 1.9038 4.0982 51.40651290512108 14.154955495113608 -7.3727 2.9284830667030453 0
