CAR 0.0 0 3.014520890352256 1339.7117469591878 198.4677890153173 1509.7411258941304 315.1336675509108 1.594 1.8966 4.5394 31.66773277061083 -28.203232472429857 -6.3337 1.6210677637018256 0
CAR 0.0 0 -1.235308130448197 194.5533028476791 463.5367963536204 448.5579330216231 599.760126811591 1.5196 1.8976 4.1761 11.615515354472137 29.2945962505288 -7.5683 -1.782856759787455 0
PEDESTRIAN 0.0 0 1.1338418507334826 626.5799703638214 138.5444744480252 663.6746940835783 208.05792379227555 1.7 0.7848 0.6973 40.0131272191232 -9.332520058381768 -6.0576 -0.17496862750956493 0
CAR 0.0 0 -1.6042288992827 1757.7019866545513 270.1208989547842 1903.6796174744993 406.37332119725056 3.4079 2.7742 1.8309 47.00288149137541 7.704531885481936 -5.2988 -2.9935192807144797 0
CAR 0.0 0 -1.600257793057781 1730.2977681820073 244.51664887688554 1919.7192249042077 408.06098526577233 3.5682 3.0012 10.9976 50.85278056206269 8.201198447369642 -5.2107 -2.9984216935191634 0
CAR 0.0 0 -1.6737283016033937 1758.2403819461372 357.2415363425202 1878.519473526739 448.3239215812199 1.5064 1.8966 4.1132 41.67320984108355 7.0113136692851965 -6.2711 -3.027719941514197 0
CAR 0.0 0 -0.9721235282209795 358.97812951448884 420.27252103884405 569.4663547540283 533.6554226966323 1.5195 1.8976 4.1014 15.566165958932425 30.503886933746752 -7.441 -1.7473622960181396 0
CAR 0.0 0 2.9924047059118997 1315.4783130673388 241.64916348837812 1493.7302420566896 367.892464441116 1.4987 1.9049 4.0972 28.036113166659465 -26.223330138073198 -6.4483 1.6343890336265965 0
CAR 0.0 0 2.9961165935245155 1493.5224773783395 270.36268209838977 1725.7326167053757 415.68885466806853 1.5032 1.8952 4.1044 24.72978468965213 -28.809182727471352 -6.2698 1.634389033626596 0
CAR 0.0 0 3.0481119991695262 1869.3289366067531 241.45172328989506 2185.524042859318 384.57040953097345 1.4966 1.9946 4.6048 25.15222349360726 -37.543161119846204 -5.8821 1.6296117114002369 0
CAR 0.0 0 -1.0995525290032275 199.6709916136242 326.61927962000755 359.6377917375209 397.2175004647732 1.4992 1.9014 4.0972 18.77900869069087 47.29489558168268 -7.3685 -1.759421345856444 0
CAR 0.0 0 3.0849473991032443 2143.4068688308794 216.72571196390703 2422.3064580591813 327.0972801850557 1.5038 1.895 4.1 29.4360472607554 -48.1264696659799 -6.2408 1.6321307886544327 0
CAR 0.0 0 -1.3097720485835396 98.81855909115602 362.51433034238227 285.4572601289391 446.5120463755228 1.5006 1.8984 4.1012 14.665712391002305 43.7566464126165 -7.5939 -1.755079248103253 0
