CAR 0.0 0 3.995270272066872 1202.3736518100034 670.1157271032923 1421.652129767149 986.5827502323265 1.5196 1.9044 4.1024 16.566089264844454 17.056368532732304 -7.3259 2.9794319110541143 0
CAR 0.0 0 2.728982315184341 1335.8909891274102 189.81770624416504 1543.2585178730737 311.997706706441 1.7194 1.8964 4.5202 24.88234068477168 -22.798682983486646 -6.5435 1.329287223154536 0
CAR 0.0 0 1.3735152065112795 422.61743150895387 21.879962784621636 469.03698990189946 60.604253523083045 1.4992 1.8969 4.0968 79.36750007650392 -3.0045649351760764 -6.5027 -0.10597203456309086 0
CAR 0.0 0 4.1827930283214005 1285.316058704244 423.5056167472247 1396.5307532552945 551.9204147536934 1.5032 1.765 4.3145 31.028080992111626 18.33212873032344 -7.2959 2.9583443922002948 0
PEDESTRIAN 0.0 0 2.8622470793858947 653.6461273227186 138.35709935732814 688.2179759165628 206.59252057879823 1.7 0.6968 0.7192 38.817305600601635 -7.28637746144616 -6.5112 1.5425810858228364 0
PEDESTRIAN 0.0 0 1.3066507830895464 630.6994925820313 141.318342404014 666.056258816263 210.49928536519664 1.703 0.6997 0.6969 38.477528729682454 -6.586124109999971 -6.515 0.0002754820865611407 0
CAR 0.0 0 4.413280000862721 1710.0115920830278 258.4376343679439 1845.1219709038749 382.2290967900692 3.487 2.935 2.072 53.10866945136255 6.650070153693066 -5.9211 3.020039438511599 0
CAR 0.0 0 4.423729807512993 1699.0199965928348 234.1472996999936 1856.5748006953652 375.9979813514293 3.8402 3.1746 6.0448 56.49782312664825 6.241808932255271 -5.7444 3.0211496524281416 0
CAR 0.0 0 4.206247844535605 1470.6523040209647 444.4058901595833 1580.9801254342883 581.7342762100094 1.5032 1.765 4.0984 30.565169324850352 14.623565230364058 -7.2116 2.9583443922002948 0
CAR 0.0 0 1.7229348993518974 -14855.875230693882 1506.5305387304984 -3746.1634730339847 4641.477653341274 1.5023 1.8994 4.0966 11.025884759593332 22.130333620482922 -7.6193 2.94462395735657 0
CAR 0.0 0 2.7124480573405636 1292.5403823144661 232.3762083151331 1504.4703885978615 359.91175877427565 1.504 1.9011 4.104 22.18351583187127 -19.439352426127968 -6.6643 1.348911205822196 0
CAR 0.0 0 4.853181098635461 1940.1835042345695 -796.590352504519 2344.3926184895745 -553.8049289031876 1.5024 1.8994 4.0966 -17.89514043658588 27.088112287919344 -8.1652 2.9801382716960325 0
CAR 0.0 0 4.368048512757887 1696.9325990018053 339.1302182515957 1800.921821608606 420.9789995912955 1.5032 1.9025 4.0984 47.48027519796385 8.10500027967705 -6.9854 3.0106839122209634 0
CAR 0.0 0 -1.4360842958492794 241.59357425175654 449.46573780416554 463.19082460819294 581.7145191446695 1.5003 1.9029 4.0972 22.292235995574565 38.31831309605657 -8.2755 -2.0415453642998926 0
CAR 0.0 0 1.2083070287652387 358.27969519220244 77.11443541701192 423.8761661908951 136.98589617025732 1.4976 1.9118 4.096 55.34645226559185 -0.003027394962257901 -6.6302 -0.09725101745847313 0
CAR 0.0 0 4.983007041506177 6173.017164440918 -239144.22560290952 497047.19680594583 -2115.8227769959017 1.498 1.9032 4.0998 1.7436462083708697 19.872536777028696 -7.5598 2.976634614978629 0
CAR 0.0 0 0.9060047024897087 237.30742913237108 104.55116738973157 443.6575784063895 344.65418564119994 4.0935 2.9956 3.2487 31.13764879175548 0.9693741863501639 -5.8272 -0.10181084756998215 0
CAR 0.0 0 -1.2688346975179705 380.434072980625 414.6382206033918 564.2785657705319 527.026564230961 1.4969 1.8793 4.0996 26.150595649199136 38.451671528254984 -8.2924 -2.0604177559563235 0
CAR 0.0 0 1.3184097797122898 1834.6492881314055 213.2369813499473 1891.651770179094 246.02995749515551 1.5038 1.8964 4.0964 101.12985073492254 -6.007038373463521 -6.1955 -0.12990260492156275 0
CAR 0.0 0 0.6103575407903931 202.91731382261423 263.8814022493799 424.86576162178744 470.5125350580573 1.2791 2.9956 7.5691 26.34024551317217 1.5589146659533322 -7.1889 -0.11926679817583515 0
CAR 0.0 0 4.378721132403025 1575.5560240253176 311.23996386993787 1655.5209866848704 383.4825158794455 1.507 1.9022 4.2796 50.89763917611469 11.59030651782523 -6.8916 3.019184197912938 0
