CAR 0.0 0 2.934457926563414 1432.8662852103866 323.63202795439014 1709.64928451871 515.420283250666 1.551 1.9022 4.6956 21.416018773550864 -26.236741141125606 -6.4702 1.623546125928737 0
CAR 0.0 0 2.9406135549512955 1352.7595843498493 213.72309585454036 1516.2120239694034 323.22465840940066 1.5 1.8998 4.0998 31.422060567541656 -28.401727810068998 -6.555 1.5540367973984677 0
CAR 0.0 0 2.9735286644850003 1789.7676945644776 319.37004268560753 2130.7261951045707 493.65133934324246 1.5 2.037 4.3995 21.601334708530178 -33.35293841896805 -6.4402 1.6063940518724338 0
CAR 0.0 0 -1.0519488130003087 340.7786878336145 412.12530869755057 548.5724345947575 525.4740252416801 1.5999 1.899 4.0996 15.652159468381413 31.524255108499318 -7.4486 -1.814376792617349 0
CAR 0.0 0 -1.0878284477407658 279.6377945343782 375.71576748015485 465.91412850718507 466.57015118232806 1.5 1.899 4.0996 16.892590347800642 37.43850176756765 -7.4503 -1.815035752896246 0
CAR 0.0 0 2.9183695603640514 1346.6570669125929 239.19653157439336 1529.2990596052562 364.9063483043099 1.5 1.8998 4.0998 28.065479777365965 -26.957138438331405 -6.4052 1.55373295563943 0
CAR 0.0 0 2.9939522773981135 1608.3184251839264 203.59371421507015 1801.9530948152815 308.40417449325156 1.5 1.8998 4.0998 31.923219357378308 -35.43194167406537 -6.4191 1.5714874523490754 0
CAR 0.0 0 -1.3355202402967419 131.05965734527175 409.97725027039473 348.39119433132635 517.959418126244 1.553 1.899 4.0996 12.842009847819485 36.20068102773283 -7.6325 -1.8150357528962455 0
CAR 0.0 0 -1.2492238691975839 180.76674985677226 456.3486665112008 430.62317301038007 595.5554409775351 1.6483 1.8736 4.0995 11.536327126512745 29.82731137466814 -7.5421 -1.7794770025999547 0
CAR 0.0 0 -1.4392860634437952 61.78116008714509 341.1915317771985 235.69945411491827 416.0961405871056 1.4996 1.899 4.0996 15.259797118659067 48.633870672170644 -7.6 -1.8150357528962455 0
CAR 0.0 0 -1.5806553728693202 1510.3319647281835 315.09061153733364 1621.4305141827838 388.2097811393186 1.4954 1.9024 4.0993 43.93847556713028 14.200810951581433 -6.0972 -2.931490519625712 0
CAR 0.0 0 1.6879494999892353 397.87810358822674 -35.12445008485191 525.6669620839849 78.52511990215609 4.1525 3.0019 10.9977 74.04580580616313 2.8861381677306372 -4.8941 0.15668156196939406 0
CAR 0.0 0 3.018496106687029 2083.7858415928317 267.98979112854414 2599.0797346649824 488.4837392652996 1.9996 2.198 5.9958 22.01392230364155 -40.61442644469883 -6.0941 1.6063940518724342 0
CAR 0.0 0 -1.8083272956208456 -206.20045101398188 378.90206895321893 366.48638989239475 843.2377196891538 2.008 2.2032 5.9814 14.470161943209483 -7.137489222857783 -5.3721 -2.007591346462351 0
CAR 0.0 0 -1.617956589538949 1615.6088116428125 339.7740637886091 1729.9093706237406 420.24772538741115 1.5018 1.9004 4.0996 43.22199337664764 10.910088357006321 -6.4196 -2.9663937196666668 0
CAR 0.0 0 -0.45569672885805956 1227.1165056025382 568.8514814258955 1611.2443523749878 951.5465824203678 1.4988 1.8988 4.4506 12.532919464002838 -19.745965596341744 -6.6137 -1.5329927633305045 0
PEDESTRIAN 0.0 0 2.7842402409867737 616.2029359408107 128.5043103458565 649.8464334549274 195.99231617353007 1.7 0.7049 0.6977 41.3725 -8.848 -6.0007 1.463938363012554 0
CAR 0.0 0 3.005046303441972 1803.8877845266893 269.8125365089032 2080.552628874391 408.5641830677855 1.496 1.899 4.1016 25.085840782578714 -35.94063757136806 -6.3787 1.6063940518724338 0
CAR 0.0 0 -3.229109709704675 -382.68334352326593 265.27859766523164 -68.7624158590603 423.49795429935995 1.5312 1.8982 4.1041 26.079513615208032 4.06489027276297 -6.3594 -2.66243251141214 0
CAR 0.0 0 -1.6386903682438003 1717.0783884489124 391.0830324848259 1858.628685682948 501.8935177539956 1.4975 1.9044 4.1025 35.12241900593314 6.715283519548763 -6.2146 -2.966393719666667 0
CAR 0.0 0 2.1149724429695778 1024.7692558974513 -693.6687965690885 1156.2423585714114 -525.9052132499833 1.496 1.899 4.1016 -33.61198717809013 -7.958614845310077 -8.3294 0.03565157389656074 0
CAR 0.0 0 2.050326038445221 954.7450657603202 -475.80011722769905 1030.204646938572 -386.24953958385976 1.496 1.899 4.1016 -50.593187688157826 -7.859082251699968 -8.355 0.07054068556718555 0
