CAR 0.0 0 2.728807624766721 1335.5995742595455 189.98414520298155 1543.0774669501975 312.2720491404576 1.7194 1.8964 4.5202 24.865898813767416 -22.77741462798711 -6.5435 1.329287223154536 0
PEDESTRIAN 0.0 0 2.862745721613826 653.8581489437656 138.08793891370266 688.3873963006549 206.24473658869502 1.7 0.6968 0.7192 38.86324382976365 -7.3005843422795 -6.5112 1.5425810858228364 0
CAR 0.0 0 4.413305578500403 1709.858107983576 258.3802507664765 1844.9027633697854 382.1240685766864 3.487 2.935 2.072 53.125488665443825 6.6528075724483555 -5.9211 3.020039438511599 0
CAR 0.0 0 4.423749963218596 1698.9447954223472 234.1131728649864 1856.4400323801299 375.9197001852226 3.8402 3.1746 6.0448 56.51158654270437 6.242796033125867 -5.7444 3.0211496524281416 0
CAR 0.0 0 2.7113591355133693 1288.2491587108566 232.87977508055562 1500.065159165541 360.7597192876672 1.504 1.9011 4.104 22.167903246089125 -19.312147376327214 -6.6643 1.3489112058221953 0
CAR 0.0 0 4.367964046312307 1696.922465785598 339.2590017773779 1800.9751194974624 421.1708703286117 1.5032 1.9025 4.0984 47.45254896746394 8.10853729951143 -6.9854 3.0106839122209634 0
CAR 0.0 0 -1.4361952296660205 241.4347909692941 449.34994940762493 462.98501438997187 581.5380600456684 1.5003 1.9029 4.0972 22.29792320300643 38.32946649181772 -8.2755 -2.0415453642998926 0
CAR 0.0 0 1.375362217563136 1806.3818172390208 173.89898697233116 1877.0468675483228 237.98412288847848 4.0935 2.9956 3.2487 118.75210057847065 -8.230927690611155 -5.8272 -0.08435490020333669 0
CAR 0.0 0 -1.2646268579911397 383.96054386281844 413.94977345207263 567.0242682536298 525.9660941094764 1.4969 1.8793 4.0996 26.243160011799738 38.43681629286259 -8.2924 -2.0604177559563235 0
CAR 0.0 0 1.3622484799090466 1806.5948489596583 215.27873001292028 1884.0991781457356 246.07779008098063 1.2791 2.9956 7.5691 114.00183298229292 -7.772002779037393 -7.1889 -0.08435490020333661 0
PEDESTRIAN 0.0 0 1.3067983446614693 631.9232707346048 141.41114701025273 667.4225167127906 210.90848487910802 1.7028 0.6996 0.6969 38.28512594866853 -6.591099613534692 -6.489 0.0002754820865611407 0
CAR 0.0 0 4.852718964227513 2098.0618997322254 -808.4968653148686 2642.7606198018834 -524.7771407044684 1.4996 1.897 4.6336 -14.56383224328736 26.876194366669683 -7.133 3.0118281234319837 0
CAR 0.0 0 2.741355482671393 1655.5358371628934 235.97091662978232 1951.5848356342099 379.76591014108374 1.498 1.8978 4.2058 17.12844691795948 -24.764588448332812 -6.0071 1.3381509238857767 0
CAR 0.0 0 1.8380622611790527 -689654.4319312753 -138835.69411483943 392634.49963230774 278368.12128337775 1.4972 1.8964 4.1876 2.908920089390997 19.83799526697648 -7.046 2.9442272823651887 0
CAR 0.0 0 4.110744297206133 1358.7025293107338 522.2310042004966 1511.4056999249965 728.1364135005338 1.5006 1.9012 4.3216 22.86617627662414 16.004103126900926 -6.9882 2.94615829817472 0
WHEELER 0.0 0 1.437876198789388 625.7785871115356 73.68386799589419 663.3122196694268 132.94421648884577 1.7 0.8486 1.7004 49.1161 -8.3635 -5.9744 0.025322819173903426 0
CAR 0.0 0 4.068574893035355 1656.3830831470036 69.0031713557269 1790.1046083794254 123.8271674747892 1.504 1.9012 4.1042 39.883 -49.8638 -5.6315 2.5532393466111407 0
