CAR 0.0 0 2.7287784980498344 1335.7107892996135 190.0366010914325 1543.2466561041554 312.3558537704587 1.7194 1.8964 4.5202 24.859308240834665 -22.775922041489217 -6.5435 1.329287223154536 0
PEDESTRIAN 0.0 0 2.8623694455641626 653.3638746570211 138.21423421651323 687.9200025753 206.4108344063584 1.7 0.6968 0.7192 38.84424487209749 -7.283216094566783 -6.5112 1.5425810858228364 0
CAR 0.0 0 4.413320429205463 1709.8443327398068 258.35798259841545 1844.8666303047105 382.0821914585747 3.487 2.935 2.072 53.13307868063925 6.652296806509266 -5.9211 3.020039438511599 0
CAR 0.0 0 4.42374997424679 1698.9446747158613 234.11314380452538 1856.4398530420701 375.9196355611803 3.8402 3.1746 6.0448 56.511596703088294 6.242799028152896 -5.7444 3.0211496524281416 0
CAR 0.0 0 2.711417124572633 1287.5840235327582 232.6822157190816 1499.1729299380117 360.4548077212094 1.504 1.9011 4.104 22.189350820259897 -19.309145027576108 -6.6643 1.3489112058221953 0
CAR 0.0 0 4.368164856247322 1696.9582217860866 338.95514234528815 1800.862571471985 420.7180634984866 1.5032 1.9025 4.0984 47.51823069405088 8.09981668063832 -6.9854 3.0106839122209634 0
CAR 0.0 0 -1.4360513038868818 241.64396080332673 449.505442117093 463.2578587678802 581.775070458324 1.5003 1.9029 4.0972 22.29024972010103 38.3145611277182 -8.2755 -2.0415453642998926 0
CAR 0.0 0 -1.2643318108888069 384.2498081755618 413.9414041763303 567.275381254653 525.9509518935986 1.4969 1.8793 4.0996 26.246892738611336 38.43175046737595 -8.2924 -2.0604177559563235 0
CAR 0.0 0 1.3705605388635098 1792.7256498779857 200.13006068822986 1857.364759675099 225.21627937136438 1.2791 2.9956 7.5691 133.00339224962707 -10.11973296547055 -7.1889 -0.08435490020333661 0
PEDESTRIAN 0.0 0 1.3070313793645827 632.7346103171219 141.4627352431884 668.2265197842127 210.96885786878732 1.7028 0.6996 0.6969 38.27111094180807 -6.611147512299893 -6.489 0.0002754820865611407 0
CAR 0.0 0 2.7253539534422853 1522.4399023888252 238.04513470789573 1803.5718748807599 385.09846268311793 1.498 1.8978 4.2058 17.78842308909695 -21.840939699949658 -6.0071 1.3381509238857767 0
CAR 0.0 0 4.927463171422743 -16268.052907205376 -22692.998790288675 49283.88993580783 5306.015029978058 1.5006 1.9012 4.3216 5.493446792584411 19.226277748293732 -6.9882 2.94615829817472 0
CAR 0.0 0 4.859700756566 2008.6287790918363 -1014.2234744120407 2564.8618460916086 -654.2226065740733 1.4972 1.8962 4.1875 -14.033066701068705 22.87962699041204 -7.9714 2.9442272823651887 0
CAR 0.0 0 4.286471291883136 1557.8539822292364 350.8595486206284 1653.1258744721783 446.6130724925451 1.6029 1.897 4.2584 42.12268230322307 12.45684780038939 -6.9413 2.9583443922002948 0
