CAR 0.0 0 3.014724016613563 1342.0641044260824 198.60327817811074 1512.5276392185062 315.3225964982939 1.594 1.8966 4.5394 31.65123936118198 -28.258907085307698 -6.3337 1.6210677637018256 0
CAR 0.0 0 -1.2354926074324677 194.41918956469976 463.5501130667211 448.4460006101503 599.7817911391035 1.5196 1.8976 4.1761 11.613284366520547 29.29529864527231 -7.5683 -1.7828567597874547 0
PEDESTRIAN 0.0 0 1.1339112112393532 626.9411321566315 138.58734347747165 664.0263077378387 208.1103714691155 1.7 0.7848 0.6973 40.006178415966374 -9.343038062044538 -6.0576 -0.17496862750956493 0
CAR 0.0 0 -1.5976464612625023 1756.8830560600695 260.96861232703515 1893.6108789853972 388.1842558271854 3.4079 2.7742 1.8309 50.101398065979396 8.261978500047242 -5.2988 -2.9935192807144797 0
CAR 0.0 0 -1.5945779058533363 1730.6115813226756 237.95947421117188 1909.713599608131 389.7615759352051 3.5682 3.0012 10.9976 53.91454239568538 8.767310462068131 -5.2107 -2.9984216935191634 0
CAR 0.0 0 -1.6635777028087664 1765.4485670764366 342.2212868661611 1877.5968344674106 425.4194399195821 1.5064 1.8966 4.1132 44.83272797518123 7.3746527623725004 -6.2711 -3.027719941514197 0
CAR 0.0 0 -0.972285327405002 358.80417463831236 420.25332866506784 569.2942950391447 533.627298524964 1.5195 1.8976 4.1014 15.564525194874125 30.508655647642236 -7.441 -1.7473622960181394 0
CAR 0.0 0 2.9923266249458225 1315.6377463181564 241.7763684443337 1493.9903217407393 368.0862957482927 1.4987 1.9049 4.0972 28.02403657763725 -26.222803738857763 -6.4483 1.634389033626596 0
CAR 0.0 0 -1.3201568846816292 100.13199802320133 359.8060415504139 287.67036474616737 444.33355113896295 1.5196 1.8976 4.1284 14.725194697941923 43.75362923112497 -7.532 -1.7714513563579624 0
CAR 0.0 0 2.995815967080984 1492.4949033661105 270.5804897445348 1724.6946370816215 416.0440466420824 1.5032 1.8952 4.1044 24.713099752251342 -28.77901858815004 -6.2698 1.634389033626596 0
CAR 0.0 0 2.0772464589000545 1292.858931059575 -843.5278163743574 1515.9539847946478 -610.4720199853515 1.4968 1.8978 4.1026 -27.01713255160236 -3.933518778647632 -8.2622 0.030647438699374946 0
CAR 0.0 0 -0.1862213808447868 1964.849400326345 507.4903530147781 2580.2870683287524 855.0634366438893 1.9202 2.1008 4.4984 13.670177235253377 -30.589605866321158 -6.8328 -1.4660765716752355 0
CAR 0.0 0 3.0987608862006124 2602.273498070971 225.29506618151385 3009.9687767685396 350.4964421013815 1.4966 1.9946 4.6048 26.499489185176472 -57.326200297777405 -5.8821 1.6296117114002369 0
CAR 0.0 0 -1.1854903956312592 128.18270781347312 290.28983491329393 266.82430104725603 346.75790355157733 1.4992 1.9014 4.0972 20.593821209094052 58.471251110408595 -7.3685 -1.7419707110178175 0
