CAR 0.0 0 2.716265930238296 1775.2306492974622 301.7872976077873 2173.7096811869656 487.8870256649265 1.5023 1.898 4.937 13.805441539173936 -24.797828802568805 -6.5925 1.3410568121408173 0
CAR 0.0 0 2.6711773287895073 1316.7406602311348 235.12942448948553 1531.6240709049196 363.54001041307646 1.5177 1.898 4.0963 21.954664413141916 -19.941289061941447 -6.7131 1.306144914168319 0
CAR 0.0 0 2.6592756920552407 1404.9494784942556 310.43253411604445 1740.3548765174287 508.59401581873254 1.5541 1.898 4.9169 15.757392564150518 -17.688750712241013 -6.7043 1.3410568121408173 0
CAR 0.0 0 -1.4780789753224062 217.86632642309527 440.1482749263946 441.91030509105286 577.4208894682982 1.6474 1.9008 4.0966 22.25307969168151 38.91048521849077 -8.1942 -2.059644171057918 0
CAR 0.0 0 2.6968695702586025 1587.1264081788318 198.36118482347385 1810.5121240402727 301.72466202510407 1.396 1.8974 4.3588 23.25375691743309 -29.45440802491028 -6.6116 1.2712330420857854 0
CAR 0.0 0 -1.2736219278260297 375.62775929442245 397.0447022158977 556.5613882419875 510.6177830305439 1.6474 1.9008 4.0966 26.855816805679655 39.257061915818326 -8.1431 -2.077097463577861 0
CAR 0.0 0 4.3202059689078 1617.6254040478896 268.6364555717215 1885.1322605500213 563.9824250231435 4.11 3.0032 11.0896 36.26723374422235 10.470746440616812 -5.5143 2.975795188275357 0
CAR 0.0 0 4.346343075315429 1699.2796791311946 286.4467924205836 1810.8794616156401 380.83598935028226 1.9994999999999994 2.0167 6.000200000000007 52.775309371651595 7.323991815312512 -6.3098 2.9624863797598247 0
CAR 0.0 0 1.9245028857476822 201.9180611628963 214.5175484791637 303.1297619821373 260.0184629803854 1.7 1.8454 4.0952 50.65514823893993 74.08788649685332 -7.2475 1.1057513997190862 0
CAR 0.0 0 -1.76312764390986 1633.2076021664438 328.456926062148 1919.0964825374867 632.0795381202117 3.9074 3.0032 5.6574 29.68032467845231 10.814673360403553 -5.6171 -3.0746462835823976 0
PEDESTRIAN 0.0 0 2.772801368379362 624.9063159973188 131.48995054359975 660.7650294149886 200.0657263330188 1.7 0.6996 0.9374 39.765000393917695 -6.656396389285637 -6.4566 1.4538021921240931 0
CAR 0.0 0 4.389962572959091 1730.5150376683569 223.2598039806538 1814.3933215828124 290.1215009828806 2.3536 2.2034 4.7012 73.55502394963283 3.5676380030783155 -5.6925 2.9624863797598247 0
CAR 0.0 0 4.3358376444186035 1720.8793007502302 270.4761274650484 1802.1327100865026 327.4252820951715 1.497 1.9045 4.1242 62.25635277934889 5.613142932734982 -6.3153 2.9327921430770307 0
