CAR 0.0 0 2.7227387253639592 1326.1159891633004 190.14892459097825 1532.6507757834142 312.6645324780262 1.7194 1.8964 4.5202 24.913552551613783 -22.521020003543793 -6.5435 1.3245750439438138 0
PEDESTRIAN 0.0 0 3.5167315083964894 652.1104413774399 137.80028322730044 686.6285888192708 205.88761055020584 1.7 0.6968 0.7192 38.92531130075997 -7.262213012387896 -6.5112 2.1967451706389425 0
CAR 0.0 0 4.385761033829374 1699.7183544680868 262.8948803477168 1838.3848399082083 390.9419934445639 3.487 2.935 2.072 51.34444006513498 7.184014921215833 -5.9211 2.996917376801119 0
CAR 0.0 0 2.6687271380898965 1279.3144056068784 232.18529048776813 1489.5690098657628 359.7661022279286 1.504 1.9011 4.104 22.286463567357817 -19.15304542314788 -6.6643 1.3071218474788941 0
CAR 0.0 0 -1.4888661038242477 221.57498551095938 451.98447441223266 447.2431432443353 585.7850362511218 1.5003 1.9029 4.0972 21.958356858028313 38.48463960665508 -8.2755 -2.067370310837955 0
CAR 0.0 0 -1.2655254762626056 389.9040673844531 413.7544499241101 572.1719343202351 525.6201234922162 1.4969 1.8793 4.0996 26.321822381251998 38.334483484587864 -8.2924 -2.067370310837955 0
CAR 0.0 0 2.689649657419319 1485.8692908028984 238.34282990163095 1762.4840038261527 386.10958598474633 1.498 1.8978 4.2058 17.9853992712672 -21.07328473865645 -6.0071 1.3071218474788946 0
PEDESTRIAN 0.0 0 1.33962380188136 632.9707889156805 141.31582748793903 668.3473480249971 210.6323495217492 1.7 0.6974 0.7026 38.33596176716694 -6.627007137239528 -6.4943 0.032453203031635944 0
CAR 0.0 0 4.359327976574522 1709.733241170263 341.7565803580749 1820.1880293094937 427.64733740550236 1.5032 1.8996 4.0986 45.708477844876256 7.99739222794639 -6.7781 3.0025524356826883 0
CAR 0.0 0 4.4004819332654606 1695.5290175278933 223.98463679978082 1853.3084926460667 377.27768630810283 4.117 3.002 6.0508 54.98276739369422 6.660797767463099 -5.4223 2.995539632768037 0
CAR 0.0 0 2.7426912212745385 1905.20693241962 217.22990545642415 2223.1520101020224 352.29335022598576 1.4956 1.9016 4.1016 15.89250894648021 -30.38012151247485 -5.6954 1.307717584571804 0
CAR 0.0 0 -0.32999278744908467 3134.176684381485 343.94608237392583 3986.8623572654374 589.9552248252999 1.8784 2.1996 5.9972 3.093325316671745 -49.2324217718348 -6.9284 -1.772035088766517 0
CAR 0.0 0 -1.3893574634335721 205.3442268994313 313.156374027293 351.36834103768035 382.8166895439363 1.501 1.901 4.1044 34.66038846212196 54.492311168217654 -8.2531 -2.067370310837955 0
CAR 0.0 0 -0.929072422934921 -3038.1373123158837 710.602481949587 -716.7616190262053 1862.69720056619 2.6032 2.3432 5.4312 11.284284887165416 11.019165467587662 -6.8554 -0.01984473020020264 0
CAR 0.0 0 2.7896023213409213 2248.2104710736635 201.34893287602628 2566.922978033351 313.97068910895024 1.5038 1.901 4.3724 16.102396633681074 -44.06264770849663 -6.1565 1.324577888427898 0
