CAR 0.0 0 2.722818927457145 1325.8907956022585 190.0142048089787 1532.2842246938392 312.4484622333186 1.7194 1.8964 4.5202 24.930066507150926 -22.526276973143485 -6.5435 1.3245723866681374 0
PEDESTRIAN 0.0 0 3.511644256353054 642.4704010069204 138.7798516463685 677.2989892909859 207.2186994559605 1.7 0.6968 0.7192 38.815795058283236 -6.971398958921748 -6.5112 2.1967451706389425 0
CAR 0.0 0 4.312774911947118 1659.3579872006094 331.9848662007654 1861.585480794818 525.6955676179276 3.487 2.935 2.072 34.91657954265018 9.991938691359282 -5.9211 2.9794644875480256 0
CAR 0.0 0 2.6679447647457764 1278.9719423130402 233.06212080107645 1489.8488100040524 361.15840213559363 1.504 1.9011 4.104 22.212586635367114 -19.092812136718607 -6.6643 1.3071218474788941 0
CAR 0.0 0 -1.488842548138304 221.69911741339902 452.17878084837673 447.4655842409313 586.0831791547606 1.5003 1.9029 4.0972 21.947790832675086 38.46844906555084 -8.2755 -2.067370310837955 0
CAR 0.0 0 -1.265705249637929 389.22408425001964 413.2811623349597 571.3176340110444 524.9199346126607 1.4969 1.8793 4.0996 26.352979131342526 38.385740998456185 -8.2924 -2.067370310837955 0
CAR 0.0 0 2.6897002390132805 1485.7072440815234 238.24607608847995 1762.2027516469016 385.9487424398612 1.498 1.8978 4.2058 17.993358528028434 -21.07632882302073 -6.0071 1.307121847478894 0
PEDESTRIAN 0.0 0 1.3404825292899658 634.5596580929704 141.16410890977158 669.8853602327824 210.42549891953854 1.7 0.6974 0.7026 38.35169444600491 -6.673487468582071 -6.4943 0.032453203031635944 0
CAR 0.0 0 -2.998055715503234 -242.19374650036224 309.9300521281652 23.72176219059303 501.50248320885726 1.5032 1.8996 4.0986 24.454578779465624 7.403800135700135 -6.7781 -2.7574991483334474 0
CAR 0.0 0 4.339020144556928 1660.6195537639612 268.6235826712874 1884.963132752462 500.0964323124571 4.117 3.002 6.0508 38.58749021182556 9.423801866245217 -5.4223 2.9780861579256346 0
CAR 0.0 0 2.755547204137728 1847.1567489906688 217.73564147337805 2159.142151226372 353.9573634879602 1.4956 1.9016 4.1016 16.22162801421205 -29.04001084876317 -5.6954 1.3251790763842164 0
CAR 0.0 0 2.271157405966632 875.4228494332839 312.90545072453887 1029.1353976161831 455.2709882458387 2.6032 2.3432 5.4312 34.90019612760874 29.28037053988684 -6.8554 1.079654391932011 0
CAR 0.0 0 4.375966323292825 1708.2208979295947 303.5755308519891 1800.1356491817278 372.00822717215794 1.5026 1.8998 4.0992 54.204655184812815 7.008512061849597 -6.6842 2.994956601495209 0
CAR 0.0 0 2.733891088536654 1602.0992922608095 221.46774689433127 1858.998816976154 346.7798748394222 1.5038 1.901 4.3724 20.244836604306624 -26.816462743964923 -6.4874 1.3245778884278983 0
CAR 0.0 0 4.375296085177184 1715.8205352201592 278.68849336989643 1796.6241474364426 336.49966803759327 1.5026 1.8998 4.0992 61.891424856411525 5.792167372127397 -6.6114 2.977527194182836 0
CAR 0.0 0 1.6137090780664267 1528.8460173000879 612.3208265217052 1725.8886678817717 868.4190704770313 1.4975 1.8986 4.1084 20.556235797222616 13.547698123829333 -7.3344 0.4684544781275155 0
