CAR 0.0 0 3.011629338637504 1342.149089606979 198.3977216361182 1512.4891813945758 315.00124289812715 1.594 1.8966 4.5394 31.67620461183075 -28.270427992601906 -6.3337 1.6177921667651312 0
CAR 0.0 0 -1.2205327109264288 196.7518084293519 462.713215778355 449.9681280358211 598.4579888239696 1.5196 1.8976 4.1761 11.673188457185036 29.33695626110843 -7.5683 -1.7714513563579624 0
PEDESTRIAN 0.0 0 1.3444152320824758 629.2750721011857 138.98326261032557 666.3156864340066 208.60050785907643 1.7 0.7848 0.6973 39.941445892549275 -9.41328565462207 -6.0576 0.03527947359358132 0
CAR 0.0 0 -1.6517846782235175 1767.550294663565 261.2065191523544 1904.744009702485 388.49440873389574 3.4079 2.7742 1.8309 50.29892276242897 7.990226534260593 -5.2988 -3.048531819335291 0
CAR 0.0 0 -1.8618599225394132 47.93024406106695 4.876003731520598 293.7929952673841 152.6257395892683 3.5682 3.0012 10.9976 54.28488488537235 8.366506722695837 -5.2107 -3.0427454332082586 0
CAR 0.0 0 -1.6859089679510888 1767.6999576520675 343.196627901612 1880.2588118625022 426.8802661472213 1.5064 1.8966 4.1132 44.67231496119899 7.291841930713025 -6.2711 -3.0496920303081225 0
CAR 0.0 0 -0.9793276226997938 358.55867885095535 420.40321778803855 569.1688650347387 533.8562501168952 1.5195 1.8976 4.1014 15.552936786247876 30.49697603704406 -7.441 -1.754008691334736 0
CAR 0.0 0 2.9944373581203507 1321.494915038292 241.39004526874254 1500.4928608066016 367.44084656814675 1.4987 1.9049 4.0972 28.05876162313118 -26.37245321688663 -6.4483 1.6352454592850747 0
CAR 0.0 0 -1.3223465865343496 99.06026124738017 360.01042514331766 286.82104119660073 444.63492640490966 1.5196 1.8976 4.1284 14.692876007466852 43.7379148886787 -7.532 -1.7714513563579624 0
CAR 0.0 0 2.998245351102965 1500.8484925590494 270.00919542627133 1734.0203116990897 415.0573939991134 1.5032 1.8952 4.1044 24.75446597421212 -28.97904739852576 -6.2698 1.6352454592850747 0
CAR 0.0 0 1.567912892690103 407.15197255726855 28.186382298635436 467.25342072298054 67.58150915558458 1.5162 1.9006 4.1032 79.9488581598206 6.042553680224001 -6.7749 0.10522774726853645 0
CAR 0.0 0 4.818522804259886 1037.92289654679 -245.70461782007752 1068.4202759596956 -220.41985016893284 1.5044 1.9512 4.0978 -132.33625137888296 7.797054396128981 -9.2429 3.0300625032870436 0
CAR 0.0 0 4.925916662755923 1186.8382186822216 -347.8565318264339 1254.8209389665717 -293.90483856398976 1.4952 1.9028 4.1046 -70.41305864033427 5.403483917209407 -8.1952 3.098460294461671 0
CAR 0.0 0 1.267147547586629 235.55572579453556 72.3797761486448 406.8073873089512 222.02059988517163 3.6148 3.2348 2.3654 42.33642319543343 -0.08875573679773252 -5.7722 0.11775794801211564 0
CAR 0.0 0 1.0387125660715149 91.70466365298672 99.12055221888438 416.2150798317977 318.44052964823203 3.1098 3.3536 10.442 36.79957475309425 -0.6872243736569015 -6.0304 0.10642113261240774 0
CAR 0.0 0 2.6343653932568336 805.0583351870175 -2415.616153708926 1257.2830541279604 -1076.3554868295776 1.9202 2.1008 4.4984 -11.977751861264522 -12.723223680663505 -7.2846 0.03069529861024094 0
CAR 0.0 0 4.920285713913919 1045.8923069350014 -288.6553683808756 1084.2693213758307 -254.83486754295032 1.5044 1.9032 4.0978 -105.5911 4.1429 -9.4954 3.099865073391557 0
