CAR 0.0 0 2.7366358106544144 1328.3256958347956 190.2639695559292 1535.2124412605144 312.82254774489513 1.7194 1.8964 4.5202 24.88545314002736 -22.568117026862527 -6.5435 1.338281743454179 0
PEDESTRIAN 0.0 0 -1.7049247493604966 643.476668005415 138.12223413991947 678.1921997247537 206.36539167298596 1.7 0.6968 0.7192 38.92471023309806 -7.018374363834544 -6.5112 -3.0212435291045563 0
CAR 0.0 0 4.347789878339684 1702.594015174948 257.4051573357764 1836.2063392681764 380.4536854496863 3.487 2.935 2.072 53.30456145623349 6.8603623888516 -5.9211 2.954589946740443 0
CAR 0.0 0 4.3551610326579695 1696.586600649999 232.23477946657832 1851.0647622604456 371.55447255970546 3.8402 3.1746 6.0448 57.330240922452376 6.2292081569280935 -5.7444 2.951256435673922 0
CAR 0.0 0 2.7064996042057183 1285.407858600576 232.99364518629355 1496.9806190620136 360.9736915992977 1.504 1.9011 4.104 22.17658022425579 -19.24141342330617 -6.6643 1.3445949556756323 0
CAR 0.0 0 4.318864188183565 1702.804891026034 339.63343598978605 1807.7166954145735 421.6639287305421 1.5032 1.9025 4.0984 47.47812466982488 7.935162742775189 -6.9854 2.961074677280605 0
CAR 0.0 0 -1.455439051161021 230.7529746259742 450.51609956222427 454.3663851921977 583.4351423371941 1.5003 1.9029 4.0972 22.129809519981407 38.43149353447941 -8.2755 -2.04660312373549 0
CAR 0.0 0 -1.2990474898203952 384.37272959532885 413.65325909088125 567.2293418482549 525.5196482956976 1.4969 1.8793 4.0996 26.271449643111787 38.45234625259994 -8.2924 -2.0955501179884926 0
PEDESTRIAN 0.0 0 1.3223574493995203 632.2494955137527 141.3843120818851 667.6472494718602 210.71526545295802 1.7 0.6975 0.7026 38.334730893709946 -6.606856593240292 -6.4952 0.015570256983676763 0
CAR 0.0 0 2.7205840237622 1486.8111520641746 237.46861615401446 1762.6672523419825 384.6233136432224 1.498 1.8978 4.2058 18.043134111025438 -21.1500214158137 -6.0071 1.3372991239163303 0
CAR 0.0 0 4.872153886246696 4236.5762893079145 -4532.190639064991 10675.565355738876 -1266.778814487793 1.6029 1.897 4.2584 -0.742398443613125 20.467722446264013 -6.9413 2.953394181760341 0
CAR 0.0 0 1.7727439416558002 -11194.980824273607 1336.9815153774864 -3315.0391698094168 3522.410776575697 1.4996 1.9038 4.0952 11.560757504837591 21.516506303751274 -7.4733 2.9894504810614717 0
