CAR 0.0 0 2.7055791035850865 1328.2495170454065 190.12451907440857 1535.0077292574156 312.59681344700334 1.7194 1.8964 4.5202 24.901439685178566 -22.5775956228951 -6.5435 1.3071190965771695 0
PEDESTRIAN 0.0 0 3.515728148515729 651.0175016129087 138.18646641290982 685.610583026218 206.39241621936483 1.7 0.6968 0.7192 38.86439419634307 -7.2205172256383 -6.5112 2.1967451706389425 0
CAR 0.0 0 4.390449812865581 1704.137701390259 257.17984490698063 1837.6398151008157 379.98900138849336 3.487 2.935 2.072 53.421434661197644 6.797294741966089 -5.9211 2.996917376801119 0
CAR 0.0 0 2.7204855719711523 1281.1266358189873 233.26922232172944 1492.41060542789 361.4608944659712 1.504 1.9011 4.104 22.18064472300285 -19.12876709025263 -6.6643 1.3594899471340491 0
CAR 0.0 0 -1.4896027682111435 221.39581820087142 452.71919252870504 447.52016971959205 586.9189243976786 1.5003 1.9029 4.0972 21.912654060469514 38.43471745771651 -8.2755 -2.067370310837955 0
CAR 0.0 0 -1.2673091663588854 387.7141604064391 413.3987638938434 570.0460106507293 525.1092396162359 1.4969 1.8793 4.0996 26.327431854721546 38.406352046439046 -8.2924 -2.067370310837955 0
CAR 0.0 0 2.6897563560786586 1485.2744400703161 238.09560528581332 1761.5606884329218 385.7011469448606 1.498 1.8978 4.2058 18.00682275647471 -21.077380165575665 -6.0071 1.3071218474788946 0
PEDESTRIAN 0.0 0 1.3396599876339483 633.12436613874 141.33043440346108 668.5002718403492 210.65000281934687 1.7 0.6974 0.7026 38.33247615120449 -6.630671553854247 -6.4943 0.032453203031635944 0
CAR 0.0 0 1.3038768915441832 1804.5842463934396 180.46378927458773 1886.008941760055 239.29466200848594 3.5054 2.9277 8.5474 122.84964621411231 -9.309457274858303 -6.2739 -0.1541603103573966 0
CAR 0.0 0 4.365007924180467 1717.1426332167584 334.38349713379137 1824.5516261791042 416.46379311161945 1.5032 1.8996 4.0986 47.395162381977876 7.575028748063898 -6.7781 3.002565633062147 0
CAR 0.0 0 4.404169296158101 1699.489086466814 220.2736059218339 1852.0104146729998 367.5293470264404 4.117 3.002 6.0508 56.97652824895097 6.290529663130088 -5.4223 2.995539632768037 0
CAR 0.0 0 2.8212360430728234 2626.359044160117 205.32366175654914 2998.188497833239 322.650572361746 1.4956 1.9016 4.1016 11.735476202616736 -49.82810247511183 -5.6954 1.3432498668291273 0
CAR 0.0 0 -0.41629473808916795 1797.7141753727597 474.3703634746616 2609.8300590634985 918.9712439214092 1.8784 2.1996 5.9972 7.169529704011489 -17.885804530223997 -6.9284 -1.6847655287594028 0
CAR 0.0 0 -1.5001059543972193 128.69206359661706 278.72063542395694 260.3986598434281 335.9365373426057 1.501 1.901 4.1044 38.99556151618057 63.92223388933281 -8.2531 -2.067370310837955 0
