CAR 0.0 0 3.011488877693494 1342.2631160403178 198.58648354772325 1512.7447075147825 315.2945129167465 1.594 1.8966 4.5394 31.653274234285703 -28.264892118498288 -6.3337 1.6177921667651312 0
CAR 0.0 0 -1.222404238276242 195.48052928517976 463.0553067963408 449.0583789667762 599.0009419388879 1.5196 1.8976 4.1761 11.644464840434804 29.324381563612693 -7.5683 -1.7714513563579624 0
PEDESTRIAN 0.0 0 1.3433753725335742 627.4900356226952 139.2061485693066 664.6411391663355 208.89424185374318 1.7 0.7848 0.6973 39.90308489007111 -9.370068194307926 -6.0576 0.03527947359358132 0
CAR 0.0 0 -1.6517030702738862 1767.6520713389607 261.10782574799043 1904.7483753347165 388.2971425277685 3.4079 2.7742 1.8309 50.337588315658756 7.993769236129852 -5.2988 -3.048531819335291 0
CAR 0.0 0 -1.8621994792708179 47.82637457335195 4.902334692960328 293.76430994494166 152.6951574318891 3.5682 3.0012 10.9976 54.27182532027076 8.3632743847477 -5.2107 -3.0427454332082586 0
CAR 0.0 0 -1.6859057206253014 1767.6876068784659 343.1892169726124 1880.2431416185073 426.86913191174085 1.5064 1.8966 4.1132 44.6736298992384 7.29236737243458 -6.2711 -3.0496920303081225 0
CAR 0.0 0 -0.9797466818195152 358.0886313371651 420.33159121370886 568.6908315294025 533.7502430044108 1.5195 1.8976 4.1014 15.549538022439473 30.511912635355575 -7.441 -1.754008691334736 0
CAR 0.0 0 2.994758819066086 1320.8843111084263 240.8746793471399 1499.4786549916507 366.65558589730927 1.4987 1.9049 4.0972 28.107859640187534 -26.37563792851734 -6.4483 1.6352454592850747 0
CAR 0.0 0 -1.3182507012253357 101.09764166418786 359.7613834846106 288.53512128366197 444.2638973293994 1.5196 1.8976 4.1284 14.746115580893072 43.743045022022145 -7.532 -1.7714513563579624 0
CAR 0.0 0 2.999403398279692 1500.4335896006178 268.3144506321374 1732.2724494589831 412.3784473153826 1.5032 1.8952 4.1044 24.888948104567174 -29.03570399280675 -6.2698 1.6352454592850747 0
CAR 0.0 0 1.5944605123653899 420.33118970866974 18.828846786737746 475.6744716132473 55.1391057449846 1.5162 1.9006 4.1032 85.92024942071869 6.886167677715416 -6.7749 0.10522774726853645 0
CAR 0.0 0 4.779256966895908 1042.3905587481695 -241.33042225116483 1072.1432173473934 -216.9315176394164 1.5044 1.9512 4.0978 -136.16048603541017 8.814544956669206 -9.2429 2.995155918247157 0
CAR 0.0 0 4.8822385908416095 1156.8900242378422 -324.5270246863773 1216.4346480230788 -276.9445782001093 1.4952 1.9028 4.1046 -77.51002336335092 5.62860394031242 -8.1952 3.0635484449983217 0
CAR 0.0 0 1.3847416549574743 296.2150936968246 46.09502908925161 438.43266131043964 173.97720502202097 3.6148 3.2348 2.3654 49.58801010818644 0.7337213766079862 -5.7722 0.10029631116745565 0
CAR 0.0 0 1.2289000600467506 187.1700933503099 68.81759519046646 443.0706792879172 242.83363768024824 3.1098 3.3536 10.442 43.88985490712708 0.24019855523510536 -6.0304 0.08895923522607212 0
CAR 0.0 0 2.754821708496015 798.3331472772403 -3957.7178476926288 1537.3940539912678 -1342.337005886847 1.9202 2.1008 4.4984 -9.291482498302088 -12.736373374648007 -7.2846 0.03069529861024094 0
CAR 0.0 0 4.860921957259427 1041.4030176370463 -278.15415642984726 1077.4129463569666 -246.64063895196554 1.5044 1.9032 4.0978 -111.59954371753895 4.7747157311226545 -9.4954 3.0474973701041077 0
