CAR 0.0 0 2.7246553862501073 1775.9742465197144 300.8820863950257 2173.417371797628 486.2550711127061 1.5023 1.898 4.937 13.84815174327392 -24.872052951314775 -6.5925 1.3488135988365393 0
CAR 0.0 0 2.6567536134503387 1320.442910801539 234.9563121262299 1535.6207781026449 363.22241245354786 1.5177 1.898 4.0963 21.945136020245577 -20.035727949379847 -6.7131 1.2910181249559243 0
CAR 0.0 0 2.655974070058442 1406.186552837677 311.82334339981037 1743.2691617122262 511.09091109861856 1.5541 1.898 4.9169 15.674615761788543 -17.649110702299364 -6.7043 1.3385813619489222 0
CAR 0.0 0 -1.472066116029638 210.25852788331667 440.86449487587026 435.7293233840044 578.6153301447445 1.6474 1.9008 4.0966 22.138975620285386 38.98913650732353 -8.1942 -2.043220920331697 0
CAR 0.0 0 2.7212061214207215 1590.7057747386568 198.53505337538948 1814.6006990169953 301.9533189964781 1.396 1.8974 4.3588 23.209128537884666 -29.531964663171383 -6.6116 1.2953621165572875 0
CAR 0.0 0 -1.3034134371922186 350.492615900403 399.62875905606 535.7988907216969 514.7714688452631 1.6474 1.9008 4.0966 26.362957884611994 39.537917278950154 -8.1431 -2.078132818304195 0
CAR 0.0 0 1.1981448534074377 382.438738438937 38.0476570084464 552.5631079318931 275.38725022616717 4.11 3.0032 11.0896 38.82361639626703 -1.7441128644134256 -5.5143 -0.06808001008779893 0
CAR 0.0 0 4.3486429630912165 1682.8335355977592 299.88579498944114 1824.2179236377497 427.51712063182345 2.3536 2.2034 4.7012 42.539392716592424 9.03586536869442 -5.6925 2.9810367679284977 0
CAR 0.0 0 2.785735536827832 2088.9622578027606 250.0003636040298 2633.040922961945 465.5177958780583 1.9972 2.1978 5.9954 12.260050414374444 -32.61155178211365 -6.1821 1.3630240930533906 0
CAR 0.0 0 2.7509019560487507 1610.4740589026517 257.16933868240966 1889.3349346444227 399.84236915517334 1.4974 1.8977 4.0982 17.591656004764282 -24.13346225452599 -6.4838 1.3642834977290486 0
CAR 0.0 0 4.339706484668974 1705.61496157149 310.40982034764016 1801.3021434589982 382.5945963382032 1.5036 1.8952 4.097 51.930735739181564 7.381223111860027 -6.6445 2.9635237234090614 0
CAR 0.0 0 -3.2768325320476643 -633.1236155900733 318.50034053217234 -114.84389507294047 690.955130050743 2.5368 2.1676 5.7104 21.19810543245778 9.035412000819166 -6.6447 -2.669687321640491 0
CAR 0.0 0 4.360257644701996 1714.5949819364307 279.16756881409714 1796.4786478467536 338.0649423519332 1.5128 1.9018 4.1024 61.12978556077194 5.942386337101554 -6.5594 2.9631082532858897 0
CAR 0.0 0 4.303000671700113 1480.6107297292886 320.9713362103888 1552.6470792665498 394.3471956416875 1.5022 1.9049 4.1038 48.743697439431315 14.650441036311857 -7.16 2.9631096288826786 0
PEDESTRIAN 0.0 0 2.6599179792696708 623.7366562065496 131.41970688718715 660.3754409926155 201.45347022143093 1.7526 0.7308 0.855 39.77121423481596 -6.633881187796214 -6.4758 1.3421832397425082 0
CAR 0.0 0 4.319437130533583 1639.2835482760986 445.6379388917797 1783.290120949845 588.8896953675704 1.4954 1.7998 4.3147 31.43444513753235 11.165832640097085 -7.0466 3.041131280997928 0
CAR 0.0 0 2.7831115727207223 1976.0522415624876 250.3506355366737 2295.2525784015056 385.75532870340817 1.4878 1.9007 4.104 15.423305254883134 -32.40359618213514 -6.404 1.3590267776864635 0
CAR 0.0 0 2.6872960454670656 1324.1844037377398 202.3430957714403 1515.9431550507056 311.97022993826874 1.4974 1.8976 4.0982 24.9012 -22.302 -6.6735 1.2944598052176606 0
