CAR 0.0 0 2.7367803309329286 1328.56600611145 190.12728182096217 1535.3628299504828 312.59714606874854 1.7194 1.8964 4.5202 24.898934382195282 -22.585467394696508 -6.5435 1.338281743454179 0
PEDESTRIAN 0.0 0 2.989405615421763 646.5734964458106 138.000891258939 681.2173174165958 206.1864762561378 1.7 0.6968 0.7192 38.92595868467483 -7.105886649100996 -6.5112 1.6717520111948678 0
CAR 0.0 0 4.347761244282215 1702.9072964803363 257.4899688047974 1836.6221129653597 380.6067394649117 3.487 2.935 2.072 53.281494917370246 6.8532115627932635 -5.9211 2.954589946740443 0
CAR 0.0 0 2.7063727795038375 1285.3723365054952 233.14034699929184 1497.0522043814017 361.20644178062383 1.504 1.9011 4.104 22.16412607851437 -19.231780784681682 -6.6643 1.3445949556756323 0
CAR 0.0 0 -1.4626529492342333 225.6804984610097 451.6566043257317 450.62177224455775 585.240092586098 1.5003 1.9029 4.0972 22.014977642962048 38.43716537534983 -8.2755 -2.04660312373549 0
CAR 0.0 0 -1.2902953018021206 384.16760454934564 413.798636910952 567.1261050995952 525.7385512592749 1.4969 1.8793 4.0996 26.257540987161153 38.444789008958175 -8.2924 -2.086445960933754 0
CAR 0.0 0 2.720512388314249 1486.069340114393 237.4404169236081 1761.799091285609 384.5861389991259 1.498 1.8978 4.2058 18.04960843535971 -21.136720578182295 -6.0071 1.33729912391633 0
PEDESTRIAN 0.0 0 1.3233663840766343 632.3160819425384 140.76824313715164 667.6247061504727 209.93291697945276 1.7 0.6974 0.7026 38.43402299122431 -6.62505040752889 -6.4943 0.015570256983676761 0
CAR 0.0 0 1.2986355878067002 1812.6010142037212 188.24768464533614 1904.7008924495499 254.69672305713866 3.5054 2.9277 8.5474 110.66664088668483 -7.652753759521265 -6.2739 -0.1541603103573966 0
CAR 0.0 0 4.322820435357023 1704.1785994013837 332.9606580170272 1809.36099431306 414.47604639202535 1.5032 1.8996 4.0986 47.47284565150345 7.938075824282688 -6.7781 2.961074677280605 0
CAR 0.0 0 4.360512942913362 1700.6441333415983 219.69882712685342 1852.4243933010673 366.0035878100652 4.117 3.002 6.0508 57.31359469235023 6.20997979213135 -5.4223 2.951256435673922 0
CAR 0.0 0 2.8481633478159467 2815.577000152778 201.13784292805178 3195.748641239967 313.28738785939976 1.4956 1.9016 4.1016 10.53953027768092 -55.97175395408838 -5.6954 1.3620457264259145 0
CAR 0.0 0 -0.3955790881355199 1439.0226422359904 526.361825971611 2209.7279801913187 1066.7364377503895 1.8784 2.1996 5.9972 7.4834 -12.1121 -6.9284 -1.5586655169755281 0
