CAR 0.0 0 2.728797204484053 1335.6420489419093 190.00332636200352 1543.141346098638 312.30266919232537 1.7194 1.8964 4.5202 24.863476029767124 -22.776915117239366 -6.5435 1.329287223154536 0
PEDESTRIAN 0.0 0 2.8622954510793455 654.5322470942684 138.52996874224763 689.1135960998944 206.8083487681289 1.7 0.6968 0.7192 38.78120635284966 -7.304937049541103 -6.5112 1.5425810858228364 0
CAR 0.0 0 4.413281211637092 1709.7295606214557 258.39462328380273 1844.77920864899 382.15446214801864 3.487 2.935 2.072 53.1174103641387 6.657859375058803 -5.9211 3.020039438511599 0
CAR 0.0 0 4.423749971286549 1698.9447071164805 234.11315160507496 1856.4399011808591 375.91965290787834 3.8402 3.1746 6.0448 56.51159397578844 6.242798224213121 -5.7444 3.0211496524281416 0
CAR 0.0 0 2.7112867799232174 1287.9738134894367 232.91482528913994 1499.784499192474 360.8184797696575 1.504 1.9011 4.104 22.166666577350092 -19.303836525365984 -6.6643 1.3489112058221953 0
CAR 0.0 0 4.3680625695679876 1696.9416710081084 339.1102493714444 1800.9219131322511 420.94916817750794 1.5032 1.9025 4.0984 47.4847119518517 8.104218124093235 -6.9854 3.0106839122209634 0
CAR 0.0 0 -1.4360547236597339 241.63327656721137 449.49219177718146 463.24082742362305 581.7548033218485 1.5003 1.9029 4.0972 22.290968185044562 38.3157059383122 -8.2755 -2.0415453642998926 0
CAR 0.0 0 -1.2657306396672656 383.0429869032581 414.13952192320335 566.3154076234191 526.2578227507174 1.4969 1.8793 4.0996 26.2181783000326 38.439843510055425 -8.2924 -2.0604177559563235 0
CAR 0.0 0 1.3671912800931925 1795.4856154045424 205.93004856230422 1864.815561140921 233.16895441895824 1.2791 2.9956 7.5691 124.85782262542519 -8.922242280124118 -7.1889 -0.08435490020333661 0
PEDESTRIAN 0.0 0 1.3076786731224925 632.1476413644033 140.91781774731922 667.5707150376938 210.27214001822156 1.7028 0.6996 0.6969 38.36805375320484 -6.61089524853104 -6.489 0.0002754820865611407 0
CAR 0.0 0 2.731193431582961 1564.9915734678686 236.7501580429243 1850.3163672430442 382.328046831546 1.498 1.8978 4.2058 17.62532576504572 -22.809785287129795 -6.0071 1.3381509238857767 0
CAR 0.0 0 3.8600284257977764 1034.87115680798 749.5690463057208 1335.3733913051567 1196.021168710399 1.5006 1.9012 4.3216 12.9767731945385 17.802717961547437 -6.9882 2.963589523349974 0
CAR 0.0 0 4.318039343775691 1593.7899920855746 313.4291682324856 1676.9526138893775 389.3959953064702 1.6029 1.897 4.2584 50.743767818617656 10.98779735317619 -6.9413 2.9583443922002948 0
CAR 0.0 0 4.874852791811869 2480.048960281982 -1465.714091859508 3461.7653121457797 -833.7013386198785 1.4972 1.8962 4.1875 -8.81979367781008 22.06527728412706 -7.9714 2.9442272823651887 0
