CAR 0.0 0 3.002847219332594 1342.4664546076433 198.51637828383474 1512.9314755990436 315.18325337754754 1.594 1.8966 4.5394 31.661782685939272 -28.27340158910436 -6.3337 1.6090655205051596 0
CAR 0.0 0 -1.220848217741863 196.51378572057192 462.7170596258351 449.75551774046295 598.4654550001329 1.5196 1.8976 4.1761 11.669904395514118 29.339968561469913 -7.5683 -1.7714513563579624 0
PEDESTRIAN 0.0 0 1.341744050810402 623.5316606854944 139.27121051810988 660.8656716773514 208.99973913258924 1.7 0.7848 0.6973 39.88969035495286 -9.265848941705338 -6.0576 0.03527947359358131 0
CAR 0.0 0 -1.6517494978863971 1767.5910235389968 261.1635511117998 1904.7422529505066 388.4085779182166 3.4079 2.7742 1.8309 50.315654397773045 7.991854673395877 -5.2988 -3.048531819335291 0
CAR 0.0 0 -1.862005257775576 47.625405569411924 4.811081913427724 293.4447253481904 152.46766472667898 3.5682 3.0012 10.9976 54.31436728450697 8.389843791571025 -5.2107 -3.0427454332082586 0
CAR 0.0 0 -1.686204436320353 1761.5365733182348 342.583330840399 1874.0383451980606 425.9912105409536 1.5064 1.8966 4.1132 44.67185988300572 7.444932257023446 -6.2711 -3.0496920303081225 0
CAR 0.0 0 -0.9974406524332924 357.8300980522109 420.3139828464372 568.4423559471497 533.7250120688698 1.5195 1.8976 4.1014 15.546527184712698 30.517863216127807 -7.441 -1.7714513563579624 0
CAR 0.0 0 2.9951669932451024 1320.4751149257781 240.29259020152418 1498.6560417088854 365.7664790400475 1.4987 1.9049 4.0972 28.16340480780231 -26.38581848486198 -6.4483 1.6352454592850747 0
CAR 0.0 0 -1.3184529092551902 101.00649894910855 359.81363967504507 288.4877388125836 444.33999191543234 1.5196 1.8976 4.1284 14.74130286625675 43.73552195033675 -7.532 -1.7714513563579624 0
CAR 0.0 0 2.997891075807635 1501.633885813571 270.65524438914144 1735.4195130713576 416.0733689823186 1.5032 1.8952 4.1044 24.703257178056674 -28.97096318023215 -6.2698 1.6352454592850747 0
CAR 0.0 0 4.779495100629564 1082.3030091233059 -236.9197555381827 1115.2813933060086 -210.91821978653564 1.5038 1.8956 4.1518 -126.17300387079815 10.7334074030066 -8.2426 3.0077970091202064 0
CAR 0.0 0 2.3236236277872147 1578.6524070240087 -2450.699081815039 2498.4984446643175 -1072.8007804915705 3.4461 3.0048 1.7389 -10.951664137974364 -6.758615318324561 -7.3737 0.0476240649650965 0
CAR 0.0 0 2.2962361690495094 1254.51749670685 -2785.075639693204 2845.8507196436217 -680.2613283605658 3.1096 3.3536 10.442 -13.944400454244487 -6.729700296858219 -7.1405 0.05406425722112945 0
CAR 0.0 0 1.1517311283744063 242.22366257950182 145.14066860710142 370.27043301454705 228.89284902180896 1.5162 1.9006 4.1032 42.12485805552396 0.4903286670847222 -6.7749 0.12268057642760778 0
CAR 0.0 0 2.1964770692141395 729.5639745061819 -556.7697854708153 814.3574425639223 -419.9087562237382 1.9203 2.1008 4.4984 -43.93581181777906 -14.674030170714122 -8.1745 0.06590596732688835 0
PEDESTRIAN 0.0 0 -1.7870808760156365 645.3047140827657 136.03664780064722 678.0549255515588 204.65896076494823 1.7 0.6962 0.6968 40.5069 -9.737 -6.0661 -3.106313179996212 0
CAR 0.0 0 -1.2258704573516612 1442.1730493850764 -613.6381691370158 1630.4724365819397 -462.7613297441705 1.632 2.0088 4.1048 -35.1995309191066 2.706782415090429 -7.9664 -3.1323571738532365 0
