CAR 0.0 0 3.003005371628529 1336.4173643350648 199.12496754899092 1506.3962165096555 316.19009535359936 1.594 1.8966 4.5394 31.588162921229106 -28.08743042581738 -6.3337 1.6105393675152717 0
CAR 0.0 0 -1.1593572080986438 201.60601365138356 462.3878697448682 454.1312089327778 597.9195049655335 1.5196 1.8976 4.1761 11.748865503865114 29.297492771194037 -7.5683 -1.7168309998735665 0
PEDESTRIAN 0.0 0 1.7341839649870243 630.7763074196507 138.86735017382213 667.7344695007082 208.4444560986467 1.7 0.7848 0.6973 39.9618000780106 -9.451106833510238 -6.0576 0.4242919206872831 0
CAR 0.0 0 -1.6428554599409206 1768.049405037284 261.2807873016119 1905.3286345272174 388.6341371972798 3.4079 2.7742 1.8309 50.2851827300223 7.973690715388152 -5.2988 -3.0395974269518478 0
CAR 0.0 0 -1.8078696036807884 74.53841623804914 1.0988405577357678 306.8256264502937 142.45086807300612 3.5682 3.0012 10.9976 56.28329230201997 8.508815812384947 -5.2107 -3.052921796683383 0
CAR 0.0 0 -1.6857892424071443 1765.7545628197815 343.1693649590487 1878.3818071355306 426.8511889018047 1.5064 1.8966 4.1132 44.63677964172427 7.334141056454753 -6.2711 -3.0493759430220515 0
CAR 0.0 0 -0.9590362036891054 358.93361471738825 420.3009235069435 569.4444202636313 533.6987936268471 1.5195 1.8976 4.1014 15.56399963863493 30.50164157624274 -7.441 -1.734202040116667 0
CAR 0.0 0 2.945954210668776 1314.1501101226681 241.61301377144858 1492.1808005476998 367.8488860501525 1.4987 1.9049 4.0972 28.03994844379169 -26.19356181684273 -6.4483 1.5881233509515706 0
CAR 0.0 0 -1.3490910274900436 66.75080259562884 355.673301562614 253.7032498897667 438.53483007049465 1.5196 1.8976 4.1284 14.33095524370621 45.14626751928027 -7.532 -1.7342843053404915 0
CAR 0.0 0 2.9739484176973705 1532.9057384964256 270.84720470988884 1772.0593573143665 416.07254280507624 1.5032 1.8952 4.1044 24.674546306710926 -29.631285673732602 -6.2698 1.6071949858009207 0
CAR 0.0 0 -1.3408107527959223 1077.3010052481704 -260.4296852413486 1115.4906489358336 -229.20666213352658 1.5034 1.8968 4.0982 -108.75189399602797 7.0820990576054115 -8.2669 -3.1311229896829524 0
CAR 0.0 0 4.92892865054824 1126.196400795926 -312.20527635803046 1179.1343158531251 -268.6826908516778 1.5064 1.8966 4.1132 -84.08749909369337 5.382654458886776 -8.4218 3.1115694772907663 0
CAR 0.0 0 -1.6638344288220726 1587.9507352179917 349.7167067737906 1723.2943997885636 451.0631061577225 1.6286 1.9033 4.096 36.60676937868131 9.941839757890705 -5.8659 -2.998848718283731 0
CAR 0.0 0 2.132597792158841 1040.170588971356 -727.4018403688582 1186.9518372483237 -537.3959935808421 1.7 2.0361 3.853 -32.069142705895125 -7.793697467614642 -8.2722 0.04689157397375113 0
CAR 0.0 0 5.008842995954748 1224.6059359538226 -437.2299563326024 1323.143783635289 -355.1800666201703 1.499 1.9016 4.112 -51.694134852413804 1.9186496301184641 -7.9597 3.1371435214583197 0
CAR 0.0 0 -1.2685802983905468 1407.1956191011059 -493.23838853329494 1540.727142709015 -394.1915018356911 1.5038 1.8956 4.1518 -45.45619864522972 6.002008121148252 -8.2426 -3.131038877818941 0
CAR 0.0 0 -1.6387293407608299 1578.4217181381393 283.6012598499748 1665.6899116985294 339.33588955166726 1.5026 1.902 4.1038 56.8459 15.776299999999999 -6.3397 -3.0203957641892134 0
