CAR 0.0 0 2.71628464905832 1773.800416457139 301.50175906070274 2171.666779809002 487.3978751632479 1.5023 1.898 4.937 13.828903293915573 -24.78909787755861 -6.5925 1.3410568121408173 0
CAR 0.0 0 2.6702489388391895 1310.672960772232 235.12717487369014 1524.8534254075591 363.6082445387811 1.5177 1.898 4.0963 21.994701824426198 -19.804502025401554 -6.7131 1.3061449141683195 0
CAR 0.0 0 2.659286766707839 1405.0532862216853 310.44177347310233 1740.487700072757 508.60907826090454 1.5541 1.898 4.9169 15.756295468283563 -17.690222130574835 -6.7043 1.3410568121408173 0
CAR 0.0 0 -1.4881893698000477 223.12488145445008 439.3684476758336 446.0140621439485 576.1522716355304 1.6474 1.9008 4.0966 22.350255246979515 38.877397730648575 -8.1942 -2.0770974635778616 0
CAR 0.0 0 2.71445976959974 1589.4880748265716 198.47987901908152 1813.2133762494782 301.88165240950565 1.396 1.8974 4.3588 23.22389381653794 -29.50515906864262 -6.6116 1.2886889732761406 0
CAR 0.0 0 -1.2779640522859692 371.6472539383924 397.33040902809273 553.2010764767937 511.0882799448065 1.6474 1.9008 4.0966 26.787702662035397 39.31267461596748 -8.1431 -2.077097463577861 0
CAR 0.0 0 4.366617224814015 1661.6784590087325 229.555067470745 1857.8504897614655 423.0447941867427 4.11 3.0032 11.0896 50.261098884862555 8.012520132655665 -5.5143 2.975170838212328 0
PEDESTRIAN 0.0 0 2.7738727864334716 632.5114706313165 132.58052180904753 668.4411178862429 201.4271580924209 1.7 0.6996 0.9374 39.5154 -6.8326 -6.4566 1.4538021921240931 0
CAR 0.0 0 4.339305528674767 1466.923695169353 326.15176080814115 1538.1025017564214 399.5318326626399 1.5021 1.9038 4.0982 48.78491790459515 15.038676880651 -7.3727 3.0046951467276104 0
CAR 0.0 0 4.3716454961742475 1720.471012926103 253.37935220057093 1811.2991097720371 324.7586558340801 1.9994999999999994 2.0167 6.000200000000007 66.00577091527066 4.911460123980805 -6.3098 2.9624863797598247 0
CAR 0.0 0 2.2412042513282264 999.2114024248812 373.8109768678243 1120.7409542395426 486.0947249109863 1.7 1.8454 4.0952 32.750528971081074 25.470416594823156 -7.2475 1.0533915221592565 0
CAR 0.0 0 4.352984104572185 1652.931184060587 261.46085581925 1840.247111442376 450.6166794557647 3.9074 3.0032 5.6574 43.64054195886042 9.154547923534786 -5.6171 2.9806550537520806 0
CAR 0.0 0 2.6754176256542976 1281.882785007103 202.8590910196209 1469.1626118811157 312.7783747661484 1.4974 1.9028 4.1016 25.253102892026924 -21.284036053672605 -6.6995 1.2886889732761388 0
PEDESTRIAN 0.0 0 0.3931040134539051 1143.9846760788014 240.7159454541054 1162.9768201754193 277.85930709188756 1.7 0.7004 0.7048 68.8301 31.9282 -7.3048 -0.9566709088421345 0
