CAR 0.0 0 2.7286975383168466 1335.9988679130686 190.179182370734 1543.6907318888411 312.58385006952466 1.7194 1.8964 4.5202 24.84150533953516 -22.771503570484523 -6.5435 1.329287223154536 0
PEDESTRIAN 0.0 0 2.862413368068556 653.2772241657418 138.1663402840583 687.827941737331 206.34986735158208 1.7 0.6968 0.7192 38.85323097442549 -7.282371504489076 -6.5112 1.5425810858228364 0
CAR 0.0 0 4.413279553970356 1709.8057165545388 258.4080516892574 1844.8735066094694 382.17805478894707 3.487 2.935 2.072 53.11440565304578 6.655835857137657 -5.9211 3.020039438511599 0
CAR 0.0 0 4.423749969831393 1698.944723043542 234.1131554395644 1856.439924844279 375.9196614349352 3.8402 3.1746 6.0448 56.51159263513914 6.242797829023239 -5.7444 3.0211496524281416 0
CAR 0.0 0 2.711210107325239 1288.0204615834932 233.01673095051444 1499.9139437697006 360.979294625158 1.504 1.9011 4.104 22.15754820317209 -19.298723884706966 -6.6643 1.3489112058221953 0
CAR 0.0 0 4.368053338750747 1696.939087200447 339.1240309040229 1800.9259461121967 420.96971594609647 1.5032 1.9025 4.0984 47.48171592823658 8.104643546328521 -6.9854 3.0106839122209634 0
CAR 0.0 0 -1.4361448218391382 241.50779277367693 449.4040031641052 463.0801161680397 581.6204458877659 1.5003 1.9029 4.0972 22.295257633722713 38.32427853766295 -8.2755 -2.0415453642998926 0
CAR 0.0 0 -1.2679723269865302 380.94070698119276 414.2876294414923 564.5375812392164 526.4982472717683 1.4969 1.8793 4.0996 26.184073818777126 38.46964064867432 -8.2924 -2.0604177559563235 0
CAR 0.0 0 1.3660220717225438 1798.2164001397516 208.14559587915303 1869.4628462462792 236.21096416452787 1.2791 2.9956 7.5691 122.10908987101313 -8.63822979304434 -7.1889 -0.08435490020333661 0
PEDESTRIAN 0.0 0 1.3072202252278364 632.4176147064419 141.26837901390843 667.886948877106 210.7211549587476 1.7028 0.6996 0.6969 38.306330400841674 -6.608203928346871 -6.489 0.0002754820865611407 0
CAR 0.0 0 2.733293062331747 1582.7862591913292 236.57587628849717 1870.2212148872857 381.788388195515 1.498 1.8978 4.2058 17.529975902489117 -23.19242472917965 -6.0071 1.3381509238857767 0
CAR 0.0 0 4.881970618403335 2783.6304637731773 -1815.629197196896 4130.750750940633 -946.9757296626793 1.4972 1.8962 4.1875 -6.665879214520784 21.730822822989165 -7.9714 2.9442272823651887 0
CAR 0.0 0 3.9406656493763386 1154.9262176106936 671.9249727385611 1397.5103688309969 1022.8754164455546 1.5006 1.9012 4.3216 15.462198233189131 17.332006343488214 -6.9882 2.94615829817472 0
CAR 0.0 0 4.335111357200986 1612.8203007539046 291.93808362885846 1689.8006629228353 358.6571296960106 1.6029 1.897 4.2583 56.2999 10.0181 -6.8292 2.9583443922002948 0
