CAR 0.0 0 2.9353482441986474 1429.8243377605563 323.34629558699845 1705.692369398334 514.9646298790638 1.551 1.9022 4.6956 21.435338224348236 -26.18670905493267 -6.4702 1.6247709188662327 0
CAR 0.0 0 2.9637160035177104 1353.265365746038 213.66550207258365 1516.750299757393 323.13426923965443 1.5 1.8998 4.0998 31.42858551114956 -28.417385580000683 -6.555 1.5770240091038403 0
CAR 0.0 0 2.997246523520769 1791.639046255512 318.0092904536409 2131.5994349388498 491.3766915010759 1.5 2.037 4.3995 21.686699731947815 -33.45130003587622 -6.4402 1.6290845723854452 0
CAR 0.0 0 -1.0426957509041852 345.28089153152354 411.59040516824274 552.3412071305855 524.6332105119022 1.5999 1.899 4.0996 15.751265858963572 31.509914631258546 -7.4486 -1.8104714429084878 0
CAR 0.0 0 -1.0849028346263214 278.1447385781745 375.4381638602311 464.3436162376541 466.17177442562706 1.5 1.899 4.0996 16.88382802442557 37.50629384021948 -7.4503 -1.8104606373881729 0
CAR 0.0 0 2.9243570830870214 1346.6848219471706 239.0212028508798 1529.2216814907204 364.6366920904456 1.5 1.8998 4.0998 28.082221036158508 -26.9640754574539 -6.4052 1.5595760351837658 0
CAR 0.0 0 3.0171026325524926 1607.2812977437532 203.2352675949193 1800.5220844511337 307.877409228694 1.5 1.8998 4.0998 31.967099475972475 -35.428468582520345 -6.4191 1.5944905815285024 0
CAR 0.0 0 -1.3154471519695372 130.02251890551906 409.8113410647749 347.32275450661086 517.7167087254834 1.553 1.899 4.0996 12.83288993309945 36.23864782498311 -7.6325 -1.7933414657269229 0
CAR 0.0 0 -1.259158406834811 183.52748898955863 456.05484041872273 432.9152655106441 595.0754313819958 1.6483 1.8736 4.0995 11.583447406016113 29.815180977868113 -7.5421 -1.7933253174713948 0
CAR 0.0 0 -3.8619200191708734 -465.2721139140205 75.9652243971407 -8.299261328116945 356.71289585515274 4.083 2.9959 5.8323 30.261063675223276 6.09210088616494 -4.9879 -3.053328092048691 0
CAR 0.0 0 -1.415119500256345 54.61676869568766 340.6788548261002 228.64489574603812 415.4044496452669 1.4996 1.899 4.0996 15.144941150469737 48.88987377774792 -7.6 -1.7749669233050611 0
CAR 0.0 0 -1.6771622179081296 1509.485680636958 314.9603411484459 1620.54365321313 388.02066647377575 1.4954 1.9024 4.0993 43.94908958193537 14.229967209823762 -6.0972 -3.0279752999934297 0
CAR 0.0 0 -3.466251801710289 -319.8333881042658 28.145162245122417 146.9767039461643 292.62549931918176 4.1525 3.0019 10.9977 37.04763800351913 6.702227239938389 -4.8941 -3.0565361548780694 0
CAR 0.0 0 2.3704670612355803 365.35036392831717 268.56886752089105 485.31292769824654 319.8911470427066 1.5034 1.9028 4.1032 28.397972584801444 55.25772568898087 -6.8614 1.4034226771099447 0
PEDESTRIAN 0.0 0 2.8519442879730548 610.7528145383883 126.42035667999794 644.7208536432622 195.4501319740099 1.7322 0.6996 0.7164 41.27803556136053 -8.715293356471292 -5.9497 1.5316807742695877 0
CAR 0.0 0 3.0782849311415053 2825.566238129319 246.41452669675272 3463.333253237228 434.6264481132423 1.9996 2.198 5.9958 23.5088 -60.3545 -6.0941 1.6143678534163548 0
