CAR 0.0 0 3.0113884689119654 1340.5752673777079 198.43454192554356 1510.7092091974796 315.0736150490496 1.594 1.8966 4.5394 31.671756810270228 -28.227412313539546 -6.3337 1.6177921667651312 0
CAR 0.0 0 -1.2216330685235564 195.97474644509052 462.8469435582511 449.3591058656967 598.6719290153557 1.5196 1.8976 4.1761 11.65824764083593 29.335984798947027 -7.5683 -1.7714513563579624 0
PEDESTRIAN 0.0 0 1.3425304046243223 626.2502228607493 139.43547601321774 663.4889951835962 209.19303082906922 1.7 0.7848 0.6973 39.8640810501101 -9.341596718685977 -6.0576 0.03527947359358131 0
CAR 0.0 0 -1.6517648113277739 1767.573627660748 261.1822992963248 1904.7434027019553 388.44602238253015 3.4079 2.7742 1.8309 50.3083626332059 7.991135097005694 -5.2988 -3.048531819335291 0
CAR 0.0 0 -1.8623184094927137 47.50168226598074 4.827087112325685 293.38203493612434 152.51126283340676 3.5682 3.0012 10.9976 54.30612466649034 8.389533625562319 -5.2107 -3.0427454332082586 0
CAR 0.0 0 -1.6858677222164786 1767.2811027863393 343.05627996657586 1879.7849319043462 426.67057520874926 1.5064 1.8966 4.1132 44.69329844551538 7.30573067400044 -6.2711 -3.0496920303081225 0
CAR 0.0 0 -0.9982578000666784 357.11824754728997 420.3972111531755 567.8456031835715 533.8554801289424 1.5195 1.8976 4.1014 15.531345581300307 30.520540740322566 -7.441 -1.7714513563579624 0
CAR 0.0 0 2.9945446970348417 1322.571208575411 241.46930131064437 1501.7785378003953 367.55282794253156 1.4987 1.9049 4.0972 28.05091686793818 -26.394905164607916 -6.4483 1.6352454592850747 0
CAR 0.0 0 -1.3184509738045456 101.0140124666743 359.84090550381364 288.5141474928425 444.37941032252445 1.5196 1.8976 4.1284 14.739835038719594 43.73054248374394 -7.532 -1.7714513563579624 0
CAR 0.0 0 2.998568534950123 1504.341308009231 270.2310531400038 1738.2623276252632 415.3748165661671 1.5032 1.8952 4.1044 24.73546485929637 -29.0450880398858 -6.2698 1.6352454592850747 0
CAR 0.0 0 4.803316867197209 1109.2540474851583 -276.4989754938959 1153.2941104728689 -241.17916944638233 1.5038 1.8956 4.1518 -98.47854171822983 7.380884153531618 -8.2426 3.0077970091202064 0
CAR 0.0 0 2.1131305856361977 1051.589177743119 -772.5716400983405 1251.9016237860803 -475.2195011735424 3.4461 3.0048 1.7389 -29.137358809394218 -7.620861615576896 -7.3737 0.0476240649650965 0
CAR 0.0 0 -1.2941403398616202 1139.4793544022973 -347.1780088738878 1204.7914848679882 -292.5350501840669 1.4986 1.895 4.0984 -69.67115215426202 2.9153041640038464 -7.9985 -3.13094975625294 0
CAR 0.0 0 4.831150182732521 1044.124479502889 -238.39480347468512 1072.977138061302 -214.48261889357903 1.504 1.9046 4.0984 -138.13667442826952 9.275107070922772 -9.1842 3.049728308863282 0
CAR 0.0 0 -1.242099490688846 1297.301981344997 -499.2659456720167 1420.5761928389966 -397.9428620323637 1.5044 1.9032 4.0978 -44.86196954516718 2.237880237057544 -8.118 -3.1309524143388496 0
CAR 0.0 0 2.0774416656381383 972.266828442928 -710.605087291576 1223.0520157844433 -378.27907012546797 3.1096 3.3536 10.442 -34.77754810498237 -7.885393523470686 -7.1405 0.05406425722112945 0
CAR 0.0 0 2.0328711829503625 771.5944704198816 -367.8369031748495 819.8172488474504 -300.2114342665821 1.9203 2.1008 4.4984 -72.656 -14.293799999999997 -8.3629 0.0659191910714577 0
CAR 0.0 0 0.015215783000394167 -293.59459111024506 455.0652485018831 113.84381352220772 724.4435433197804 1.5162 1.9006 4.1032 17.369148421893726 -3.0489265281662012 -6.7749 0.14013083983038196 0
