CAR 0.0 0 2.934607619520147 1432.3121282718942 323.2976438797146 1708.7012320897231 514.8519503471886 1.551 1.9022 4.6956 21.436886016229874 -26.235224086356702 -6.4702 1.623546125928737 0
CAR 0.0 0 2.9406142482306388 1352.7599911375098 213.72229956328124 1516.2120100150862 323.2234639006619 1.5 1.8998 4.0998 31.42215171512695 -28.401773020102045 -6.555 1.5540367973984677 0
CAR 0.0 0 2.973614749707501 1789.9944347256715 319.2693959704341 2130.8964010611367 493.48206350429604 1.5 2.037 4.3995 21.607576037874544 -33.36194365953359 -6.4402 1.6063940518724338 0
CAR 0.0 0 -1.0520857868507867 340.6084785834168 412.0761600664223 548.3834820923602 525.4002144281662 1.5999 1.899 4.0996 15.652159138024057 31.53242299538944 -7.4486 -1.814376792617349 0
CAR 0.0 0 -1.0880748190333178 279.50961088550076 375.79826772921894 465.8511865964705 466.69161600120106 1.5 1.899 4.0996 16.884943153079266 37.42886113939312 -7.4503 -1.815035752896246 0
CAR 0.0 0 2.918175603369182 1346.3040870825412 239.3715391505607 1529.0023986174126 365.17847503452924 1.5 1.8998 4.0998 28.04888455173647 -26.942604694631875 -6.4052 1.55373295563943 0
CAR 0.0 0 2.9940007375944253 1608.6147767227048 203.563204147402 1802.263627131448 308.3560938424336 1.5 1.8998 4.0998 31.92692564611233 -35.44215798754682 -6.4191 1.5714874523490754 0
CAR 0.0 0 -1.3354673499296283 131.0905182927697 409.97263610391815 348.4163166420751 517.9523317665087 1.553 1.899 4.0996 12.842701616711478 36.2007513471767 -7.6325 -1.8150357528962455 0
CAR 0.0 0 -1.2492296633037108 180.76270933184009 456.3492003666744 430.6198916595409 595.5563070228402 1.6483 1.8736 4.0995 11.53625459996325 29.827319571434277 -7.5421 -1.7794770025999547 0
CAR 0.0 0 -1.441434491669046 60.82355136901491 341.264793436946 234.85703968054924 416.20479557475295 1.4996 1.899 4.0996 15.23522526537275 48.63824047735238 -7.6 -1.8150357528962455 0
CAR 0.0 0 -1.5805973371644244 1510.2256801972903 314.98840615683844 1621.2700382362407 388.0580036968738 1.4954 1.9024 4.0993 43.959811483741596 14.21100143092723 -6.0972 -2.931490519625712 0
CAR 0.0 0 1.6845936751415944 396.61138133455034 -34.261339399383665 525.9859212148232 80.90701000171411 4.1525 3.0019 10.9977 73.1765246923888 2.7081871116182246 -4.8941 0.15668156196939406 0
CAR 0.0 0 3.018487521844803 2083.6820884156996 267.9905563417122 2598.9508549996212 488.48698677175264 1.9996 2.198 5.9958 22.013908316535083 -40.612118820363385 -6.0941 1.6063940518724342 0
CAR 0.0 0 -1.942578140215093 -277.48699908675957 370.2549304834876 314.29542479858094 821.390119819041 2.008 2.2032 5.9814 14.820671185513014 -6.386897502646618 -5.3721 -2.0424837008894827 0
CAR 0.0 0 -1.6179568472428143 1615.6085390411022 339.77439903385397 1729.9092864520896 420.24822793856197 1.5018 1.9004 4.0996 43.22191819279992 10.91007647832996 -6.4196 -2.9663937196666668 0
CAR 0.0 0 -0.15060298225130908 2510.968715714046 413.54158021378566 3573.241193561184 840.7166066197748 2.3712 2.209 6.002 13.403366714298208 -39.368385331124216 -6.1021 -1.5193807367235077 0
CAR 0.0 0 -0.5432031254791214 1142.1108156970483 572.733134193384 1496.3755410139413 960.7974170608811 1.4988 1.8988 4.4506 12.494905354096451 -18.698166298079805 -6.6137 -1.5853238733513544 0
PEDESTRIAN 0.0 0 2.7842402409867737 616.2029359408107 128.5043103458565 649.8464334549274 195.99231617353007 1.7 0.7049 0.6977 41.3725 -8.848 -6.0007 1.463938363012554 0
CAR 0.0 0 3.005088485083756 1803.96287861915 269.754287332361 2080.587190536592 408.4723048330468 1.496 1.899 4.1016 25.09055340955525 -35.94573564599987 -6.3787 1.6063940518724338 0
CAR 0.0 0 -3.274160371512423 -366.9807839995309 256.63140259544093 -62.66619450807576 409.6123249868035 1.5312 1.8982 4.1041 26.74910665266149 4.322482670014369 -6.3594 -2.714783238267456 0
CAR 0.0 0 -1.6352931780175164 1723.7151280831763 387.0484740496255 1862.7603187642787 495.4647066202192 1.4975 1.9044 4.1025 35.80504568933737 6.711766193465708 -6.2146 -2.966393719666667 0
CAR 0.0 0 2.1277748598695903 1018.2842619283291 -679.4359838926706 1145.540902815457 -517.2640606537312 1.496 1.899 4.1016 -34.32934774940541 -8.003786980762982 -8.3294 0.053095977228740515 0
CAR 0.0 0 2.0460762484987014 952.8669406590668 -468.4364789052811 1026.6415615547257 -381.2214111808811 1.496 1.899 4.1016 -51.51521548366403 -7.832741479033809 -8.355 0.07054068556718555 0
