CAR 0.0 0 3.0142696057913207 1338.182909847154 198.52345039315074 1508.024922032399 315.23500195964294 1.594 1.8966 4.5394 31.66100049449206 -28.160586822748474 -6.3337 1.6210677637018256 0
CAR 0.0 0 -1.2353186175412834 194.5511748459764 463.5502236309283 448.5654404988912 599.7811572418692 1.5196 1.8976 4.1761 11.615022372610666 29.29343306890192 -7.5683 -1.7828567597874547 0
PEDESTRIAN 0.0 0 1.134538559006061 627.1362156139013 138.24357346129653 664.1628906790176 207.67201745732442 1.7 0.7848 0.6973 40.0639988930367 -9.341351038147295 -6.0576 -0.17496862750956493 0
CAR 0.0 0 -1.599861266846858 1759.3269088695765 264.33913788997603 1899.5024102818738 394.83813096743154 3.4079 2.7742 1.8309 48.970236975748534 7.998036836103481 -5.2988 -2.9935192807144797 0
CAR 0.0 0 -1.5965393928626461 1731.725442935038 240.3560105986329 1914.4357882835518 396.373338369756 3.5682 3.0012 10.9976 52.789977507723236 8.524833426398526 -5.2107 -2.9984216935191634 0
CAR 0.0 0 -1.6665124408137733 1763.4093354859938 346.58097109843936 1877.9085219133804 432.0350414523358 1.5064 1.8966 4.1132 43.873244088621426 7.263235873550295 -6.2711 -3.027719941514197 0
CAR 0.0 0 -0.9723563427157528 358.7637590629031 420.2841739837113 569.2777363884909 533.6743531749877 1.5195 1.8976 4.1014 15.562293257791124 30.506090260352472 -7.441 -1.7473622960181396 0
CAR 0.0 0 2.9924172058968157 1315.067004144123 241.55258461490604 1493.1989643964052 367.74791360478065 1.4987 1.9049 4.0972 28.04537889020361 -26.216959418421354 -6.4483 1.6343890336265965 0
CAR 0.0 0 2.995353147224187 1495.2667580222833 271.76298153164316 1728.8105445732829 417.89186034471373 1.5032 1.8952 4.1044 24.61924491798044 -28.793238732722106 -6.2698 1.634389033626596 0
CAR 0.0 0 3.0569808475319626 1967.2514497262341 239.4136930894347 2297.610337227931 380.1583508431593 1.4966 1.9946 4.6048 25.30576959556357 -39.953647355137036 -5.8821 1.6296117114002369 0
CAR 0.0 0 -1.1136907447126094 186.23450070346288 317.57244017366446 340.7189012145618 384.50580264396274 1.4992 1.9014 4.0972 19.28003768788152 49.64832977676811 -7.3685 -1.759421345856444 0
CAR 0.0 0 -1.3098128489021423 98.79185783589124 362.4891474738998 285.41475790767214 446.4758939363703 1.5006 1.8984 4.1012 14.666674499545348 43.761582244942424 -7.5939 -1.755079248103253 0
CAR 0.0 0 -1.277148031149613 146.59429223238607 408.9046386664713 361.3356419304933 513.9645986288735 1.5018 1.9002 4.0982 13.1503 36.1227 -7.6156 -1.7828567597874547 0
CAR 0.0 0 3.09890507762982 2380.90679567783 212.55717629017423 2683.3393091321427 318.6984489376052 1.5038 1.895 4.1 29.8773 -55.3125 -6.2408 1.6321307886544327 0
