CAR 0.0 0 2.9352446158074263 1430.298317116342 323.5995436095998 1706.4764945476313 515.3944428092216 1.551 1.9022 4.6956 21.41950459625869 -26.188915039334972 -6.4702 1.6247709188662327 0
CAR 0.0 0 2.9637457191305274 1352.6461526895337 213.52273456231305 1515.9642348228622 322.9259281265241 1.5 1.8998 4.0998 31.445040862802003 -28.407497132891752 -6.555 1.5770240091038403 0
CAR 0.0 0 2.9971906046380337 1793.5088774995452 318.45573990974634 2134.280277072876 492.096089583654 1.5 2.037 4.3995 21.65715759787484 -33.46836646782415 -6.4402 1.6290845723854452 0
CAR 0.0 0 -1.0428087803176285 345.2326332382333 411.6545651780713 552.339898663163 524.7311303151822 1.5999 1.899 4.0996 15.747027607562284 31.503638909075136 -7.4486 -1.8104714429084878 0
CAR 0.0 0 -1.087180726626741 276.66906480471937 375.8141491395296 463.231296067387 466.7300528923229 1.5 1.899 4.0996 16.83302990345255 37.47860151960006 -7.4503 -1.8104606373881729 0
CAR 0.0 0 2.9244654329382875 1346.6382470084802 238.87681651186563 1529.0781738180242 364.41527545538787 1.5 1.8998 4.0998 28.096041700936656 -26.968165387957043 -6.4052 1.5595760351837658 0
CAR 0.0 0 3.017314579345456 1610.458389699045 203.35923761467623 1804.184715951436 308.035853591801 1.5 1.8998 4.0998 31.951735573542717 -35.506758123889945 -6.4191 1.5944905815285024 0
CAR 0.0 0 -1.3137855508287335 130.9137991335279 409.4106521280917 347.86159155764307 517.11156272937 1.553 1.899 4.0996 12.86468852066308 36.27437778709506 -7.6325 -1.7933414657269229 0
CAR 0.0 0 -1.257168202022842 184.89289159810585 455.8045604552023 433.97540084656947 594.6729128620971 1.6483 1.8736 4.0995 11.610487517736551 29.818818187677202 -7.5421 -1.7933253174713948 0
CAR 0.0 0 -1.6931421547791161 1683.0337630369152 275.7282687631093 1918.2563940578534 512.5240828586304 4.083 2.9959 5.8323 35.65591163557567 6.786352688860331 -4.9879 -3.0539320633466236 0
CAR 0.0 0 -1.4235164538675933 50.923211701511555 340.9438822499121 225.38358628415583 415.7985400994498 1.4996 1.899 4.0996 15.051404699685168 48.91008794275723 -7.6 -1.7749669233050611 0
CAR 0.0 0 -1.6770751818151137 1510.6400420174282 315.0576183518952 1621.7073678748059 388.15869424450256 1.4954 1.9024 4.0993 43.95334523061085 14.19631571958742 -6.0972 -3.0279752999934297 0
CAR 0.0 0 -2.8306355099434715 -177.63580744289712 11.951480988737572 197.567701407168 234.50357361129898 4.1525 3.0019 10.9977 42.43923403144804 7.422821399101759 -4.8941 -3.0565361548780694 0
CAR 0.0 0 2.500835593079862 665.4641502754625 325.63440875900824 806.0509735181723 399.26747670476743 1.5034 1.9028 4.1032 27.361036631052702 34.45660791855482 -6.8614 1.3859742695257147 0
CAR 0.0 0 -1.6629466368060257 1638.0325690650461 318.28336514919226 1743.1634387367749 390.4944256059646 1.5018 1.9004 4.0996 47.30205945124199 11.327453608416986 -6.2447 -3.0279752999934297 0
PEDESTRIAN 0.0 0 2.8527563898043065 614.1240983903451 126.51214525906857 647.9595111403371 195.54760798424243 1.7322 0.6996 0.7164 41.264300076107396 -8.80990007277423 -5.9497 1.5313761413914946 0
