CAR 0.0 0 4.391566907885064 1738.7745644483634 247.6851958075557 1827.5327158063474 315.14958748656653 1.9994999999999994 2.0167 6.000200000000007 69.39592379924495 3.708827115441655 -6.3098 2.9767344146944934 0
CAR 0.0 0 2.727867680207125 1776.7046617668136 302.0451648959997 2175.768834744898 488.3260521411981 1.5023 1.898 4.937 13.7831843788858 -24.80921624105158 -6.5925 1.352655634908364 0
CAR 0.0 0 2.665873963112334 1320.7391598587578 235.19748859824887 1536.1364620727327 363.60036660422577 1.5177 1.898 4.0963 21.922570488254145 -20.027339926091557 -6.7131 1.300287801406882 0
CAR 0.0 0 2.6706236736110935 1407.6521307088644 311.3937633154029 1744.5630104891277 510.2900158231687 1.5541 1.898 4.9169 15.689598322241077 -17.69479512898546 -6.7043 1.3526556349083636 0
CAR 0.0 0 -1.5321645863140585 216.79943633118867 440.63153996262133 441.2739247070179 578.1849399949671 1.6474 1.9008 4.0966 22.2131 38.8926 -8.1942 -2.112005731420875 0
CAR 0.0 0 2.709195882379652 1589.9560940347483 198.55535451374323 1813.7963257467068 301.99279814494173 1.396 1.8974 4.3588 23.212565508771032 -29.5096466384624 -6.6116 1.283434159484851 0
CAR 0.0 0 -1.3292828594552462 357.7405746562316 399.28155676269824 542.004700054314 514.1750227872059 1.6474 1.9008 4.0966 26.4703844319084 39.42318670990454 -8.1431 -2.112005731420875 0
CAR 0.0 0 1.3440734741426315 490.9052096787506 20.158219883754214 535.1858821559465 55.41201585707519 1.5 1.9032 4.098 85.38887951373528 -6.906036322965214 -6.8759 -0.1539043397097295 0
CAR 0.0 0 4.4474232663089985 1667.0247882884944 219.93870062234873 1844.9243244997651 392.22962633687695 4.11 3.0032 11.0896 55.07494445554239 7.356350989175905 -5.5143 3.0458113162218337 0
CAR 0.0 0 0.7656540644554146 247.83757469212293 184.79682371185015 354.03488421824886 288.27138007860435 1.4993 1.8979 4.0993 36.39319610460856 2.2791163727195287 -7.12 -0.14845372406235152 0
