CAR 0.0 0 2.9345802230361304 1432.4832036166426 323.37561769936235 1708.9735521504022 514.9839750644325 1.551 1.9022 4.6956 21.431992881972697 -26.2363722422951 -6.4702 1.6235461259287367 0
CAR 0.0 0 2.9399644332674173 1354.8538290849347 214.89269059241423 1519.281472188444 324.95723658912743 1.5 1.8998 4.0998 31.288280734108532 -28.405293661115607 -6.555 1.5540367973984677 0
CAR 0.0 0 2.973601263598277 1791.0524891727555 319.4925996417285 2132.3846513631884 493.8407276667664 1.5 2.037 4.3995 21.5928126563035 -33.372943282138024 -6.4402 1.6063940518724338 0
CAR 0.0 0 -1.0497230628831136 342.49197803472555 411.72658318413954 549.8757445213755 524.8569667803536 1.5999 1.899 4.0996 15.700384384900742 31.54028673261304 -7.4486 -1.814376792617349 0
CAR 0.0 0 -1.0916991781800989 276.87474125590967 376.0272909020452 463.5659939591356 467.0410342936407 1.5 1.899 4.0996 16.82294967280823 37.443856158636756 -7.4503 -1.815035752896246 0
CAR 0.0 0 2.9184615194418932 1346.5502901371792 239.0611236153269 1529.091939421148 364.6992423009291 1.5 1.8998 4.0998 28.07844599779456 -26.959490202526748 -6.4052 1.55373295563943 0
CAR 0.0 0 2.9940840570591916 1604.1698262238563 202.83124545176273 1796.7267551768996 307.3001509054061 1.5 1.8998 4.0998 32.01679231080698 -35.37134621250736 -6.4191 1.5714874523490754 0
CAR 0.0 0 -1.3334910588015805 132.18816369336957 409.6156110670168 349.1752518064743 517.4113526486582 1.553 1.899 4.0996 12.875842152737047 36.22750982708788 -7.6325 -1.8150357528962455 0
CAR 0.0 0 -1.265927115731516 181.3111761460809 456.33807869949845 431.10841586178464 595.5353160375996 1.6483 1.8736 4.0995 11.543953753065407 29.820572919912077 -7.5421 -1.796926865373165 0
CAR 0.0 0 1.5236560121547869 434.15798617494664 69.87196838854452 643.8633961538877 317.2402831400682 4.083 2.9959 5.8323 32.39824355380005 -8.20980986084233 -4.9879 0.2788701781739468 0
CAR 0.0 0 -1.4376157494512602 62.51603670399401 341.0501471646332 236.2856602869717 415.8919716712139 1.4996 1.899 4.0996 15.284236208739546 48.64841582737242 -7.6 -1.8150357528962455 0
CAR 0.0 0 -1.5805751097185115 1510.4527656233947 315.0003205251685 1621.4948333178868 388.07438588739325 1.4954 1.9024 4.0993 43.962331555184434 14.204930833258278 -6.0972 -2.931490519625712 0
CAR 0.0 0 -0.013208419186299447 42.25958583751779 75.75940209246036 481.79146753277195 456.3113395734838 4.1525 3.0019 10.9977 27.311977055118106 -4.794081070999383 -4.8941 -0.8906253493795634 0
CAR 0.0 0 3.0186320343970134 2089.7105403035234 268.5835429477659 2607.6317431626517 489.56198533773596 1.9996 2.198 5.9958 21.966014690200733 -40.70031030605826 -6.0941 1.6063940518724342 0
CAR 0.0 0 -1.5986345808688935 1755.3026960015811 291.4458269559071 1889.4300294390787 394.04071105532245 2.008 2.2032 5.9814 46.84562275286435 7.793768361054157 -5.3721 -2.985217987574505 0
CAR 0.0 0 3.024737539443879 1818.8105153993572 268.7811843579296 2094.0712458584703 405.46670721396345 1.4978 1.9028 4.0956 25.386569507659097 -36.522011274021736 -6.4348 1.6238473516340513 0
CAR 0.0 0 -1.6174612257829135 1614.1345685424628 338.74671526742145 1727.9529140280968 418.7222846595665 1.5018 1.9004 4.0996 43.402996061954596 10.99695010189521 -6.4196 -2.9663937196666668 0
CAR 0.0 0 -1.6154924695767807 1669.7206603883894 399.3742229957639 1881.8609617039544 603.8169653776378 2.3712 2.209 6.002 29.658241364062018 6.048957989382261 -6.1021 -2.915596356001483 0
PEDESTRIAN 0.0 0 0.5976643100153969 224.0902778402389 -1009.8387922445797 340.3982506763665 -767.6556261686943 1.7156 0.6988 1.0352 -22.37143277132809 -20.428481619547185 -7.6748 -2.232896370207818 0
