CAR 0.0 0 0.23277749618702037 -301.3940019209534 396.15494647573723 329.3882677204724 937.8618212349146 4.019 2.916 2.729 13.0042 -7.0515 -5.5219 0.14218722835271821 0
CAR 0.0 0 -1.2223385956060175 1359.7765872361279 -567.1775003458871 1509.1583008048347 -444.2814253692929 1.5034 1.8968 4.0982 -39.6922 2.2102000000000004 -8.3209 -3.131122989682952 0
WHEELER 0.0 0 1.1536531748833843 1491.416303330517 1052.5994593905768 1802.9163540673815 1430.700564861521 1.7402 0.8236 1.4456 7.0869 -19.2687 -6.8861 0.23144634131526778 0
CAR 0.0 0 -1.659754345588614 1466.909574970176 351.4555652494266 1589.3985381845737 435.62943798420605 1.5064 1.8967 4.1131 39.3028 13.8056 -6.6461 -2.9796581395269364 0
CAR 0.0 0 3.0072306651844762 1363.2935487809912 198.30778761005786 1536.662883549022 314.660141539941 1.594 1.8966 4.5394 31.6868 -28.8312 -6.3337 1.6105393675152717 0
CAR 0.0 0 -1.2891740464568715 1227.8206684300878 -384.2963408402656 1305.8241924999586 -322.16453140450045 1.5034 1.8968 4.0982 -64.36 5.625 -8.5994 -3.131473176424989 0
CAR 0.0 0 -1.1428463427860525 200.97032377939834 462.5771148745968 453.6887479732814 598.2193505959306 1.5196 1.8976 4.1761 11.7338 29.2896 -7.5683 -1.699377694422411 0
CAR 0.0 0 -1.0250586232145495 245.00063914949152 364.6184362391531 427.64134555550555 451.6442332922615 1.5196 1.8976 4.1284 16.9708 39.6849 -7.4472 -1.7168283486647578 0
CAR 0.0 0 -1.6576221458731737 1564.3674248485831 369.35358941257266 1693.195522244902 462.66922080256154 1.5011 1.8966 4.1043 37.8412 10.7524 -6.5801 -2.9796581395269364 0
CAR 0.0 0 1.2125181182939109 253.45000524336186 114.95555202186151 382.8588569986876 208.19738709658733 1.8149 1.9014 4.1022 42.2696 0.0625 -6.1082 0.10471703530426105 0
CAR 0.0 0 -1.9603761220375078 1115.4690647918267 537.6437582045016 1350.2542350944605 726.6491020485263 1.5034 1.8968 4.0982 18.2297 11.7741 -7.0135 -3.0612838082486924 0
CAR 0.0 0 1.5355968408364387 369.6805379654599 43.31061916181218 444.0844929922516 91.27539386136041 1.5064 1.8966 4.1132 66.642 4.0488 -6.2904 0.12710228116912003 0
CAR 0.0 0 1.9286939496357387 997.9412019123455 -410.7243767389069 1082.020233246581 -297.9220010435335 2.6198 2.2122 6.0322 -59.4511 -4.9016 -7.5887 0.03114003599830792 0
CAR 0.0 0 -1.6356815097682087 1667.9972481283892 288.01491175982164 1756.2085344011407 346.19291800396655 1.499 1.9016 4.112 56.9202 12.6231 -6.2283 -3.0239424248893574 0
PEDESTRIAN 0.0 0 1.7327307033519126 627.1590909979075 138.91368809629103 664.2821792954792 208.52418183743066 1.7 0.7848 0.6973 39.9517 -9.3554 -6.0576 0.4242919206872831 0
CAR 0.0 0 -1.8383679699144566 1455.625018658447 487.9970758261856 1649.0665789193772 648.2430219674977 1.5034 1.8968 4.0982 24.2482 8.6148 -6.7568 -3.061283808248693 0
CAR 0.0 0 -1.6428805443478216 1767.705158330918 261.2690243909521 1904.9652182294756 388.61602523309483 3.4079 2.7742 1.8309 50.2803 7.982700000000001 -5.2988 -3.0395974269518478 0
CAR 0.0 0 -1.8079692641423932 74.27242356688383 1.05444386378056 306.54420493394815 142.34529925417115 3.5682 3.0012 10.9976 56.3045 8.527 -5.2107 -3.052921796683383 0
CAR 0.0 0 -1.6855372784504643 1767.417412449338 343.0572045580087 1879.915941323012 426.6711214791851 1.5064 1.8966 4.1132 44.696 7.302800000000001 -6.2711 -3.0493759430220515 0
CAR 0.0 0 -0.961298691835855 356.8968462524669 420.37959171468117 567.631130591568 533.8300158398569 1.5195 1.8976 4.1014 15.5289 30.5259 -7.441 -1.734278993211153 0
CAR 0.0 0 -1.247205579899883 1550.050329071684 -604.76864832862 1741.7835459256441 -466.16718851829836 1.5034 1.8968 4.0982 -36.0322 5.7819 -8.2291 -3.131473176424989 0
