CAR 0.0 0 2.7365547321934054 1327.7184265049073 190.26704908061623 1534.538231887721 312.8355377018724 1.7194 1.8964 4.5202 24.88932961087691 -22.552335828217284 -6.5435 1.338281743454179 0
PEDESTRIAN 0.0 0 2.88739138550753 638.3473790321074 134.10177732962103 672.9899999387583 202.12891826693158 1.7 0.6974 0.7026 39.10134141697153 -6.911657118531954 -6.4242 1.567098590132319 0
CAR 0.0 0 4.3478439320666125 1702.329368122579 257.29299890815435 1835.8164208707235 380.24762875933493 3.487 2.935 2.072 53.338591695451655 6.864664007187606 -5.9211 2.954589946740443 0
CAR 0.0 0 2.7063361562236308 1285.5395765817188 233.21679099873103 1497.2968413090932 361.3255334362997 1.504 1.9011 4.104 22.156430636478333 -19.230934782669213 -6.6643 1.3445949556756323 0
CAR 0.0 0 -1.4587070749851927 228.4092131942615 450.95589688465424 452.5845128410347 584.1347312130856 1.5003 1.9029 4.0972 22.08193949061372 38.44043626449975 -8.2755 -2.04660312373549 0
CAR 0.0 0 -1.2836191739793352 390.22873152433186 413.10882209328076 572.1134642827802 524.6535893540797 1.4969 1.8793 4.0996 26.3776367211527 38.37953180106692 -8.2924 -2.086445960933754 0
CAR 0.0 0 2.720106852789728 1489.7231226482882 238.61697309111767 1767.1256496995527 386.5180464873196 1.498 1.8978 4.2058 17.94266791374224 -21.13379471633006 -6.0071 1.33729912391633 0
PEDESTRIAN 0.0 0 1.3246467584901889 633.705233377515 140.3056527116319 668.9213747384476 209.32771555685156 1.7 0.6974 0.7026 38.50468925520183 -6.675160024895541 -6.4943 0.015570256983676761 0
CAR 0.0 0 1.2879213173417947 1848.356235932536 248.9015826745059 1916.8980682071635 289.3348065787747 1.5054 1.9306 4.096 86.7916948791064 -4.112477661359603 -7.1517 -0.1410786359914363 0
CAR 0.0 0 1.0966505090340837 305.5703270310428 55.43860420682276 414.87691320428416 190.46195739672507 3.5570000000000004 2.5127999999999995 3.866599999999999 49.381659344186396 0.8837909376771349 -6.322 -0.15310454807750865 0
CAR 0.0 0 0.9842950496200654 242.2298690988621 66.09300203459082 393.9865297093472 246.94143317411232 3.5054 2.9277 8.5474 43.6521680851971 1.8226031021680997 -6.2739 -0.1541603103573966 0
CAR 0.0 0 4.322854288498621 1704.153137534534 332.9033323721337 1809.3027247407654 414.3904159048833 1.5032 1.8996 4.0986 47.48498431261611 7.937340144503267 -6.7781 2.961074677280605 0
