CAR 0.0 0 2.7370277560347356 1330.4174282577915 190.11680046596697 1537.417166638782 312.55577618114853 1.7194 1.8964 4.5202 24.887230458580756 -22.633712655290832 -6.5435 1.3382817434541792 0
PEDESTRIAN 0.0 0 2.8831771052240818 642.4218304291951 138.0272227811826 677.1420111995187 206.25095600392123 1.7 0.6968 0.7192 38.948293259427615 -6.992708245839895 -6.5112 1.567098590132319 0
CAR 0.0 0 4.3476546344603015 1701.4703324668062 257.42382593697664 1835.023719255194 380.5165492218036 3.487 2.935 2.072 53.27170715903448 6.899916624867325 -5.9211 2.954589946740443 0
CAR 0.0 0 2.7067098690615534 1285.2170718248133 232.70257724300444 1496.5470556855846 360.5150726156762 1.504 1.9011 4.104 22.203028989584162 -19.25467685099998 -6.6643 1.3445949556756323 0
CAR 0.0 0 -1.4630697557254795 225.24160358811872 451.4579701154681 450.1231225748319 584.9384716953714 1.5003 1.9029 4.0972 22.023027116269514 38.45913827057358 -8.2755 -2.04660312373549 0
CAR 0.0 0 -1.2909022054780208 383.49349643739674 413.73886499498525 566.4983113428495 525.65548262261 1.4969 1.8793 4.0996 26.255234263581272 38.46293949907682 -8.2924 -2.086445960933754 0
CAR 0.0 0 2.720367790841344 1487.8162107303262 237.9351559092374 1764.2764783653606 385.39533026689634 1.498 1.8978 4.2058 18.0032964922287 -21.13978298425879 -6.0071 1.33729912391633 0
PEDESTRIAN 0.0 0 1.323275210570528 632.9653576880303 140.98170107214779 668.2933406749596 210.20266125413633 1.7 0.6974 0.7026 38.393209193808026 -6.636287372171725 -6.4943 0.015570256983676761 0
CAR 0.0 0 1.3007453878454667 1824.786757425374 224.46942211967516 1879.4304759444317 256.447596912698 1.5054 1.9306 4.096 104.90466154073965 -6.38960740115561 -7.1517 -0.1410786359914363 0
CAR 0.0 0 1.2940544657514452 397.30348710611975 9.306824134076269 470.8443098417193 101.16299091426662 3.5570000000000004 2.5127999999999995 3.866599999999999 70.48291225521373 -2.125263270670584 -6.322 -0.15310454807750865 0
CAR 0.0 0 1.2554076770040574 370.90308370055527 14.658069887277215 464.5207986103785 126.89313693724576 3.5054 2.9277 8.5474 64.5207474460205 -1.1828028307960565 -6.2739 -0.1541603103573966 0
CAR 0.0 0 4.322771573635757 1704.0961669417022 333.0203302565359 1809.3003165956513 414.5664112399998 1.5032 1.8996 4.0986 47.458246115117504 7.942223451423059 -6.7781 2.961074677280605 0
CAR 0.0 0 4.3606116398770665 1701.0014281550166 219.62937788272916 1852.7213446488086 365.8102821249342 4.117 3.002 6.0508 57.36103313878278 6.191757517603722 -5.4223 2.951256435673922 0
