CAR 0.0 0 2.723077449467228 1327.6238796136452 189.97294899106916 1534.1803011952716 312.3586235778878 1.7194 1.8964 4.5202 24.92260637782714 -22.574011708306976 -6.5435 1.3245723866681374 0
PEDESTRIAN 0.0 0 3.512119761630053 644.4770797489223 138.9505943924569 679.2952781312683 207.4235297714937 1.7 0.6968 0.7192 38.77290531334504 -7.0203705664086264 -6.5112 2.1967451706389425 0
CAR 0.0 0 4.355931841857954 1672.108734980018 299.032438430388 1843.3335412863928 460.9708661829919 3.487 2.935 2.072 41.14356877287919 9.08022004327393 -5.9211 2.996917376801119 0
CAR 0.0 0 2.668546478782373 1280.5771028409586 232.64579536956813 1491.3259074387838 360.4801210819421 1.504 1.9011 4.104 22.238209690969907 -19.153785506806447 -6.6643 1.3071218474788941 0
CAR 0.0 0 -1.489385131817032 221.67600781974528 452.92043328133406 447.88238761755423 587.2263996568503 1.5003 1.9029 4.0972 21.903111513865984 38.415387596119025 -8.2755 -2.067370310837955 0
CAR 0.0 0 -1.2643612975852245 390.3896347733781 413.08479317752546 572.2428459089805 524.6162662467419 1.4969 1.8793 4.0996 26.381298172024717 38.378250901164 -8.2924 -2.067370310837955 0
CAR 0.0 0 2.6897934943947046 1485.89125627535 238.1500494281253 1762.3141176509978 385.78431561861 1.498 1.8978 4.2058 17.999208829632817 -21.086382294768022 -6.0071 1.307121847478894 0
PEDESTRIAN 0.0 0 1.3396222313350792 632.6746712116135 141.24516747793834 668.0462982831476 210.54365660164714 1.7 0.6974 0.7026 38.34995295231461 -6.621136785345403 -6.4943 0.032453203031635944 0
CAR 0.0 0 -1.8194618006397982 1682.9750812267346 443.92169717168446 1845.5661737849052 589.7077407905261 1.5032 1.8996 4.0986 30.92161759746496 10.354952833045003 -6.7781 -3.1063321689637093 0
CAR 0.0 0 4.376675485541195 1670.3872888535125 247.51452044581495 1861.6141052179812 440.88175768745026 4.117 3.002 6.0508 44.86746736332777 8.544754343383117 -5.4223 2.9955396327680366 0
CAR 0.0 0 2.7555226322164654 1847.8972934070596 217.87004825719166 2160.1352049050965 354.17271743872243 1.4956 1.9016 4.1016 16.207189564224404 -29.042900262028088 -5.6954 1.3251790763842168 0
CAR 0.0 0 2.043914403735034 1138.0192068281829 373.0840498808093 1302.0319465452883 565.9544047480131 2.6032 2.3432 5.4312 29.92456952027817 20.829845258245353 -6.8554 0.8351182609550962 0
CAR 0.0 0 4.370237877790162 1710.7150392824446 285.9075184399564 1793.778282928616 346.2485013484715 1.5026 1.8998 4.0992 59.84627190339536 6.222243289129443 -6.6842 2.977527194182836 0
CAR 0.0 0 2.7417288503053685 1678.2569441133346 220.6600080790789 1942.955093754819 344.53625296820246 1.5038 1.901 4.3724 19.78835588849373 -28.73285365083874 -6.4874 1.3245778884278983 0
CAR 0.0 0 4.38467244807936 1725.9584778069218 265.704433464435 1800.8616798282299 317.7901759440535 1.5026 1.8998 4.0992 67.4513 4.6752 -6.6114 2.977527194182836 0
