CAR 0.0 0 4.3912329182029595 1743.8733832857008 248.88242114610213 1834.0174544980325 317.0278787439359 1.9994999999999994 2.0167 6.000200000000007 68.93943068318018 3.563934668397923 -6.3098 2.9767344146944934 0
PEDESTRIAN 0.0 0 2.7320951076706885 1049.5129061028008 89.33754062684503 1082.8121612389534 147.00193119597128 1.7 0.6968 0.9282 42.250547519631034 -21.556173802443197 -5.9482 1.2714411734161015 0
CAR 0.0 0 2.7279308675485217 1775.7909350932714 301.7786959706094 2174.355199394304 487.8629324102264 1.5023 1.898 4.937 13.802520757297193 -24.809193485656223 -6.5925 1.352655634908364 0
CAR 0.0 0 2.665947037145249 1320.4676779691647 235.05562115804236 1535.7246738143351 363.37918380779047 1.5177 1.898 4.0963 21.936479421765167 -20.030075654074356 -6.7131 1.300287801406882 0
CAR 0.0 0 2.6704697904998644 1406.1012177076054 311.2400870221503 1742.5612631244505 510.0365062139045 1.5541 1.898 4.9169 15.706790255488055 -17.673554935850678 -6.7043 1.3526556349083643 0
CAR 0.0 0 -1.5321645863140585 216.79943633118867 440.63153996262133 441.2739247070179 578.1849399949671 1.6474 1.9008 4.0966 22.2131 38.8926 -8.1942 -2.112005731420875 0
CAR 0.0 0 2.7092116958372383 1590.1893516455038 198.57909900244437 1814.0741597316382 302.0268241404048 1.396 1.8974 4.3588 23.208365836150747 -29.51336871366417 -6.6116 1.2834449796003649 0
CAR 0.0 0 -1.3294352229588644 357.32123423415084 399.005860079702 541.4791550750837 513.7618392182159 1.6474 1.9008 4.0966 26.489147494616184 39.45542141267021 -8.1431 -2.112005731420875 0
CAR 0.0 0 1.2486257005731096 462.890835480814 59.332878946675876 521.1642141398368 108.9882198111053 1.5 1.9032 4.098 63.72243464865122 -4.147947419148655 -6.8759 -0.1539043397097295 0
CAR 0.0 0 4.447308177562131 1663.4439578723902 219.62056303522036 1839.8080222027477 391.4329398672998 4.11 3.0032 11.0896 55.136271660313284 7.479083322479216 -5.5143 3.0458113162218337 0
