CAR 0.0 0 3.003499190838437 1338.1394973089384 198.80896430576507 1508.1632354257051 315.68072456182733 1.594 1.8966 4.5394 31.62637198834789 -28.146663415917697 -6.3337 1.6105393675152717 0
CAR 0.0 0 -1.1604583850981716 200.86460913571318 462.61196345936025 453.6175402557738 598.2745014584002 1.5196 1.8976 4.1761 11.731177886300484 29.287987374273957 -7.5683 -1.7168309998735665 0
PEDESTRIAN 0.0 0 1.7341160626004153 630.0608676674143 138.7401293441998 667.0318769093518 208.28676177854342 1.7 0.7848 0.6973 39.98262485139157 -9.429482612054754 -6.0576 0.4242919206872831 0
CAR 0.0 0 -1.6428811737245577 1767.154195931465 261.1957617149969 1904.3286641249008 388.479077284285 3.4079 2.7742 1.8309 50.292291637052074 8.000429728094645 -5.2988 -3.0395974269518478 0
CAR 0.0 0 -1.8086913233169226 73.84941268730772 1.0771926261963112 306.2664521742223 142.41231391367114 3.5682 3.0012 10.9976 56.29062582584677 8.5336437441181 -5.2107 -3.052921796683383 0
CAR 0.0 0 -1.685669982296503 1765.8864850092793 343.00069799954616 1878.4206132353888 426.5952206647066 1.5064 1.8966 4.1132 44.6754820326369 7.337361017130666 -6.2711 -3.0493759430220515 0
CAR 0.0 0 -0.925483687497328 357.8412105810275 420.50017428700727 568.5760737151496 534.0076012773584 1.5195 1.8976 4.1014 15.536953587438417 30.498321429380596 -7.441 -1.699329916822116 0
CAR 0.0 0 2.945698037830758 1315.9402540530502 242.28112265734416 1494.6428072856081 368.85855302490586 1.4987 1.9049 4.0972 27.97630786758728 -26.21303455151825 -6.4483 1.5881233509515706 0
CAR 0.0 0 -1.3440494276407466 69.4662315482965 357.8624343421666 257.8019304916752 441.68215532122326 1.5196 1.8976 4.1284 14.25641842894139 44.6916381167347 -7.532 -1.7342843053404915 0
CAR 0.0 0 2.9724586210217003 1501.816014854132 267.0371509103058 1732.9322169943898 410.3450914557648 1.5032 1.8952 4.1044 24.99042525435799 -29.11527303116199 -6.2698 1.6071949858009207 0
CAR 0.0 0 -1.705495687171376 1524.423306776106 396.2043974298989 1691.3312516329745 527.5453137485993 1.6286 1.9033 4.096 29.15958440048244 9.122243129685176 -5.8659 -2.998848718283731 0
CAR 0.0 0 2.20298245740485 1132.7927814669467 -983.2945842160323 1361.3425456708312 -678.2035704143722 1.7 2.0361 3.853 -24.108142727711332 -7.538465068409977 -8.2722 0.04689157397375113 0
CAR 0.0 0 4.993584587604699 1175.8483079035198 -391.8310276661794 1256.780787942175 -323.91686928429925 1.499 1.9016 4.112 -59.28239663550899 2.0676738024616346 -7.9597 3.1371435214583197 0
CAR 0.0 0 -1.28056293167411 1305.5816413484285 -429.5727499415954 1407.4752924475945 -351.3217876870311 1.5038 1.8956 4.1518 -53.79853071345202 5.577228939213016 -8.2426 -3.131038877818941 0
CAR 0.0 0 -1.6711778081459518 1515.0584491961636 318.990259721998 1623.7855790048982 391.1152017610155 1.5026 1.902 4.1038 44.92158392359044 14.335246224181464 -6.3397 -3.0203957641892134 0
CAR 0.0 0 1.885061632760337 910.8615011813345 -333.22678364002763 973.3848556661379 -244.20841184911933 3.4461 3.0048 1.7389 -77.93308564722334 -6.972844856172593 -7.3737 0.01727821534683585 0
CAR 0.0 0 -1.2671345879588822 124.83661627775771 413.97093206195717 344.0692329700332 521.503243032425 1.5196 1.8976 4.1284 12.7037 36.1922 -7.6972 -1.7342843053404915 0
CAR 0.0 0 -1.2188968537930716 1598.9076867664774 -715.554927392068 1846.5009659846824 -530.3074260503014 1.4986 1.895 4.0984 -29.6751 3.5728999999999997 -7.9985 -3.13518142364265 0
