CAR 0.0 0 2.9345098656719246 1432.9308142050945 323.5779016052671 1709.684777463405 515.3264752306333 1.551 1.9022 4.6956 21.419304767842686 -26.239421106605448 -6.4702 1.6235461259287367 0
CAR 0.0 0 2.9399490883064834 1354.6450371147612 214.876104291546 1519.0350659622356 324.93416227891294 1.5 1.8998 4.0998 31.29019857864327 -28.400603558857796 -6.555 1.5540367973984677 0
CAR 0.0 0 2.9735173029291513 1790.2971938329317 319.4894821234365 2131.4787294674566 493.843667458641 1.5 2.037 4.3995 21.593458277673612 -33.35809899715073 -6.4402 1.6063940518724338 0
CAR 0.0 0 -1.0525409066121474 340.2058780223332 412.09752833932475 548.0287872612172 525.4351303155854 1.5999 1.899 4.0996 15.644740682456046 31.536610520222983 -7.4486 -1.814376792617349 0
CAR 0.0 0 -1.0915444518269484 277.06267331552243 376.11715992434046 463.8008343648566 467.17162982540196 1.5 1.899 4.0996 16.820514399261096 37.427369544697555 -7.4503 -1.815035752896246 0
CAR 0.0 0 2.9180996343846206 1343.8896248768397 239.00423336258666 1525.9984736536103 364.63579420348293 1.5 1.8998 4.0998 28.08467809047123 -26.899168376022473 -6.4052 1.55373295563943 0
CAR 0.0 0 2.9940402723092037 1604.1997624086762 202.8994880512501 1796.8107483151855 307.40181438072534 1.5 1.8998 4.0998 32.00841975636824 -35.36743465078208 -6.4191 1.5714874523490754 0
CAR 0.0 0 -1.3335371101026219 132.15968883476435 409.6144083074585 349.1482570814066 517.4097113309502 1.553 1.899 4.0996 12.875443856753906 36.2281315424724 -7.6325 -1.8150357528962455 0
CAR 0.0 0 -1.246054502120207 183.05301909738432 456.23575869212385 432.6128802914442 595.3631928713006 1.6483 1.8736 4.0995 11.570762503166634 29.80529081335472 -7.5421 -1.7794770025999547 0
CAR 0.0 0 -1.437751294281119 62.45951046242026 341.08692165213813 236.25890474817163 415.9444090938917 1.4996 1.899 4.0996 15.280661218402265 48.641851451672814 -7.6 -1.8150357528962455 0
CAR 0.0 0 -1.5806270416574204 1510.3427627415197 315.052670047599 1621.419179809303 388.15312876701284 1.4954 1.9024 4.0993 43.94756549068497 14.20345027347759 -6.0972 -2.931490519625712 0
CAR 0.0 0 1.4227161410253149 317.5525299036408 30.91966743437126 570.973250657072 281.0833712733169 4.1525 3.0019 10.9977 37.719307574231784 -5.1886279471731065 -4.8941 0.1566815619693941 0
CAR 0.0 0 3.0183308118850802 2082.7856472106473 268.1456993263381 2598.1142832732176 488.809462355077 1.9996 2.198 5.9958 22.002429393010175 -40.581529441755364 -6.0941 1.6063940518724342 0
CAR 0.0 0 -1.616744943866908 1734.1307055131367 314.6142151132354 1888.647912916392 437.0523413085104 2.008 2.2032 5.9814 40.49386616193353 7.161923141480629 -5.3721 -2.985217987574505 0
CAR 0.0 0 3.0008659693300235 1626.2163393784379 274.29648350835134 1875.8749795091596 415.88752954510363 1.4978 1.9028 4.0956 25.027948627808886 -31.915217542521642 -6.4348 1.6238473516340513 0
CAR 0.0 0 -1.6173689829064988 1615.6832974937856 338.9046759936596 1729.5213828698274 418.9487764558527 1.5018 1.9004 4.0996 43.403931650945665 10.954775220368083 -6.4196 -2.9663937196666668 0
CAR 0.0 0 -3.1099687658133277 -707.9014916495993 305.81582625003665 -85.72036927071007 649.6829456165426 2.3712 2.209 6.002 19.84565976957211 1.603078725201643 -6.1021 -2.444063542536061 0
CAR 0.0 0 3.0265522980991717 2025.1418781464229 265.1115147112676 2330.717299179362 399.05100175433483 1.496 1.899 4.1016 25.39290282272184 -41.358885371729805 -6.3829 1.6063940518724338 0
CAR 0.0 0 -1.6455523635249891 1681.9337502500262 454.84668885125063 1852.5850855490824 600.5715757762664 1.4988 1.8988 4.4506 29.231945284182398 6.054971001164622 -6.6137 -2.9286738750911434 0
