CAR 0.0 0 2.7366944908620305 1327.8882249254564 190.12521321908952 1534.6056620730747 312.60268991612537 1.7194 1.8964 4.5202 24.903872747779065 -22.56829455338 -6.5435 1.338281743454179 0
PEDESTRIAN 0.0 0 3.705713588749582 647.6044179575779 138.17288207057598 682.2551520176262 206.40010683403264 1.7 0.6968 0.7192 38.88897732516451 -7.128521274418561 -6.5112 2.387953982670056 0
CAR 0.0 0 4.347698558487052 1701.0375316141008 257.3007516503755 1834.4438061776525 380.29391620760515 3.487 2.935 2.072 53.30569552818674 6.9095783299131845 -5.9211 2.954589946740443 0
CAR 0.0 0 4.355198335467744 1696.614734570958 232.19350926838723 1851.0378337411914 371.45587348620677 3.8402 3.1746 6.0448 57.35074832332842 6.2258208114284175 -5.7444 2.951256435673922 0
CAR 0.0 0 2.706553530438268 1286.1397589164433 233.0687496892764 1497.8544431870453 361.08395692713503 1.504 1.9011 4.104 22.165313325259845 -19.253328582014504 -6.6643 1.3445949556756323 0
CAR 0.0 0 4.318723810504123 1702.731998337734 339.8371362719644 1807.7384161527928 421.9681538953182 1.5032 1.9025 4.0984 47.433331299886966 7.942661125994464 -6.9854 2.961074677280605 0
CAR 0.0 0 -1.4549147401977933 231.2677001687406 450.6880767840971 454.9152398855626 583.6947807805134 1.5003 1.9029 4.0972 22.123989276572964 38.41008419025893 -8.2755 -2.04660312373549 0
CAR 0.0 0 -1.297065019428217 386.22798841390926 413.5079350539572 568.790998644405 525.2857643176577 1.4969 1.8793 4.0996 26.302843301225398 38.427143598395546 -8.2924 -2.0955501179884926 0
PEDESTRIAN 0.0 0 1.3230830432571559 632.9392136234839 141.09942848780068 668.282975708093 210.34379435461605 1.7 0.6975 0.7026 38.37904392664414 -6.633187664126038 -6.4952 0.015570256983676763 0
CAR 0.0 0 2.720354640298594 1486.4477761563019 237.72031204931935 1762.5101298580732 385.052383146869 1.498 1.8978 4.2058 18.027027566071155 -21.126000457852992 -6.0071 1.3372991239163303 0
CAR 0.0 0 1.878610562410047 -247736.1879898539 -20230.323544534218 50788.53150105868 109985.53250957442 1.6029 1.897 4.2584 2.212604000044839 19.904009675161696 -6.9413 2.953394181760341 0
CAR 0.0 0 3.833575711523203 818.5742379680315 677.3512379748751 1095.9354551363635 995.948841386522 1.4996 1.9038 4.0952 14.861113862749384 20.977556461503696 -7.4733 2.97200645132414 0
