CAR 0.0 0 2.7366941561739324 1328.2043199331497 190.1748063484738 1535.0005566074437 312.6791674219597 1.7194 1.8964 4.5202 24.89617772685831 -22.5723174307624 -6.5435 1.3382817434541792 0
PEDESTRIAN 0.0 0 2.8855107772771986 648.9118887465114 138.06243525610984 683.5237877278873 206.2483995382974 1.7 0.6968 0.7192 38.89991553272329 -7.167328467067472 -6.5112 1.567098590132319 0
CAR 0.0 0 4.347733281956467 1701.0943168794622 257.26199600875606 1834.4674623075077 380.21909017166297 3.487 2.935 2.072 53.32091035361678 6.905960767466638 -5.9211 2.954589946740443 0
CAR 0.0 0 2.707066671592326 1289.6700302364893 233.12276830905674 1501.8354869166378 361.1276707097352 1.504 1.9011 4.104 22.13762571282396 -19.329379996132317 -6.6643 1.3445949556756323 0
CAR 0.0 0 -1.4577556290600473 229.1873688025883 450.99864644459456 453.28681328136173 584.192974163879 1.5003 1.9029 4.0972 22.086358631636895 38.423813687616075 -8.2755 -2.04660312373549 0
CAR 0.0 0 -1.288632922000422 385.84071916603307 413.79068507258626 568.6003685779109 525.711378032614 1.4969 1.8793 4.0996 26.275882722174735 38.41223678993935 -8.2924 -2.086445960933754 0
CAR 0.0 0 2.720174877058921 1489.679686333098 238.51640302011555 1766.9746127646217 386.3490837843271 1.498 1.8978 4.2058 17.95017931312366 -21.13952240781643 -6.0071 1.33729912391633 0
PEDESTRIAN 0.0 0 1.324709025049109 634.1753474215852 140.37971122417235 669.3937885741626 209.41949648020073 1.7 0.6974 0.7026 38.48889427506263 -6.685580790265474 -6.4943 0.015570256983676761 0
CAR 0.0 0 1.2965886592069213 1831.8385083936103 231.75860761230564 1890.537826646776 266.1934993274625 1.5054 1.9306 4.096 98.75013235069447 -5.616682825290313 -7.1517 -0.1413752958255169 0
CAR 0.0 0 1.248054641490911 374.12430137612034 21.23528443523892 455.6530008740048 124.00072144590324 3.5570000000000004 2.5127999999999995 3.866599999999999 63.496118807753916 -1.095772602836036 -6.322 -0.15310454807750865 0
CAR 0.0 0 1.1969995755680896 341.99215093232675 27.84784723835343 449.1687776558436 156.38983326140388 3.5054 2.9277 8.5474 57.56702078262668 -0.25658236598582107 -6.2739 -0.1541603103573966 0
CAR 0.0 0 4.322832489387924 1704.1331622845396 332.93320727960025 1809.2960643258746 414.4354147989198 1.5032 1.8996 4.0986 47.47805591161989 7.938756158047738 -6.7781 2.961074677280605 0
CAR 0.0 0 4.360585470908287 1700.4188859902297 219.58899883170704 1851.997494479221 365.7308508477273 4.117 3.002 6.0508 57.3651750060053 6.21176226789528 -5.4223 2.951256435673922 0
