CAR 0.0 0 2.99421572046111 1340.8651130047015 198.14176276829653 1510.8482158310264 314.6143693526276 1.594 1.8966 4.5394 31.707360864961235 -28.24824254840587 -6.3337 1.600338874245188 0
CAR 0.0 0 -1.2219886716148833 195.70713261539103 462.8521667192546 449.1207073415277 598.6817347032497 1.5196 1.8976 4.1761 11.65452591514831 29.339289709576104 -7.5683 -1.7714513563579621 0
PEDESTRIAN 0.0 0 1.3438957444500363 628.3125008542245 139.0781198928316 665.409000263089 208.7266836801018 1.7 0.7848 0.6973 39.92497892380704 -9.389466741603771 -6.0576 0.03527947359358132 0
CAR 0.0 0 -1.6517418952791658 1767.9942119222626 261.20730546890354 1905.1981274480943 388.48924068378204 3.4079 2.7742 1.8309 50.310457342660406 7.979475887204362 -5.2988 -3.048531819335291 0
CAR 0.0 0 -1.8618771200957278 47.943953169454055 4.882885534111701 293.81601306625055 152.64293060131652 3.5682 3.0012 10.9976 54.28167051002656 8.3645435627165 -5.2107 -3.0427454332082586 0
CAR 0.0 0 -1.6859141253294716 1767.7138731363154 343.207392169065 1880.2777195000665 426.89646376021835 1.5064 1.8966 4.1132 44.670319682992236 7.291164283325613 -6.2711 -3.0496920303081225 0
CAR 0.0 0 -0.9628251865090169 357.5323327969093 420.28122941555085 568.1478958643762 533.6770193739912 1.5195 1.8976 4.1014 15.543712034209072 30.526015862535402 -7.441 -1.736558058116082 0
CAR 0.0 0 2.994343020602039 1322.518784717259 241.70740239127815 1501.8627016677592 367.9187291399521 1.4987 1.9049 4.0972 28.02839693460264 -26.385615588050676 -6.4483 1.6352454592850747 0
CAR 0.0 0 -1.318965469867823 100.73410574071539 359.772814631008 288.2057276565776 444.28233237561625 1.5196 1.8976 4.1284 14.738556105062758 43.7479851045292 -7.532 -1.7714513563579624 0
CAR 0.0 0 2.9980971893692723 1505.9146903695087 271.1939193825844 1740.8204356761098 416.88543956688267 1.5032 1.8952 4.1044 24.65911255146599 -29.041469739133635 -6.2698 1.6352454592850747 0
CAR 0.0 0 4.826064683110114 1073.6825414156124 -245.7591424638949 1108.5561270953444 -217.82469251649619 1.4952 1.9028 4.1046 -118.37945973744394 8.566020095553007 -8.1952 3.0460925428424637 0
CAR 0.0 0 1.6139000599138005 392.0399494339193 -15.572391246061901 503.25607938972075 59.96091191498963 3.1098 3.3536 10.442 87.2176105238539 6.9097712422141875 -6.0304 0.08868136636738409 0
CAR 0.0 0 4.754406801331001 1045.545699498132 -232.3575397282732 1072.3825514346727 -210.28889007973558 1.5044 1.9032 4.0978 -148.40593254105775 11.056242766092328 -9.4954 2.977674094340651 0
CAR 0.0 0 1.9617492967990668 1050.905147267392 -485.5961311903012 1139.8581152537379 -391.60295371790187 1.4968 1.8978 4.1026 -48.39317436652721 -4.907485059480921 -8.2622 0.01085818351204231 0
CAR 0.0 0 0.13765074491896545 981.1267438938727 842.7815806975697 1500.8015024761082 1636.6795364608965 1.9202 2.1008 4.4984 7.796671841885167 -16.333399314714676 -6.8328 -0.6324070752973909 0
CAR 0.0 0 1.742185904796672 455.62907206765396 -43.72699252630604 494.93297839427305 -18.941388252483204 1.5162 1.9006 4.103 119.0642 12.2916 -4.8514 0.10522774726853645 0
