CAR 0.0 0 2.716141561053726 1774.9008491377526 301.9324314775658 2173.5097806246727 488.1520919891067 1.5023 1.898 4.937 13.799878879496633 -24.781906666445153 -6.5925 1.3410568121408173 0
CAR 0.0 0 2.670018807349236 1309.7404680596892 235.23370538966455 1523.8943852461914 363.7878115957879 1.5177 1.898 4.0963 21.99170486354376 -19.776901137735397 -6.7131 1.306144914168319 0
CAR 0.0 0 2.659109918378543 1405.7113707756466 310.83038980464846 1741.6725633640706 509.30146080241855 1.5541 1.898 4.9169 15.731328633380535 -17.684784207179163 -6.7043 1.3410568121408173 0
CAR 0.0 0 -1.4778257808292876 218.04506390216875 440.1176127311219 442.0472404082401 577.3712807738111 1.6474 1.9008 4.0966 22.256634916949125 38.909678716227866 -8.1942 -2.059644171057918 0
CAR 0.0 0 2.7142936402784192 1588.1859221543223 198.5486334859381 1811.8468486592633 302.0018196382239 1.396 1.8974 4.3588 23.22637009386377 -29.462818852300995 -6.6116 1.288688973276139 0
CAR 0.0 0 -1.2780512032390892 371.7334539134071 397.49589646079136 553.3696685884745 511.3375592156787 1.6474 1.9008 4.0966 26.774408732010198 39.296617196754745 -8.1431 -2.077097463577861 0
CAR 0.0 0 4.396584430558741 1615.0239258096908 278.2040643535279 1904.6927201853432 601.9066805137521 4.11 3.0032 11.0896 33.96787207473857 10.694673626482524 -5.5143 3.0630626442206514 0
CAR 0.0 0 4.339948608519424 1691.5503374691466 294.22210420026676 1807.5931434528916 394.4678755438598 1.9994999999999994 2.0167 6.000200000000007 50.301191452108135 7.857416432000155 -6.3098 2.9624863797598247 0
CAR 0.0 0 1.7392053664808595 118.77693240800336 200.2099466711483 215.73244617672194 241.03896875038083 1.7 1.8454 4.0952 53.59449678671881 83.90505537707938 -7.2475 1.0882981071991429 0
CAR 0.0 0 -3.744964214056979 -611.6864019524553 133.56488588137952 -92.08034933420299 484.94101491956553 3.9074 3.0032 5.6574 27.23224771788824 10.521540807173295 -5.6171 -2.9175748876422958 0
PEDESTRIAN 0.0 0 2.7718581029686993 624.1257061714242 131.88317792560258 660.0552378466549 200.58353906406467 1.7 0.6996 0.9374 39.6975330154505 -6.623435049153539 -6.4566 1.4538021921240931 0
CAR 0.0 0 4.38641092083645 1724.5762804837525 227.5441044692852 1811.4003220396362 297.5134734013521 2.3536 2.2034 4.7012 70.63257421270416 4.214278368388326 -5.6925 2.9624863797598247 0
CAR 0.0 0 4.332345964802316 1721.3531131430282 275.9413646149358 1805.640220174151 335.3926497715783 1.497 1.9045 4.1242 60.17602935573632 5.868212651721411 -6.3153 2.9327921430770307 0
