CAR 0.0 0 3.0038811947155293 1342.290144849693 199.02117633131977 1513.0631984605623 315.97227900894137 1.594 1.8966 4.5394 31.60058439996954 -28.245993231064737 -6.3337 1.6105393675152717 0
CAR 0.0 0 -1.1781720505365136 200.60244864054968 462.48076856916094 453.28842305359905 598.0709119336703 1.5196 1.8976 4.1761 11.732306015897855 29.303374673046577 -7.5683 -1.7342789932111524 0
CAR 0.0 0 2.153798145067547 1624.2450724583719 -1877.4139054337877 2585.1217172165734 -799.8760454965374 2.6198 2.2122 6.0322 -14.680734405331707 -3.5741889237337707 -7.5887 0.03114003599830792 0
PEDESTRIAN 0.0 0 1.7342583060104437 631.0879985662624 138.89475269131054 668.0364996393522 208.47751650539763 1.7 0.7848 0.6973 39.95741950029441 -9.459972950766659 -6.0576 0.4242919206872831 0
CAR 0.0 0 -1.6428561964035269 1768.017275901423 261.27747957003874 1905.292486377324 388.6280639324736 3.4079 2.7742 1.8309 50.285530932152064 7.974665440454266 -5.2988 -3.0395974269518478 0
CAR 0.0 0 -1.8091700725523039 73.8403175571952 1.1545821726021195 306.40040545732927 142.60728163154442 3.5682 3.0012 10.9976 56.251147639106996 8.515441052564546 -5.2107 -3.052921796683383 0
CAR 0.0 0 -1.685601186354803 1767.5751731617524 343.1879879645219 1880.1348401128737 426.8679758247352 1.5064 1.8966 4.1132 44.67150226753299 7.2947998428264675 -6.2711 -3.0493759430220515 0
CAR 0.0 0 -0.9422275962057943 358.3867637064888 420.3448594062959 568.9726953127653 533.7686563173944 1.5195 1.8976 4.1014 15.553378234300517 30.505783267789333 -7.441 -1.7167858775405018 0
CAR 0.0 0 2.946816735886013 1313.0809779460565 240.34662941920348 1490.189674785248 365.91549901083573 1.4987 1.9049 4.0972 28.160519352167423 -26.210844966821927 -6.4483 1.5881233509515706 0
CAR 0.0 0 1.7126515692133861 438.895884588479 2.7377395649656453 514.2432737969434 33.632724072948086 1.2972 3.2042 7.6122 102.34717348088364 8.823199234671328 -7.0427 0.17915388867624044 0
WHEELER 0.0 0 1.8340435966142041 613.0782301321584 106.55424041292676 646.3860268676493 165.8801890810607 1.7402 0.8236 1.4456 51.22504622898627 -7.518607871240461 -6.8021 0.47570316638641924 0
CAR 0.0 0 4.932648085974829 1087.100145159084 -264.03931725116774 1126.2670055092642 -232.30739903746047 1.498 1.8954 4.1042 -107.28731271379033 7.533890534880227 -8.3635 3.141428118190829 0
CAR 0.0 0 -1.37959017052871 66.6582826207465 339.7780448634192 242.17943488465914 415.733389669327 1.5196 1.8976 4.1284 15.312059397027127 48.28364993515532 -7.532 -1.769190916258553 0
CAR 0.0 0 3.0063171743224517 1797.8286572575473 267.19356434737165 2076.929751329781 407.729156339843 1.5032 1.8952 4.1044 24.850736229298672 -35.59600552424172 -6.2698 1.6071949858009207 0
CAR 0.0 0 -1.7410453965655557 1510.7745323796214 423.0515807974864 1680.897175458853 554.7333825505718 1.4994 1.9016 4.0998 28.210069818979136 9.038577376235967 -6.2208 -3.0168523042503694 0
CAR 0.0 0 -1.2654363165343456 1170.4001287223984 -347.30893104341465 1236.3149651953593 -293.7844546478833 1.5034 1.8968 4.0982 -71.28874735288395 4.799521092135969 -8.2669 -3.0962025008686545 0
CAR 0.0 0 4.9759686834722014 1181.2204461292317 -397.83231168590663 1262.5171108425484 -329.2440286995197 1.5034 1.8968 4.0982 -59.27965792576829 2.2669709598484244 -8.1409 3.1164930921855083 0
CAR 0.0 0 5.01256809330347 1321.3428040654571 -501.3347709131035 1450.7353719155258 -397.3520236712992 1.5012 1.8966 4.1044 -43.59644347926874 2.583977345553147 -7.9189 3.129098419081561 0
CAR 0.0 0 1.9621879316008235 916.227014863774 -370.2773955626094 970.0106345456918 -307.54498073761613 1.7 2.0361 3.853 -68.8306 -7.7768 -8.2722 0.04689157397375113 0
CAR 0.0 0 4.974571883969275 1399.3680416423206 -489.4038978259726 1527.8075119764628 -393.3887344210371 1.5064 1.8966 4.1132 -46.72920779085472 6.229968157011815 -8.4218 3.1115694772907663 0
CAR 0.0 0 -1.5854067169556914 1711.498872065201 253.32212145452604 1785.9891194656168 303.20726800901485 1.6286 1.9033 4.096 68.69153239113065 13.555916100679184 -5.8659 -2.998848718283731 0
