CAR 0.0 0 2.7242743047946885 1775.6187150447545 301.44383796501626 2173.722848543508 487.26599515074645 1.5023 1.898 4.937 13.820984603749736 -24.82799116166963 -6.5925 1.3488135988365395 0
CAR 0.0 0 2.656689726578008 1320.5928327268587 235.06384953457444 1535.8705874606712 363.39071768368126 1.5177 1.898 4.0963 21.934953019905876 -20.03238917094116 -6.7131 1.2910181249559243 0
CAR 0.0 0 2.6561308025563175 1407.0142538536713 311.8058986930378 1744.2342768095086 511.04618490765773 1.5541 1.898 4.9169 15.670851790665518 -17.664863634742982 -6.7043 1.3385813619489222 0
CAR 0.0 0 -1.474643725001609 208.50427585751268 441.26763629622616 434.4486811782938 579.2619664598366 1.6474 1.9008 4.0966 22.097983939656846 38.98918668531701 -8.1942 -2.043220920331697 0
CAR 0.0 0 2.7212300771393845 1590.4231080204577 198.46254253275882 1814.2239233939854 301.8447145936852 1.396 1.8974 4.3588 23.218775975339856 -29.532145259507566 -6.6116 1.2953621165572875 0
CAR 0.0 0 -1.3033688469375202 350.5811331427348 399.6766215129227 535.9040926201382 514.8430776514875 1.6474 1.9008 4.0966 26.35989422146361 39.53200386802825 -8.1431 -2.078132818304195 0
CAR 0.0 0 1.2884569028647634 388.8595454701551 23.844997086727588 539.7725283864849 228.72898114363895 4.11 3.0032 11.0896 43.91062613095765 -1.9687906356171858 -5.5143 -0.03317677652702169 0
CAR 0.0 0 4.372474121856031 1670.4320540172985 313.35965002563563 1821.288971417431 453.2071640925187 2.3536 2.2034 4.7012 39.448599487995054 9.677190836008332 -5.6925 3.0162887562482816 0
CAR 0.0 0 2.785772949350541 2087.7933373355154 249.78106237591433 2631.177301517213 465.09124960751717 1.9972 2.1978 5.9954 12.280251805752942 -32.60891889122962 -6.1821 1.3630240930533906 0
CAR 0.0 0 2.746254579180065 1576.9470966627005 258.32822824620183 1852.7639779238718 402.1576520195438 1.4974 1.8977 4.0982 17.724124044803393 -23.34387866351152 -6.4838 1.3642834977290486 0
CAR 0.0 0 4.315668504275916 1697.0221586991217 318.97274463787517 1796.2812952183997 395.41624185691575 1.5036 1.8952 4.097 49.578638609228165 7.926772247075078 -6.6445 2.946070430889118 0
CAR 0.0 0 -2.7324675180205973 -485.7546177427751 375.6330544799527 36.1549955221015 826.5860599216372 2.5368 2.1676 5.7104 17.59344476539145 6.356314738840323 -6.6447 -2.4253925499636795 0
CAR 0.0 0 4.3561474618607425 1715.5322509923249 285.6722742267883 1800.9065459864903 347.50509490286953 1.5128 1.9018 4.1024 58.84046378688249 6.2005115036967995 -6.5594 2.9631082532858892 0
CAR 0.0 0 4.302908973069863 1480.1292184025244 321.0009400628782 1552.1670800156476 394.3948947953464 1.5022 1.9049 4.1038 48.728214388007935 14.664868220608987 -7.16 2.9631096288826786 0
PEDESTRIAN 0.0 0 2.6784280620819283 624.1876712200348 130.8822863120635 660.7346898808258 200.7485716272507 1.7526 0.7308 0.855 39.86775407325753 -6.662053018791019 -6.4758 1.3596365322624513 0
CAR 0.0 0 4.295869184963388 1635.6866008304978 480.1516651117837 1796.586187071662 646.7665154991198 1.4954 1.7998 4.3147 28.301024448840312 11.492727274578284 -7.0466 3.041131280997928 0
CAR 0.0 0 2.778669311750501 1921.79173159385 250.87569210169875 2235.474633336249 387.2920442181552 1.4878 1.9007 4.104 15.752669117390475 -31.12534542201547 -6.404 1.3590267776864633 0
CAR 0.0 0 2.68721116855322 1324.4400991327564 202.48913106576475 1516.3346020868848 312.1925207871885 1.4974 1.8976 4.0982 24.883971592177943 -22.297114332110166 -6.6735 1.2944598052176606 0
CAR 0.0 0 -1.334232648417796 293.55943585316066 367.80353505890645 461.14087869267746 458.87709709860235 1.5016 1.8992 4.1002 29.5011 44.8619 -8.3248 -2.078132818304195 0
