CAR 0.0 0 2.715978610797773 1776.384725165225 302.4644300208871 2175.9335032052873 489.0822586992937 1.5023 1.898 4.937 13.76336449912532 -24.775440746709698 -6.5925 1.3410568121408173 0
CAR 0.0 0 2.670478334256997 1311.5909550482534 235.0184332875953 1525.794495631738 363.4253702575298 1.5177 1.898 4.0963 21.99798583230632 -19.83193522245703 -6.7131 1.306144914168319 0
CAR 0.0 0 2.6592819787921727 1405.627395443183 310.5810563257456 1741.3138775031055 508.8518462696672 1.5541 1.898 4.9169 15.745412568486536 -17.69441169585412 -6.7043 1.3410568121408173 0
CAR 0.0 0 -1.4775876097680944 218.2776132657263 440.2062055344253 442.30276928218296 577.5069234997493 1.6474 1.9008 4.0966 22.25320703266979 38.898908592667325 -8.1942 -2.059644171057918 0
CAR 0.0 0 2.6968427937339774 1588.170595537473 198.53918753541186 1811.8213729548838 301.98743550779494 1.396 1.8974 4.3588 23.227467659614945 -29.463417546726856 -6.6116 1.271233042085786 0
CAR 0.0 0 -1.2792098671431575 370.5839510224388 397.4830346861844 552.3462272590668 511.3293160267645 1.6474 1.9008 4.0966 26.762978304634956 39.32089770198838 -8.1431 -2.077097463577861 0
CAR 0.0 0 4.323250363774651 1618.9888866748915 266.0289744242865 1880.9122373952946 553.887688797094 4.11 3.0032 11.0896 36.95357556233278 10.387348496411176 -5.5143 2.975795188275357 0
CAR 0.0 0 4.347854701398951 1705.974679398996 285.39068629705787 1817.7724504402327 378.90162417790617 1.9994999999999994 2.0167 6.000200000000007 53.254826326595285 7.048087869098849 -6.3098 2.9624863797598247 0
CAR 0.0 0 1.966943314640131 230.24881560533208 219.25664637545177 332.65845694037984 266.3392592737129 1.7 1.8454 4.0952 49.801080347509505 71.15940862104668 -7.2475 1.1057513997190864 0
CAR 0.0 0 -1.7594790569785341 1625.6313587339203 322.757820318437 1899.9079294361168 616.1746315484944 3.9074 3.0032 5.6574 30.41305460559454 10.90934479045081 -5.6171 -3.0746462835823976 0
PEDESTRIAN 0.0 0 2.7729029708312 625.4443344929897 131.55190389078174 661.3057334058576 200.1422554891832 1.7 0.6996 0.9374 39.75008450442484 -6.669354803598602 -6.4566 1.4538021921240931 0
CAR 0.0 0 4.390907119775039 1732.3057499323388 222.14043295161304 1815.4280480290317 288.19264054207525 2.3536 2.2034 4.7012 74.36532152752862 3.37864660439237 -5.6925 2.9624863797598247 0
CAR 0.0 0 4.337324810810742 1722.731335453382 268.4640392778866 1803.036902819688 324.48083139551545 1.497 1.9045 4.1242 63.11257944761766 5.431720818433313 -6.3153 2.9327921430770307 0
CAR 0.0 0 -1.3351592233495277 286.4058284493367 362.3543130961011 454.7803711152811 452.83152064359797 1.4982 1.8994 4.098 29.4392 45.0252 -8.1687 -2.077097463577861 0
