CAR 0.0 0 2.935174011407977 1430.35962358153 323.70892976383516 1706.639493934066 515.5817969016914 1.551 1.9022 4.6956 21.412754543785724 -26.187148309105982 -6.4702 1.6247709188662327 0
CAR 0.0 0 2.9637499259535858 1353.9063430225235 213.73248518369044 1517.5158929256772 323.22908477597423 1.5 1.8998 4.0998 31.42081904084315 -28.431134361708605 -6.555 1.5770240091038403 0
CAR 0.0 0 2.9971428804559603 1789.5191217455097 317.78197791147437 2128.840140552367 491.02299358055865 1.5 2.037 4.3995 21.70245336761221 -33.4193295961093 -6.4402 1.6290845723854452 0
CAR 0.0 0 -1.0431288573996702 344.78698924804365 411.49057091671676 551.8216172982891 524.4842251719692 1.5999 1.899 4.0996 15.748983615255723 31.52894624322849 -7.4486 -1.8104714429084878 0
CAR 0.0 0 -1.0902486248035856 274.40011184541225 375.93987258313433 461.2152026232787 466.92626313105615 1.5 1.899 4.0996 16.784298556643833 37.50186605562104 -7.4503 -1.8104606373881729 0
CAR 0.0 0 2.924228452166015 1347.3149430754872 239.30254477762728 1530.1213462075962 365.0633338064494 1.5 1.8998 4.0998 28.055163019013875 -26.968749681549372 -6.4052 1.5595760351837658 0
CAR 0.0 0 3.0171782540062773 1608.5632244348715 203.29997261286377 1802.0107703274114 307.96327473040014 1.5 1.8998 4.0998 31.95910305596267 -35.459039894012285 -6.4191 1.5944905815285024 0
CAR 0.0 0 -1.3152056220560389 130.02000816500495 409.3105045696063 346.97063193471854 516.9666176421903 1.553 1.899 4.0996 12.854930925705498 36.3017812871865 -7.6325 -1.7933414657269229 0
CAR 0.0 0 -1.258593235623355 183.91411566916972 455.98145718466856 433.21367001109024 594.9574897922521 1.6483 1.8736 4.0995 11.591188130221813 29.81644170401928 -7.5421 -1.7933253174713948 0
CAR 0.0 0 -3.8431058652912453 -634.5796929720726 101.37207719371345 -73.77396134603818 429.47993444611603 4.083 2.9959 5.8323 26.4990602614641 5.387400496105117 -4.9879 -2.93182099990087 0
CAR 0.0 0 -1.4242034042815215 50.620436742608675 340.94979269745625 225.10502926012919 415.8084188318793 1.4996 1.899 4.0996 15.044766445260127 48.91508428053754 -7.6 -1.7749669233050611 0
CAR 0.0 0 -1.6769795296344234 1511.8063992748105 315.14482355771236 1622.8768109587206 388.28163678779754 1.4954 1.9024 4.0993 43.960222261289616 14.163183218851222 -6.0972 -3.0279752999934297 0
CAR 0.0 0 -3.729800777248429 -457.08572179820015 42.51553460266359 102.54575538101066 347.43009122966424 4.1525 3.0019 10.9977 33.21688729037006 6.193446201688717 -4.8941 -3.039084602718273 0
PEDESTRIAN 0.0 0 2.842463011272719 590.8820629761702 127.72953267162706 625.5063308461185 196.45994588691303 1.7322 0.6996 0.7164 41.48128557309234 -8.13229310879137 -6.0167 1.5316807742695877 0
CAR 0.0 0 3.063681767874701 2564.5404264534363 253.56746194705266 3164.272072127114 452.4434160603839 1.9996 2.198 5.9958 22.980341699957545 -52.94745005172881 -6.0941 1.6143678534163548 0
CAR 0.0 0 -1.6769582377504055 1769.8313063155758 285.8559446268526 1896.9694268019853 392.546075792046 2.3712 2.209 6.002 50.6608 7.9416 -5.7232 -3.066462083310483 0
