CAR 0.0 0 2.7161032646457035 1775.203771241612 302.0492477314024 2174.015021286231 488.35665249177555 1.5023 1.898 4.937 13.79199038588677 -24.780044298581863 -6.5925 1.3410568121408173 0
CAR 0.0 0 2.6529579896293862 1310.4177050018511 234.87532847463024 1524.3764055998129 363.21289999368855 1.5177 1.898 4.0963 22.017952289646246 -19.814306655306858 -6.7131 1.2886889732761384 0
CAR 0.0 0 2.659320038896868 1405.8592353666945 310.58386457289555 1741.592033809982 508.85325311351215 1.5541 1.898 4.9169 15.743936924221362 -17.69849444178829 -6.7043 1.3410568121408173 0
CAR 0.0 0 -1.4782138807338936 217.75485805393268 440.13490824675455 441.8053416208328 577.4012090124318 1.6474 1.9008 4.0966 22.25289887840864 38.91344667663936 -8.1942 -2.059644171057918 0
CAR 0.0 0 2.7143587044562607 1587.4281748698265 198.3530243957878 1810.835925638413 301.7087905607995 1.396 1.8974 4.3588 23.252374178317314 -29.463390385566424 -6.6116 1.2886889732761395 0
CAR 0.0 0 -1.2805815791941444 369.25240575184876 397.49281634703203 551.1745174842588 511.35707180276546 1.6474 1.9008 4.0966 26.747619889289723 39.34688171169076 -8.1431 -2.077097463577861 0
CAR 0.0 0 4.313496828775978 1626.1400934467526 260.0347022977542 1877.0630293395152 530.8597462702886 4.11 3.0032 11.0896 38.696681909977436 10.071618411512935 -5.5143 2.9584653632143767 0
CAR 0.0 0 4.35206511356052 1703.5483629107819 278.98337305454305 1810.4032694328034 367.9503938094087 1.9994999999999994 2.0167 6.000200000000007 55.2937418069405 6.8811282983925866 -6.3098 2.9624863797598247 0
CAR 0.0 0 2.0546269529553074 306.00096518484514 232.53856302147 411.62077647547744 284.19594908374006 1.7 1.8454 4.0952 47.531118077007285 63.851071486750385 -7.2475 1.1057513997190862 0
CAR 0.0 0 4.303516847896802 1600.4003343166398 310.197637777854 1847.776060912448 582.0911784982877 3.9074 3.0032 5.6574 32.0524301054971 11.324747079742469 -5.6171 2.9815949733346754 0
PEDESTRIAN 0.0 0 2.770658898769992 621.5526563897763 132.01476417523497 657.5355677068331 200.77448763951955 1.7 0.6996 0.9374 39.689929184409785 -6.549085037880332 -6.4566 1.4538021921240931 0
CAR 0.0 0 4.393292214658363 1734.663529344317 219.03886552449282 1815.4915366900398 282.90807673672396 2.3536 2.2034 4.7012 76.59951287888778 2.9655501864572344 -5.6925 2.9624863797598247 0
CAR 0.0 0 2.673085311237317 1284.3602644284194 206.28241162713945 1472.9971487681444 317.208165178958 1.4974 1.9028 4.1016 25.0541 -21.2274 -6.7407 1.2886889732761388 0
CAR 0.0 0 4.343538772373285 1730.5174296657472 260.0103157544787 1806.8139777910958 312.17204115845266 1.497 1.9045 4.1242 66.9657 4.6153 -6.3153 2.9327921430770307 0
CAR 0.0 0 -1.3351592233495277 286.4058284493367 362.3543130961011 454.7803711152811 452.83152064359797 1.4982 1.8994 4.098 29.4392 45.0252 -8.1687 -2.077097463577861 0
