CAR 0.0 0 1.69368072706738 413.7018101529013 -20.204229038357035 496.2732159004505 70.98288037617112 4.019 2.916 2.729 77.89781289928443 4.415789993343412 -5.5219 0.1770991263252167 0
CAR 0.0 0 3.003599591435023 1339.3069425384429 198.87746401558408 1509.547185983824 315.7764714751786 1.594 1.8966 4.5394 31.6180492982528 -28.174215084278263 -6.3337 1.6105393675152717 0
CAR 0.0 0 -1.1581657801474363 202.48004915313487 462.32087848347146 454.8750075321478 597.8094123735999 1.5196 1.8976 4.1761 11.76280661350364 29.291125886635328 -7.5683 -1.7168203829013897 0
CAR 0.0 0 1.6444014707855814 434.3184124876637 -4.603063506187794 486.085308061044 33.93266601494251 1.8149 1.9014 4.1022 92.50238574938989 7.593604848120506 -6.1082 0.10470072598036383 0
CAR 0.0 0 2.066674790366741 1270.1597005595859 -926.4993903211994 1593.22802797183 -531.7417729516967 2.6198 2.2122 6.0322 -25.47482913848532 -4.215662119200367 -7.5887 0.031140035998307912 0
CAR 0.0 0 -1.9879897881021538 1175.530215678768 651.0577531835502 1513.409011509756 976.0253481488419 1.499 1.9016 4.112 12.719588729629162 7.436904859773151 -6.2283 -3.022723708213006 0
PEDESTRIAN 0.0 0 1.733933816078548 630.4723239625926 138.9516039777392 667.4559792571356 208.5533615302771 1.7 0.7848 0.6973 39.94751386223569 -9.444638578645945 -6.0576 0.4242919206872831 0
CAR 0.0 0 -1.642831714356674 1768.7482213358498 261.34207377203114 1906.1041224813785 388.7450970664345 3.4079 2.7742 1.8309 50.28148755836331 7.953143617603668 -5.2988 -3.0395974269518478 0
CAR 0.0 0 -1.8072019701936062 75.04701990546147 1.104154882232734 307.21899343381193 142.45248897569834 3.5682 3.0012 10.9976 56.28331575499013 8.49303294831594 -5.2107 -3.052921796683383 0
CAR 0.0 0 -1.6856345633130976 1766.8836729473976 343.1197052215406 1879.437254794754 426.76900342239395 1.5064 1.8966 4.1132 44.67134105757445 7.311920943276824 -6.2711 -3.0493759430220515 0
CAR 0.0 0 -0.9113483398200902 355.00220985531126 420.8361093622442 566.1990794419231 534.5341453659101 1.5195 1.8976 4.1014 15.476302358295987 30.508584656971223 -7.441 -1.681927027270495 0
CAR 0.0 0 4.859196987887264 1084.1600007537652 -268.4161150811802 1124.7737948941613 -235.16706384211585 1.5034 1.8968 4.0982 -103.28517271011863 6.569060911976314 -8.2291 3.0644465064279367 0
CAR 0.0 0 2.946443796239799 1314.424215947721 241.06772177640724 1492.1677151710908 367.0096060527438 1.4987 1.9049 4.0972 28.091528040521744 -26.218142375372874 -6.4483 1.5881233509515706 0
CAR 0.0 0 -1.2463655999542556 125.20663704596443 411.97153873190524 345.748943702202 519.9855145627328 1.5196 1.8976 4.1284 12.652547675493462 35.9715499381883 -7.6049 -1.7168309998735665 0
CAR 0.0 0 1.601220889182456 398.744436972448 45.11085569531742 505.9432542382983 92.39288972817452 1.2972 3.2042 7.6122 73.35610424965826 3.657289306261383 -7.0427 0.17915388867624044 0
WHEELER 0.0 0 1.7684245278496917 791.3291476726429 190.28956862028951 826.0932787068872 272.77485641152583 1.7402 0.8236 1.4456 36.286511473681635 -13.837459409306597 -6.8021 0.47570316638641924 0
CAR 0.0 0 -1.7110459508148639 1547.2301765700104 393.7239261453612 1697.0254542203977 506.0361672005696 1.4986 1.895 4.0984 32.307721097219215 9.570303485811879 -6.2699 -3.0130775779322945 0
CAR 0.0 0 -1.791355204441242 1247.068471878252 430.2295521847049 1433.8971803846118 566.2697986065067 1.5038 1.8954 4.152 24.389809646790894 12.804107294938238 -6.3408 -3.0089030420877094 0
CAR 0.0 0 4.971730194882799 1178.3988800443412 -348.797724419532 1244.6695294341619 -295.43466819059125 1.498 1.8954 4.1042 -71.49518487853027 5.240998063827505 -8.3635 3.141428118190829 0
CAR 0.0 0 -1.4301954938727668 35.426739691335804 308.78508241052356 190.5862970741198 372.18357227506294 1.5196 1.8976 4.1284 16.898383046100985 56.442132415824425 -7.532 -1.7517376108074119 0
CAR 0.0 0 3.053324126694357 2346.2567638937157 253.39262282399892 2691.6631042541626 380.9423224822261 1.5032 1.8952 4.1044 25.801046747833013 -49.62421163798385 -6.2698 1.6071949858009207 0
CAR 0.0 0 -1.2336110011540884 1277.954931059437 -497.0944600491476 1394.7368894571373 -399.4233044341671 1.496 1.899 4.103 -46.49165890130197 2.1101372360249426 -8.3985 -3.1273049186527997 0
CAR 0.0 0 -1.6386288015165698 1661.0591236162365 302.1833437745466 1757.1020795480079 366.867276008775 1.4994 1.9016 4.0998 52.078872653584924 11.757349173668645 -6.2208 -3.0168523042503694 0
CAR 0.0 0 -1.2225016264631747 1536.145775413056 -572.6602053875758 1713.267191419391 -446.24741959039955 1.5034 1.8968 4.0982 -38.296356142628845 6.569610587295244 -8.2669 -3.0962025008686545 0
