CAR 0.0 0 2.9354721381558617 1431.2194206548702 323.5171045608742 1707.538914102784 515.2419528418266 1.551 1.9022 4.6956 21.424032536048948 -26.208593601130886 -6.4702 1.624770918866233 0
CAR 0.0 0 2.9644093352242535 1351.1163106642143 212.4341975906656 1513.5850613460027 321.31130790950914 1.5 1.8998 4.0998 31.57053019693093 -28.415123060189455 -6.555 1.5770240091038403 0
CAR 0.0 0 2.997261333395876 1791.9351814173224 318.04045791460203 2131.98433890036 491.42513338241685 1.5 2.037 4.3995 21.684537580428607 -33.45579027280533 -6.4402 1.6290845723854452 0
CAR 0.0 0 -1.044470655118432 343.8805119697363 411.87792268536657 551.2499164420074 525.0790697988756 1.5999 1.899 4.0996 15.713833027152498 31.50106027252387 -7.4486 -1.8104714429084878 0
CAR 0.0 0 -1.0845562981319063 278.68553501804985 375.79385895936326 465.08502072517786 466.68956683237053 1.5 1.899 4.0996 16.870464032464557 37.444604217559544 -7.4503 -1.8104606373881729 0
CAR 0.0 0 2.9240835141527213 1347.457273577214 239.51113025407227 1530.4150772410644 365.38262330394724 1.5 1.8998 4.0998 28.035228225439003 -26.96460624779704 -6.4052 1.5595760351837658 0
CAR 0.0 0 3.017391785347316 1609.2390359695758 203.0788250966032 1802.606543304081 307.6272612726774 1.5 1.8998 4.0998 31.986137413975037 -35.49293440455824 -6.4191 1.5944905815285024 0
CAR 0.0 0 -1.3154483486512414 129.89223094969304 409.3766759474348 346.89947599573253 517.0664251008875 1.553 1.899 4.0996 12.849982457779275 36.29554587683274 -7.6325 -1.7933414657269229 0
CAR 0.0 0 -1.2588285903149297 183.70052418148774 455.884520542613 432.95231039131914 594.8063012778618 1.6483 1.8736 4.0995 11.59174863574051 29.82838196107568 -7.5421 -1.7933253174713948 0
CAR 0.0 0 -1.1426558056093894 -145.45832056360922 148.86559899500955 341.80786267460076 550.1292841161165 4.083 2.9959 5.8323 21.594759151148807 -4.174709007621932 -4.9879 -1.515378177564177 0
CAR 0.0 0 -1.419677258203964 52.69658742785604 341.7744425428252 227.62960650882613 416.96809517259163 1.4996 1.899 4.0996 15.034612966093057 48.69866970484143 -7.6 -1.7749669233050611 0
CAR 0.0 0 -1.6768512892063137 1513.5420708832419 315.29416590121235 1624.6282119828252 388.49379788853696 1.4954 1.9024 4.0993 43.96588699676673 14.11244534337995 -6.0972 -3.0279752999934297 0
CAR 0.0 0 -2.8053596757745813 -618.6487334370746 89.95921582460663 156.27724893294294 539.5896932150921 4.1525 3.0019 10.9977 24.67634864224197 1.2760745277683938 -4.8941 -2.253744259713303 0
PEDESTRIAN 0.0 0 2.8527454066878635 611.8078715796737 126.31123631331062 645.5495406274454 194.96136013285945 1.7322 0.6996 0.7164 41.49858370674397 -8.712699967026072 -5.9789 1.5316807742695877 0
CAR 0.0 0 3.0343498201676353 2163.09472055933 264.4910004388218 2691.7554391997414 480.2530987339225 1.9996 2.198 5.9958 22.25112553776234 -42.61696709757785 -6.0941 1.6143678534163548 0
CAR 0.0 0 -1.6176123867164818 1781.224107300673 259.9038314948622 1888.5753853712733 337.9992470458015 2.008 2.2032 5.9814 58.85682741484226 9.049246022293623 -5.3721 -3.0279752999934297 0
