CAR 0.0 0 3.014572273332305 1340.7036015959673 198.56651730332547 1510.9434754009162 315.27820153065704 1.594 1.8966 4.5394 31.65572661000042 -28.224837271021173 -6.3337 1.6210677637018256 0
CAR 0.0 0 -1.2354118667040268 194.44177809238514 463.4610184993717 448.40384245147766 599.6421993001567 1.5196 1.8976 4.1761 11.616667451312628 29.30289970010985 -7.5683 -1.782856759787455 0
PEDESTRIAN 0.0 0 1.1345889518252492 626.9963276329418 138.1790220910143 664.0197223886123 207.59071951606458 1.7 0.7848 0.6973 40.07475736277902 -9.33630646819432 -6.0576 -0.17496862750956493 0
CAR 0.0 0 -3.613410066599424 -442.4157126849085 164.33840033709274 -103.23974166455848 396.48370476858855 3.4079 2.7742 1.8309 25.9345764190493 4.349703022614711 -5.2988 -2.853596100725706 0
CAR 0.0 0 -3.6093778458783503 -575.2342365839806 88.31580143202545 68.87585403086968 412.8789966328157 3.5682 3.0012 10.9976 29.746783134383307 5.404789636140019 -5.2107 -2.8584985135303898 0
CAR 0.0 0 -2.090813862316209 -139.2742289625807 385.59242922876047 211.1599269698607 623.7734650040326 1.5064 1.8966 4.1132 18.700319605878672 -3.9794266627516475 -6.2711 -2.1901358350369264 0
CAR 0.0 0 -0.9718494131785345 359.17719063483634 420.20044097680955 569.6008779547359 533.5448610228825 1.5195 1.8976 4.1014 15.57297581132741 30.508214884120406 -7.441 -1.7473622960181396 0
CAR 0.0 0 2.9923469839936074 1315.6830201833152 241.76036141264623 1494.0327439027135 368.0613178274802 1.4987 1.9049 4.0972 28.02553525845989 -26.224393135647432 -6.4483 1.6343890336265965 0
CAR 0.0 0 2.9960268931137146 1493.2417164240123 270.4327455548157 1725.4568713534404 415.8026190475842 1.5032 1.8952 4.1044 24.72439356970877 -28.800536596347808 -6.2698 1.634389033626596 0
CAR 0.0 0 3.0459180434975286 1845.0596917862395 241.71017126453003 2157.382761396999 385.25939951706397 1.4966 1.9946 4.6048 25.136667927016575 -36.971431400382244 -5.8821 1.629611711400237 0
CAR 0.0 0 2.6173633035247272 663.0092304968913 285.1621122705591 864.6607813911712 401.92913863636386 2.5328 2.5828 5.9969 27.82568896833074 33.497683141820296 -6.1644 1.464982259987608 0
CAR 0.0 0 2.052502713253789 965.3187451833135 -552.1137687983089 1055.8652007360581 -432.46655292754565 1.8452 2.0012 2.6602 -42.151740219404886 -8.415189463329035 -8.1752 0.02922435761566963 0
CAR 0.0 0 -1.276751997800905 147.67487690481758 410.22443510242607 362.2523074228796 515.3918675397967 1.5018 1.9002 4.0982 13.16313267847126 36.11017844162184 -7.6497 -1.7828567597874547 0
CAR 0.0 0 2.1181722066743154 1316.3987123412762 509.4406282473508 1528.6384488402148 683.040552287984 1.498 1.9016 4.1004 21.415813963648564 9.89660890256428 -6.8214 0.9408569527600386 0
CAR 0.0 0 3.031569415784133 1583.7656029065338 233.4850140593109 1796.7121460096018 354.213175945548 1.5038 1.895 4.1 28.556909355208845 -32.90525422611839 -6.4074 1.6321307886544327 0
