CAR 0.0 0 1.7387952901540458 433.9165341749365 -33.98290478989701 503.3012506912119 43.46074162297962 4.019 2.916 2.729 91.85140710435398 6.83591991607245 -5.5219 0.1770991263252167 0
CAR 0.0 0 3.0038056021824113 1339.1313437510255 198.59968166667772 1509.162636104416 315.34487078267205 1.594 1.8966 4.5394 31.651730365417144 -28.182066263214416 -6.3337 1.6105393675152717 0
CAR 0.0 0 -1.1609504233177412 200.502326872564 462.6474575553995 453.3146924320962 598.332230027166 1.5196 1.8976 4.1761 11.725136312536875 29.289935982058335 -7.5683 -1.7168283486647578 0
CAR 0.0 0 2.1044916242043925 1404.9060648151933 -1228.0364699790507 1911.166698665032 -633.8168367562322 2.6198 2.2122 6.0322 -20.06609362359625 -3.888599700931712 -7.5887 0.03114003599830792 0
PEDESTRIAN 0.0 0 1.7348665326722408 631.8072350905078 138.68448551175243 668.6938813948227 208.20595236229184 1.7 0.7848 0.6973 39.993085370377415 -9.475089386106074 -6.0576 0.4242919206872831 0
CAR 0.0 0 -1.6429439963914418 1767.6356250180042 261.3470563933642 1904.9729401701957 388.77184278458674 3.4079 2.7742 1.8309 50.250082069012784 7.979644489560575 -5.2988 -3.0395974269518478 0
CAR 0.0 0 -1.8108159488871673 73.1180357348647 1.2610713724410703 306.04948496471343 142.89203467019533 3.5682 3.0012 10.9976 56.19310910368298 8.510651100504928 -5.2107 -3.052921796683383 0
CAR 0.0 0 -1.6856223752964488 1767.5674727849675 343.2207629274479 1880.1444646706846 426.91760751295413 1.5064 1.8966 4.1132 44.66436379962164 7.293799895065619 -6.2711 -3.0493759430220515 0
CAR 0.0 0 -0.9429567475214472 357.8343165890215 420.51070743030283 568.576748670872 534.0236326058812 1.5195 1.8976 4.1014 15.536297965774382 30.497336354394786 -7.441 -1.7167858775405023 0
CAR 0.0 0 2.9457983922987188 1316.4087846580126 242.2507940261828 1495.1635377588234 368.80777528421174 1.4987 1.9049 4.0972 27.97901772555421 -26.224951338632373 -6.4483 1.5881233509515706 0
CAR 0.0 0 -1.2492479229707176 137.61859696782074 423.2741708428348 365.07022690436304 536.9267864496888 1.5196 1.8976 4.1284 12.369255895933874 34.42020647375823 -7.6049 -1.7342843053404915 0
CAR 0.0 0 1.6651731875071012 422.22014786339844 21.39656720483758 511.22228983408644 59.14585418691305 1.2972 3.2042 7.6122 87.32028134343334 6.106920758314736 -7.0427 0.17915388867624044 0
WHEELER 0.0 0 1.797077125979353 682.7140578723146 144.06716494144175 717.7002407806818 213.70606080641008 1.7402 0.8236 1.4456 43.35676438316428 -10.55901783661679 -6.8021 0.47570316638641924 0
CAR 0.0 0 -1.8211198174219247 1392.5086424230724 510.425556013483 1619.588244955298 702.6470193492737 1.4986 1.895 4.0984 20.33510903687743 8.218516508948198 -6.2699 -3.0130775779322945 0
CAR 0.0 0 -2.1587518239496575 715.0881592254477 650.2724312949941 1098.8199148686695 973.8184486972167 1.5038 1.8954 4.152 9.73773580681175 11.171562203907909 -6.3408 -3.0082957155006493 0
CAR 0.0 0 4.952027530755488 1117.2141308203607 -299.73665279817715 1166.751818918985 -259.3128651516689 1.498 1.8954 4.1042 -88.56238600237342 5.809027527517695 -8.3635 3.141428118190829 0
CAR 0.0 0 -1.3986794191354233 49.018821332509475 324.1639013493856 214.44767373221262 393.6802793226705 1.5196 1.8976 4.1284 16.018641365377746 52.16570928899317 -7.532 -1.7517376108074119 0
CAR 0.0 0 3.031071003656244 2055.665723035239 261.51021833435817 2368.7145301814185 396.33237886650096 1.5032 1.8952 4.1044 25.211127943813405 -41.87094370664073 -6.2698 1.6071949858009207 0
CAR 0.0 0 -1.244950816863311 1151.1361697486764 -393.38067292735764 1226.6023834727275 -328.03201398537806 1.496 1.899 4.103 -61.94965165328821 1.6260525779718027 -8.3985 -3.1098516261328566 0
CAR 0.0 0 -1.6719856254359564 1612.0483033555927 343.72327906710245 1732.524380246228 429.0548087034396 1.4994 1.9016 4.0998 40.97868134078245 10.461223811194612 -6.2208 -3.0168523042503694 0
CAR 0.0 0 -1.2444204853332865 1305.2852597984568 -431.43761970303996 1406.9610249855243 -353.04766990724266 1.5034 1.8968 4.0982 -53.64100615097743 5.498960156881031 -8.2669 -3.0962025008686545 0
CAR 0.0 0 -1.2369836254263928 1334.4719814020357 -527.9097893877266 1470.7536649491792 -416.93382233915077 1.5034 1.8968 4.0982 -42.145212294652985 2.4235076731304748 -8.1409 -3.1317874357548146 0
