CAR 0.0 0 2.705302596791835 1326.0153534802757 190.10940974479047 1532.5047115830353 312.6016085437488 1.7194 1.8964 4.5202 24.91863484443214 -22.521676823682306 -6.5435 1.3071190965771686 0
PEDESTRIAN 0.0 0 3.515625955341064 650.4524649051671 138.12103848803994 685.0459459343424 206.31242232027918 1.7 0.6968 0.7192 38.879580147062754 -7.207245923864972 -6.5112 2.1967451706389425 0
CAR 0.0 0 4.390557508451614 1708.369485040297 257.6526057300278 1842.613146304621 380.78132105974566 3.487 2.935 2.072 53.35046182986744 6.671886979879449 -5.9211 2.996917376801119 0
CAR 0.0 0 2.668447864884108 1278.7222379189866 232.40788530488743 1489.07620379864 360.1254425514669 1.504 1.9011 4.104 22.270963844075496 -19.12636168581662 -6.6643 1.307121847478894 0
CAR 0.0 0 -1.4899144968298894 220.9693590229401 452.3837710307452 446.9516357086771 586.4061396342769 1.5003 1.9029 4.0972 21.928943198175315 38.4662790333769 -8.2755 -2.067370310837955 0
CAR 0.0 0 -1.2688617596207539 386.2839587048491 413.5388938307437 568.8570643691502 525.3314617401151 1.4969 1.8793 4.0996 26.300930959131133 38.42355707443944 -8.2924 -2.067370310837955 0
CAR 0.0 0 2.6897890767075863 1485.2031923674695 238.0387700852577 1761.4226252311885 385.60634953897375 1.498 1.8978 4.2058 18.011362131639643 -21.07965840180186 -6.0071 1.3071218474788946 0
PEDESTRIAN 0.0 0 1.3396937092760084 632.8787923397666 141.25002975900193 668.2474319963479 210.54840422249447 1.7 0.6974 0.7026 38.34780770360775 -6.626418700578074 -6.4943 0.032453203031635944 0
CAR 0.0 0 4.382726953083326 1720.703103351768 334.62226978732815 1828.6457611627698 416.7819318404826 1.5032 1.8996 4.0986 47.4071125349591 7.471575100359232 -6.7781 3.0199979204338043 0
CAR 0.0 0 4.421761226454623 1701.9847222647481 220.4205343504834 1855.0743661003946 367.80302903251965 4.117 3.002 6.0508 56.97291845015693 6.203705998184335 -5.4223 3.0129955833738897 0
CAR 0.0 0 2.788914880663088 2331.373623632303 211.03844776377727 2685.339047686285 336.06798784692404 1.4956 1.9016 4.1016 13.49344334214226 -41.20420385775395 -5.6954 1.3257885173400492 0
CAR 0.0 0 -0.4025165702691573 2312.204882126616 435.23190567334007 3206.7505997270587 809.413969303402 1.8784 2.1996 5.9972 5.651155086935601 -26.80965174115457 -6.9284 -1.7545848079282806 0
CAR 0.0 0 -1.421239637814272 172.8505957658124 290.2361268626372 307.96227757786096 351.3519669718034 1.501 1.901 4.1044 37.74331681138425 59.92845743550622 -8.2531 -2.067370310837955 0
CAR 0.0 0 2.8224672477099366 2842.8691249191515 174.02218549143566 3189.15654055543 269.90110952391154 1.5038 1.901 4.3724 12.3818 -65.2161 -5.8167 1.324577888427898 0
