CAR 0.0 0 2.93536614729035 1430.693093528972 323.53207834609924 1706.9060344734198 515.2738440910001 1.551 1.9022 4.6956 21.42341837938783 -26.198209330434068 -6.4702 1.6247709188662327 0
CAR 0.0 0 2.963764975642408 1352.3954783965594 213.45592704075037 1515.6406738996147 322.8281142456135 1.5 1.8998 4.0998 31.45274024800351 -28.403884053647342 -6.555 1.5770240091038403 0
CAR 0.0 0 2.997425327780446 1789.7164521659204 317.3481378864162 2128.642083204652 490.3026925105515 1.5 2.037 4.3995 21.73005952526554 -33.44284766413082 -6.4402 1.6290845723854452 0
CAR 0.0 0 -1.0427418130671304 345.36922195885603 411.73726234643743 552.5204458176496 524.8561703901293 1.5999 1.899 4.0996 15.744667346885462 31.492320568463533 -7.4486 -1.8104714429084878 0
CAR 0.0 0 -1.0879611673494223 276.00207369665145 375.7289723902914 462.55595309654365 466.60891673936334 1.5 1.899 4.0996 16.826585147283346 37.50321760487811 -7.4503 -1.8104606373881729 0
CAR 0.0 0 2.941440267123585 1344.9958934724586 239.16076005536334 1527.3673896038777 364.8663452718164 1.5 1.8998 4.0998 28.069393313738317 -26.919500512443697 -6.4052 1.577029327703709 0
CAR 0.0 0 3.017228888244757 1607.9655234817228 203.14370943461418 1801.2233518748624 307.7348895974782 1.5 1.8998 4.0998 31.97826633882958 -35.453554808837936 -6.4191 1.5944905815285024 0
CAR 0.0 0 -1.3164745448970048 129.3479176765216 409.6432126861509 346.58568977932237 517.4686644248452 1.553 1.899 4.0996 12.829602964431574 36.270945346736966 -7.6325 -1.7933414657269229 0
CAR 0.0 0 -1.2577671976340234 184.56506373415502 456.08089635307505 433.87260306788016 595.1098508080001 1.6483 1.8736 4.0995 11.596375360457298 29.798077299414956 -7.5421 -1.7933253174713948 0
PEDESTRIAN 0.0 0 2.8540127371862445 615.2022434085287 126.36595675793988 648.9708098673286 195.3537853320466 1.7322 0.6996 0.7164 41.2917 -8.8361 -5.9497 1.5319854071476804 0
CAR 0.0 0 -1.6847505467278852 1693.7427689847348 267.5108311616216 1915.4263540309425 488.4846866528856 4.083 2.9959 5.8323 37.95670823959941 7.046896436935619 -4.9879 -3.0539320633466236 0
CAR 0.0 0 -1.410936990456963 56.43824065022851 340.31028711538244 230.0846809382129 414.87290604213416 1.4996 1.899 4.0996 15.206668311726665 48.93025940930648 -7.6 -1.7749669233050611 0
CAR 0.0 0 -1.677088593258632 1510.440998281876 315.038604708004 1621.505432133779 388.13155248582706 1.4954 1.9024 4.0993 43.95313384981871 14.202286524988597 -6.0972 -3.0279752999934297 0
CAR 0.0 0 -2.5182881990540116 -125.66017161662282 6.06667717318015 218.34968670866036 214.1682056372606 4.1525 3.0019 10.9977 44.780719045479394 7.666532081827745 -4.8941 -3.0565361548780694 0
CAR 0.0 0 2.5378681659949174 818.1094008492043 356.09676636448495 968.0537249709223 443.10367160251155 1.5034 1.9028 4.1032 26.758525874025835 27.129229877254694 -6.8614 1.3859742695257145 0
CAR 0.0 0 -1.6570906899816165 1647.8804409150252 311.1463105639161 1748.8031326597684 379.89445743765043 1.5018 1.9004 4.0996 49.393651510343716 11.53592791859301 -6.2447 -3.0279752999934297 0
