CAR 0.0 0 2.7243613545058465 1777.0818783944335 301.5613641926484 2175.5883217983683 487.45374011469545 1.5023 1.898 4.937 13.806063418297466 -24.84844209970455 -6.5925 1.3488135988365393 0
CAR 0.0 0 2.656731273407673 1320.4525452174723 234.9858542384584 1535.6542119526355 363.2690201689999 1.5177 1.898 4.0963 21.94254541553569 -20.03409738955175 -6.7131 1.2910181249559243 0
CAR 0.0 0 2.656121742369253 1405.645490972165 311.5002999156731 1742.2905092051715 510.5146737243897 1.5541 1.898 4.9169 15.695235715662953 -17.65369895876564 -6.7043 1.3385813619489222 0
CAR 0.0 0 -1.4715070181366152 210.71719817160005 440.9246172836693 436.16429060014207 578.7043442126914 1.6474 1.9008 4.0966 22.13941225016798 38.97658565454251 -8.1942 -2.043220920331697 0
CAR 0.0 0 2.7214428961768564 1589.0295388877641 198.41109726155346 1812.6470011145032 301.78071961793347 1.396 1.8974 4.3588 23.234459166015668 -29.500207024130432 -6.6116 1.2956667494353806 0
CAR 0.0 0 -1.3031141395393186 351.1483678338224 400.0129859703117 536.5949292384125 515.3469302387512 1.6474 1.9008 4.0966 26.33779664872111 39.491586889508824 -8.1431 -2.078132818304195 0
CAR 0.0 0 1.379630477625074 405.9023751787426 -8.17270657417639 515.966849016468 132.08447478964047 4.11 3.0032 11.0896 60.80419358325369 -2.825936986180759 -5.5143 -0.06777805054601517 0
CAR 0.0 0 -3.577478003167027 -535.8804523992745 220.6859730664824 -122.86963523586213 487.68670493720634 2.3536 2.2034 4.7012 24.44359512175617 9.523183393849306 -5.6925 -2.847971906420378 0
CAR 0.0 0 2.7857801236247264 2089.7652272208697 250.02426201863966 2634.048404250764 465.549426495529 1.9972 2.1978 5.9954 12.253552307861694 -32.626341781412584 -6.1821 1.3630240930533906 0
CAR 0.0 0 2.7377831747416304 1516.2244202961729 259.8054183061996 1785.7888172459127 405.3447744930292 1.4974 1.8977 4.0982 18.002511922972037 -21.97794831338303 -6.4838 1.3642834977290486 0
CAR 0.0 0 4.313531137325464 1670.6509939861794 370.16961795938397 1793.6416438719066 473.94249928752055 1.5036 1.8952 4.097 39.150700772738844 9.787080649382712 -6.6445 2.9809770159290045 0
CAR 0.0 0 -0.6651772249322765 1386.0690683861833 452.57835856383065 2079.4440523640014 975.4995064660592 2.5368 2.1676 5.7104 8.505820428265677 -12.020516308812333 -6.6447 -1.8498138291247819 0
CAR 0.0 0 4.329049157746658 1693.6626579712104 323.47915300880294 1796.8768991603727 403.8013794334903 1.5128 1.9018 4.1024 47.762398059482194 8.249156874789401 -6.5594 2.9631082532858892 0
CAR 0.0 0 4.303013560154118 1480.9819534511128 321.02708909618013 1553.045701788424 394.4249166493173 1.5022 1.9049 4.1038 48.7374133821861 14.639041673396509 -7.16 2.9631096288826786 0
PEDESTRIAN 0.0 0 2.6778086678627266 623.1343815325338 131.0156622723492 659.7189039654365 200.93084206302106 1.7526 0.7308 0.855 39.849827016774086 -6.629170354022514 -6.4758 1.3596365322624513 0
CAR 0.0 0 2.7666576594706376 1782.9895220955962 251.33915613930566 2081.1541069464547 389.80408695299826 1.4878 1.9007 4.104 16.636429778192117 -28.00070065826705 -6.404 1.3590267776864629 0
CAR 0.0 0 2.6884477569454805 1329.9622312836673 201.86389897746395 1521.938893401184 311.16740527182054 1.4974 1.8976 4.0982 24.91137864502957 -22.48574581077433 -6.6735 1.2944598052176606 0
