CAR 0.0 0 2.934225242399902 1432.0034395145071 323.7359633234935 1708.6756232108762 515.6090658553177 1.551 1.9022 4.6956 21.410140687850188 -26.2175870205136 -6.4702 1.6235461259287367 0
CAR 0.0 0 2.939999402491873 1355.0384116428877 214.88056817201812 1519.4833022127689 324.93753880056346 1.5 1.8998 4.0998 31.28963068378605 -28.410601079976626 -6.555 1.5540367973984677 0
CAR 0.0 0 2.9735177488141398 1790.3030971943847 319.4898580666935 2131.486162412942 493.8442273663282 1.5 2.037 4.3995 21.593430978193865 -33.35819928314181 -6.4402 1.6063940518724338 0
CAR 0.0 0 -1.048959950542784 343.3807262787068 411.9278276350419 550.8252000279598 525.1579905018768 1.5999 1.899 4.0996 15.703343896574161 31.50369682987288 -7.4486 -1.814376792617349 0
CAR 0.0 0 -1.0915696047248882 277.0310474841395 376.1011452404271 463.76071209005175 467.1483470677278 1.5 1.899 4.0996 16.820981610509286 37.43027258989114 -7.4503 -1.815035752896246 0
CAR 0.0 0 2.918458535043305 1346.5452730912837 239.06389648123877 1529.0879011363372 364.70354808200267 1.5 1.8998 4.0998 28.078182528169787 -26.959273184508806 -6.4052 1.55373295563943 0
CAR 0.0 0 2.9943334779686235 1607.6059708540467 202.93632652492875 1800.6658575606757 307.42817724238284 1.5 1.8998 4.0998 32.003702156359786 -35.458144211448655 -6.4191 1.5714874523490754 0
CAR 0.0 0 -1.3335346019896646 132.16123963392891 409.61447381183933 349.1497272694643 517.4098007198961 1.553 1.899 4.0996 12.875465548842087 36.228097682539925 -7.6325 -1.8150357528962455 0
CAR 0.0 0 -1.2492957179815474 180.66917589564702 456.2379085619025 430.45704244634305 595.38171573358 1.6483 1.8736 4.0995 11.538902344658728 29.838868307158208 -7.5421 -1.7794770025999547 0
CAR 0.0 0 -1.4377483711062253 62.46010096567764 341.0810299182474 236.25528483689726 415.9360497021427 1.4996 1.899 4.0996 15.28105877412074 48.64307782012558 -7.6 -1.8150357528962455 0
CAR 0.0 0 -1.5805736208130767 1510.4471321991164 314.99714423461 1621.4876092702314 388.0696834228274 1.4954 1.9024 4.0993 43.96294061761129 14.20530057522479 -6.0972 -2.931490519625712 0
CAR 0.0 0 1.2953860637055556 296.9931353492873 39.37915307985718 571.1294252548962 310.9180771281845 4.1525 3.0019 10.9977 35.31499029744424 -5.5686367213270564 -4.8941 0.06940270510507979 0
CAR 0.0 0 3.0184005343943245 2082.6282575197397 267.99786396419364 2597.6409089970684 488.5190516525115 1.9996 2.198 5.9958 22.013801814737384 -40.588715603465204 -6.0941 1.6063940518724342 0
CAR 0.0 0 -1.6125567257212543 1739.0043053196143 309.3026911934972 1888.8003502017164 427.049195185357 2.008 2.2032 5.9814 41.810819335164894 7.293565648926308 -5.3721 -2.985217987574505 0
CAR 0.0 0 3.006516019048309 1674.5606639260254 274.22576428426606 1931.9114809472228 415.3208576853027 1.4978 1.9028 4.0956 25.011037186627462 -32.983879730451775 -6.4348 1.6238473516340513 0
CAR 0.0 0 -1.6172460482596505 1616.2787065371037 338.8337578426927 1730.054820991259 418.83931103772636 1.5018 1.9004 4.0996 43.431712668396756 10.94560642643798 -6.4196 -2.9663937196666668 0
CAR 0.0 0 -3.336820329199412 -696.2594643502161 276.44571314838277 -116.78744719203132 584.0678018932766 2.3712 2.209 6.002 21.60708391044713 3.0960045585043243 -6.1021 -2.6011146229590953 0
CAR 0.0 0 3.029932666367666 2066.3389703798325 264.4648066937765 2377.3212652198063 397.66131367639116 1.496 1.899 4.1016 25.429274027136064 -42.37941589086626 -6.3829 1.6063940518724338 0
CAR 0.0 0 -1.5288017689345261 1667.9823534224743 432.2570487486359 1827.5963563134405 563.4621815432298 1.4988 1.8988 4.4506 31.346070435477426 6.773027526967638 -6.6137 -2.824252815980529 0
