CAR 0.0 0 1.7973794391343523 -14803.74344090561 1543.8836423577063 -3148.551428357465 5387.05668423144 1.5196 1.9044 4.1024 9.218153125312552 18.338513973080385 -7.3259 2.9619996004587223 0
CAR 0.0 0 2.7289781917599454 1335.868309346206 189.81919512125273 1543.2345348584897 312.0004242287104 1.7194 1.8964 4.5202 24.882333264112443 -22.797977624294784 -6.5435 1.329287223154536 0
CAR 0.0 0 1.3297248394547365 1850.3702073887607 236.64882300601838 1918.536779247277 276.3904779736831 1.4992 1.8969 4.0968 86.71074717181851 -4.031790020218417 -6.5027 -0.10597203456309086 0
CAR 0.0 0 4.072640253901756 1130.795687974308 508.1259918022796 1290.3846199404088 694.1510102942325 1.5032 1.765 4.3145 23.08244216646034 19.63426147576529 -7.2959 2.9583443922002948 0
PEDESTRIAN 0.0 0 2.8626741192082434 653.5109919200456 138.05390260693588 688.0413775388387 206.20351524442697 1.7 0.6968 0.7192 38.87149492039709 -7.292242028456321 -6.5112 1.5425810858228364 0
PEDESTRIAN 0.0 0 1.3071457354493317 630.0407637799306 140.78497938133927 665.4210682207917 209.99490236277862 1.7028 0.6996 0.6969 38.47164010970361 -6.568538767095692 -6.4993 0.0002754820865611407 0
CAR 0.0 0 4.413247688450181 1709.6217279059874 258.4245123736917 1844.6927069414198 382.2137648759833 3.487 2.935 2.072 53.10430659719012 6.662882883313522 -5.9211 3.020039438511599 0
CAR 0.0 0 4.423733330119866 1698.98045554106 234.13788789817679 1856.516204767143 375.97706661139006 3.8402 3.1746 6.0448 56.5010998857179 6.242795718237884 -5.7444 3.0211496524281416 0
CAR 0.0 0 4.1245308339361255 1371.1818240417908 526.838303825672 1509.038300082996 720.3296304749487 1.5032 1.765 4.0984 23.526026153809177 15.929863999311637 -7.2116 2.9583443922002948 0
CAR 0.0 0 4.870806857385894 6531.750781788187 -18785.828173399805 47705.70873380339 -1887.6874087259607 1.5023 1.8994 4.0966 2.6090374463161883 23.737092563266206 -7.6193 2.961467705816278 0
CAR 0.0 0 2.7112199748987256 1287.6816715062507 232.93989590228884 1499.4775070982105 360.8616387564245 1.504 1.9011 4.104 22.166403114615843 -19.29575354729471 -6.6643 1.348911205822196 0
CAR 0.0 0 4.368090377382572 1696.9445769783504 339.0677661879873 1800.9038462803378 420.8858843161707 1.5032 1.9025 4.0984 47.493858856854516 8.103063809921506 -6.9854 3.0106839122209634 0
CAR 0.0 0 -1.4361951413928868 241.43408334540618 449.3486457435461 462.9836378317427 581.5360629057145 1.5003 1.9029 4.0972 22.29799706001185 38.329573208822275 -8.2755 -2.0415453642998926 0
CAR 0.0 0 1.279729762512711 387.1782506610945 56.63095830500009 445.0422880013425 107.90506869472112 1.4976 1.9118 4.096 62.774166182550175 -1.0574482913941734 -6.6302 -0.09725101745847313 0
CAR 0.0 0 4.899013474126519 2698.7325531497463 -1643.972031794719 3922.626328349724 -874.5661216153619 1.498 1.9032 4.0998 -6.966937514338687 21.541012982564798 -7.5598 2.976634614978629 0
CAR 0.0 0 1.1356263226938672 330.41664723258907 55.36412714250557 478.6004934838451 233.05674513228956 4.0935 2.9956 3.2487 41.35498242298855 -0.4021931650773216 -5.8272 -0.10181084756998215 0
CAR 0.0 0 -1.2689610389350494 379.89354771123993 414.2328946611804 563.5829806562693 526.4260854423089 1.4969 1.8793 4.0996 26.177421190757666 38.49474379779357 -8.2924 -2.0604177559563235 0
CAR 0.0 0 1.322696384566513 1826.8030762183894 205.33513743841897 1878.8382456323236 235.19322326577316 1.5038 1.8964 4.0964 109.35868197628862 -7.128536682991456 -6.1955 -0.12990260492156275 0
CAR 0.0 0 0.9438312990168733 326.4183625130851 173.20790233945453 476.3154961547884 296.7168662830408 1.2791 2.9956 7.5691 36.68489802474904 0.08423617472588685 -7.1889 -0.1018108475699821 0
CAR 0.0 0 4.32186146101536 1557.166838493272 338.63952154146904 1646.7439073529465 424.6410803687154 1.507 1.9022 4.2796 44.3805993351938 12.414372716690337 -6.8916 2.9842776128730515 0
WHEELER 0.0 0 0.8962367697735963 1072.2266300661072 422.4200258799704 1197.4416845254782 592.6346625060148 1.7 0.8486 1.7006 14.6703 -8.9953 -6.8721 -0.254989024837602 0
CAR 0.0 0 4.369791014610661 1552.9264539227327 259.2401083778202 1607.8661980769884 307.87799383847135 1.4996 1.897 4.6335 70.165 11.7108 -7.1148 2.9762034608200607 0
CAR 0.0 0 4.068396438562029 1655.0760443379402 69.29843006601978 1788.2743508947676 123.96440821120375 1.504 1.9012 4.1042 40.0249 -49.9584 -5.6589 2.5532393466111407 0
