CAR 0.0 0 3.0117549904257777 1342.8643059831982 198.36112959055887 1513.2849007841646 314.9373899395961 1.594 1.8966 4.5394 31.680640950005536 -28.290882509335017 -6.3337 1.6177921667651312 0
CAR 0.0 0 -1.2206195894532945 196.65102957579202 462.6341634809243 449.82148072941277 598.3349505247425 1.5196 1.8976 4.1761 11.674611587639992 29.345427837485854 -7.5683 -1.7714513563579624 0
PEDESTRIAN 0.0 0 1.3447547023081399 629.5889483151458 138.84597953490402 666.5959291866789 208.42410052559222 1.7 0.7848 0.6973 39.96460218362794 -9.418958152008079 -6.0576 0.03527947359358132 0
CAR 0.0 0 -1.6518050655500345 1767.5254710000586 261.231254810405 1904.743614846968 388.54384137912905 3.4079 2.7742 1.8309 50.289258785666746 7.989322901636167 -5.2988 -3.048531819335291 0
CAR 0.0 0 -1.8618912678438404 47.76073766601037 4.831660768222333 293.5840379466734 152.51686693795796 3.5682 3.0012 10.9976 54.30520813739423 8.381384093259818 -5.2107 -3.0427454332082586 0
CAR 0.0 0 -1.6859013510040508 1767.7028786881835 343.1848722566885 1880.2555123571417 426.8624636137525 1.5064 1.8966 4.1132 44.67487923791525 7.292197104243467 -6.2711 -3.0496920303081225 0
CAR 0.0 0 -0.9793101651888539 358.54663505966846 420.3715829446858 569.1368494278669 533.8082966045367 1.5195 1.8976 4.1014 15.554410350282518 30.500457320356013 -7.441 -1.754008691334736 0
CAR 0.0 0 2.994450734248212 1321.700110020735 241.41389606003534 1500.7432673517776 367.4756088187993 1.4987 1.9049 4.0972 28.05643767539816 -26.376438349647188 -6.4483 1.6352454592850747 0
CAR 0.0 0 -1.318733202651869 100.85418800385905 359.77737143754797 288.32047084860153 444.2883010855463 1.5196 1.8976 4.1284 14.74056086777539 43.744874929451974 -7.532 -1.7714513563579624 0
CAR 0.0 0 2.998249968129096 1502.4664321166604 270.31484798649745 1736.1368722360953 415.5258536802796 1.5032 1.8952 4.1044 24.729676400907028 -29.001822464432642 -6.2698 1.6352454592850747 0
CAR 0.0 0 1.5749935566248348 411.15697380240107 25.780211202992845 469.9825042672931 64.3724035637253 1.5162 1.9006 4.1032 81.41033410467672 6.218215785917149 -6.7749 0.10522774726853645 0
CAR 0.0 0 4.817185389666657 1037.3495414811348 -243.86130681351455 1067.4338403442407 -218.95985513917412 1.5044 1.9512 4.0978 -133.9910865121892 8.003735073763435 -9.2429 3.0300625032870436 0
CAR 0.0 0 4.924066498528434 1176.939255502591 -341.66468624399494 1242.4969413013434 -289.4351428249296 1.4952 1.9028 4.1046 -72.18247975939538 5.363968967173717 -8.1952 3.098460294461671 0
CAR 0.0 0 1.2711737063329909 252.1097333068981 65.0977130840871 415.20907431338037 208.66145671169866 3.6148 3.2348 2.3654 44.126791774757805 0.12372393372148838 -5.7722 0.08255120890260005 0
CAR 0.0 0 1.0997836347560674 119.01791963934534 90.65673328688678 423.48672687316747 296.7480833453844 3.1098 3.3536 10.442 38.564791901746986 -0.45069241679362015 -6.0304 0.10613249706554227 0
CAR 0.0 0 2.67062394784071 808.8960934538926 -2781.9633001404763 1330.9461781534621 -1153.36648837024 1.9202 2.1008 4.4984 -11.05635812810526 -12.703398350191097 -7.2846 0.03069529861024094 0
CAR 0.0 0 4.8661012334768134 1044.7215288953885 -285.91138319382634 1082.4778843348524 -252.69802365130928 1.5044 1.9032 4.0978 -107.09444983020376 4.300984208949261 -9.4954 3.0474973701041077 0
