CAR 0.0 0 3.0163279557758362 1344.0540631478198 198.2991520500639 1514.607742513524 314.8294510588936 1.594 1.8966 4.5394 31.68815889520296 -28.324974497967943 -6.3337 1.622155489895117 0
CAR 0.0 0 -1.2215873106867208 195.93774574045392 462.68313254727747 449.210632284025 598.4159023897026 1.5196 1.8976 4.1761 11.663463278354087 29.35111448296032 -7.5683 -1.7714513563579624 0
PEDESTRIAN 0.0 0 1.3441149715933274 628.8713951196452 139.07454713744357 665.9429141503805 208.71892744973354 1.7 0.7848 0.6973 39.925937049925054 -9.404313266769684 -6.0576 0.035279473593581315 0
CAR 0.0 0 -1.6518173921089288 1767.510912391233 261.24627084918967 1904.743896843577 388.57384261674514 3.4079 2.7742 1.8309 50.28340744017495 7.988762185486316 -5.2988 -3.048531819335291 0
CAR 0.0 0 -1.863418019710697 47.10892233777884 4.8952461360287645 293.2153091539653 152.69382709611227 3.5682 3.0012 10.9976 54.271703949898665 8.38454167355414 -5.2107 -3.0427454332082586 0
CAR 0.0 0 -1.6859273639503083 1767.036011000666 343.1090900708167 1879.5776254592586 426.75199291068816 1.5064 1.8966 4.1132 44.67683932558111 7.309061258756624 -6.2711 -3.0496920303081225 0
CAR 0.0 0 -0.9957874669643615 359.2337017157429 420.1027039998233 569.5878232253684 533.3961912517716 1.5195 1.8976 4.1014 15.578965584694195 30.517488645854403 -7.441 -1.7714513563579624 0
CAR 0.0 0 2.9940591186720322 1324.2991561780473 242.40755645664126 1504.3357436978324 368.9776753726385 1.4987 1.9049 4.0972 27.96174587723099 -26.40343007005531 -6.4483 1.6352454592850747 0
CAR 0.0 0 -1.3182503649133859 101.09986775690483 359.7699588885736 288.5432997263377 444.2762949934133 1.5196 1.8976 4.1284 14.745651056464688 43.74148089014882 -7.532 -1.7714513563579624 0
CAR 0.0 0 2.9980896352462763 1504.423706343632 270.9166439159484 1738.8718887343894 416.46045184246 1.5032 1.8952 4.1044 24.681511554903484 -29.020385050666054 -6.2698 1.6352454592850747 0
CAR 0.0 0 1.4006461098434517 338.41906791113615 80.22008413531373 426.39196994202763 137.94040004514582 1.5162 1.9006 4.1032 57.419055452601604 2.635810474908041 -6.7749 0.10522774726853645 0
PEDESTRIAN 0.0 0 4.332433206052635 646.622174491165 128.99781458829094 679.0016062634386 196.98055015622973 1.7 0.6962 0.6968 40.98975983242336 -9.731592862259783 -5.9535 3.0023652477657725 0
CAR 0.0 0 4.987041380684346 1242.0083610704937 -446.82143198593445 1348.1511912556757 -357.37327380983083 1.632 2.0088 4.1048 -50.68656102476886 2.31222706279042 -7.9664 3.1159162353538514 0
CAR 0.0 0 4.897423422581936 1043.418979162546 -281.4689490903891 1081.7508293400115 -248.4849698450361 1.5044 1.9512 4.0978 -107.09004265880941 4.242589552536958 -9.2429 3.0824223808468734 0
CAR 0.0 0 4.995666796131289 1436.1380188951168 -504.7893734419867 1577.336618617161 -401.911653250694 1.4952 1.9028 4.1046 -43.91492683347524 6.276596014542291 -8.1952 3.133372182720497 0
CAR 0.0 0 -0.11867802326923335 -462.09617978709997 355.8286280374341 117.72288249199043 755.0860418593152 3.6148 3.2348 2.3654 15.993421687326567 -3.4122318494044874 -5.7722 0.1349038018022741 0
CAR 0.0 0 -0.509972042139056 -2781.1376327515663 456.11932214457477 121.85462166852246 2064.9962284709545 3.1098 3.3536 10.442 10.18692504994007 -4.1775316819816215 -6.0304 0.14134394554915766 0
