CAR 0.0 0 2.7373380457699943 1332.0657590815808 189.9981120851772 1539.1518857533358 312.34117336829314 1.7194 1.8964 4.5202 24.888934310750745 -22.685695597500818 -6.5435 1.3382817434541792 0
PEDESTRIAN 0.0 0 2.9902953588252634 647.9782351272266 137.76366753404113 682.563160887601 205.87097842767704 1.7 0.6968 0.7192 38.95866148115175 -7.1512521370368 -6.5112 1.6717520111948678 0
CAR 0.0 0 4.347873698802903 1704.4360842721162 257.56139012570105 1838.3237073524049 380.7046872394479 3.487 2.935 2.072 53.29152844828447 6.80358442099506 -5.9211 2.954589946740443 0
CAR 0.0 0 2.706336712112544 1284.6631355443687 233.04783743010023 1496.1905101108114 361.06833649317934 1.504 1.9011 4.104 22.17674689354024 -19.221422303707758 -6.6643 1.3445949556756323 0
CAR 0.0 0 -1.4628405714298687 225.45679624039866 451.5201385413005 450.34690978758744 585.0321116162115 1.5003 1.9029 4.0972 22.021206772426847 38.45090822041082 -8.2755 -2.04660312373549 0
CAR 0.0 0 -1.2910181919003159 383.71422615946784 414.0661776751609 566.8691148233679 526.1421580117078 1.4969 1.8793 4.0996 26.23117545702125 38.43240124241553 -8.2924 -2.086445960933754 0
CAR 0.0 0 2.720393832447056 1488.2103469888539 237.966582546668 1764.754483659659 385.44279815141573 1.498 1.8978 4.2058 17.99867134584889 -21.145756290635326 -6.0071 1.33729912391633 0
CAR 0.0 0 1.310038126481368 1808.4943226364367 207.20577156123827 1853.8531922385434 233.58123273448385 1.5054 1.9306 4.096 123.13303773200731 -8.710057980217341 -7.1517 -0.1410786359914363 0
PEDESTRIAN 0.0 0 1.3233947740760221 633.2542840192887 140.9769660311192 668.5763508476603 210.19443984439414 1.7 0.6974 0.7026 38.39216129916554 -6.644100770515239 -6.4943 0.015570256983676761 0
CAR 0.0 0 1.3706084578885205 429.5730536394846 -15.91299628863413 500.0433938144728 61.845071644156036 3.5054 2.9277 8.5474 88.7539432253227 -4.488879724313127 -6.2739 -0.1541603103573966 0
CAR 0.0 0 4.322858709610487 1704.150559956429 332.8959906321856 1809.2960234389236 414.37944177341734 1.5032 1.8996 4.0986 47.48655173211554 7.93722467017854 -6.7781 2.961074677280605 0
CAR 0.0 0 4.36058149110628 1701.7430597372418 219.75315164136248 1853.75603358373 366.09732558427015 4.117 3.002 6.0508 57.31738759661599 6.170897275887159 -5.4223 2.951256435673922 0
CAR 0.0 0 2.9257160279527943 3467.7568801711095 173.67345231469366 3856.462172223197 265.738286069529 1.4956 1.9016 4.1016 5.9272 -82.4427 -5.4535 1.4144137989103098 0
