CAR 0.0 0 2.9354990015486244 1431.3358795558263 323.5092059959188 1707.6752608083696 515.227013782972 1.551 1.9022 4.6956 21.42445010345289 -26.211014551290557 -6.4702 1.6247709188662327 0
CAR 0.0 0 2.963658197418598 1353.3981227701042 213.7603757018585 1516.9571566099073 323.2750665947393 1.5 1.8998 4.0998 31.417698466967224 -28.416705989300528 -6.555 1.5770240091038403 0
CAR 0.0 0 2.9968673929037637 1789.3202080117387 318.20385975036726 2129.024417488419 491.7237535580486 1.5 2.037 4.3995 21.675669703333604 -33.396368752950025 -6.4402 1.6290845723854452 0
CAR 0.0 0 -1.0422966920367975 345.55956583229823 411.4849021147973 552.5260913968873 524.4710236180699 1.5999 1.899 4.0996 15.761350070015238 31.51699534745359 -7.4486 -1.8104714429084878 0
CAR 0.0 0 -1.0871123038074109 276.67795299494543 375.75625942656745 463.20035409974645 466.64525213160147 1.5 1.899 4.0996 16.836930218303593 37.486861037440306 -7.4503 -1.8104606373881729 0
CAR 0.0 0 2.924348571132584 1345.2064931355403 238.74936155088255 1527.3534035718446 364.232361002686 1.5 1.8998 4.0998 28.10866513594724 -26.93915602667903 -6.4052 1.5595760351837658 0
CAR 0.0 0 3.0172811377454565 1608.7253441611 203.17105724752656 1802.0975326117582 307.7693439813623 1.5 1.8998 4.0998 31.974871260846164 -35.47244659449991 -6.4191 1.5944905815285024 0
CAR 0.0 0 -1.3143045827712174 130.6572055537153 409.6083592657999 347.7639532724095 517.4090996472173 1.553 1.899 4.0996 12.851891493390568 36.25371118882888 -7.6325 -1.7933414657269229 0
CAR 0.0 0 -1.2597542804402584 183.05859597855226 455.9827042128525 432.4402498735359 594.964883346217 1.6483 1.8736 4.0995 11.579726354924441 29.828458785791327 -7.5421 -1.7933253174713948 0
CAR 0.0 0 -1.702603790099708 1668.8854056498808 284.61401880386643 1919.0319247982657 539.0624569047665 4.083 2.9959 5.8323 33.3873999403846 6.572807406761277 -4.9879 -3.0539320633466236 0
CAR 0.0 0 -1.422932628828649 51.18072522786131 340.93980423871614 225.62117750749272 415.79148397198765 1.4996 1.899 4.0996 15.056989944186903 48.905637615258755 -7.6 -1.7749669233050611 0
CAR 0.0 0 -1.6768618250065317 1513.362124348097 315.27479915386124 1624.444418401262 388.46600781303135 1.4954 1.9024 4.0993 43.96620462603074 14.117995903117349 -6.0972 -3.0279752999934297 0
CAR 0.0 0 -3.162733645607165 -237.5230838564457 18.21004391105816 173.70987377562497 256.7359721065433 4.1525 3.0019 10.9977 40.17752831438066 7.24042368298766 -4.8941 -3.0565361548780694 0
CAR 0.0 0 2.4736587625045723 538.0018987680631 300.0504583736716 669.8525878551039 363.2245959328213 1.5034 1.9028 4.1032 27.962923684903167 42.23880072722501 -6.8614 1.4034226771099447 0
CAR 0.0 0 -1.668150067904691 1631.3965398765718 324.94163706904146 1740.377957602489 400.4300423285563 1.5018 1.9004 4.0996 45.54276985020587 11.0875823869594 -6.2447 -3.0279752999934297 0
PEDESTRIAN 0.0 0 2.8523749682804205 612.8630224521976 126.63926807169389 646.7705775726524 195.71808646349038 1.7322 0.6996 0.7164 41.240229803866065 -8.778280230872639 -5.9497 1.5316807742695877 0
