CAR 0.0 0 3.014510646835356 1340.5514611998324 198.61646172356137 1510.802011697946 315.3575384293146 1.594 1.8966 4.5394 31.64966761713089 -28.218593845428817 -6.3337 1.6210677637018256 0
CAR 0.0 0 -1.2352144233043605 194.6781792354618 463.66076644481507 448.7579461614889 599.9534191572465 1.5196 1.8976 4.1761 11.612871837464299 29.281828706290263 -7.5683 -1.782856759787455 0
PEDESTRIAN 0.0 0 1.1347140652486922 627.0430129139061 138.11231967488658 664.0546722140356 207.50561290933038 1.7 0.7848 0.6973 40.08600670956108 -9.336213757978273 -6.0576 -0.17496862750956493 0
CAR 0.0 0 -1.6376655398353526 1747.0852825974155 290.6433408324262 1913.6329500457873 447.7336926158108 3.4079 2.7742 1.8309 40.995084165104416 6.9205008555553595 -5.2988 -3.010969915553106 0
CAR 0.0 0 -2.438042947721588 -104.59521096134544 27.130687809675855 226.89787090246932 214.9328410876833 3.5682 3.0012 10.9976 44.803849863018726 7.402321607987534 -5.2107 -3.0158723283577897 0
CAR 0.0 0 -1.6769624605696682 1731.4134774161478 413.0080277842553 1882.4670562120443 536.180794723984 1.5064 1.8966 4.1132 32.7966134524323 5.981404785431428 -6.2711 -2.9928080435416984 0
CAR 0.0 0 -0.9719594704074161 359.1015644261868 420.2340795093431 569.5539176218194 533.596357400601 1.5195 1.8976 4.1014 15.570060216370683 30.50591962265193 -7.441 -1.7473622960181396 0
CAR 0.0 0 2.9922946023206722 1315.7540038024088 241.83860191323504 1494.1615785183749 368.1807882659162 1.4987 1.9049 4.0972 28.01811945605924 -26.223438038767153 -6.4483 1.6343890336265965 0
CAR 0.0 0 2.9958126832087 1492.909905785251 270.66571578895594 1725.2424264035183 416.17507464293556 1.5032 1.8952 4.1044 24.706222490595994 -28.78463079852241 -6.2698 1.634389033626596 0
CAR 0.0 0 3.045880079101136 1844.4903192960635 241.69262967371108 2156.695752921586 385.23661405501 1.4966 1.9946 4.6048 25.13840081589817 -36.95962101583609 -5.8821 1.6296117114002369 0
CAR 0.0 0 -1.0707375320141712 226.692743798594 340.99768915141806 394.89476142683725 417.56631052334546 1.4992 1.9014 4.0972 18.169463782174788 43.78960610589666 -7.3685 -1.759421345856444 0
CAR 0.0 0 -1.3098283206869974 98.78199016979487 362.48070759137977 285.3996595828348 446.4637825261173 1.5006 1.8984 4.1012 14.666979595515693 43.763254294990034 -7.5939 -1.755079248103253 0
CAR 0.0 0 2.1461909391793856 1307.9425096919808 436.91239902438986 1612.7002642392947 707.4082535741852 2.5328 2.5828 5.9969 21.57085501702473 9.342977190934533 -6.1644 0.9408744707916127 0
CAR 0.0 0 3.0520547739420483 1762.1204713243324 228.36878029212497 1997.7808415950815 345.94592415656274 1.5038 1.895 4.1 28.78424300377299 -37.513191311842334 -6.353 1.6321307886544327 0
CAR 0.0 0 1.9685750983726908 903.3360684403707 -395.0969447314564 958.3739272361703 -324.83195657523106 1.8452 2.0012 2.6602 -62.79527459049142 -8.819203226128646 -8.1752 0.029224357615669622 0
