CAR 0.0 0 3.0149724967444023 1344.6002733746932 198.71258846043023 1515.5078060605247 315.4689604340553 1.594 1.8966 4.5394 31.63792722690838 -28.32056374768806 -6.3337 1.6210677637018256 0
CAR 0.0 0 -1.2354524632900268 194.38067911663694 463.39107480062347 448.2994517896608 599.533101369824 1.5196 1.8976 4.1761 11.618283629123432 29.309978362406326 -7.5683 -1.7828567597874547 0
PEDESTRIAN 0.0 0 1.1342117417892248 626.873902610304 138.38445864431512 663.9325140447856 207.85271457478686 1.7 0.7848 0.6973 40.04016306334268 -9.337163321699414 -6.0576 -0.17496862750956493 0
CAR 0.0 0 -1.6014686896086894 1758.730951338997 266.4662996844803 1901.0394744578568 399.07713671390195 3.4079 2.7742 1.8309 48.22839047968449 7.887313465295243 -5.2988 -2.9935192807144797 0
CAR 0.0 0 -1.5978215211507274 1730.774015775406 241.74445178190112 1915.782386456122 400.26463810347224 3.5682 3.0012 10.9976 52.116276394040426 8.425296252511973 -5.2107 -2.9984216935191634 0
CAR 0.0 0 -1.6690018179827129 1761.6295299062685 350.264381191776 1878.121717002281 437.64523369504104 1.5064 1.8966 4.1132 43.08998320578792 7.173490970321353 -6.2711 -3.027719941514197 0
CAR 0.0 0 -0.9748297601762601 356.5118119144707 420.4301304006291 567.3120311547555 533.9089696427878 1.5195 1.8976 4.1014 15.52040389692239 30.526772010602187 -7.441 -1.7473622960181396 0
CAR 0.0 0 2.99229556602567 1316.5440682702822 241.99360301415044 1495.163910116071 368.41166167023374 1.4987 1.9049 4.0972 28.00323342941303 -26.236678051218483 -6.4483 1.6343890336265965 0
CAR 0.0 0 2.9959163126672133 1493.4322167465666 270.62331323464673 1725.82076919286 416.1027733041211 1.5032 1.8952 4.1044 24.709327567575794 -28.79736541083724 -6.2698 1.634389033626596 0
CAR 0.0 0 3.0522799526473863 1913.5084045350582 240.43701047420143 2236.050380603499 382.4209124837969 1.4966 1.9946 4.6048 25.229565839853088 -38.630069452781385 -5.8821 1.6296117114002369 0
CAR 0.0 0 -1.1052866684366314 193.22990178936763 321.3962717137529 349.95492492133394 389.86186325862496 1.4992 1.9014 4.0972 19.09312234184397 48.60220155593138 -7.3685 -1.759421345856444 0
CAR 0.0 0 3.093165568908983 2277.178511873909 214.37724023591784 2569.6204029339883 322.3587871739315 1.5038 1.895 4.1 29.681175905283673 -52.118517122349225 -6.2408 1.6321307886544327 0
CAR 0.0 0 -1.3100722351667655 98.62478679034751 362.34023899507 285.15489865928197 446.2621819593863 1.5006 1.8984 4.1012 14.672193118258091 43.79096325409509 -7.5939 -1.755079248103253 0
