CAR 0.0 0 2.6989665897606256 1773.408490575455 301.206055319612 2170.8278615473037 486.87457315346666 1.5023 1.898 4.937 13.846680187775785 -24.80106179707626 -6.5925 1.3236008615349644 0
CAR 0.0 0 2.670536710687822 1311.7829163362408 234.9828069586262 1525.9814232329247 363.3667474676148 1.5177 1.898 4.0963 21.999776781188153 -19.838472381653514 -6.7131 1.3061449141683188 0
CAR 0.0 0 2.6592000588644154 1405.9191882481666 310.7580670005748 1741.8441752018575 509.16735374935655 1.5541 1.898 4.9169 15.734088251069997 -17.691788099961727 -6.7043 1.3410568121408173 0
CAR 0.0 0 -1.4787343903317036 217.42163694411934 440.26031215538717 441.5911690164663 577.6000247737105 1.6474 1.9008 4.0966 22.24199856346287 38.90978601793293 -8.1942 -2.059644171057918 0
CAR 0.0 0 2.7141512156671816 1586.7489217268162 198.56453706315574 1810.2837856373076 302.0420497325023 1.396 1.8974 4.3588 23.235347862095544 -29.422533447382882 -6.6116 1.2886889732761388 0
CAR 0.0 0 -1.2662847501109429 366.21203523345696 397.52501359257525 548.5047603443925 511.4353575009932 1.6474 1.9008 4.0966 26.711722844149556 39.40532711937979 -8.1431 -2.0596441710579176 0
CAR 0.0 0 -2.664276416805017 -415.82806596967947 103.58779049307363 135.4833628005444 561.5718508596389 4.11 3.0032 11.0896 26.037300717134638 6.928277408086429 -5.5143 -2.3821516202256663 0
CAR 0.0 0 4.303796957385243 1663.1944997130663 339.4584685654887 1807.3286546023126 476.7058114789107 1.9994999999999994 2.0167 6.000200000000007 39.5293748012517 9.795670204770937 -6.3098 2.9624863797598247 0
CAR 0.0 0 -0.7778697879052344 103.57053935234889 158.9301671584915 422.00353465441583 534.2923631379172 3.9074 3.0032 5.6574 22.349857484892784 1.6531825882009987 -5.6171 -1.4866983668383709 0
PEDESTRIAN 0.0 0 2.7701300252539593 622.2020866450529 132.48606993207022 658.2495855277373 201.38301362655827 1.7 0.6996 0.9374 39.59924606809218 -6.553255145479226 -6.4566 1.4538021921240931 0
CAR 0.0 0 4.3700664931692055 1713.7873580781354 249.12885309456934 1816.9863892037765 335.0219328709922 2.3536 2.2034 4.7012 59.22324968024377 6.112868117803751 -5.6925 2.9624863797598247 0
CAR 0.0 0 4.303894108255511 1690.6327428816735 314.2653653354958 1793.0092221994798 392.8366028694349 1.497 1.9045 4.1242 48.04526637171603 8.351533297224002 -6.3153 2.9327921430770307 0
CAR 0.0 0 2.694048886534304 1282.6008681639214 201.34652585733747 1470.352453946575 311.32025451151827 1.4974 1.9028 4.1016 25.214 -21.2705 -6.6551 1.3061449141683195 0
