CAR 0.0 0 2.9345692151706775 1432.1457538636712 323.3090436066433 1708.506573029665 514.8734869149108 1.551 1.9022 4.6956 21.436281585214523 -26.23175967653046 -6.4702 1.6235461259287367 0
CAR 0.0 0 2.9399968651364317 1355.0319022488745 214.88262764576558 1519.4771599206067 324.94067641822215 1.5 1.8998 4.0998 31.289397518669006 -28.41034313441408 -6.555 1.5540367973984677 0
CAR 0.0 0 2.973323120231039 1788.7772410387754 319.5249255741489 2129.697376413679 493.91874911926203 1.5 2.037 4.3995 21.592117171635778 -33.32636580556131 -6.4402 1.6063940518724338 0
CAR 0.0 0 -1.0501075216807276 342.25297762363874 411.86008048352386 549.7460794814807 525.0615591180822 1.5999 1.899 4.0996 15.689437023251136 31.529476604759004 -7.4486 -1.814376792617349 0
CAR 0.0 0 -1.091590472882125 276.9996634012427 376.08108465863745 463.7180758713641 467.11913859044193 1.5 1.899 4.0996 16.82171419915574 37.433758841769496 -7.4503 -1.815035752896246 0
CAR 0.0 0 2.9184604165120005 1346.549095707294 239.06227446021256 1529.091283806702 364.70102136588974 1.5 1.8998 4.0998 28.07833638179316 -26.959420940721188 -6.4052 1.55373295563943 0
CAR 0.0 0 2.994058520768431 1605.383676159462 203.03513982103678 1798.2414275364488 307.5944529317031 1.5 1.8998 4.0998 31.991721226438067 -35.390435602032206 -6.4191 1.5714874523490754 0
CAR 0.0 0 -1.3335296561709769 132.16429771201177 409.61460298233925 349.15262638744133 517.4099769892576 1.553 1.899 4.0996 12.875508324252268 36.22803091291922 -7.6325 -1.8150357528962455 0
CAR 0.0 0 -1.2478615489959926 181.6826515068953 456.13816193138854 431.3041517776863 595.2182809534243 1.6483 1.8736 4.0995 11.555911201312846 29.833674791499813 -7.5421 -1.7794770025999544 0
CAR 0.0 0 1.7469872199590324 392.04035636577163 43.218472955049045 582.2771393165731 249.84265114626535 4.083 2.9959 5.8323 38.31671550342211 -5.814702976558462 -4.9879 0.45342010442213504 0
CAR 0.0 0 -1.437746685338443 62.45996790235997 341.0737911663643 236.25003546571847 415.92578340762407 1.4996 1.899 4.0996 15.281529486589177 48.6446023795829 -7.6 -1.8150357528962455 0
CAR 0.0 0 -1.5806544665676332 1510.3984645503122 315.10201453209623 1621.500868384468 388.22638220906515 1.4954 1.9024 4.0993 43.937370340063204 14.198432745437593 -6.0972 -2.931490519625712 0
CAR 0.0 0 1.0009343394924228 227.36176952896594 50.71234929251409 545.6772295751842 353.7929020504449 4.1525 3.0019 10.9977 32.423503716870755 -5.356639446618583 -4.8941 -0.1400683986971751 0
CAR 0.0 0 3.018621328088357 2081.412804785065 267.42836580964877 2595.053588359128 487.41094719805915 1.9996 2.198 5.9958 22.0579599280587 -40.603210320037896 -6.0941 1.6063940518724342 0
CAR 0.0 0 -1.6084559462314203 1743.2977803180625 304.00187379015995 1888.4512246505617 417.15728484033605 2.008 2.2032 5.9814 43.19037534372306 7.4434413060004525 -5.3721 -2.985217987574505 0
CAR 0.0 0 3.012294217695403 1712.0962121975408 271.62082642893915 1973.239591722242 410.89385253061937 1.4978 1.9028 4.0956 25.202985679139104 -33.95075965985604 -6.4348 1.6238473516340513 0
CAR 0.0 0 -1.6173308857148978 1616.0392150587554 338.9155235265236 1729.868380992641 418.96282744399264 1.5018 1.9004 4.0996 43.409446151506536 10.946450210990712 -6.4196 -2.9663937196666668 0
CAR 0.0 0 -3.511087032870324 -626.5912174079348 244.3848891124199 -110.34870657440324 514.3140070603575 2.3712 2.209 6.002 23.830636169521664 4.2794257684745896 -6.1021 -2.7585488482999803 0
CAR 0.0 0 3.0339786365960135 2117.8781204376164 263.65597358917444 2435.52816405291 395.9253067180291 1.496 1.899 4.1016 25.475218945647434 -43.66873055989851 -6.3829 1.6063940518724338 0
