CAR 0.0 0 3.003610409620231 1337.8286590332762 198.62396145100703 1507.684929136252 315.3951237003793 1.594 1.8966 4.5394 31.648808697065384 -28.14678624086151 -6.3337 1.6105393675152717 0
CAR 0.0 0 -1.1640101434065473 198.27276891396187 462.88407785541983 451.4638158489529 598.7159874749144 1.5196 1.8976 4.1761 11.687352749546356 29.30029687633576 -7.5683 -1.7168283486647578 0
CAR 0.0 0 2.1656044023838343 1668.7643329921843 -2066.963947503198 2767.38098509839 -838.4573558306291 2.6198 2.2122 6.0322 -13.790301303853216 -3.5903971775680397 -7.5887 0.03114003599830792 0
PEDESTRIAN 0.0 0 1.7354739863993711 632.1033505511967 138.3742344862511 668.9322045970117 207.80964993185592 1.7 0.7848 0.6973 40.04532440353483 -9.476951877681685 -6.0576 0.4242919206872831 0
CAR 0.0 0 -1.6428623411710164 1768.91379316671 261.406552963462 1906.3382877952877 388.8704756007829 3.4079 2.7742 1.8309 50.26245493648275 7.945262004679594 -5.2988 -3.0395974269518478 0
CAR 0.0 0 -1.8066054241607608 75.48508987134213 1.1047898658244424 307.550649395703 142.44396427795672 3.5682 3.0012 10.9976 56.28534568114591 8.48037702606444 -5.2107 -3.052921796683383 0
CAR 0.0 0 -1.6855729209610526 1767.601682930637 343.1471320582811 1880.1390363869941 426.806003328026 1.5064 1.8966 4.1132 44.6807631665318 7.295687378411843 -6.2711 -3.0493759430220515 0
CAR 0.0 0 -0.9430142377940256 357.686082862049 420.408922335699 568.3734473793534 533.8699675346029 1.5195 1.8976 4.1014 15.539368000083636 30.51027970709518 -7.441 -1.7167858775405018 0
CAR 0.0 0 2.946711865806674 1313.1769403696749 240.49378328594725 1490.3884285519487 366.14032606349815 1.4987 1.9049 4.0972 28.146471925363237 -26.208168544507128 -6.4483 1.5881233509515706 0
CAR 0.0 0 1.7225089717297406 439.9003374528007 -1.3103337893069977 512.5742519810793 28.183741984781644 1.2972 3.2042 7.6122 106.2426640945598 9.695836484246623 -7.0427 0.17915388867624044 0
WHEELER 0.0 0 1.8485687714618697 608.876881841674 97.30932466971788 640.991664945249 154.04775923259882 1.7402 0.8236 1.4456 53.60599020248007 -7.0621084239558005 -6.8021 0.47570316638641924 0
CAR 0.0 0 4.928768379542355 1078.9350546479893 -256.60777564551046 1115.92673567665 -226.62142094564547 1.498 1.8954 4.1042 -112.32635698784964 7.860453111249057 -8.3635 3.141428118190829 0
CAR 0.0 0 -1.3712248211997853 62.759838096720685 341.5203009067431 239.7970917258012 418.2393286316752 1.5196 1.8976 4.1284 15.1186379543105 47.99991344780869 -7.532 -1.7517376108074119 0
CAR 0.0 0 3.00053680311793 1740.9415527681194 267.4043219377566 2011.1966869634718 408.61059734188217 1.5032 1.8952 4.1044 24.85845771043029 -34.320231131503064 -6.2698 1.6071949858009207 0
CAR 0.0 0 -1.7900960082524988 1466.3724813896754 457.13352624770266 1658.9941280312498 611.7142494711222 1.4994 1.9016 4.0998 24.58548369032538 8.624944233629288 -6.2208 -3.0342956707609017 0
CAR 0.0 0 -1.2718900407648903 1151.2959392715766 -331.0509880512214 1211.5517244338805 -281.957763634171 1.5034 1.8968 4.0982 -76.13789320755266 4.991481734091601 -8.2669 -3.0962025008686545 0
CAR 0.0 0 4.9691487445727045 1151.4419547548287 -375.5176503437525 1224.1718512529412 -313.5409209207963 1.5034 1.8968 4.0982 -63.907926697236505 2.124933638077607 -8.1409 3.1164930921855083 0
CAR 0.0 0 5.003945929265063 1264.0005295518733 -459.76782364253927 1373.7040151488345 -369.9367536784408 1.5012 1.8966 4.1044 -48.343975375515235 2.303800199523387 -7.9189 3.129098419081561 0
CAR 0.0 0 4.968208189763748 1337.2646723968887 -451.981201275198 1446.9875717299583 -368.12163653856254 1.5064 1.8966 4.1132 -51.46433874432721 5.897298966965169 -8.4218 3.1115694772907663 0
CAR 0.0 0 1.9751079331012982 925.1287457037076 -391.60937352665655 983.9371643961182 -322.53157451956895 1.7 2.0361 3.853 -64.04103912857839 -7.743103781308873 -8.2722 0.04689157397375113 0
CAR 0.0 0 -1.5910017626907433 1706.8079113826407 261.23407065701014 1785.915028883187 314.80124326016113 1.6286 1.9033 4.096 64.5681538850994 12.912722303286534 -5.8659 -2.998848718283731 0
