CAR 0.0 0 2.7229031190678183 1326.6712483891995 190.03768804229358 1533.1741912647237 312.4763847720148 1.7194 1.8964 4.5202 24.92203816614349 -22.54432506275796 -6.5435 1.3245750439438138 0
PEDESTRIAN 0.0 0 3.5148298030094756 649.5043207198688 138.40706816517795 684.1557660503278 206.68733199784012 1.7 0.6968 0.7192 38.835470268718154 -7.172717667892747 -6.5112 2.1967451706389425 0
CAR 0.0 0 4.377063872493386 1690.5353962428787 273.30457960462974 1838.5045474224917 411.0064424757256 3.487 2.935 2.072 47.91490310320519 7.854104843281174 -5.9211 2.996917376801119 0
CAR 0.0 0 2.669341668414285 1281.2777839691596 232.1821584561298 1491.757436352629 359.7379137592015 1.504 1.9011 4.104 22.27392576392332 -19.19742593765049 -6.6643 1.3074211637448088 0
CAR 0.0 0 -1.4899070100010405 220.8000457973182 452.0603489823095 446.61376797545415 585.9094641904619 1.5003 1.9029 4.0972 21.946844230994405 38.49257494539724 -8.2755 -2.067370310837955 0
CAR 0.0 0 -1.2626406319087864 391.8357649962074 412.78654688988246 573.3618127751015 524.1581056032533 1.4969 1.8793 4.0996 26.420938607246764 38.373304738226196 -8.2924 -2.067370310837955 0
CAR 0.0 0 2.6894355455912655 1484.122000059138 238.33691605983748 1760.4992755429853 386.1239770923157 1.498 1.8978 4.2058 17.99622747090472 -21.038076392254496 -6.0071 1.3071218474788944 0
PEDESTRIAN 0.0 0 1.3395619094267466 633.0410819079597 141.37139393720344 668.4244624646461 210.70329620918397 1.7 0.6974 0.7026 38.326010282308545 -6.627307510296598 -6.4943 0.032453203031635944 0
CAR 0.0 0 4.34373287865176 1701.9427505135045 364.35724714792025 1823.47604452924 462.2253349643232 1.5032 1.8996 4.0986 41.385608103350044 8.73234589034767 -6.7781 3.0025524356826883 0
CAR 0.0 0 4.3934421028605035 1687.0130338801682 230.89030889028933 1854.4116518657468 395.6689054550602 4.117 3.002 6.0508 51.57252182560856 7.329293042826547 -5.4223 2.9955396327680366 0
CAR 0.0 0 2.7550675593931993 1843.039127981695 217.99716698104925 2154.8775925079044 354.4546135812163 1.4956 1.9016 4.1016 16.22834053070858 -28.92320576366114 -5.6954 1.3251734383817761 0
CAR 0.0 0 -0.3023389434857575 3559.0887167520955 306.67401423875816 4373.791261525107 507.4014458475248 1.8784 2.1996 5.9972 0.8544072217315597 -64.97794175682372 -6.9284 -1.772035088766517 0
CAR 0.0 0 -1.345643087485617 240.03512442248513 322.97497491182384 388.6919270017875 396.28185913178714 1.501 1.901 4.1044 33.816976042726374 51.91822722243523 -8.2531 -2.067370310837955 0
CAR 0.0 0 -0.6331051836480615 -1443.944624185105 428.5724885915723 -484.79962264982726 951.8622245881575 2.6032 2.3432 5.4312 18.18601966464997 12.332841772215799 -6.8554 0.29431898706450293 0
CAR 0.0 0 2.7711367945088066 1946.5217016923527 204.40944846279953 2239.7996387397184 322.74305400491136 1.5038 1.901 4.3724 18.08586595055532 -35.54026324361913 -6.1565 1.324577888427898 0
CAR 0.0 0 4.410547482127069 1750.8956203470393 227.82440012732906 1811.6994565462521 266.887640970458 1.5026 1.8998 4.0992 85.3164 1.1195000000000002 -6.2389 2.977527194182836 0
