CAR 0.0 0 4.391571518365258 1738.7629126815907 247.67681982736156 1827.5138947511077 315.1360950373581 1.9994999999999994 2.0167 6.000200000000007 69.39990649419596 3.708747433358549 -6.3098 2.9767344146944934 0
PEDESTRIAN 0.0 0 2.799285289260294 1032.1852609201694 90.02873064789803 1065.1488107893867 148.06715375828264 1.7 0.6968 0.9282 42.196755782271474 -20.86201593276528 -5.9482 1.3412780209478408 0
CAR 0.0 0 2.728006181167319 1775.182390265516 301.5468016838108 2173.343964054031 487.4571056748074 1.5023 1.898 4.937 13.818246397781103 -24.81277241275021 -6.5925 1.352655634908364 0
CAR 0.0 0 2.6659168300219216 1320.5719576339088 235.11276398346666 1535.8848767855143 363.4683312260719 1.5177 1.898 4.0963 21.930908951873114 -20.028858887391586 -6.7131 1.300287801406882 0
CAR 0.0 0 2.670560572216978 1407.387244187365 311.4168069807438 1744.272396168204 510.3359226973282 1.5541 1.898 4.9169 15.689854664773799 -17.6889673812188 -6.7043 1.352655634908364 0
CAR 0.0 0 -1.5321645863140585 216.79943633118867 440.63153996262133 441.2739247070179 578.1849399949671 1.6474 1.9008 4.0966 22.2131 38.8926 -8.1942 -2.112005731420875 0
CAR 0.0 0 2.7092461041673257 1589.2149871803226 198.38760615833863 1812.8290565308246 301.74250635831413 1.396 1.8974 4.3588 23.23553541580533 -29.50770893354796 -6.6116 1.283436911918509 0
CAR 0.0 0 -1.3293410737387408 357.61578185873253 399.2119176034965 541.8552883763832 514.0708318985705 1.6474 1.9008 4.0966 26.47491717539349 39.43170135203419 -8.1431 -2.112005731420875 0
CAR 0.0 0 1.2804716056699676 472.61837782502573 46.663424381254096 526.3992107169487 91.48622904407745 1.5 1.9032 4.098 69.46868181596915 -4.909563302606081 -6.8759 -0.1539043397097295 0
CAR 0.0 0 4.447398469510841 1666.6571122508083 219.91927855654268 1844.425314755484 392.1889847928608 4.11 3.0032 11.0896 55.07424418615365 7.3696257651662656 -5.5143 3.0458113162218337 0
