CAR 0.0 0 4.030457738071163 1242.7365724582173 638.5328226732878 1443.6801144975334 924.5908883947903 1.5196 1.9044 4.1024 17.845477534057732 16.833620708112527 -7.3259 2.9794319110541143 0
CAR 0.0 0 2.72899990118566 1336.0218957054321 189.81663323879548 1543.4034364791328 311.99424390488645 1.7194 1.8964 4.5202 24.881548404564427 -22.80213055406848 -6.5435 1.329287223154536 0
CAR 0.0 0 1.368187718984478 419.86542509943087 23.702850770412528 466.923695453256 63.123182926005825 1.4992 1.8969 4.0968 78.18270066154162 -2.8312540625992026 -6.5027 -0.10597203456309086 0
CAR 0.0 0 4.195721887716278 1304.6287980042375 412.7090554656628 1410.2750753781636 534.5690741989904 1.5032 1.765 4.3145 32.36515510406676 18.10718462194645 -7.2959 2.9583443922002948 0
PEDESTRIAN 0.0 0 2.8623824950021826 652.9102555250314 138.1016775873887 687.4580304787469 206.26939738390263 1.7 0.6968 0.7192 38.86699579291229 -7.274454178081214 -6.5112 1.5425810858228364 0
PEDESTRIAN 0.0 0 1.3061857150432368 630.8258517451131 141.63805280413004 666.2268380271897 210.90927886248554 1.703 0.6997 0.6969 38.42193319713378 -6.5805424220603586 -6.515 0.0002754820865611407 0
CAR 0.0 0 4.413290803846438 1710.078922828241 258.4327766858455 1845.1892547162379 382.2182392867175 3.487 2.935 2.072 53.11195116769148 6.647542450178807 -5.9211 3.020039438511599 0
CAR 0.0 0 4.423730143070413 1699.0321606975735 234.14848354710034 1856.5903659863977 376.0003540190146 3.8402 3.1746 6.0448 56.49760921085927 6.2414115430941175 -5.7444 3.0211496524281416 0
CAR 0.0 0 4.217102198303703 1484.0811496364763 432.88641644442305 1590.5495365788784 563.1658984001675 1.5032 1.765 4.0984 31.836312429925286 14.387724045154398 -7.2116 2.9583443922002948 0
CAR 0.0 0 3.6436181000707153 604.4664688229873 757.0470062402629 958.511138742784 1151.4521949480047 1.5023 1.8994 4.0966 12.33256735885247 21.885054829947684 -7.6193 2.9443192782087313 0
CAR 0.0 0 2.713424061059524 1298.1877231203177 232.2591669176543 1510.6808584411451 359.6597225207871 1.504 1.9011 4.104 22.15674113154514 -19.573891930070722 -6.6643 1.348911205822196 0
CAR 0.0 0 4.855960088827667 2014.30551208244 -846.5826044575116 2460.884630980043 -579.2880778425092 1.5024 1.8994 4.0966 -16.505710982969493 26.836705841146795 -8.1652 2.9801382716960325 0
CAR 0.0 0 4.36813718943004 1696.947005204844 338.9957615325242 1800.8704451549488 420.7786573214593 1.5032 1.9025 4.0984 47.509324714518215 8.10118412197199 -6.9854 3.0106839122209634 0
CAR 0.0 0 -1.4360861815503512 241.59088965004074 449.46379481567294 463.18735355541077 581.7115581438812 1.5003 1.9029 4.0972 22.292331220521636 38.31850055222656 -8.2755 -2.0415453642998926 0
CAR 0.0 0 1.193306827597815 352.11709930782433 81.13598138341133 419.4752210763939 142.7528080835515 1.4976 1.9118 4.096 54.08619553640554 0.18314835649581762 -6.6302 -0.09725101745847313 0
CAR 0.0 0 1.8636633059396486 -90903.45028274461 -25602.85348322698 72998.86440902615 35577.73466089159 1.498 1.9032 4.0998 2.9575514078273217 19.622650275722897 -7.5598 2.976634614978629 0
CAR 0.0 0 0.8465460893777226 214.27138042006547 117.0632783634904 436.20056718533715 373.5209603831131 4.0935 2.9956 3.2487 29.268322065515978 1.191513320247908 -5.8272 -0.10181084756998215 0
CAR 0.0 0 -1.2679865809895718 381.4883193736154 414.8364787230759 565.3164599985207 527.31310597754 1.4969 1.8793 4.0996 26.145813492728287 38.415031269022144 -8.2924 -2.0604177559563235 0
CAR 0.0 0 1.317725488917527 1836.1466852604656 214.53184444939262 1893.9831830994162 247.8111054003578 1.5038 1.8964 4.0964 99.90977778875013 -5.853178559927329 -6.1955 -0.12990260492156275 0
CAR 0.0 0 0.5392087729776663 171.90462802515546 285.82648223232735 413.49172934820734 516.7933718941484 1.2791 2.9956 7.5691 24.557174438010513 1.781632197065886 -7.1889 -0.11926679817583515 0
CAR 0.0 0 4.381000837371516 1569.4510385445815 306.8090779357374 1646.8837067652516 377.0209342941979 1.507 1.9022 4.2796 51.93028530618276 11.749342646464635 -6.8916 3.019184197912938 0
