CAR 0.0 0 1.807500531880929 -8712.716370777258 1275.9020792234355 -2597.034894077743 3219.3696331416345 1.5196 1.9044 4.1024 10.496483676831957 18.143560159912095 -7.3259 2.9619996004587223 0
CAR 0.0 0 2.7289742899692833 1335.8376400756222 189.819181437819 1543.2003539110303 312.0008047194083 1.7194 1.8964 4.5202 24.882548310575952 -22.79719192504667 -6.5435 1.329287223154536 0
CAR 0.0 0 1.3979230414572867 435.3656437230463 13.253399378534695 478.73569878071476 48.73528140892255 1.4992 1.8969 4.0968 85.49088822491153 -3.885711332319297 -6.5027 -0.10597203456309086 0
CAR 0.0 0 4.0952001910366285 1158.109734121525 490.6360432583517 1307.5977762549546 663.8772578793562 1.5032 1.765 4.3145 24.391848397607184 19.497640383618883 -7.2959 2.9583443922002948 0
PEDESTRIAN 0.0 0 2.8624059320971362 653.6613007138774 138.2593298080314 688.2187539027311 206.46664792239963 1.7 0.6968 0.7192 38.83438232794911 -7.28985865521451 -6.5112 1.5425810858228364 0
PEDESTRIAN 0.0 0 1.3068374086449448 630.8890939308798 141.18197822882448 666.3118233017564 210.49919751904656 1.7028 0.6996 0.6969 38.39805661991562 -6.57998084695154 -6.4993 0.0002754820865611407 0
CAR 0.0 0 4.4132570487910225 1709.6702826873154 258.4188726871285 1844.7391748469001 382.20188455325314 3.487 2.935 2.072 53.10743129355737 6.660966188410224 -5.9211 3.020039438511599 0
CAR 0.0 0 4.423732845003222 1698.9846783158193 234.13902437177853 1856.5226512806266 375.97961185080095 3.8402 3.1746 6.0448 56.50068898208502 6.242697529900897 -5.7444 3.0211496524281416 0
CAR 0.0 0 4.141836139107669 1392.1094001920592 509.98604597794406 1524.3617090588818 691.1492441667441 1.5032 1.765 4.0984 24.7290613464262 15.70523629371711 -7.2116 2.9583443922002948 0
CAR 0.0 0 4.859603789544357 -54724.75541423575 -108603.29051524722 297492.8769802918 21912.219647806247 1.5023 1.8994 4.0966 3.9446561557921687 23.48066801300334 -7.6193 2.961467705816278 0
CAR 0.0 0 2.7115832006589784 1289.19159635768 232.78817541728165 1501.0472657792857 360.6035256964219 1.504 1.9011 4.104 22.169682376651213 -19.338890318434824 -6.6643 1.348911205822196 0
CAR 0.0 0 4.368101876801654 1696.9456657248688 339.0501756620392 1800.8962382311672 420.85968302639725 1.5032 1.9025 4.0984 47.49764513931173 8.102589294903453 -6.9854 3.0106839122209634 0
CAR 0.0 0 -1.436127290513431 241.53093767220358 449.41904098712007 463.109042886134 581.6433388228838 1.5003 1.9029 4.0972 22.29454193356559 38.32278589844705 -8.2755 -2.0415453642998926 0
CAR 0.0 0 1.269437508522733 382.97925873974714 59.71038853813439 441.87742843106327 112.24702660065424 1.4976 1.9118 4.096 61.53621386305712 -0.8817114753221873 -6.6302 -0.09725101745847313 0
CAR 0.0 0 4.901638769711683 2816.253550305051 -1783.8104363144948 4193.981144982014 -916.5886654849705 1.498 1.9032 4.0998 -6.234755308470401 21.412138755777427 -7.5598 2.976634614978629 0
CAR 0.0 0 1.1074294850943107 317.97777842548595 61.553835272442754 473.260557312329 246.95084812755243 4.0935 2.9956 3.2487 39.73265962875357 -0.15930214708531398 -5.8272 -0.10181084756998215 0
CAR 0.0 0 -1.2688723827568968 380.0032722952126 414.25339337521916 563.6909508844528 526.45569551967 1.4969 1.8793 4.0996 26.176932435515347 38.49093237914995 -8.2924 -2.0604177559563235 0
CAR 0.0 0 1.3220491402976382 1828.0939131527512 206.53606859173948 1880.8807449829603 236.83432700762162 1.5038 1.8964 4.0964 108.0278332989074 -6.953350777234251 -6.1955 -0.12990260492156275 0
CAR 0.0 0 0.9039024988394986 311.3269667415025 184.55346489377163 469.5024542576005 317.0525878546228 1.2791 2.9956 7.5691 35.034376184225245 0.33527349433512565 -7.1889 -0.1018108475699821 0
CAR 0.0 0 4.343853298710032 1563.7009757831402 333.60684249360185 1651.9208957774135 416.9665896845781 1.507 1.9022 4.2796 45.51465378436499 12.181927965368057 -6.8916 3.0017309053929946 0
WHEELER 0.0 0 0.8863520742552314 1085.6458188172485 440.16151401344274 1216.8367891840467 616.9685145581019 1.7 0.8486 1.7004 14.0221 -8.8842 -6.8841 -0.254989024837602 0
CAR 0.0 0 4.369791014610661 1552.9264539227327 259.2401083778202 1607.8661980769884 307.87799383847135 1.4996 1.897 4.6335 70.165 11.7108 -7.1148 2.9762034608200607 0
CAR 0.0 0 4.068396438562029 1655.0760443379402 69.29843006601978 1788.2743508947676 123.96440821120375 1.504 1.9012 4.1042 40.0249 -49.9584 -5.6589 2.5532393466111407 0
