CAR 0.0 0 2.9343360587880847 1432.0943794863786 323.6093053488459 1708.6851590207925 515.3902378670776 1.551 1.9022 4.6956 21.417862214222495 -26.22271264557462 -6.4702 1.623546125928737 0
CAR 0.0 0 2.9404961850399114 1352.6825424147955 213.85650427882652 1516.204296261125 323.42486682930604 1.5 1.8998 4.0998 31.406797957931147 -28.39392574537866 -6.555 1.5540367973984677 0
CAR 0.0 0 2.9727533821699064 1784.875506855056 319.73209696364097 2125.2400820569483 494.3041727675244 1.5 2.037 4.3995 21.581330289600704 -33.23979127009818 -6.4402 1.6063940518724338 0
CAR 0.0 0 -1.0520102500008277 340.54615659036244 411.9260001000264 548.2257113725104 525.1720095631149 1.5999 1.899 4.0996 15.659286474401302 31.549957104029545 -7.4486 -1.814376792617349 0
CAR 0.0 0 -1.0885084561118332 279.1517823770717 375.77112216034493 465.5014439844382 466.6537871380816 1.5 1.899 4.0996 16.880291082591466 37.439364150086085 -7.4503 -1.815035752896246 0
CAR 0.0 0 2.9183719025940076 1346.7397482950132 239.2094123096327 1529.4021239326355 364.9253969386086 1.5 1.8998 4.0998 28.064225151735986 -26.958613946692143 -6.4052 1.55373295563943 0
CAR 0.0 0 2.9939267753151886 1605.5561617396804 203.2519544461491 1798.5954401140543 307.91685589275676 1.5 1.8998 4.0998 31.965163783657445 -35.38012441284433 -6.4191 1.5714874523490754 0
CAR 0.0 0 -1.3335074008530503 132.16682663304277 409.57826337003246 349.1295849676792 517.3555359970361 1.553 1.899 4.0996 12.877154634605619 36.23256192292593 -7.6325 -1.8150357528962455 0
CAR 0.0 0 -1.2491886249279331 180.79134944408784 456.3454725501428 430.6431901443653 595.5502568876484 1.6483 1.8736 4.0995 11.536766720760339 29.82725630267748 -7.5421 -1.7794770025999547 0
CAR 0.0 0 -1.4398824376985793 61.521065847111075 341.26047342191896 235.50537775058012 416.195219400635 1.4996 1.899 4.0996 15.249921989412503 48.62475714792863 -7.6 -1.8150357528962455 0
CAR 0.0 0 -1.5806003431091937 1510.354060889848 315.0171289118806 1621.409698649944 388.1000550591689 1.4954 1.9024 4.0993 43.956111099007906 14.205896624131395 -6.0972 -2.931490519625712 0
CAR 0.0 0 1.7110800416060095 405.72988834379487 -41.156998986756 522.7186654713404 62.07896390820337 4.1525 3.0019 10.9977 80.68981319547393 4.287149371612232 -4.8941 0.15668156196939406 0
CAR 0.0 0 3.0185575797354733 2084.4792798562753 267.97725709773175 2599.9272425875274 488.4473296826966 1.9996 2.198 5.9958 22.014583512727768 -40.63038378081798 -6.0941 1.6063940518724342 0
CAR 0.0 0 -1.0158823158889403 471.52882423930384 426.1240354332032 803.3190372946422 962.3662393835222 2.008 2.2032 5.9814 12.64828392543841 -12.668314926945024 -5.3721 -1.798256855145946 0
CAR 0.0 0 -1.6179576177006314 1615.607724043185 339.7754013167932 1729.9090348039294 420.2497304169733 1.5018 1.9004 4.0996 43.221693416964605 10.910040964860814 -6.4196 -2.9663937196666668 0
CAR 0.0 0 -0.2573134112883617 1778.3569385589783 533.2280125446662 2325.7494693989147 872.193732571831 1.4988 1.8988 4.4506 13.08348393650818 -27.187717432330363 -6.6137 -1.4981035976588846 0
PEDESTRIAN 0.0 0 2.7842402409867737 616.2029359408107 128.5043103458565 649.8464334549274 195.99231617353007 1.7 0.7049 0.6977 41.3725 -8.848 -6.0007 1.463938363012554 0
CAR 0.0 0 3.00505209768448 1803.5180049411952 269.7437060116172 2080.063466147712 408.4599438149179 1.496 1.899 4.1016 25.09161809242608 -35.93632852270079 -6.3787 1.6063940518724338 0
CAR 0.0 0 -2.8697862813313697 -395.3586601823714 332.9022621343436 -26.96758713942002 534.204100684268 1.5312 1.8982 4.1041 21.681230624835628 0.97588492886718 -6.3594 -2.435526110441061 0
CAR 0.0 0 -1.5751746543873566 1713.7833570817331 428.02059264798413 1875.5391436543173 561.4948946254096 1.4975 1.9044 4.1025 30.542098955620176 5.8781689541506275 -6.2146 -2.8791369132868367 0
CAR 0.0 0 2.1677456813203513 1064.738395710489 -801.9008051691935 1228.0595424088199 -589.6326202168341 1.496 1.899 4.1016 -29.14295063193766 -7.827865870009461 -8.3294 0.053095977228740515 0
CAR 0.0 0 2.062342464061264 966.2455632676407 -527.9488348800737 1053.6306544077736 -421.2961462586301 1.496 1.899 4.1016 -44.99202743147683 -8.066927269960194 -8.355 0.05309597722874054 0
CAR 0.0 0 -1.37353547378885 98.63377459868443 368.87659063824725 288.92160026659576 455.2040222847236 1.4982 1.899 4.1016 14.3584 42.8622 -7.6255 -1.8150357528962455 0
