CAR 0.0 0 2.716328136309709 1774.2808820831572 301.51610044013586 2172.248184377728 487.41610691801645 1.5023 1.898 4.937 13.825266868985034 -24.797415869422302 -6.5925 1.3410568121408173 0
CAR 0.0 0 2.6526848770392584 1308.6961318996462 234.8849865522536 1522.4632667211872 363.2485379625949 1.5177 1.898 4.0963 22.02842743320634 -19.774854076663072 -6.7131 1.2886889732761388 0
CAR 0.0 0 2.6592626395355676 1406.8141939218863 310.8816240019906 1743.0352483172624 509.3766620050563 1.5541 1.898 4.9169 15.722248302022884 -17.702498387710182 -6.7043 1.3410568121408173 0
CAR 0.0 0 -1.5171790352315715 214.74056529776578 440.3402715526554 439.3085718832518 577.7521731006833 1.6474 1.9008 4.0966 22.212517471205942 38.95060088191414 -8.1942 -2.0945507560978047 0
CAR 0.0 0 2.696823598315614 1587.467526145709 198.4735185249471 1810.9894067387706 301.89396733303033 1.396 1.8974 4.3588 23.239515739433738 -29.45155709497768 -6.6116 1.2712330420857871 0
CAR 0.0 0 -1.2867942013579516 363.6856403161817 397.95030158449276 546.509943071812 512.1029538027437 1.6474 1.9008 4.0966 26.647844904375873 39.41924728422371 -8.1431 -2.077097463577861 0
CAR 0.0 0 4.3740630336139015 1672.2216680491451 223.34633292321382 1858.3851245723224 402.6186659735289 4.11 3.0032 11.0896 53.47875285835822 7.333674176093802 -5.5143 2.975170838212328 0
PEDESTRIAN 0.0 0 2.8083907889014394 668.6415194711644 117.09793796967944 703.7353359901198 185.13209365379439 1.7 0.6968 0.9282 39.731091561185636 -7.9416321312825175 -6.1004 1.4538021921240933 0
CAR 0.0 0 4.339638302353839 1471.8705765469851 326.7019155480657 1543.338096742841 400.2824209527047 1.5021 1.9038 4.0982 48.74853873710137 14.886036924467454 -7.3727 3.0046951467276104 0
CAR 0.0 0 4.390487173840987 1731.2340291032426 248.21809073569364 1819.5862616880204 316.13312505099873 1.9994999999999994 2.0167 6.000200000000007 68.8817623449171 4.091445409134138 -6.3098 2.9767344146944934 0
CAR 0.0 0 1.779073969344997 1335.1869774328734 493.43639483162355 1472.2798896648846 677.8574049538772 1.7 1.8454 4.0952 25.185593185874524 16.60671158287378 -7.2475 0.5996059166407317 0
CAR 0.0 0 4.429971027718887 1676.7954625350292 251.14162194533773 1853.4572655324898 423.7980306618697 3.9074 3.0032 5.6574 47.40806847840283 8.098801171280044 -5.6171 3.0458113162218337 0
