CAR 0.0 0 2.7246228060198616 1777.383787537606 301.1859193794726 2175.4590506197837 486.776964942109 1.5023 1.898 4.937 13.823804979024173 -24.879131644143577 -6.5925 1.3488135988365393 0
CAR 0.0 0 2.6567218102806214 1320.594561749385 235.02434899605066 1535.8421750409657 363.3282225472823 1.5177 1.898 4.0963 21.93831917972601 -20.034898930942937 -6.7131 1.2910181249559243 0
CAR 0.0 0 2.6559722255692453 1406.1849203892043 311.82543059598225 1743.2693936573257 511.0947161994275 1.5541 1.898 4.9169 15.67451182307852 -17.648988298563744 -6.7043 1.3385813619489222 0
CAR 0.0 0 -1.4708753447533964 211.1000048234634 440.735540358433 436.3827218675498 578.4056494137892 1.6474 1.9008 4.0966 22.154663204724994 38.98422741696271 -8.1942 -2.043220920331697 0
CAR 0.0 0 2.721111085008075 1589.368077291647 198.49573096152224 1813.0961703375497 301.90738464385754 1.396 1.8974 4.3588 23.223130482632346 -29.500236529623233 -6.6116 1.2953621165572875 0
CAR 0.0 0 -1.3032173197476924 351.0020960031928 399.9626398768723 536.4373435757334 515.2721072091043 1.6474 1.9008 4.0966 26.340441076351063 39.498854494144915 -8.1431 -2.078132818304195 0
CAR 0.0 0 0.8853572822501121 351.6859416085197 56.403698851899996 550.0267487738682 340.4350190304258 4.11 3.0032 11.0896 33.639278526529075 -1.113954372298565 -5.5143 -0.29496380178596543 0
CAR 0.0 0 1.323491358957468 432.79166633014046 54.19133309311073 589.0322219341352 245.91782714530868 3.9074 3.0032 5.6574 38.843661233950655 -2.9845992879098215 -5.6171 0.028508691273787218 0
CAR 0.0 0 4.339522442724047 1688.7331133889484 289.38332209353865 1822.1296528390646 407.8863738962993 2.3536 2.2034 4.7012 45.20404887900959 8.581717451134951 -5.6925 2.9635855357074967 0
CAR 0.0 0 2.7857173495937495 2090.3784389956695 250.2171859469228 2635.19417236395 465.93390041095444 1.9972 2.1978 5.9954 12.238444697225399 -32.619740741476875 -6.1821 1.3630240930533906 0
CAR 0.0 0 2.756677102137753 1660.4476626258818 256.70371796547624 1944.9665402888145 398.44991909232607 1.4974 1.8977 4.0982 17.30531257112046 -25.232564203096533 -6.4838 1.3642834977290486 0
CAR 0.0 0 4.345419527595316 1708.5250312654252 302.1071023806347 1800.172102546604 370.3175417224519 1.5036 1.8952 4.097 54.29795614355682 6.997174338401084 -6.6445 2.9635237234090614 0
CAR 0.0 0 -3.635887485424173 -613.4879812049469 260.66764046883617 -164.1289170589359 559.944940518168 2.5368 2.1676 5.7104 25.35770923213717 10.827280333150007 -6.6447 -2.896466164308052 0
CAR 0.0 0 4.363842599725442 1718.480750936176 274.23953891301346 1798.1123734337825 330.90212002825785 1.5128 1.9018 4.1024 63.105408051226945 5.544931508239549 -6.5594 2.9631082532858892 0
CAR 0.0 0 4.303037640155421 1480.746203269398 320.9478054167383 1552.7766001370828 394.3116257170881 1.5022 1.9049 4.1038 48.751581258525654 14.646434143355261 -7.16 2.9631096288826786 0
PEDESTRIAN 0.0 0 2.6773454924531377 624.4612148519094 131.60250790985157 661.1174543649624 201.68640233347458 1.7526 0.7308 0.855 39.73281862710219 -6.648404103123134 -6.4758 1.3596365322624513 0
CAR 0.0 0 4.221039269148992 1636.902604305567 409.36168562953236 1762.6463153907116 530.1256208929673 1.4954 1.7998 4.3147 35.42138461557009 10.888613500548422 -7.0466 2.9189766563382338 0
CAR 0.0 0 2.6873171033905887 1324.1199869074098 202.306711739851 1515.8448519301487 311.9148589119047 1.4974 1.8976 4.0982 24.9055 -22.3032 -6.6735 1.2944598052176606 0
CAR 0.0 0 2.7897896056203293 2060.5105186927153 249.13090572614428 2387.6135713663593 382.7178629333176 1.4878 1.9007 4.104 14.928280467903708 -34.46862228980903 -6.404 1.3590267776864635 0
