CAR 0.0 0 2.7245506459728253 1777.188683658855 301.2696864573447 2175.3382387485776 486.9299183376949 1.5023 1.898 4.937 13.820612325139216 -24.8698128766334 -6.5925 1.3488135988365393 0
CAR 0.0 0 2.6566486112689045 1320.7938884293242 235.15277126988758 1536.163151832604 363.5289862642333 1.5177 1.898 4.0963 21.926031051043324 -20.031371447819833 -6.7131 1.2910181249559243 0
CAR 0.0 0 2.6559714628651743 1406.1829829074522 311.8260004352753 1743.2676847726523 511.0957787410856 1.5541 1.898 4.9169 15.674491935165172 -17.648927890430578 -6.7043 1.3385813619489222 0
CAR 0.0 0 -1.4709670030842448 211.09859450251483 440.8653619981376 436.45994751632975 578.6080420991591 1.6474 1.9008 4.0966 22.146570342169337 38.974420352186286 -8.1942 -2.043220920331697 0
CAR 0.0 0 2.7210352005350344 1589.8635453016366 198.67226844485646 1813.801884625562 302.1739285328131 1.396 1.8974 4.3588 23.201079745557568 -29.494640658266515 -6.6116 1.2953621165572875 0
CAR 0.0 0 -1.303064750256771 351.3641577073252 400.18680341343696 536.8835986202387 515.6081015199354 1.6474 1.9008 4.0966 26.325562554606837 39.47227376826526 -8.1431 -2.078132818304195 0
CAR 0.0 0 0.8335046705667298 341.58184469909 59.275902115867844 545.8172197560152 351.2268070480314 4.11 3.0032 11.0896 32.94674342994588 -0.9544910184779614 -5.5143 -0.32987022848437275 0
CAR 0.0 0 1.3191702073070806 432.97771581577433 55.807087721269916 590.9355619782506 249.8790944911944 3.9074 3.0032 5.6574 38.39940828395497 -2.97317273334553 -5.6171 0.028508691273787218 0
CAR 0.0 0 4.340304287058109 1689.1932800447685 288.37794757344733 1821.811527035638 406.0234041783423 2.3536 2.2034 4.7012 45.47365621205112 8.538596147096612 -5.6925 2.9635855357074967 0
CAR 0.0 0 2.7856748772800985 2091.559883797717 250.44739543402846 2637.09735703705 466.3829042202519 1.9972 2.1978 5.9954 12.217580500117773 -32.621516835145734 -6.1821 1.3630240930533906 0
CAR 0.0 0 2.7576231997793967 1669.8610237922908 256.7778134613296 1955.5961783951202 398.4510097184383 1.4974 1.8977 4.0982 17.240084347973326 -25.428556903011565 -6.4838 1.3642834977290486 0
CAR 0.0 0 4.345827168059788 1704.4106438944189 300.760713338513 1794.9625307906279 368.3845671004506 1.5036 1.8952 4.097 54.60103080242452 7.095133282760786 -6.6445 2.9635237234090614 0
CAR 0.0 0 -3.670361379964697 -597.2734196072369 254.34597601455462 -159.7640704068188 545.9227724438053 2.5368 2.1676 5.7104 25.841285001638877 10.897685765989866 -6.6447 -2.9313504087307924 0
CAR 0.0 0 4.364389899085253 1718.95792669098 273.4668727091134 1798.224842353988 329.7833644912901 1.5128 1.9018 4.1024 63.422578240872184 5.485866259805471 -6.5594 2.9631082532858892 0
CAR 0.0 0 4.3030663988170375 1480.6293417369834 320.88563170227746 1552.6348947551185 394.2221442804572 1.5022 1.9049 4.1038 48.76391631377946 14.650181161868682 -7.16 2.9631096288826786 0
PEDESTRIAN 0.0 0 2.677569467542275 624.6564775716537 131.51146513970605 661.2953098470222 201.56606129537266 1.7526 0.7308 0.855 39.748347124334515 -6.656430619937899 -6.4758 1.3596365322624513 0
CAR 0.0 0 4.223581405966849 1641.0534657830763 406.5812749345025 1766.1373434389918 525.64707287297 1.4954 1.7998 4.3147 35.82247867455823 10.760567128361007 -7.0466 2.9189766563382338 0
CAR 0.0 0 2.6873171033905887 1324.1199869074098 202.306711739851 1515.8448519301487 311.9148589119047 1.4974 1.8976 4.0982 24.9055 -22.3032 -6.6735 1.2944598052176606 0
CAR 0.0 0 2.791371710910677 2069.2574075520847 247.27215335037238 2395.0930783609456 379.606566962033 1.4878 1.9007 4.104 14.987711658031834 -34.877255676927895 -6.404 1.3590267776864635 0
