CAR 0.0 0 2.7245777061523397 1776.028301805786 301.01908869658826 2173.656742632152 486.4993848014041 1.5023 1.898 4.937 13.840670823037838 -24.864013339581884 -6.5925 1.3488135988365395 0
CAR 0.0 0 2.656716446397403 1321.2864113124472 235.16132337114018 1536.7190831121854 363.53668663910264 1.5177 1.898 4.0963 21.92206242865427 -20.041963335562063 -6.7131 1.2910181249559243 0
CAR 0.0 0 2.655971340503519 1406.1761586262965 311.8245790107093 1743.258099072415 511.0933133798143 1.5541 1.898 4.9169 15.674607878342051 -17.648867667797756 -6.7043 1.3385813619489222 0
CAR 0.0 0 -1.4696511199250704 212.00432412109947 440.67525434760336 437.1322972757503 578.3023783508531 1.6474 1.9008 4.0966 22.166657458691986 38.97301400610129 -8.1942 -2.043220920331697 0
CAR 0.0 0 2.7214487812371964 1590.2367939020464 198.5630762332983 1814.111553663205 302.0016212332632 1.396 1.8974 4.3588 23.209682993887377 -29.51636014319859 -6.6116 1.2956667494353806 0
CAR 0.0 0 -1.3034760814921198 350.32277743289166 399.51469601826244 535.5844761940083 514.600423108706 1.6474 1.9008 4.0966 26.370705469320285 39.55119612954103 -8.1431 -2.078132818304195 0
CAR 0.0 0 1.322191660144248 395.02988127202036 10.817456941735259 528.8680990887143 187.98083804293702 4.11 3.0032 11.0896 49.6781755815621 -2.2340132269141506 -5.5143 -0.05062830928862411 0
CAR 0.0 0 4.352159048403438 1662.7786314071934 339.6614862953819 1835.0426742496045 504.32730201753157 2.3536 2.2034 4.7012 34.6923521057779 10.327855036769122 -5.6925 3.0162887562482816 0
CAR 0.0 0 2.7857487744595284 2089.376815816115 250.03035155870973 2633.599074129879 465.57052949025984 1.9972 2.1978 5.9954 12.25566945412517 -32.61737946673703 -6.1821 1.3630240930533906 0
CAR 0.0 0 2.741718726824211 1542.3996964539112 258.8718751799065 1814.4056430107748 403.4854327911081 1.4974 1.8977 4.0982 17.903444317474452 -22.583463402371013 -6.4838 1.3642834977290486 0
CAR 0.0 0 4.342088795252755 1696.0301954994025 331.81737711721775 1801.9249875833625 414.7046558706488 1.5036 1.8952 4.097 46.60825926934751 8.302598347128983 -6.6445 2.9809770159290045 0
CAR 0.0 0 -1.8461530555841348 53.79571179081374 442.6736951483689 425.1118240692192 990.7297660125724 2.5368 2.1676 5.7104 13.453297981559668 1.5368962222821665 -6.6447 -2.215990533017618 0
CAR 0.0 0 4.34946266611864 1710.5957408383247 295.17013726972453 1800.5291774989018 361.4571009019696 1.5128 1.9018 4.1024 55.641464280612276 6.773920134651783 -6.5594 2.9631082532858892 0
CAR 0.0 0 4.302905765584075 1479.6840568911507 320.91738085344383 1551.683001616593 394.2773597473561 1.5022 1.9049 4.1038 48.7396214108999 14.678607098962377 -7.16 2.9631096288826786 0
PEDESTRIAN 0.0 0 2.6770123330149493 624.5879325750342 131.83419040728452 661.2786941571231 201.98778646644658 1.7526 0.7308 0.855 39.68933919473739 -6.645092160521718 -6.4758 1.3596365322624513 0
CAR 0.0 0 -3.443777472526069 -514.2722725307615 368.82182425966175 -159.65241527936436 601.1925842698637 1.4954 1.7998 4.3147 22.679073514279978 9.601767033233486 -7.0466 -2.852498802827445 0
CAR 0.0 0 2.7725340100292124 1859.433433290671 252.7070371134707 2167.9941960215574 391.05650708863834 1.4878 1.9007 4.104 16.045294488731162 -29.56288216011061 -6.404 1.3590267776864633 0
CAR 0.0 0 2.6878818755314473 1332.0672975196937 202.90427710782947 1525.042350832162 312.7477069042299 1.4974 1.8976 4.0982 24.786713414712498 -22.457489007678245 -6.6735 1.2944598052176606 0
