CAR 0.0 0 4.882590745326935 2987.073297410134 -1973.0276904461703 4657.095469735407 -949.2184359787165 1.5196 1.9044 4.1024 -5.143607928243144 21.08865727595096 -7.3259 2.9619996004587223 0
CAR 0.0 0 2.72881710699111 1335.7860160373516 190.00149245327387 1543.3001744606117 312.29779710241985 1.7194 1.8964 4.5202 24.86267747778108 -22.780757751429995 -6.5435 1.329287223154536 0
CAR 0.0 0 1.3400354663623248 1839.3901670452328 218.18442992963156 1896.4141878210062 250.9864445935701 1.4992 1.8969 4.0968 101.58089874421862 -6.429272106103548 -6.5027 -0.10597203456309086 0
CAR 0.0 0 4.907173021107908 -16293.95596811359 -45044.5361944242 113875.5282173021 4694.589848784982 1.5032 1.765 4.3145 7.084088566897879 22.720964309204412 -7.2959 2.975791357899945 0
PEDESTRIAN 0.0 0 2.8625495265546115 653.370921193491 138.10112355867088 687.9105764537416 206.26528828897142 1.7 0.6968 0.7192 38.864094998005875 -7.286959686890151 -6.5112 1.5425810858228364 0
CAR 0.0 0 4.413248652854325 1709.5881859510866 258.4182777441542 1844.6508665261915 382.2027665365266 3.487 2.935 2.072 53.10574305414427 6.663760058781129 -5.9211 3.020039438511599 0
CAR 0.0 0 4.423750011523586 1698.9525138298152 234.1141224478624 1856.4501936199642 375.92167640018835 3.8402 3.1746 6.0448 56.51135862093447 6.242554694170962 -5.7444 3.0211496524281416 0
CAR 0.0 0 1.7720434285538795 -28634.775230449726 1794.5729081020734 -3809.1154240994883 10002.299428910685 1.5032 1.765 4.0984 8.456061018181657 18.756552293151262 -7.2116 2.958648780373742 0
CAR 0.0 0 4.8362512640711595 2156.4659260233934 -868.8978265345163 2676.9064999631773 -575.6503701138075 1.5023 1.8994 4.0966 -14.231331550507551 26.881771703501936 -7.6193 2.978920720091531 0
CAR 0.0 0 2.7116957409312974 1290.445750973401 232.8911834062858 1502.525078661945 360.7517639558532 1.504 1.9011 4.104 22.152583703793606 -19.360853478675594 -6.6643 1.348911205822196 0
CAR 0.0 0 4.368036308767907 1696.9352671275622 339.1496440455306 1800.934535431121 421.0078940955275 1.5032 1.9025 4.0984 47.476166382037775 8.105403518376637 -6.9854 3.0106839122209634 0
CAR 0.0 0 -1.4361245095873483 241.53491878972017 449.4219443902788 463.1142032280558 581.6477635928954 1.5003 1.9029 4.0972 22.294399331590224 38.322506251610314 -8.2755 -2.0415453642998926 0
CAR 0.0 0 1.3440749292493273 400.29638166778597 6.624614904609128 499.38600805073133 126.00436038566934 4.0935 2.9956 3.2487 60.72340526865206 -2.468978298077973 -5.8272 -0.08435490020333669 0
CAR 0.0 0 -1.269529761169745 379.43002239813114 414.336593248427 563.2292730938811 526.5852039369179 1.4969 1.8793 4.0996 26.164204550972155 38.49562254418711 -8.2924 -2.0604177559563235 0
CAR 0.0 0 1.3294538502103699 1815.7026216090426 193.1312564295488 1860.316148007118 218.59765352487776 1.5038 1.8964 4.0964 125.17876918647963 -9.360270026538373 -6.1955 -0.12990260492156275 0
CAR 0.0 0 1.2296282360433741 404.42449455182344 86.62383808560885 503.06766536274694 153.31573572534896 1.2791 2.9956 7.5691 56.03297189179091 -2.07246500580937 -7.1889 -0.08435490020333661 0
CAR 0.0 0 4.206129062314051 1468.4587167728082 429.18196359403703 1587.5923023335422 568.808094561751 1.507 1.9022 4.2796 30.49953174034741 14.640236020108205 -6.8916 2.949371027833165 0
PEDESTRIAN 0.0 0 1.3075082694283389 631.9166271414402 140.9679545372133 667.3512523956807 210.33835060236538 1.7028 0.6996 0.6969 38.360948539743674 -6.603352948582751 -6.489 0.0002754820865611407 0
WHEELER 0.0 0 1.0334082257740596 924.7716687716268 260.2832619030201 999.2291902769151 373.5041548987134 1.7 0.8486 1.7004 23.5153 -10.0358 -6.727 -0.22008022927189153 0
CAR 0.0 0 4.316118260650703 1451.121278756715 313.9223407789248 1520.8433053075662 387.6938609009429 1.4996 1.897 4.6336 49.443369598165106 15.578320292585097 -7.133 2.9762034608200607 0
CAR 0.0 0 2.815021326665746 2729.7930143657914 218.50502694399242 3115.8150967990573 336.5499901390028 1.498 1.8978 4.2058 10.84026035846841 -52.960090325071775 -6.0071 1.338150923885777 0
CAR 0.0 0 4.3003202627737265 1588.3615246125048 319.579554844318 1670.5533460879335 392.84491916121397 1.4972 1.8964 4.1876 50.30984972033559 11.180487684778265 -7.046 2.9442272823651887 0
