CAR 0.0 0 4.1077631319883 1333.378146782739 567.1495904004906 1495.633463890083 791.1393894838629 1.5196 1.9044 4.1024 21.408116923020508 16.1786101344097 -7.3259 2.9794319110541143 0
CAR 0.0 0 2.7293078560190214 1338.3344836420463 189.80031287999972 1545.965730719678 311.93735520120794 1.7194 1.8964 4.5202 24.8672551800061 -22.86283451418949 -6.5435 1.329287223154536 0
CAR 0.0 0 1.350380584695508 410.5099874368712 29.619951240316084 459.62128034761724 71.3283557467297 1.4992 1.8969 4.0968 74.56778284731129 -2.2824314359586624 -6.5027 -0.10597203456309086 0
CAR 0.0 0 4.228548911328982 1358.6134567551956 385.2099433698627 1450.2273567314676 491.0888243104403 1.5032 1.765 4.3145 36.3138054993889 17.329695649591745 -7.2959 2.9583443922002948 0
PEDESTRIAN 0.0 0 2.8619865660779467 652.5144191385598 138.26268241652778 687.0923831680027 206.4794161717321 1.7 0.6968 0.7192 38.84125606900922 -7.258684942029212 -6.5112 1.5425810858228364 0
PEDESTRIAN 0.0 0 1.306141868696616 629.9084671147771 141.44216500949466 665.2976977770734 210.66425647780352 1.703 0.6997 0.6969 38.461397504474 -6.561618893159462 -6.515 0.0002754820865611407 0
CAR 0.0 0 4.413297116532203 1710.3325948862857 258.46136638429397 1845.4878509391315 382.26622904859215 3.487 2.935 2.072 53.10767401536572 6.640092911658362 -5.9211 3.020039438511599 0
CAR 0.0 0 4.423775517380518 1699.0834030770384 234.10045267244797 1856.5797029441428 375.8845433161286 3.8402 3.1746 6.0448 56.52131447137977 6.236828601564868 -5.7444 3.0211496524281416 0
CAR 0.0 0 4.242354778926498 1513.9549154975375 405.39577741215714 1612.3616476316301 519.6098864428507 1.5032 1.765 4.0984 35.26589846091369 13.762268088436118 -7.2116 2.9583443922002948 0
CAR 0.0 0 3.844957068099715 856.4666960995977 648.8480244143655 1107.8421189735705 933.35960577158 1.5023 1.8994 4.0966 16.17342561499382 21.17324998251364 -7.6193 2.94462395735657 0
CAR 0.0 0 2.7139930706835167 1302.7956742458787 232.43490570251745 1515.9549993791532 359.88330379219985 1.504 1.9011 4.104 22.111355976223233 -19.66706079876323 -6.6643 1.348911205822196 0
CAR 0.0 0 4.8649720576988305 2298.8124621904553 -1051.327801351125 2932.063070259353 -676.3349713397724 1.5024 1.8994 4.0966 -12.337422622120329 26.082486500829148 -8.1652 2.9801382716960325 0
CAR 0.0 0 4.368038568917412 1696.9309870659129 339.14529632729483 1800.9275874108748 421.0014675330306 1.5032 1.9025 4.0984 47.477019742062986 8.105427837527875 -6.9854 3.0106839122209634 0
CAR 0.0 0 1.3153001293183952 1840.5594916012453 219.03228916343505 1901.2836155385367 254.0254271110725 1.5038 1.8964 4.0964 95.85348602351472 -5.296922648210434 -6.1955 -0.12990260492156275 0
CAR 0.0 0 -1.4361344804567633 241.51817249145284 449.407397295204 463.0911354194068 581.6255629769123 1.5003 1.9029 4.0972 22.29514289095879 38.323851437300796 -8.2755 -2.0415453642998926 0
CAR 0.0 0 1.1422068501852078 332.0834579899739 94.36478990374529 405.3160040009903 161.85032241362512 1.4976 1.9118 4.096 50.30552663541526 0.729126940669004 -6.6302 -0.09725101745847313 0
CAR 0.0 0 1.8635390683029072 -79084.95852812364 -27590.227897772824 75220.3093350612 32531.971739043747 1.498 1.9032 4.0998 6.747390148382187 18.806418624042827 -7.5598 2.976634614978629 0
CAR 0.0 0 0.5980278879186078 118.140084909132 164.5016802902626 403.7872314528217 485.0839381611887 4.0935 2.9956 3.2487 23.79428795937156 1.9044080123510319 -5.8272 -0.11926679817583517 0
CAR 0.0 0 -1.2695071748779976 379.4044539646446 414.28934118004986 563.1812523249753 526.5148643547047 1.4969 1.8793 4.0996 26.167727860243094 38.49990796523891 -8.2924 -2.0604177559563235 0
CAR 0.0 0 0.27624993946223564 26.54159428057278 374.82546883674206 363.4057997332208 724.82718007209 1.2791 2.9956 7.5691 19.023731828889886 2.5123642545760108 -7.1889 -0.11926679817583515 0
CAR 0.0 0 4.392902423158088 1598.9788443081718 295.28106887523774 1674.4306550155623 359.85407376384387 1.507 1.9022 4.2796 55.8641 10.5318 -6.8916 3.0191841979129377 0
