CAR 0.0 0 4.461406338961595 1561.5245572683125 327.14812203762347 1652.639488964934 413.9667346731749 1.7 2.0096 4.0382 46.2951 12.1536 -6.8888 3.11655435550722 0
CAR 0.0 0 -0.3304816039095446 1147.0123217535074 187.3324082266689 1234.242638416625 262.89941002822195 3.1128 3.0226 6.773 72.9264 30.9305 -5.828 -1.7158531596828857 0
CAR 0.0 0 -3.664399774440237 -68224.03274102898 1742.2524176004342 -4327.242985294321 14850.022600711818 3.8081 2.9722 2.9156 9.86049314721722 22.233160183257276 -7.0351 -2.3614821279564278 0
CAR 0.0 0 2.15895756867468 561.9735503885062 177.68214307996868 687.097223103813 301.4263228694812 1.7 1.967 4.5895 31.560589683383142 -4.758772012864249 -6.577 0.9514377635659219 0
CAR 0.0 0 2.647728368631892 1766.5855982473893 181.49253797564992 2052.911540041034 399.8012048997595 3.4115 2.7462 2.4608 16.746 -27.2133999993332 -5.8128 1.2258169406910011 0
CAR 0.0 0 2.6736791622293157 1463.3224305173178 275.6438936735956 1738.6310273624115 431.53048117316064 1.5441 1.9368 4.2225 17.8426 -20.5992 -6.7047 1.3186377821279618 0
CAR 0.0 0 -1.1458251463076232 276.3678408108657 247.9529883972602 733.9530768674942 480.35132589926343 3.8144 4.294 14.4415 32.9921 41.8438 -6.7673 -2.120489226164379 0
CAR 0.0 0 1.5160931653511152 337.7646056077457 135.35309254729498 422.43395856174897 231.64372557035404 1.7 1.7559 4.4079 40.81186914505079 0.4493213217704486 -6.7373 0.3909016825895377 0
CAR 0.0 0 2.9769999228377406 2720.010608679236 201.98461407917262 3376.7122357829894 409.593956656195 2.3829 2.6598 6.0028 8.694690944364318 -48.80807880311633 -5.6352 1.5041920817351715 0
CAR 0.0 0 2.676432703981537 1566.249559769906 307.93285511098367 1934.9086101883381 512.17636324145 1.7 1.9879 4.7683 14.6432 -20.4419 -6.6494 1.333552304766139 0
CAR 0.0 0 2.6483532537986703 1883.398981764902 307.9786984134827 2260.0126150514184 482.00143166718715 1.5135 1.9357 4.3357 13.2682 -26.6938 -6.6523 1.2644279727318088 0
CAR 0.0 0 2.649239520519182 2196.6357041494757 270.09949437894767 2745.011541784661 490.9682955967961 2.0943 2.4031 5.4998 11.1554 -33.9905 -6.4152 1.2290361204144005 0
WHEELER 0.0 0 4.327892055982825 794.7888718090798 149.69156011250428 845.4924290361743 231.14534114585362 1.7185 0.8392 1.6951 34.395841718797975 -10.410882701622638 -6.3427 2.984313267049473 0
CAR 0.0 0 -0.28107220344034367 3338.985154509929 394.6834699825631 4032.2288472197665 611.2839351329809 1.7 1.727 4.1102 1.759473888113604 -46.99129239104979 -6.8135 -1.7173350178026607 0
CAR 0.0 0 -0.4167133051524332 2249.2562328740596 351.1557483309848 3219.8486995111125 782.4784919123341 2.7252 2.5328 6.0568 6.083684357519525 -26.01892829522032 -6.1749 -1.7877509125443363 0
WHEELER 0.0 0 2.435016564073912 615.4145472533885 288.4417882668054 651.6960249200898 343.8526082453914 1.8147 0.6832 1.1965 43.4447 46.0636 -7.757 1.3265631903688766 0
CAR 0.0 0 2.8916463562727914 2527.2647286647302 265.58035865938325 2991.0003801025236 430.4027353617537 1.7 1.956 4.407 9.813497297099927 -41.11122869855254 -6.175 1.4450837886021748 0
