CAR 0.0 0 2.7325286869117376 1336.692743934487 202.13303482518216 1535.1144613807592 315.52556256949566 1.5683 1.9824 4.1753 24.840311801242716 -22.727907001638577 -6.7242 1.33882426606999 0
CAR 0.0 0 4.357969123379771 1702.8245507165523 328.50663998531746 1846.9824901023453 447.37215631850444 1.9963 2.2756 5.9988 45.190584160319275 7.915847075786996 -6.704 3.0012018670575786 0
CAR 0.0 0 2.702983436220597 1388.83845916648 207.34938958883376 1646.3883460733455 348.00850771006446 1.6094 1.8776 4.9449 21.34404278671812 -21.69375689919124 -6.2139 1.3114097922132018 0
PEDESTRIAN 0.0 0 2.7270219436968617 638.6193127914574 127.07032685331502 675.4505462059886 194.2384685373979 1.7016 0.7772 0.6957 39.7597397401187 -7.0788400120678405 -6.3348 1.3955368288674803 0
CAR 0.0 0 -1.5445769916512315 248.40563620907068 421.6886841147072 457.3227339097873 542.1112899508616 1.5083 1.8983 4.1522 23.91464462628321 39.9664261211746 -8.1788 -2.18213576590055 0
CAR 0.0 0 1.2857482812343146 383.5623856459555 58.91259062780815 454.81017959474184 132.37247949291807 2.001 2.2034 6.0581 60.55185018004158 -1.0553356305475288 -6.8553 -0.06338274536302377 0
CAR 0.0 0 -1.290163016436526 405.91988215140026 424.5739039248626 598.6213073944625 544.3413253787918 1.4958 1.977 4.1388 25.350098604094388 36.83360036284603 -8.1989 -2.09854158769705 0
CAR 0.0 0 4.392023859044738 1708.0963709577188 206.03306934336806 1867.890581706272 332.74971686282163 3.4934 3.115 10.3352 63.2649 5.0191 -5.0918 2.9686603356601298 0
CAR 0.0 0 -1.6596957688459435 140.676272246216 381.5900942120412 334.83433274707136 481.50830694854477 1.508 2.0028 4.001 26.0277 46.1866 -8.2196 -2.1681369818205787 0
CAR 0.0 0 4.391394218646928 1725.171275854398 254.6068781007159 1821.5750336537085 337.22110826493576 2.4532 2.2469 1.9737 57.1937 6.1447 -5.6178 2.985525566570448 0
CAR 0.0 0 4.396737112673268 1437.1804498092868 328.82617931198445 1517.3073556388213 416.3313454427637 1.7 1.989 4.2817 45.238597409290186 15.78147597786558 -7.1172 3.07177948351002 0
