CAR 0.0 0 -0.0406084220280325 1141.818407109988 203.3860323090112 1265.4035357806424 279.0553140006708 3.0887 3.0353 7.0662 62.38821853565507 37.75229950860028 -5.5641 -1.4149697506383534 0
CAR 0.0 0 -2.8097665258850717 -418.5109501905544 319.87210954316606 -9.556646346146842 552.6638003804957 1.661 1.8473 4.112 19.75885372735022 -0.5122488836140824 -5.6812 -2.3770641432750104 0
CAR 0.0 0 3.023253452343737 1354.5628775887121 193.12969406116278 1519.2436403514398 308.229366480692 1.7 1.937 4.0135 31.752256016822372 -28.536467631309005 -6.2264 1.6242341597410155 0
CAR 0.0 0 -1.2503709495270146 200.62902191155166 428.55945858535716 435.36720611110934 558.3474068412579 1.7 1.9714 4.0628 12.604394324116603 31.51012478207343 -7.4038 -1.826574111919186 0
CAR 0.0 0 -1.0702689955830105 383.0370733186918 439.939098591187 576.63660123073 551.4036464430267 1.4656 1.3758 3.7786 14.95576595335353 28.829616477619552 -7.4477 -1.8424388529812492 0
CAR 0.0 0 -1.0439171119680006 244.04480603832477 322.5766191612333 532.909049559058 489.91114984532595 3.0074 3.0141 6.0193 16.858999612956325 36.09645607308904 -6.7457 -1.8157902456131392 0
CAR 0.0 0 2.9770844724784142 1400.7452857657033 231.08873928024624 1598.8788118874706 359.9860188886903 1.5329 1.947 4.1625 27.705816236549396 -28.08200399024747 -6.1782 1.5999076178923881 0
CAR 0.0 0 -1.3606665930635198 115.1933770818457 394.9448692634462 324.3879818638213 494.51169283237766 1.5121 1.9339 4.1099 13.256202209977667 38.37298006511289 -7.6011 -1.8219666918375406 0
CAR 0.0 0 -1.6885228503029988 1698.0898582761613 339.89625412712854 1907.5383449632607 528.8925710214731 3.3377 3.0755 3.0748 35.64489542451053 6.5998792227189025 -5.9795 -3.025703229484277 0
PEDESTRIAN 0.0 0 3.120664244079454 618.7761418563424 127.11629654229147 661.3720497283674 201.6655882271557 1.8579 0.9295 0.9471 41.529319541955815 -9.027031488670671 -6.0836 1.8006514064715926 0
CAR 0.0 0 -2.95174738805873 -203.41721378583023 -7.936777149721613 184.80202215351326 214.90845485656632 4.1862 3.2286 10.2919 41.52068318995941 7.275063191719022 -4.2942 -3.0345554365555083 0
CAR 0.0 0 -1.432174946750489 69.61283314658753 341.3676605277381 245.565947440667 418.6260797167881 1.5206 1.9327 4.0484 15.105728589866848 47.43812954613823 -7.4583 -1.826875486489279 0
CAR 0.0 0 -1.1438821345015204 209.3675996014784 337.20861647074105 374.66313246814815 419.394204137307 1.7 1.6238 4.0308 17.676414821518573 43.93747831364905 -7.2916 -1.8037533996333603 0
CAR 0.0 0 2.9523599639734206 1402.0501886808904 276.8263608992262 1630.6365779226749 438.5043876247132 1.7 1.9624 4.2616 24.537018985908528 -26.894549144919 -6.4566 1.6121176661405914 0
WHEELER 0.0 0 2.952040066150974 1544.3127932646883 345.2048025734327 1671.1597664932358 480.5014082203372 1.7 0.8106 1.621 21.134552980821034 -26.900146466882507 -6.3809 1.632072091436402 0
CAR 0.0 0 -3.179340755635013 -476.29972778863487 235.0517281950903 -11.423356604796586 497.57912381085987 2.4731 2.3456 5.5455 23.90650861776898 2.511428792207002 -5.965 -2.619806761544985 0
CAR 0.0 0 3.0799906907937027 1931.9500911440705 297.7534202509625 2287.9147535806246 481.1199958800114 1.752 1.7066 4.502 21.974137484914422 -36.442379750663164 -6.3051 1.6906731672187092 0
