WHEELER 0.0 0 2.857887768509254 1467.8714813628724 336.68667812144287 1618.7809383842718 475.4702345951352 1.6332 0.8894 1.834 15.463154862659271 -17.003141039233558 -6.5953 1.5435531208983042 0
CAR 0.0 0 2.927163196982716 1368.8371419593 227.1819295128977 1629.019582245622 383.1618641988765 1.654 1.8689 4.1757 18.765825938031348 -18.74610453413268 -5.8865 1.55528535101477 0
CAR 0.0 0 1.3761079245774213 1819.1540164735807 193.35195340492498 1868.185554383266 225.18079888811064 1.8284 1.8307 4.868 120.74473730288162 -8.844874736234214 -6.1655 -0.08181825378715425 0
CAR 0.0 0 2.8482647952231512 1747.8938204197773 301.96415011265304 2113.889441825805 491.1342766326847 1.7 1.7312 4.5344 14.038188580549804 -24.09332049363483 -6.639 1.4782455116673214 0
CAR 0.0 0 2.9019265019477536 2071.041897733124 301.9217402877726 2477.452790557428 481.6082652422365 1.7 1.6226 4.5676 12.370897274590025 -31.019529781472556 -6.7663 1.5002918376385186 0
CAR 0.0 0 -1.7368141786792686 1469.1379442399984 322.4539150179813 1531.2773428569542 400.13468347573996 1.5848 1.5393 4.034 46.78570715834287 15.159198533427189 -6.9916 -3.0721193112778926 0
CAR 0.0 0 2.927290412433649 1666.6769379572722 258.0341683996918 1971.6844048700625 415.0757612989301 1.7 1.9869 4.3341 17.103546983978124 -25.454924813256984 -6.6115 1.5378580775968969 0
CAR 0.0 0 2.9438068397982082 2359.2364316931344 263.84592172975823 2793.174168458712 428.11710429483867 1.7 1.9419 4.3933 11.129347716034246 -37.903942447842645 -6.2196 1.5052191833647506 0
CAR 0.0 0 -1.7203155502289436 1572.1270580355927 319.5602813666813 1657.0630200891924 398.6239691476518 1.6092 1.9505 4.2191 49.0193275990778 11.738064068169148 -6.9696 -3.0728650247321747 0
CAR 0.0 0 -1.7099881340636165 1481.3217925321164 290.6827345244409 1549.4867651826653 362.07247734189895 1.7 1.9624 4.4376 53.69286549977278 14.697446116917423 -6.8839 -3.0693585669112906 0
CAR 0.0 0 -0.27596125119940473 3206.3078598162087 392.9945330542781 3971.7772471363473 633.5297852952295 1.7 2.2097 4.6079 2.2803961389709326 -44.427560332149525 -6.7839 -1.706218546549472 0
