CAR 0.0 0 2.704536913825563 1327.0619399583013 200.51169332527897 1523.2418180864242 313.10988448735526 1.5683 1.9824 4.1753 25.081290693398223 -22.610902887209445 -6.7242 1.310780564343317 0
CAR 0.0 0 4.311744988572579 1704.8771557567854 328.8469706086552 1849.6589094225594 447.94128497649996 1.9963 2.2756 5.9988 45.15307894823283 7.862664890350172 -6.704 2.9549434400728405 0
CAR 0.0 0 2.698532499353278 1378.7098861356076 207.98587090328348 1635.4885245592543 349.25128792564357 1.6094 1.8776 4.9449 21.350339047254934 -21.413809081921663 -6.2139 1.3087788871307455 0
CAR 0.0 0 1.3672706344707986 418.3824049500847 34.93037459505969 466.75511751607286 82.36960477442595 1.7663 1.8436 4.3075 75.73653568738526 -2.602972634530331 -6.9886 -0.07297821094104945 0
CAR 0.0 0 4.068334904125005 1207.7810907520918 523.8420912102184 1465.1250598750623 923.1185576020322 2.2503 2.304 6.2856 18.295676926436535 16.966229958187753 -6.5162 2.9789561482798628 0
PEDESTRIAN 0.0 0 3.1242124785476673 635.245216855098 127.06780429648443 672.1399280063115 194.26085469430194 1.7016 0.7772 0.6957 39.78170655879108 -6.986127796349974 -6.3348 1.7939184524963823 0
CAR 0.0 0 1.5844978507958176 -29003.739245136763 -9099.770648701813 19565.968275716765 9412.319833350199 1.6266 1.8999 4.4696 4.575199731044184 19.254618353412646 -7.0385 2.9122265307228816 0
CAR 0.0 0 -1.1013560088554506 197.230729756153 429.7204712233594 417.39854507649073 554.8457429015247 1.5083 1.8983 4.1522 22.8689 40.2448 -8.1788 -1.665276828536639 0
CAR 0.0 0 4.875774140953259 2641.957805468718 -1642.292784171367 3922.2594315269785 -836.0445853690566 1.612 1.9008 4.2774 -6.913512910016641 21.015180606601884 -7.288 2.957134713507943 0
CAR 0.0 0 4.6509977312833435 -74830.15031065722 -50181.410086768745 175373.40625887088 23257.65916974247 1.5468 1.6772 4.4837 4.471579433373453 22.789362794522855 -7.2852 2.894079339171321 0
CAR 0.0 0 0.5890329636079622 162.96020546729446 199.71891835689013 296.64719635508396 325.5024839447183 1.7 1.9602 4.1068 33.57657622644982 3.5696617694652844 -7.0007 -0.14463527124728015 0
CAR 0.0 0 4.315853661104663 1539.6015498612237 325.98295295827734 1660.135697758209 466.11518567630657 2.4175 2.2088 5.2336 40.06044297698285 12.85799907661825 -6.4546 2.986108229123197 0
CAR 0.0 0 4.314918710329773 1413.42275023293 354.29319746051385 1489.4940536971142 452.75259453438383 1.7 1.618 4.0482 39.98976813985769 16.357280514104556 -7.0709 3.0138034953199493 0
