CAR 0.0 0 3.047253159641124 2220.2409585788187 214.5122782918123 2904.4090895616937 498.6819695318849 3.0141 2.9998 6.4302 21.6279 -43.8758 -5.5653 1.6122570075125129 0
CAR 0.0 0 -0.02414894018498215 1152.132705884453 202.71686589937497 1274.2738066676443 277.6008676577512 3.0887 3.0353 7.0662 63.3044 37.7007 -5.5641 -1.4008436983789376 0
CAR 0.0 0 -1.3801446243380526 229.79760671866077 562.7043906494548 587.6259497270609 803.6890964082658 1.8722 1.9964 4.4852 8.997769443748872 20.77864631600336 -7.4595 -1.926528815375497 0
CAR 0.0 0 3.057296915914866 1978.0246215158493 141.39100133647617 2827.6442287808586 466.1214635394894 3.3784 3.4486 11.6024 25.788400000000003 -44.5713 -5.4833 1.607797639799007 0
CAR 0.0 0 -0.24903052187745134 1707.1896197808867 375.0558302245903 2305.4121078008793 846.7379868885071 4.081 2.7527 2.7246 13.080553946784915 -26.17697300964602 -5.613 -1.5257525439283905 0
CAR 0.0 0 -1.0310595737107793 327.22776321900466 366.59922253427777 596.8172307936758 527.3413452790852 2.4742 2.2545 5.383 16.00208691867482 31.062497479791837 -6.8547 -1.8401194507239977 0
CAR 0.0 0 -1.7131831315578991 1598.191512696064 302.79702930204945 1743.7097223403118 424.23940525713 2.5061 2.2666 5.3185 43.152 11.0252 -5.9066 -3.07177948351002 0
CAR 0.0 0 3.0491472713970995 1762.7243332080636 164.8140912964499 2197.6447618879033 413.51635401783113 3.5225 3.6418 4.7722 25.3768 -36.3279 -5.4368 1.6209232594911147 0
CAR 0.0 0 3.1507645047278467 1492.9060454342634 198.23694514248712 1687.1817045443654 317.3123506985807 1.6999 1.9706 4.412 31.538638684807612 -32.23149909175676 -6.344 1.7397526661954892 0
WHEELER 0.0 0 -1.7557705868009565 1515.2826606321744 339.0799700814602 1555.0639808843566 404.25854537218294 1.7 0.647 0.6935 40.6043 14.103 -6.2977 -3.0892327760299634 0
CAR 0.0 0 2.7522225775258677 992.2068622961822 393.72757308639376 1155.9146398459652 510.837226385997 1.7 1.714 4.1066 24.860071983233635 19.625170053735566 -6.6918 1.5778527081905207 0
CAR 0.0 0 -1.7211758752010382 1536.705329487101 311.00686308990953 1644.6240459421558 386.7278201264775 1.7 1.9666 4.1398 46.9737 14.2439 -6.3811 -3.0770070002730305 0
CAR 0.0 0 2.3180815815667533 -84.8393880809668 124.63906934420052 470.60085386885106 542.298071597542 3.6584 3.5656 12.2161 25.56282319304591 -4.463910038253715 -5.4541 1.6648192532921486 0
CAR 0.0 0 -1.4708240861337418 67.58911411972883 252.11112020762238 235.2160638226046 403.0894688405465 3.7838 2.9175 2.9276 15.076864919242997 47.07117118497559 -5.8292 -1.909060875168108 0
CAR 0.0 0 3.103552834193242 2540.2757949673046 279.41192926390175 2994.5618506350684 444.7283023090944 1.7728 1.9945 4.2516 22.3965 -50.27209210943913 -6.1301 1.6620912556301 0
CAR 0.0 0 -0.5020273085434422 949.9698432062193 255.0771404983745 2153.6965424242585 1654.744683938461 4.1977 3.7027 14.0837 12.38179323623366 -17.760280093940555 -5.5382 -1.496197565315234 0
CAR 0.0 0 -0.8684484370386689 321.67375568124766 283.3750137063427 725.4538187835941 483.59321829889717 3.5244 2.84 10.3328 20.150178716704698 34.16337075445606 -6.2138 -1.8215895708039374 0
PEDESTRIAN 0.0 0 3.0651202778286057 1645.8565076405066 398.3172852839151 1702.2932345915394 479.9052024236157 1.7 0.7401 0.9 35.34948729314293 9.141282089974649 -6.5499 1.7505168928616632 0
PEDESTRIAN 0.0 0 2.999350925411348 1756.431441611769 396.0018112680858 1798.4115878712955 467.7255359695237 1.5698 0.4741 0.7526 37.8306417626599 7.3362554129527044 -6.5077 1.666699466173973 0
PEDESTRIAN 0.0 0 2.952021707250424 1670.309723730529 388.62800645614936 1715.0030557207979 464.5216737673049 1.7 0.5608 0.655 36.96071623539364 9.075249759809548 -6.5079 1.6278809205544205 0
CAR 0.0 0 -1.1391716025027692 228.08306492019398 325.03557619323186 398.57021365966233 412.15478862445224 1.8616 1.767 4.202 18.391429483235573 43.97971536785161 -7.0946 -1.8465942133342366 0
