CAR 0.0 0 2.7325292226501956 1336.5939482138995 202.11639393825985 1534.992590690532 315.50075478712347 1.5683 1.9824 4.1753 24.842772933036102 -22.7267131299277 -6.7242 1.33882426606999 0
CAR 0.0 0 4.3579694769573685 1702.8454028211215 328.51009036549027 1847.0096674111148 447.37792445551906 1.9963 2.2756 5.9988 45.19020417894811 7.915305951164687 -6.704 3.0012018670575786 0
CAR 0.0 0 2.702965207923345 1388.7366504039721 207.35586152182697 1646.2789190896083 348.021121290622 1.6094 1.8776 4.9449 21.34409937762615 -21.690928770161214 -6.2139 1.3114097922132018 0
PEDESTRIAN 0.0 0 2.727011086164117 638.5893118711042 127.07050069094444 675.4211412003136 194.2389218850934 1.7016 0.7772 0.6957 39.759898256671306 -7.07800913776553 -6.3348 1.3955368288674803 0
CAR 0.0 0 -1.546952328141258 246.8768140362354 422.21728548504603 456.29708796991565 542.9292225905483 1.5083 1.8983 4.1522 23.862139287076637 39.95120205053549 -8.1788 -2.18213576590055 0
CAR 0.0 0 -1.290162950922186 405.9199410633178 424.5738935128864 598.6213534544794 544.3413090040289 1.4958 1.977 4.1388 25.35009998542826 36.8336000037877 -8.1989 -2.09854158769705 0
CAR 0.0 0 4.392023628192416 1708.097003692185 206.03339702458388 1867.8919882514065 332.7505848798236 3.4934 3.115 10.3352 63.26469708850391 5.0191 -5.0918 2.9686603356601298 0
CAR 0.0 0 -1.6596891225843686 140.67995893386663 381.5894134978891 334.8372015700141 481.507276945093 1.508 2.0028 4.001 26.0278003828365 46.1866 -8.2196 -2.1681369818205787 0
CAR 0.0 0 4.391394218646928 1725.171275854398 254.6068781007159 1821.5750336537085 337.22110826493576 2.4532 2.2469 1.9737 57.1937 6.1447 -5.6178 2.985525566570448 0
CAR 0.0 0 -0.36359251355263567 3524.32217072026 327.3887170076729 4519.057522551305 584.6739091486952 2.0449 2.1484 6.0265 0.29388182239302685 -55.51857090046567 -6.4734 -1.8230459129182068 0
CAR 0.0 0 4.239408117842469 1402.7745650769214 316.76565115638914 1511.9059258354887 458.2420415853414 2.8877 2.2446 3.2188 39.00486694426581 16.28607769035767 -6.4362 2.926436553359279 0
CAR 0.0 0 4.2097545201949185 1377.1727814954297 357.4376786750743 1478.10577959968 487.17924274692456 2.2938 1.9255 3.2364 35.869559801669894 16.835814127967552 -6.7544 2.9245871458778057 0
