CAR 0.0 0 -0.033841118958668925 1150.2989752490466 198.2365985841997 1269.1002190576837 266.1738232162833 2.7763 2.7552 7.2016 63.06827683327269 37.80569870691371 -5.1699 -1.416192480697106 0
CAR 0.0 0 -1.6932623751363332 1484.7710224993068 330.3793354633057 1603.3222164032231 415.0220164931822 1.7 1.9575 4.0881 41.89979363498649 14.185729569577886 -6.4594 -3.02834391244896 0
CAR 0.0 0 -0.8394959826794332 615.3108220914405 444.94064893129666 739.5822432429163 519.7672897362868 0.9948 1.2858 2.4998 18.35795424589633 26.20734146664991 -7.372 -1.7928976194586046 0
PEDESTRIAN 0.0 0 -0.013568268293907115 3385.3306990802253 934.0569111392899 3871.829477573108 1170.71882981089 1.7 0.9483 0.6324 7.0434 -35.0259 -6.4597 -1.3017621272550564 0
CAR 0.0 0 2.5184577815511053 -200.67028852699806 147.1100632992267 572.0542580458413 913.9205433288458 4.449 3.1064 14.302 19.20246104670842 -7.7104512184704515 -5.4278 1.9908575969393953 0
CAR 0.0 0 -1.0341692636890887 348.3946885771146 415.94757513493914 558.1281973263121 528.667358262824 1.5443 1.9623 4.0978 15.64873345598783 31.137226759356295 -7.4616 -1.8023740043592795 0
CAR 0.0 0 1.8533045661670042 -993.6349663003534 331.59369964567213 -115.53914480201794 872.9578885238477 4.1117 3.1104 3.5612 14.855030766448955 -0.9948490436530646 -5.5624 2.555276227884095 0
PEDESTRIAN 0.0 0 -1.3843306527632793 1122.2694908621365 373.562207960907 1163.8176162998216 445.101877748344 1.7091 0.758 0.7219 30.55772712151096 21.355212240255792 -6.9127 -2.611545737766429 0
PEDESTRIAN 0.0 0 -1.684320311344058 1153.9896289635055 373.6915942638979 1196.1649510268317 447.30082593945446 1.7376 0.7422 0.7187 30.648906779224152 20.400115107364083 -6.8157 -2.9193361529274826 0
CAR 0.0 0 3.0257390938932156 1783.3002304361003 224.83049685793003 2030.337041153414 346.13554312883963 1.543 1.9551 4.1131 28.318108763076403 -37.71399151710922 -6.1946 1.602812055582205 0
CAR 0.0 0 2.9851709263884 1332.3006518386485 202.28174492616625 1496.083952736756 314.44548542647925 1.5805 1.9518 4.1417 31.657967407255853 -27.96607966702033 -6.3762 1.5941895408612452 0
