CAR 0.0 0 2.6863778342113953 1340.9503373640866 200.01003796238226 1538.1413814363357 312.16885869901984 1.5683 1.9824 4.1753 25.03690115369587 -23.006711147384593 -6.7242 1.2904051040461615 0
CAR 0.0 0 2.6468640873994147 1379.8031934262415 208.03794950637914 1636.7906902179402 349.3247724113539 1.6094 1.8776 4.9449 21.338501082475315 -21.435101297839413 -6.2139 1.2570095736052027 0
CAR 0.0 0 -1.2996401150953822 220.75941149850516 422.2457416791046 433.4438181400939 543.2212764598875 1.5083 1.8983 4.1522 23.603507825094873 40.43340168439214 -8.1788 -1.9008039597235955 0
CAR 0.0 0 -1.1064256211943628 392.03917288047023 425.3773065099539 586.8665399251175 545.6941951053277 1.4958 1.977 4.1388 25.150406269297832 37.03800191344373 -8.1989 -1.900855273565694 0
CAR 0.0 0 -0.7334707922648447 1056.510244284531 244.20274519456885 2326.3334028014738 1187.434854014697 3.4934 3.115 10.3352 8.956110387438699 -9.134194097333852 -5.0918 -1.921737201704134 0
CAR 0.0 0 -1.4563126404848605 116.05793834637885 382.26830547568215 313.30486836867163 482.7198562211675 1.508 2.0028 4.001 25.689704094301167 46.62039264959585 -8.2196 -1.921975704819857 0
WHEELER 0.0 0 2.6060826711110336 1533.6390335695846 334.3588762287477 1689.5456117935187 471.60588053844145 1.6332 0.8894 1.834 15.211399300435396 -18.22300435085157 -6.5953 1.2795230550680976 0
CAR 0.0 0 2.629793073941145 1394.2513097088918 227.72770335443448 1658.4707489260265 383.7192024256174 1.654 1.8689 4.1757 18.577100695523274 -19.224299121491534 -5.8865 1.2547721101000144 0
CAR 0.0 0 -0.27048021189065197 3345.685026214194 352.2181831833847 4116.16391002549 582.9271991658438 1.879 2.4204 4.7456 1.8395949215305296 -50.01603023797975 -6.6157 -1.718096202236218 0
CAR 0.0 0 2.7144073485776836 1744.489482159759 170.6394638842535 2011.051296085674 293.418962451782 1.8284 1.8307 4.868 21.995193762805034 -33.82580368817947 -6.1655 1.2652991384422807 0
CAR 0.0 0 -0.27284069031775426 3112.8214147660015 338.1999078556028 3999.5180978101257 621.6822033650085 2.3003 2.4332 5.4943 2.8878635130682424 -45.49398144807887 -6.5644 -1.7115969380679334 0
PEDESTRIAN 0.0 0 2.7869084888968603 460.6156604744087 136.57207686615573 499.1954423973839 218.0808441302263 2.0064 0.6591 0.733 39.83231297512322 -2.149213361976421 -6.5861 1.5692703461305249 0
CAR 0.0 0 -0.6917778095444791 1636.670515794719 501.1114754083783 2117.3628081631773 881.9778309245982 2.8092 3.0165 1.8689 7.464818280394482 -13.46260356826122 -6.4515 -1.912387491260868 0
