CAR 0.0 0 -0.035341184571569206 1147.7553815033352 202.663242879651 1270.0530917572835 277.5541048648521 3.0887 3.0353 7.0662 63.14966599629521 37.87068699014171 -5.5641 -1.4114024759719594 0
CAR 0.0 0 3.020638855440998 1444.3814583704718 145.77432267003908 2063.1981267413294 506.0024558302231 3.3784 3.4486 11.6024 24.88006459686815 -30.304829552912295 -5.4833 1.6271151216262596 0
CAR 0.0 0 -1.707159071082022 1599.206254710785 302.1553158017614 1744.1507103226604 423.04096833947443 2.5061 2.2666 5.3185 43.333507273339045 11.04608498843982 -5.9066 -3.0663557118638796 0
CAR 0.0 0 2.984770810123067 1239.4029426726756 172.56824823326926 1575.0511880502484 443.62534834724545 3.5225 3.6418 4.7722 24.425389982336224 -24.342643774531265 -5.4368 1.6261077934714399 0
CAR 0.0 0 -1.7476053397307856 1532.7207048904588 312.35528083133534 1641.552302981478 388.78825537260775 1.7 1.9666 4.1398 46.53525026486164 14.23421815494462 -6.3811 -3.1019631316146827 0
CAR 0.0 0 -0.683973989162201 463.6746628798033 321.272508562525 916.665888114186 584.1641518150883 3.5244 2.84 10.3328 18.70529683172051 25.186392630348138 -6.2138 -1.6918156753349236 0
CAR 0.0 0 1.5515671970526648 -657.6064378603676 478.06349426089145 -73.21284904146786 831.8960759036211 1.7885 1.936 4.1812 15.15786195713037 -1.864929044174299 -6.3142 2.032846802210489 0
CAR 0.0 0 2.9851243300956423 1537.5770457374845 221.1245189023635 2028.2368070881078 532.9746246427557 3.0142 2.9998 6.4302 21.16109301713537 -29.085831704686342 -5.5653 1.6191726555843522 0
WHEELER 0.0 0 -1.1471011450155193 809.3858341344799 174.5599569396305 834.5164926665834 240.44222241979492 1.455 0.6025 0.8913 36.66225051796062 -14.191808706754085 -6.2896 -2.470962799178619 0
CAR 0.0 0 2.9241562884565075 654.9706183332495 346.94764889362335 797.5911868530185 570.991761213831 1.6332 1.7321 4.4876 20.01331017183961 -12.762385815224022 -6.3283 1.90724930892557 0
CAR 0.0 0 -1.7234155259918003 1782.5834017505242 330.3201328738855 1900.330427754381 423.63707651750474 1.661 1.8473 4.112 42.590406107956845 6.725660601993847 -5.6812 -3.093492692234448 0
WHEELER 0.0 0 1.7304915318453622 487.93089885081713 110.15966424823107 523.9778286976724 170.45763064198113 1.52 0.5676 1.6613 46.1287 -4.3307 -6.1563 0.42929947525802714 0
WHEELER 0.0 0 -1.7221449539782678 1511.1086210072476 342.43145297883285 1562.8593257261011 411.58358267885677 1.7 0.7138 1.6517 41.13654564993201 14.172535138633744 -6.5238 -3.0527780599336807 0
CAR 0.0 0 2.9524459448236433 1347.1174475174007 192.85523753737286 1510.6477590690315 307.88019578523733 1.7 1.937 4.0135 31.785600000000002 -28.3542 -6.2264 1.554161860999463 0
CAR 0.0 0 3.0033539767025896 2188.4556796789366 266.65035419147773 2475.2732417517987 388.9953245340997 1.4668 1.6524 3.5756 25.508500459448662 -45.02514245904914 -6.3814 1.571682066155826 0
CAR 0.0 0 -1.1859218225503494 212.74528683680415 429.3166971677117 446.95362862801915 559.4568744837815 1.7 1.9714 4.0628 12.746101328405913 31.249606292449062 -7.4038 -1.7780935580836401 0
CAR 0.0 0 -0.8777368336845447 392.8296346559168 343.0308825581497 550.1966440676213 420.9975348687076 1.5178 1.8289 3.9952 20.9903 39.2994 -7.2359 -1.7698500895992162 0
