CAR 0.0 0 2.7325292197359072 1336.5944855998564 202.11648445409782 1534.993253585683 315.50088972491767 1.5683 1.9824 4.1753 24.842759545383906 -22.726719624150917 -6.7242 1.33882426606999 0
CAR 0.0 0 4.357969475034035 1702.845289391898 328.5100715964482 1847.0095195742977 447.37789307850613 1.9963 2.2756 5.9988 45.19020624590708 7.9153088946837045 -6.704 3.0012018670575786 0
CAR 0.0 0 2.7029659742113363 1388.7408331567808 207.35557386079378 1646.2833922091918 348.0205656708527 1.6094 1.8776 4.9449 21.344099069792414 -21.691046575785474 -6.2139 1.3114097922132018 0
PEDESTRIAN 0.0 0 2.72701114522785 638.5894750657665 127.07049974532754 675.4213011533956 194.23891941903798 1.7016 0.7772 0.6957 39.75989739439956 -7.0780136574163945 -6.3348 1.3955368288674803 0
CAR 0.0 0 -1.5469558473765557 246.87506402654864 422.2188658623949 456.2964929869938 542.9316416380914 1.5083 1.8983 4.1522 23.862010346166556 39.951104146057816 -8.1788 -2.18213576590055 0
CAR 0.0 0 -1.290162951264025 405.9199407559288 424.5738935672138 598.6213532141483 544.3413090894686 1.4958 1.977 4.1388 25.350099978220765 36.83360000566119 -8.1989 -2.09854158769705 0
CAR 0.0 0 4.39202362753408 1708.0970054965962 206.03339795905433 1867.8919922625485 332.7505873552074 3.4934 3.115 10.3352 63.264696509849415 5.0191 -5.0918 2.9686603356601298 0
CAR 0.0 0 -1.6596891100471263 140.67996588829823 381.5894122138147 334.8372069816574 481.50727500213264 1.508 2.0028 4.001 26.027800572195495 46.1866 -8.2196 -2.1681369818205787 0
CAR 0.0 0 4.391394218646928 1725.171275854398 254.6068781007159 1821.5750336537085 337.22110826493576 2.4532 2.2469 1.9737 57.1937 6.1447 -5.6178 2.985525566570448 0
CAR 0.0 0 -0.3913532429780966 3391.3389773404324 344.3620051498194 4416.492900244002 624.7780457210056 2.0449 2.1484 6.0265 0.8637645157085685 -50.31770251900991 -6.4734 -1.840501708761543 0
CAR 0.0 0 4.324100596161314 1457.601276059353 287.9381099663712 1552.5611134760013 406.4102594314461 2.8877 2.2446 3.2188 46.12615033497441 15.12455957590134 -6.4362 2.9787293118725686 0
CAR 0.0 0 4.302168525078102 1446.5753774026548 321.71775428561233 1532.1005307927662 428.5262392054181 2.2938 1.9255 3.2364 42.920471079475135 15.48604107553454 -6.7544 2.9768832964592735 0
