CAR 0.0 0 4.486587334764972 1555.2760369834755 325.65264190522646 1644.994238545691 411.7649575579296 1.7 2.0096 4.0382 46.50629765205343 12.335983219147458 -6.8888 3.141592653589793 0
CAR 0.0 0 -0.18908670686149542 1137.752993300188 186.7733992545207 1225.1844382080847 262.01330337492175 3.1128 3.0226 6.773 73.0015156768287 31.448318285065774 -5.828 -1.5736332775196553 0
CAR 0.0 0 2.345242758721406 257.34659201582303 208.86107344194377 507.50324511922287 489.99686720591325 3.4115 2.7462 2.4608 21.709108410119114 0.2327866438794406 -5.8128 1.497553234443773 0
CAR 0.0 0 -2.3680095968329034 -1495.2790382315188 190.1593112978004 -132.96753959343192 892.7230390305266 3.8144 4.294 14.4415 24.61779765767377 12.648147601881762 -6.7673 -1.43752798294016 0
CAR 0.0 0 1.4561629680536505 -636.5354035383345 407.97825502033675 -19.64027190274645 866.5653577191177 2.0943 2.4031 5.4998 16.474127085860445 6.740972819332539 -6.4152 1.8814605832642062 0
CAR 0.0 0 2.6264651928203033 947.2267558862085 299.2041967510737 1200.9239752646736 517.0598142905664 1.7 1.956 4.407 17.137441042290483 -9.084449174102584 -6.175 1.4159194911996396 0
CAR 0.0 0 2.63510626404043 611.2149790285947 125.31099453543402 958.3795786949652 559.3730778135073 4.1983 3.0119 9.4432 21.05092246202713 -5.494925023045251 -5.5448 1.4516417249495333 0
WHEELER 0.0 0 4.209551235260604 805.5501437190402 165.7310749723579 854.6502326166587 245.67418694777217 1.7142 0.8998 1.2689 33.53810227110313 -10.42215469061067 -6.5743 2.88090798914154 0
CAR 0.0 0 -1.7804605495469656 1710.9245623183065 350.0630118412248 1828.3582396432296 441.41952700497274 1.5535 1.9759 4.0961 44.53623620076802 8.050187020410318 -6.8684 -3.131880613887544 0
CAR 0.0 0 2.708525044756204 1591.1733937729318 223.65998308221896 2052.224487526452 489.8458673352341 2.613 2.2684 5.5662 14.594230869861397 -21.391459779858078 -5.7562 1.327123617138439 0
CAR 0.0 0 2.6873651514360573 1421.1114961014425 252.35750355677254 1691.9615325444654 410.66371056167765 1.651 1.9856 4.1758 18.31468538516492 -19.854283498895885 -6.3514 1.3246148345160813 0
CAR 0.0 0 1.3994749799418422 1835.806550031457 226.12887384029264 1891.9519925628967 259.5500128604205 1.56 1.9152 4.172 104.02037130129156 -6.87593497707781 -7.1881 -0.04190840405596502 0
CAR 0.0 0 -1.426789782403811 228.39848054116527 445.3978559684262 437.3444361096129 568.0626713956203 1.5269 1.9408 4.1155 23.825401095807297 40.61346079957538 -8.831 -2.013284002215193 0
CAR 0.0 0 -0.7392055955159442 745.7892715999708 459.4763610183959 916.341672593561 601.8150663428312 1.585 1.9239 4.1682 25.58407640636658 28.254789472150915 -8.1024 -1.745897727639978 0
CAR 0.0 0 2.802418186837835 2242.303830619939 276.38362075479364 2657.4143768386853 435.2195567955125 1.5006 1.9544 4.3204 11.62235467207086 -34.653769393843135 -6.2434 1.37457573667756 0
CAR 0.0 0 2.7825025189963357 2160.5105688131775 236.71767159377825 2529.7669871537123 377.31886063972735 1.5496 1.899 4.5119 14.112366643879554 -36.7951233159023 -6.1851 1.3407232366309791 0
CAR 0.0 0 2.764832005459266 1332.630344838712 200.06457948749005 1529.0252777105597 312.34951573738226 1.5683 1.9824 4.1753 25.089979849928692 -22.788981770283304 -6.7242 1.3699820769311981 0
