CAR 0.0 0 4.344903965953664 1562.1115458766276 326.88368108981274 1653.1738752501103 413.55684429360196 1.7 2.0096 4.0382 46.363000845839636 12.133399748365823 -6.8888 2.9997781404841044 0
CAR 0.0 0 -0.19562037913634622 1115.2740227767622 185.0534104073462 1202.8342909250816 259.1558164023494 3.1128 3.0226 6.773 73.47820687384846 32.80132330481281 -5.828 -1.5785158727392246 0
CAR 0.0 0 2.665268167595532 1520.7321183646886 181.51352576996035 1785.4192095374508 405.81635285741737 3.4115 2.7462 2.4608 18.14403910082594 -21.970843220828865 -5.8128 1.267776999885438 0
CAR 0.0 0 1.6585371387583512 -184.21249788627497 333.4922966565959 92.09049460471873 552.0146515714389 1.5441 1.9368 4.2225 22.200274579520986 6.0357503817742515 -6.7047 1.7345067686323783 0
CAR 0.0 0 -1.129140426900296 339.6795845666494 264.2308502379274 816.6435245348805 532.3010220314025 3.8144 4.294 14.4415 30.770602853641535 37.43737933704133 -6.7673 -2.127491551481048 0
CAR 0.0 0 2.3763783347648513 607.7313922315525 343.05280433702154 827.288119291443 594.2822899970618 1.7 1.9879 4.7683 17.76092636135268 -3.8217164791719167 -6.6494 1.3797729182380674 0
CAR 0.0 0 2.613860970745052 1428.8179742790446 312.275603990929 1740.3153600299306 495.8110902102849 1.5135 1.9357 4.3357 15.713476436805127 -17.955577521434513 -6.6523 1.2908234282716162 0
CAR 0.0 0 2.688028584780336 1994.6823245424107 275.7075994355404 2517.4506715106404 506.5944076941743 2.0943 2.4031 5.4998 12.122761227343284 -29.324800798741904 -6.4152 1.2863865962287473 0
CAR 0.0 0 2.692760541429959 1661.132400534536 123.85789861853183 2372.8749584043776 484.08573574827255 4.1983 3.0119 9.4432 16.15830713031288 -27.68018808672519 -5.5448 1.2636593900462791 0
WHEELER 0.0 0 4.006363561043775 802.5681327569679 166.39179759257598 851.8197017430738 246.5736535931381 1.7142 0.8998 1.2689 33.4645 -10.3208 -6.5743 2.679422543851173 0
WHEELER 0.0 0 2.541284027310706 598.7504285272219 168.77168804230092 663.1196715852309 252.40660422272703 1.6462 1.1594 1.9268 35.1651642505809 -5.527752639385988 -6.7353 1.2913770127670434 0
CAR 0.0 0 4.409296302583644 1715.7080720048436 334.4003050012499 1825.1989949350389 417.6315831960158 1.5535 1.9759 4.0961 47.8431629611833 7.498051334443316 -6.8684 3.047210286189498 0
CAR 0.0 0 2.7474552200348583 2448.9777544363747 268.7425629936334 2908.1346844433 437.1772258939624 1.7 1.956 4.407 10.184857061480113 -38.99452441510306 -6.175 1.3063805397873733 0
