CAR 0.0 0 -0.06127951424186806 1151.2844562932817 202.5705576607126 1273.272727563184 277.324703243371 3.0887 3.0353 7.0662 63.370164197904046 37.7932991126056 -5.5641 -1.437993474107063 0
CAR 0.0 0 -1.672538387818842 1589.8412330685346 301.9971535721751 1735.1559172586174 422.8511087264331 2.5061 2.2666 5.3185 43.16452666661527 11.256849101284987 -5.9066 -3.0306989853775987 0
CAR 0.0 0 -1.6777686979741115 1516.7624000182946 317.58613064771123 1629.172470812736 396.8086689182227 1.7 1.9666 4.1398 44.88114370899159 14.208858455143934 -6.3811 -3.0262847080785336 0
CAR 0.0 0 1.5962902772838334 425.33032380652503 -19.73758852836544 519.9465707173656 59.31036427366349 3.5244 2.84 10.3328 91.36332046805025 6.459087542427029 -6.2138 0.06357411080289209 0
WHEELER 0.0 0 -1.6709706979459336 900.2755234799341 239.8331493062303 932.1077028804475 320.89811530982917 1.455 0.6025 0.8913 29.344342345684503 -16.107555963915573 -6.2896 -2.945145701233959 0
CAR 0.0 0 -1.6556539653837186 1778.8498081507205 330.5552708442847 1896.8990456430597 424.03963172872324 1.661 1.8473 4.112 42.46424643241219 6.792424536203116 -5.6812 -3.025187079377664 0
CAR 0.0 0 3.01301922196618 1337.9669461904482 191.65327105076852 1499.5413249664218 306.1307833476829 1.7 1.937 4.0135 31.9329783797796 -28.169250653247357 -6.2264 1.6149400059223493 0
CAR 0.0 0 -1.2034481573675944 210.1032594100348 429.24242265053635 444.4922519885181 559.3573702492967 1.7 1.9714 4.0628 12.711487431309472 31.296919771565264 -7.4038 -1.7921101297431838 0
CAR 0.0 0 -1.0294963004864615 393.09885409075844 438.1120186780292 584.7732492469777 548.6637888041951 1.4656 1.3758 3.7786 15.18997365445901 28.843902664483775 -7.4477 -1.8133342874298124 0
CAR 0.0 0 1.4299905109836522 391.90612279924676 33.74189066054891 458.13537453856776 81.77631101159642 1.7 1.8295 4.0434 72.24627668376789 4.696727514248872 -6.4708 -0.007108922994377148 0
CAR 0.0 0 -1.1591084999921524 254.43550117634766 322.5911168635807 542.0998013478276 489.81372013178003 3.0074 3.0141 6.0193 17.03688106412712 35.918046770020894 -6.7457 -1.943450201784435 0
CAR 0.0 0 4.9816887656058295 1159.1092835286572 -379.49435704276056 1235.600469334574 -315.1000633828112 1.5029 1.9094 4.1841 -62.01812805199373 2.0431764401448835 -7.9847 3.129067075297349 0
CAR 0.0 0 -1.281852198053716 1272.414026345529 -456.72078188835656 1398.1978724156884 -340.45377217890274 2.0674 2.0854 4.1222 -45.82333431430613 2.0378192901009835 -7.0917 -3.141592653589793 0
CAR 0.0 0 4.958074847933161 1497.2372003976275 -451.77570262559686 1664.3788487287438 -344.18111972916034 1.5152 1.971 4.0119 -38.38091621750183 6.051140446189305 -6.0728 3.141592653589793 0
