CAR 0.0 0 -0.061075499695769864 1151.1822633192094 202.28201512822335 1272.7870415664802 276.7592594083999 3.0887 3.0353 7.0662 63.56985231027137 37.92395599990598 -5.5641 -1.438074103094086 0
CAR 0.0 0 -1.7084420822682218 1778.1282636532596 330.38412839783666 1896.1108404387392 423.77213423526524 1.661 1.8473 4.112 42.48634956164691 6.812780324799556 -5.6812 -3.078007174963612 0
CAR 0.0 0 2.9601070038415256 1345.7877827285831 192.05371985217786 1508.6365259371125 306.66861824532305 1.7 1.937 4.0135 31.883957195273936 -28.35625547866022 -6.2264 1.5613408777075723 0
CAR 0.0 0 -1.2043430301659046 204.9301391212577 429.1192767085132 439.6886522724616 559.197494452975 1.7 1.9714 4.0628 12.642771824929113 31.387276760833466 -7.4038 -1.7860664048787567 0
CAR 0.0 0 -1.0172259839737983 392.39450092425596 439.28843765692704 584.7994630113379 550.3968140749408 1.4656 1.3758 3.7786 15.122398797132682 28.746493861687764 -7.4477 -1.7992607011529442 0
CAR 0.0 0 -1.0295453889837418 228.64259313606698 324.4590517581893 521.7676176517307 493.8907501037399 3.0074 3.0141 6.0193 16.454213913334176 36.01667726005307 -6.7457 -1.7806193478024308 0
CAR 0.0 0 2.9537794252466423 1404.1189146673398 228.68618116194747 1601.0878700060375 356.19946137111276 1.5329 1.947 4.1625 27.93932892962793 -28.258367315352398 -6.1782 1.5742731399333625 0
CAR 0.0 0 -1.3662498432764338 100.4856976681309 398.62243046360595 313.429522229109 500.0416445914902 1.5121 1.9339 4.1099 12.842077497744441 38.11801924264762 -7.6011 -1.800105966354912 0
CAR 0.0 0 -1.6222549107070918 1755.6096739564216 270.45164671464914 1896.752122525871 390.78288601728184 3.3377 3.0755 3.0748 54.40859206754989 8.656626923361276 -5.9795 -3.0152364718177616 0
PEDESTRIAN 0.0 0 2.983909961313988 628.366682453771 127.0548175194366 670.4656039112732 201.52312425869908 1.8579 0.9295 0.9471 41.548695499471876 -9.290356421976492 -6.0836 1.6602932387710603 0
CAR 0.0 0 -1.5844206674738774 1751.0881009351106 195.44870365297453 1919.7900501745964 341.1084686093869 4.1862 3.2286 10.2919 60.36900301656543 9.388325722339916 -4.2942 -3.0134491712793317 0
CAR 0.0 0 1.6273531818611162 408.46786215463584 11.890808680702586 473.48388388532 62.73617260495628 2.1382 2.0815 4.5477 82.96071008490082 6.513110323071257 -6.523 0.13962634015954645 0
CAR 0.0 0 -0.13380965607601292 1972.36936692558 450.81900391483936 2540.7899819269433 767.6533091027893 1.9675 1.9559 4.604 14.96753239224033 -31.69737330925686 -6.6285 -1.4417066013636226 0
CAR 0.0 0 -1.8928690584435057 1009.2067481754389 514.2529030746334 1300.8766911615205 751.7043632063519 1.7 2.0565 4.1699 15.032947261981203 11.349704253727428 -5.9339 -2.968387897526797 0
CAR 0.0 0 -1.4328596039518855 72.91152990909238 339.23471145336123 247.11921546540339 415.5604766856919 1.5206 1.9327 4.0484 15.312099999999997 47.81178788574649 -7.4583 -1.835460922297258 0
CAR 0.0 0 -1.6860689393692423 1451.97109560087 388.7531330734727 1687.5089254013799 577.1660702764166 2.0176 2.2899 5.6298 25.941892197437173 8.965128721567114 -5.5529 -2.963081166209035 0
CAR 0.0 0 -1.1780851299458566 213.469611680818 337.2233875196304 378.4813168924071 419.39296538775574 1.7 1.6238 4.0308 17.7583 43.852 -7.2916 -1.8444774247416449 0
