CAR 0.0 0 -0.04295495652548764 1147.3369281696826 202.70779218074418 1269.7166288695837 277.64727081037336 3.0887 3.0353 7.0662 63.10003483232683 37.86509183494566 -5.5641 -1.418903573797595 0
CAR 0.0 0 -1.71479172780736 1781.1572756247733 332.645866396687 1900.3104757189626 427.3591881216809 1.661 1.8473 4.112 42.06659775078423 6.675422769634054 -5.6812 -3.0832454006018555 0
CAR 0.0 0 2.948574959546825 1348.834662898145 191.25335349116244 1511.573948302622 305.4182857326484 1.7 1.937 4.0135 31.98291373353286 -28.47351624644567 -6.2264 1.5487642730096802 0
CAR 0.0 0 -1.283570655072273 213.17650410634786 428.3257419690247 446.64021226517576 557.9005435379179 1.7 1.9714 4.0628 12.793520912576804 31.34589429202491 -7.4038 -1.877003294840088 0
CAR 0.0 0 -1.1050997390164001 391.40447954845916 439.8369790562125 584.2085097555704 551.2088636273512 1.4656 1.3758 3.7786 15.081494410424863 28.711395154152484 -7.4477 -1.8856458483840466 0
CAR 0.0 0 -1.1439737431928405 246.1554873410893 323.2195589904682 535.6045071653315 491.1792008607098 3.0074 3.0141 6.0193 16.84627115921567 35.94486568208319 -6.7457 -1.917786575270122 0
CAR 0.0 0 2.9459190493427494 1400.763408745699 229.36914746901303 1597.7003796525448 357.2979270237462 1.5329 1.947 4.1625 27.873154648762213 -28.151810695365636 -6.1782 1.5674036341292166 0
CAR 0.0 0 -1.4401169985905842 122.1903039138081 395.63771696380246 331.3289985980852 495.49909593963935 1.5121 1.9339 4.1099 13.339786881257133 38.156412791529114 -7.6011 -1.9132188092271625 0
CAR 0.0 0 -1.6383422606726576 1763.332520041094 271.1427778343509 1905.1645920042254 392.003753348548 3.3377 3.0755 3.0748 54.36906864712498 8.41215342002176 -5.9795 -3.031595390596638 0
PEDESTRIAN 0.0 0 2.915374055075428 624.1564013801033 127.76415309788871 666.5918737264223 202.48045412670243 1.8579 0.9295 0.9471 41.41598160103569 -9.189786115052556 -6.0836 1.594447662458931 0
CAR 0.0 0 -1.6183234342864774 110.10706321726302 -38.142888091233445 325.1988594183956 104.7444473335923 4.1862 3.2286 10.2919 60.37443941462676 8.929906841053498 -4.2942 -3.062835902477131 0
CAR 0.0 0 -1.4653586123636317 75.43481996639399 339.2287333068078 249.47241791054836 415.53911323619946 1.5206 1.9327 4.0484 15.364107181737701 47.76159305437823 -7.4583 -1.8734535741965284 0
CAR 0.0 0 -1.3040894894242685 226.8383019536482 336.18804480978383 390.1859954693507 417.81518587317515 1.7 1.6238 4.0308 18.11142173155696 43.78270162883455 -7.2916 -1.9923975746503848 0
CAR 0.0 0 2.9515077881037826 1510.4866012334587 268.7376845144878 1752.218961132666 424.2208274200036 1.7 1.9624 4.2616 25.12479796052 -29.51112668947027 -6.4566 1.58896339585535 0
WHEELER 0.0 0 2.8887067559795603 1527.3509763722643 344.57459114036857 1652.311039788954 479.7677161166417 1.7 0.8106 1.621 21.17899832226291 -26.614829916937413 -6.3809 1.5710430576065737 0
CAR 0.0 0 -1.9966536214088377 807.1478209570865 577.2597748868561 1234.5167721074376 986.7725450892776 2.3964 2.4699 4.5843 10.924921309016236 10.523558126820884 -6.1273 -2.926798604750006 0
CAR 0.0 0 -1.8553985947172005 977.9789885518231 468.3076094152098 1368.738890359637 798.1134700708201 2.564 2.814 6.1278 16.190379014032843 11.644270042665674 -6.1856 -2.9427125468726505 0
