CAR 0.0 0 2.6863780469756318 1340.9513593667475 200.00993752802947 1538.14242770609 312.16869060080705 1.5683 1.9824 4.1753 25.036904709135964 -23.00674550120274 -6.7242 1.2904051040461615 0
CAR 0.0 0 2.6468641253403984 1379.8032417834468 208.03791002214365 1636.790704544073 349.3247038008059 1.6094 1.8776 4.9449 21.338504418429135 -21.4351052974986 -6.2139 1.2570095736052027 0
CAR 0.0 0 -1.2996388875851481 220.76019756446706 422.24550638243545 433.44436481599416 543.2209111948134 1.5083 1.8983 4.1522 23.60353194033769 40.433406875322845 -8.1788 -1.9008039597235955 0
CAR 0.0 0 -1.106424989523353 392.03962726718265 425.37710933036516 586.8668299011605 545.6938910695704 1.4958 1.977 4.1388 25.15042558991207 37.038007810261725 -8.1989 -1.900855273565694 0
CAR 0.0 0 -1.545841954580659 136.90669190303217 214.85304522042952 737.7548078877377 1079.8612375923058 3.4934 3.115 10.3352 13.234722994812502 -0.3477195482546316 -5.0918 -2.2009898820232263 0
CAR 0.0 0 -1.4563107019203414 116.05904072490443 382.2683042620844 313.30585018221745 482.7198447016699 1.508 2.0028 4.001 25.6897167120481 46.62036999724674 -8.2196 -1.921975704819857 0
CAR 0.0 0 -1.4300344264596891 656.2051280767957 482.5325510739175 985.0430673055272 881.3980040444458 2.4532 2.2469 1.9737 9.997629128645292 -3.167044639403381 -5.6178 -2.313813219219564 0
WHEELER 0.0 0 2.606082801631369 1533.6397233408265 334.3588407155195 1689.5463487264674 471.6058245183332 1.6332 0.8894 1.834 15.211397144529228 -18.223017759231126 -6.5953 1.2795230550680976 0
CAR 0.0 0 2.6297930606812248 1394.2511309054535 227.72768875092473 1658.470531061027 383.71917993920243 1.654 1.8689 4.1757 18.577102838974938 -19.224296414119248 -5.8865 1.2547721101000144 0
CAR 0.0 0 -0.3111869282815125 2788.685919376478 391.78865183132484 3557.4698534060894 671.7424664997429 1.879 2.4204 4.7456 4.333842280272588 -35.74092169218159 -6.6157 -1.718096202236218 0
CAR 0.0 0 2.726045914397638 1922.2084359457872 170.481411429521 2207.7965996079542 290.51402500211924 1.8284 1.8307 4.868 20.682356907554563 -38.94501539843971 -6.1655 1.2652991384422807 0
PEDESTRIAN 0.0 0 2.843869129673508 550.402441984945 133.9777467224732 586.6500803899156 213.84839019834448 2.0064 0.6591 0.733 39.736174456490815 -4.541876714648922 -6.5861 1.5692703461305249 0
CAR 0.0 0 -0.34270292607235464 2528.420452439476 385.73908410107475 3419.0348425367733 743.2358271029414 2.3003 2.4332 5.4943 5.074088653008872 -30.82658398205622 -6.5644 -1.7290502305878765 0
