CAR 0.0 0 -0.06107647358376633 1151.1786804067733 202.28241012964426 1272.7841777107149 276.76008307533294 3.0887 3.0353 7.0662 63.569413437290955 37.92390166365232 -5.5641 -1.438074103094086 0
CAR 0.0 0 -1.6569407145445871 1777.7032420040944 330.22650886617356 1895.6137182639782 423.52403518936086 1.661 1.8473 4.112 42.51159059998379 6.826753781792405 -5.6812 -3.02656068591045 0
CAR 0.0 0 2.9601083679107454 1345.7962317784334 192.05338528265628 1508.6458674669261 306.6680279597553 1.7 1.937 4.0135 31.88399872835177 -28.356492735729 -6.2264 1.5613408777075723 0
CAR 0.0 0 -1.204330235646535 204.9396567758104 429.1195537439891 439.697526258034 559.1978677335965 1.7 1.9714 4.0628 12.642896192158723 31.387105251233276 -7.4038 -1.7860664048787567 0
CAR 0.0 0 -1.0172570726731904 392.3688768293643 439.2947613274283 584.779687659357 550.4062494513057 1.4656 1.3758 3.7786 15.121720759953918 28.746305759267628 -7.4477 -1.7992607011529442 0
CAR 0.0 0 -1.0295158243033788 228.66529519563736 324.4578895280939 521.7861186402941 493.8881283240045 3.0074 3.0141 6.0193 16.454685736279558 36.01650549708608 -6.7457 -1.7806193478024308 0
CAR 0.0 0 2.953941498672603 1403.6075159714107 228.3870977093212 1600.2903276368622 355.7374122447221 1.5329 1.947 4.1625 27.968864828603742 -28.258614189074738 -6.1782 1.5742731399333625 0
CAR 0.0 0 -1.3661779194949875 100.52505682786493 398.6169534208627 313.4619055379821 500.0333013628074 1.5121 1.9339 4.1099 12.842972594181129 38.11809760085032 -7.6011 -1.800105966354912 0
CAR 0.0 0 -1.6222553188724496 1755.628948224309 270.4549067730056 1896.774610681163 390.7888740391801 3.3377 3.0755 3.0748 54.40792056003061 8.655915111052963 -5.9795 -3.0152364718177616 0
PEDESTRIAN 0.0 0 2.983901111625871 628.3463981233695 127.0557614057056 670.4465103974754 201.52449282926617 1.8579 0.9295 0.9471 41.54850580792312 -9.289816530254706 -6.0836 1.6602932387710603 0
CAR 0.0 0 -1.5844188830972927 1751.1112347635794 195.4487560061465 1919.810713527352 341.1078998990152 4.1862 3.2286 10.2919 60.36977632311481 9.387718589038952 -4.2942 -3.0134491712793317 0
CAR 0.0 0 -1.4328598972347386 72.91138855784953 339.2346676560758 247.11905205251966 415.5604148507709 1.5206 1.9327 4.0484 15.312099999999997 47.81179988684177 -7.4583 -1.835460922297258 0
CAR 0.0 0 -1.170903905877637 217.8769687917075 336.9929441127121 382.4151102586824 419.03375225647727 1.7 1.6238 4.0308 17.86560148211088 43.80777122602929 -7.2916 -1.8444774247416449 0
CAR 0.0 0 -1.7498843403887057 1223.046339172655 385.3001924256261 1511.2987132828346 646.149410588136 3.0787 2.5188 6.5832 23.622458822122947 11.859768336014502 -6.1665 -2.96775302699739 0
CAR 0.0 0 -1.698462141690873 1326.6862903110543 351.4126996881769 1539.0679758443682 548.130883440186 3.0689 2.4464 5.1914 29.15666754894127 12.771598921294446 -6.1649 -2.9695380867579124 0
CAR 0.0 0 -1.5826915429638286 1590.2384348953767 267.75945414112 1672.1215960118398 328.65714321511797 1.7878 1.7256 4.0012 57.9484 15.7888 -5.943 -2.9732736974115963 0
