CAR 0.0 0 -0.061071494920616365 1151.1969969798747 202.28039080009063 1272.7988183304412 276.75587232580864 3.0887 3.0353 7.0662 63.57165709221796 37.924179447450264 -5.5641 -1.438074103094086 0
CAR 0.0 0 -1.7087170970924532 1778.5268675441769 330.88455006272295 1896.780714203172 424.567123863871 1.661 1.8473 4.112 42.38723940600451 6.787562095456342 -5.6812 -3.078007174963612 0
CAR 0.0 0 2.9601013941388974 1345.7530373011207 192.05509571858155 1508.598110272321 306.67104570721193 1.7 1.937 4.0135 31.883786398363632 -28.355279803944665 -6.2264 1.5613408777075723 0
CAR 0.0 0 -1.2043956475234756 204.890999661898 429.1181374550241 439.65215976701234 559.1959594108167 1.7 1.9714 4.0628 12.642260388270266 31.387982061555824 -7.4038 -1.7860664048787567 0
CAR 0.0 0 -1.0170981611798742 392.49986343193723 439.26243538927554 584.880777054011 550.3580172274131 1.4656 1.3758 3.7786 15.12518709341983 28.74726739723678 -7.4477 -1.7992607011529442 0
CAR 0.0 0 -1.0296448830852558 228.56570019091222 324.4622746925884 521.7040245074818 493.89819087469283 3.0074 3.0141 6.0193 16.452668482972317 36.01738679650234 -6.7457 -1.7806193478024308 0
CAR 0.0 0 2.953715436576081 1404.3787425239489 228.81452878581626 1601.4766717648974 356.397390252893 1.5329 1.947 4.1625 27.92666070485328 -28.259209411202818 -6.1782 1.5742731399333625 0
CAR 0.0 0 -1.3665367114425844 100.3287425229721 398.6443431442912 313.3004369282322 500.0750219334696 1.5121 1.9339 4.1099 12.838505190474772 38.11769700939106 -7.6011 -1.800105966354912 0
CAR 0.0 0 -1.6222529386708897 1755.5368932330316 270.43872937582034 1896.6666151428585 390.75911154405105 3.3377 3.0755 3.0748 54.41135442943559 8.659354325873906 -5.9795 -3.0152364718177616 0
PEDESTRIAN 0.0 0 2.9839463476962673 628.4500954160605 127.05093607990047 670.5441201237782 201.5174964363972 1.8579 0.9295 0.9471 41.54947557001147 -9.292576624349854 -6.0836 1.6602932387710603 0
CAR 0.0 0 -1.5844279290525476 1750.9942921380627 195.44851691433536 1919.7063182525649 341.1108622781785 4.1862 3.2286 10.2919 60.36584569511842 9.390783823474935 -4.2942 -3.0134491712793317 0
CAR 0.0 0 1.458413829929749 347.32851593986214 65.13274843734125 445.6161907567473 142.03103621596912 2.1382 2.0815 4.5477 57.10931292962687 1.9546371472034898 -6.523 0.13962634015954645 0
CAR 0.0 0 0.12137728198261266 1262.723740350019 547.5039559728059 1685.3362031988656 976.3546864220301 1.9675 1.9559 4.604 12.526850653296021 -20.270575660620292 -6.6285 -0.9710187970402009 0
CAR 0.0 0 -1.6215110449784251 1488.2223584526675 312.7907470648157 1611.349564494046 396.9601739236479 1.7 2.0565 4.1699 41.96781917767279 14.12504604379923 -5.9339 -2.968387897526797 0
CAR 0.0 0 -1.4328647876091491 72.90903159355139 339.23393735715166 247.1163272204506 415.55938378312294 1.5206 1.9327 4.0484 15.312099999999997 47.812 -7.4583 -1.835460922297258 0
CAR 0.0 0 -1.616802847137823 1662.3953483027483 262.17182202998265 1774.948371214184 339.38911074026714 2.0176 2.2899 5.6298 56.52913509788254 12.437433070315619 -5.5529 -3.0154226207889554 0
