CAR 0.0 0 -0.1010140938444779 1149.5787670680706 202.45875629705017 1271.5054245430833 277.1278769996187 3.0887 3.0353 7.0662 63.37390002871363 37.89970072468334 -5.5641 -1.477576390199944 0
CAR 0.0 0 -1.6804033579550002 1777.8424907066942 330.19075178072745 1895.726105229445 423.4660099374827 1.661 1.8473 4.112 42.52210082720936 6.825200087311129 -5.6812 -3.0500607807103046 0
CAR 0.0 0 3.008146693391717 1349.5577912689014 191.90446999372665 1512.804314861131 306.4053059381611 1.7 1.937 4.0135 31.902499794159404 -28.46220199474158 -6.2264 1.6087736008161464 0
CAR 0.0 0 -1.2799736331509672 209.1804931950735 429.242993069353 443.6514977753995 559.3641954908106 1.7 1.9714 4.0628 12.698299909307758 31.31070009408497 -7.4038 -1.8673876289855698 0
CAR 0.0 0 -1.0824361711756882 380.8446985002556 442.1365663834281 575.8929193834168 554.6505391793041 1.4656 1.3758 3.7786 14.819697471279405 28.66249874582987 -7.4477 -1.8503676822190267 0
CAR 0.0 0 -1.0970414686701644 236.970337204435 324.1096374217097 528.656210934938 493.0844030400921 3.0074 3.0141 6.0193 16.621999690442316 35.93970002385675 -6.7457 -1.8587980939027253 0
CAR 0.0 0 2.971449130635607 1401.71812099834 230.1039577201359 1599.3126471580465 358.43701569355943 1.5329 1.947 4.1625 27.801198199855822 -28.14438676662425 -6.1782 1.5933728930092512 0
CAR 0.0 0 -1.3966264348140442 117.86792780815568 396.2013403119111 327.74008449586546 496.3572736249548 1.5121 1.9339 4.1099 13.241200607247686 38.15299914821387 -7.6011 -1.8619935011827247 0
CAR 0.0 0 -1.6292657439623952 1759.5471818936614 271.57110736936085 1901.7883986632323 392.8761235888034 3.3377 3.0755 3.0748 54.10439504267587 8.48309743633227 -5.9795 -3.0218431350971344 0
PEDESTRIAN 0.0 0 3.0103256591894723 619.2861926099113 127.47733383251416 661.9192503563406 202.1357410779589 1.8579 0.9295 0.9471 41.463999987614045 -9.049299992133516 -6.0836 1.6907205764568618 0
CAR 0.0 0 -1.5603608156103574 99.70026632675714 -38.567284316893506 316.24823844089053 103.78889759980034 4.1862 3.2286 10.2919 60.603849500862864 9.382093777860957 -4.2942 -3.0022799433995133 0
CAR 0.0 0 -1.7720227360280825 1412.7337644683648 467.7500604047432 1627.5193580988148 649.5100922515296 1.5712 1.8019 4.16 21.362421035594046 8.406943937801392 -5.809 -2.994442224071055 0
CAR 0.0 0 1.535013464868475 386.9715270312808 31.529247742571346 468.0729507241744 79.79326447203088 1.7 2.482 4.675 74.08062092107669 5.027186264198521 -6.5583 0.09213218232254927 0
CAR 0.0 0 -1.6441440931679006 1462.552936358289 339.6690662984742 1586.407714044116 424.18606137279943 1.63 2.02 4.44 41.710648940264726 14.648897458826685 -6.7646 -2.9706568834179663 0
CAR 0.0 0 0.25668006798116316 -238.46207705155695 513.1291117000604 283.0012024071222 952.4400561385779 2.1382 2.0815 4.5477 13.8134 -6.3785 -6.523 0.18163545932653272 0
