CAR 0.0 0 2.6134055649922856 955.386904104547 203.81073832698934 1114.2227076214635 322.5801450115808 1.5683 1.9824 4.1753 27.25378625629323 -13.279611578959098 -6.7242 1.2900493731919727 0
CAR 0.0 0 2.6258901771968715 737.5911471877116 215.78842472329995 906.9007153443088 372.32503269882915 1.6094 1.8776 4.9449 24.457509233236728 -7.412365034908392 -6.2139 1.3949195604692837 0
CAR 0.0 0 -1.4617830492969104 322.2437402270486 504.54819033922297 569.3618956815958 671.2932113216464 1.5083 1.8983 4.1522 19.706844534616906 33.304843313538974 -8.1788 -2.117646638226662 0
CAR 0.0 0 -1.3015485189483862 530.2068182046617 482.4962941676164 737.6797645028641 633.0026382608434 1.4958 1.977 4.1388 22.610465159702688 31.16705302502536 -8.1989 -2.156452532970008 0
CAR 0.0 0 -0.2310618475273929 3476.8342227377084 180.50796983857794 5337.357086867888 580.6714017259314 3.4934 3.115 10.3352 -0.46178736672587384 -60.807038643088006 -5.0918 -1.7195019127797606 0
CAR 0.0 0 -1.4927817795511957 161.27293765598546 405.53764101976134 367.8184527517778 516.7157400047905 1.508 2.0028 4.001 24.337816009282278 43.2780350699373 -8.2196 -2.018957959407085 0
WHEELER 0.0 0 2.7984348281485327 1511.5570947250135 335.82424303642165 1666.0763030224396 473.85886925647947 1.6332 0.8894 1.834 15.265076864082255 -17.781402414139617 -6.5953 1.476332299180062 0
CAR 0.0 0 2.871162602393095 1397.8556238464876 225.4177100886019 1660.277952123939 379.68496644046434 1.654 1.8689 4.1757 18.732343077115285 -19.439826813439268 -5.8865 1.4938300677539622 0
CAR 0.0 0 2.7822469146197415 1512.3897096259968 170.56545670834245 1752.1106217366578 296.75858607871356 1.8284 1.8307 4.868 23.66660924926207 -27.46636928864748 -6.1655 1.3521572603103322 0
CAR 0.0 0 2.765720109137966 1768.0062869039186 303.51962112681787 2139.1567707650597 493.5624679985533 1.7 1.7312 4.5344 13.838 -24.3783 -6.639 1.394397955834217 0
PEDESTRIAN 0.0 0 2.83593220422999 1818.753465505747 383.86290027246866 1884.7550131249816 465.04617159764985 1.7 0.84 1.0688 40.1558 6.8929 -6.6552 1.4902160803572406 0
CAR 0.0 0 2.722553337087253 1998.4420373074315 307.27832595533107 2400.313391788483 491.99701647302857 1.7 1.6226 4.5676 12.570069168890416 -29.119353089582805 -6.7663 1.329991552531325 0
CAR 0.0 0 -0.29054179697152405 3030.559609195281 389.76203356190706 3767.364417947101 628.041155189906 1.7 1.8024 4.8041 3.4414370580412488 -42.20401272432659 -6.8769 -1.7141218927926827 0
CAR 0.0 0 -1.2746215176480158 345.8633810997081 373.17085346291424 561.8268017506061 511.0889121884527 2.0921 2.2958 4.814 26.945694899243357 39.63150282717208 -7.8814 -2.0802228104013043 0
CAR 0.0 0 -0.508657766099974 2487.481779847798 445.93670146270466 3268.0195866414233 764.0921744090524 1.7 2.0578 4.8188 4.9770819057793485 -28.069544873048404 -6.6853 -1.8746001757889328 0
CAR 0.0 0 -1.6581444325122294 92.95063468247824 337.1637875362435 261.72592166079505 423.21808241194555 1.7 1.8129 4.0976 30.1189 53.6668 -8.412 -2.098775480781578 0
