CAR 0.0 0 4.344904907932552 1562.1135657883506 326.88277112626326 1653.1757138551618 413.5554339983101 1.7 2.0096 4.0382 46.363234794326566 12.133330149552332 -6.8888 2.9997781404841044 0
CAR 0.0 0 -0.19562899832787917 1115.1664777819137 185.04567938442133 1202.7277687063274 259.14313455325214 3.1128 3.0226 6.773 73.48010809292194 32.80776911967808 -5.828 -1.5785158727392246 0
CAR 0.0 0 1.2323502884884399 346.9662017748815 74.98173967874978 417.3273228087962 144.05501420310952 1.7 1.967 4.5895 54.399232614317484 0.28910745095002977 -6.577 -0.062182613252866906 0
CAR 0.0 0 2.743497555160432 1780.5781883977415 181.11790498131555 2067.624657946154 398.7274558341517 3.4115 2.7462 2.4608 16.69481712434964 -27.558707832529844 -5.8128 1.3201315685536552 0
CAR 0.0 0 2.6898524758399116 1457.331713403317 272.08226277658497 1728.6422635113956 425.72567975268447 1.5441 1.9368 4.2225 18.114395120363056 -20.683765428692748 -6.7047 1.333080974457774 0
CAR 0.0 0 -1.181764646932053 297.6172259649187 255.70122781098885 767.7956653363473 504.94669056145676 3.8144 4.294 14.4415 31.787384355586383 39.80887912178799 -6.7673 -2.1623981769175518 0
CAR 0.0 0 1.3521581501845108 409.17664362480593 33.98533537897606 456.75257104665417 81.62341633747192 1.7 1.7559 4.4079 73.5970254249124 -2.1062712325111965 -6.7373 -0.08718951402995222 0
CAR 0.0 0 2.6708357754377072 1569.8024171435256 306.9546325674529 1937.9683415659404 510.3348738100108 1.7 1.9879 4.7683 14.674166621995425 -20.558693110172076 -6.6494 1.3267852944624796 0
CAR 0.0 0 2.708153276849905 1894.2349098161133 312.48388898692036 2277.7587870157986 489.55133863408 1.5135 1.9357 4.3357 12.982933684580944 -26.587814133824306 -6.6523 1.3257352487004694 0
CAR 0.0 0 2.7430978529456826 2197.587494686811 267.160349683752 2740.186040649367 485.05243862602026 2.0943 2.4031 5.4998 11.302056951994807 -34.310590822522826 -6.4152 1.321293181268636 0
CAR 0.0 0 -0.2934464496002658 3646.068218325018 280.47934664424736 4691.996971803647 558.4673612795984 2.7252 2.5328 6.0568 -0.3731762864517405 -60.53378410827758 -6.1749 -1.7657681287947185 0
CAR 0.0 0 2.7637593675270784 1876.6921581432302 122.90588928524257 2644.6583810359593 466.8719827940414 4.1983 3.0119 9.4432 15.023897159373497 -33.27303517781181 -5.5448 1.3160139587144968 0
CAR 0.0 0 -4.180978806475239 -62674.42694366413 -9053.797270849915 50232.767573560726 13252.049828520503 3.8072 3.3433 7.7358 3.939526145494975 23.07738965680099 -6.4136 -3.015147142517346 0
WHEELER 0.0 0 4.006363561043775 802.5681327569679 166.39179759257598 851.8197017430738 246.5736535931381 1.7142 0.8998 1.2689 33.4645 -10.3208 -6.5743 2.679422543851173 0
CAR 0.0 0 -0.38734414811112217 2999.0736665835548 422.5256526059807 3666.001114580826 651.9602307639866 1.5356 1.9913 4.1053 3.4267882056477834 -39.112892198551506 -6.8917 -1.7996717894500955 0
CAR 0.0 0 1.6201205578305324 496.3264667179579 161.25414565876832 600.1106302623477 260.34322638431684 1.5813 1.9585 4.1006 36.2454980312555 -3.532541735854816 -6.7996 0.4141922935666079 0
CAR 0.0 0 -1.1311778455908787 3080.5726730392294 -2196.0498156789918 4920.097041807906 -685.4087109452273 3.853 3.0824 3.0601 -4.49907741458671 22.241029802124334 -6.7871 -3.02041730126262 0
CAR 0.0 0 2.78723443297127 2533.7063006305643 267.6388734861183 3001.7554204710445 433.9086857812307 1.7 1.956 4.407 9.674097951021515 -40.99149452228385 -6.175 1.34126591673356 0
