CAR 0.0 0 -0.06127653365327834 1151.299422938862 202.5699534278417 1273.2860981019094 277.32331556599985 3.0887 3.0353 7.0662 63.37124984686437 37.79306316088353 -5.5641 -1.437993474107063 0
CAR 0.0 0 -1.680619428586335 1597.891245661981 303.0246286784041 1743.609868627721 424.6640472304629 2.5061 2.2666 5.3185 43.08925327737489 11.016556538363671 -5.9066 -3.0390100770537622 0
CAR 0.0 0 -1.688987716046376 1527.8317980769864 310.8854584609385 1636.006447469936 386.60208729836296 1.7 1.9666 4.1398 46.78438037728811 14.467156085077068 -6.3811 -3.0437406102343916 0
CAR 0.0 0 1.5500903586091583 400.2173772846863 -5.860790615229384 512.48371774589 87.94427627230502 3.5244 2.84 10.3328 78.649501681931 4.4698928751665115 -6.2138 0.06357411080289209 0
WHEELER 0.0 0 -1.6435989146565797 857.36742462355 204.42659402443485 885.1160439794419 277.1830184960885 1.455 0.6025 0.8913 32.94462283128717 -15.315720399702634 -6.2896 -2.945145701233959 0
CAR 0.0 0 -1.6562928444225318 1777.1124023432708 330.87178956002583 1895.4220825349612 424.55727268044916 1.661 1.8473 4.112 42.36139516651009 6.8162740733017255 -5.6812 -3.025440707670676 0
CAR 0.0 0 3.0130183138187636 1337.9266606557928 191.64797979716002 1499.49245250842 306.12308461761654 1.7 1.937 4.0135 31.933629444154683 -28.168433613929608 -6.2264 1.6149400059223493 0
CAR 0.0 0 -1.203468008860698 210.08935262546566 429.24399006317157 444.4806936859859 559.3599177692155 1.7 1.9714 4.0628 12.711224159844905 31.296966012409282 -7.4038 -1.7921101297431838 0
CAR 0.0 0 -1.02947436085423 393.17092061808836 438.1633517879031 584.8681719529369 548.7388358492622 1.4656 1.3758 3.7786 15.188508780266377 28.838061986925606 -7.4477 -1.8133342874298124 0
CAR 0.0 0 1.3711238068426839 362.29227704782073 57.811914871692466 441.6641879028642 115.33882164255016 1.7 1.8295 4.0434 61.58392474901078 2.951244187768741 -6.4708 0.010344369525566144 0
CAR 0.0 0 -1.059316715106926 237.4087260928372 324.4678963731908 529.5081571167556 493.80143121492983 3.0074 3.0141 6.0193 16.60274662792529 35.868317904042655 -6.7457 -1.8212771541448314 0
CAR 0.0 0 5.013158850359243 1283.1356812765107 -485.5306546765359 1403.4019806431304 -387.1498133030431 1.5029 1.9094 4.1841 -45.730114813764565 2.1096309763705463 -7.9847 3.129067075297349 0
CAR 0.0 0 -1.2490146872556882 1589.8999442096713 -691.035680407605 1862.4557392668398 -468.7099904428194 2.0674 2.0854 4.1222 -28.661371154614464 3.237916100679185 -7.0917 -3.141592653589793 0
