CAR 0.0 0 -0.06107625750174828 1151.1794753662577 202.28232248863682 1272.7848131292624 276.7599003240311 3.0887 3.0353 7.0662 63.56951081194006 37.92391371947227 -5.5641 -1.438074103094086 0
CAR 0.0 0 -1.7084114934012524 1780.2282562910427 330.6871099905455 1898.292098907072 424.2396221250814 1.661 1.8473 4.112 42.463880246156606 6.760302524493526 -5.6812 -3.078007174963612 0
CAR 0.0 0 2.9601080652606595 1345.7943571537069 192.0534595149414 1508.6437948244836 306.66815892877094 1.7 1.937 4.0135 31.88398951322789 -28.356440094475488 -6.2264 1.5613408777075723 0
CAR 0.0 0 -1.2043330744028995 204.9375450518226 429.11949227690843 439.69555734777595 559.1977849121782 1.7 1.9714 4.0628 12.642868598262803 31.387143304811147 -7.4038 -1.7860664048787567 0
CAR 0.0 0 -1.0172501746963318 392.37456225346386 439.2933582458623 584.7840753699655 550.4041559480439 1.4656 1.3758 3.7786 15.121871198999637 28.746347494366336 -7.4477 -1.7992607011529442 0
CAR 0.0 0 -1.0295227311796677 228.65961071189315 324.4576387626419 521.7807802889298 493.88769200838556 3.0074 3.0141 6.0193 16.454607539614916 36.01664552731723 -6.7457 -1.7806193478024308 0
CAR 0.0 0 2.9538432591007897 1403.9116970092064 228.56734205971324 1600.766320445291 356.0158951725918 1.5329 1.947 4.1625 27.95105946821092 -28.25837094258533 -6.1782 1.5742731399333625 0
CAR 0.0 0 -1.3661938770531918 100.51632418608175 398.6181686175292 313.45472062440376 500.03515247959973 1.5121 1.9339 4.1099 12.84277399522207 38.118080215176484 -7.6011 -1.800105966354912 0
CAR 0.0 0 -1.622255345883566 1755.622063975539 270.45398596871473 1896.7668156350671 390.7872020864263 3.3377 3.0755 3.0748 54.408069550312426 8.656153585806276 -5.9795 -3.0152364718177616 0
PEDESTRIAN 0.0 0 2.9839030751961078 628.3508987161607 127.05555198063568 670.4507467765119 201.5241891772335 1.8579 0.9295 0.9471 41.54854789560868 -9.289936318369516 -6.0836 1.6602932387710603 0
CAR 0.0 0 -1.584419278999813 1751.1061019773633 195.4487443903533 1919.806128873349 341.1080260808212 4.1862 3.2286 10.2919 60.369604746240064 9.387853296336083 -4.2942 -3.0134491712793317 0
CAR 0.0 0 -1.4328598674606767 72.91140290781762 339.23467210237317 247.11906864218454 415.56042112824764 1.5206 1.9327 4.0484 15.312099999999997 47.81179866849122 -7.4583 -1.835460922297258 0
CAR 0.0 0 -1.1078160545416482 -12180.573337586611 -6613.243815624522 16044.02276167341 3360.308915530374 2.0176 2.2899 5.6298 0.8321650606598023 6.1655747577879065 -5.5529 -2.997667017415702 0
CAR 0.0 0 -1.1767582538241612 214.28066574177487 337.180880920812 379.2051062203863 419.3267117216963 1.7 1.6238 4.0308 17.77803274886501 43.843889564115905 -7.2916 -1.8444774247416449 0
CAR 0.0 0 -1.6430025084051836 1595.1001898534334 248.23701179898825 1714.844821441331 346.199523155833 3.0787 2.5188 6.5832 61.54242250402059 15.679913732496926 -6.1665 -3.037566197077163 0
