CAR 0.0 0 -0.9235010951103333 -24937.91191553955 -22861.380210119754 52874.29890760093 7785.445027495145 1.7 1.9463 4.1292 6.296027807628355 23.361990797439113 -8.0915 -2.8996542506469916 0
CAR 0.0 0 4.461406338961595 1561.5245572683125 327.14812203762347 1652.639488964934 413.9667346731749 1.7 2.0096 4.0382 46.2951 12.1536 -6.8888 3.11655435550722 0
CAR 0.0 0 -0.3304816039095446 1147.0123217535074 187.3324082266689 1234.242638416625 262.89941002822195 3.1128 3.0226 6.773 72.9264 30.9305 -5.828 -1.7158531596828857 0
CAR 0.0 0 -1.474489838246695 143.6965542965013 296.7511646099834 345.8672496664893 479.1056165562673 3.8081 2.9722 2.9156 26.063465529959984 45.7342263006962 -7.0351 -2.0473228625974484 0
CAR 0.0 0 -1.103455594334513 655.3190485687353 467.76152619311557 957.6235348220586 766.9343107664653 2.7252 2.5328 6.0568 20.560974154561038 25.942688027490984 -7.5934 -2.0348090706185564 0
CAR 0.0 0 2.5821671443812697 1100.6061607472052 287.5369846045991 1383.7846750520653 614.8993857627414 3.6974 3.5688 12.6738 30.25845205305208 20.115440950185196 -5.9176 1.3410667292284981 0
CAR 0.0 0 2.725251294808138 1406.0171933834947 191.50640846105466 1625.8225756846655 313.02606937042714 1.7 1.967 4.5895 24.34903476876196 -24.645250961500327 -6.577 1.317956906484731 0
CAR 0.0 0 -0.34762583274864434 2808.239994882314 297.04247222475107 3581.8233428751037 735.0540495962036 4.7316 3.5763 2.8352 4.103930048783415 -34.52307493589402 -6.2046 -1.762063793012902 0
CAR 0.0 0 -0.3958621977765602 1935.687626861125 220.64419790819738 4602.2215678247285 1225.4965072033278 4.6414 3.6368 14.786 5.665091461511132 -26.118637296400813 -6.1579 -1.763346625374898 0
CAR 0.0 0 2.647728366706472 1766.5855840705988 181.49253898742322 2052.911525908958 399.8012072275777 3.4115 2.7462 2.4608 16.746 -27.213399585516004 -5.8128 1.2258169406910011 0
CAR 0.0 0 2.6736791622293157 1463.3224305173178 275.6438936735956 1738.6310273624115 431.53048117316064 1.5441 1.9368 4.2225 17.8426 -20.5992 -6.7047 1.3186377821279618 0
CAR 0.0 0 -1.1458251463076232 276.3678408108657 247.9529883972602 733.9530768674942 480.35132589926343 3.8144 4.294 14.4415 32.9921 41.8438 -6.7673 -2.120489226164379 0
CAR 0.0 0 2.0948136245971574 557.7286169081533 281.7674570052679 687.511193442849 351.7037651333906 1.5576 1.9781 4.7888 40.45826717815174 44.26050529031962 -7.1594 0.9921549051874662 0
CAR 0.0 0 2.597645116991443 1110.2175603590556 205.41025018672 1286.541303087546 332.6293375193872 1.7 1.7559 4.4079 25.747906605983335 -16.689126037370016 -6.7373 1.2460120225609006 0
CAR 0.0 0 2.979321683358651 2750.720284382388 199.38369491203866 3403.282600375189 403.0874270378895 2.3829 2.6598 6.0028 8.627824558512305 -50.11089393014631 -5.6352 1.5041920817351715 0
CAR 0.0 0 -1.33402467319429 376.9583919864269 414.1756193875543 571.4478813151678 537.8916362878513 1.7 2.0602 4.2454 26.135728141887093 38.379163964404995 -8.3962 -2.122798748936369 0
CAR 0.0 0 2.676432703981537 1566.249559769906 307.93285511098367 1934.9086101883381 512.17636324145 1.7 1.9879 4.7683 14.6432 -20.4419 -6.6494 1.333552304766139 0
CAR 0.0 0 2.6483532537986703 1883.398981764902 307.9786984134827 2260.0126150514184 482.00143166718715 1.5135 1.9357 4.3357 13.2682 -26.6938 -6.6523 1.2644279727318088 0
