CAR 0.0 0 4.317824280085176 1466.7417997262223 322.5472651085875 1528.8642250113146 400.29595046353836 1.5848 1.5393 4.034 46.724075345758045 15.228105632825006 -6.9916 2.9829474981030093 0
CAR 0.0 0 4.337765336486561 1585.7250006574388 321.28522649009085 1672.946418724803 401.0553060731948 1.6092 1.9505 4.2191 48.874456205965764 11.31436445218469 -6.9696 2.9845130209103035 0
CAR 0.0 0 -1.1541182875419294 541.5138766745952 389.2123497352048 701.90676986796 494.7093037578259 1.538 1.8644 4.1936 29.179131558428303 36.22061898660111 -8.0185 -2.1106613418142106 0
CAR 0.0 0 -1.3155713944941967 362.796557170984 414.09823032013014 547.7049677377269 527.1544627717568 1.5398 1.908 4.1045 26.25793254160842 39.09496410435927 -8.3962 -2.0890224003602347 0
PEDESTRIAN 0.0 0 -0.4100267034313936 3468.8197759346076 943.5515899670205 3872.67508651366 1172.3187922616846 1.7 0.4338 0.5002 -0.6519744269892077 -21.84053510733597 -6.7266 -1.7001904922863706 0
CAR 0.0 0 2.427633690897963 413.6566270787464 148.7623722149957 677.7231330713965 478.8380434006143 4.0512 3.03 2.5289 20.618231583189313 -2.1017332221330194 -5.1666 1.364300103335136 0
CAR 0.0 0 4.310042123510196 1502.3361581293045 311.10557207461665 1561.6846893263316 376.40461064832255 1.3936 1.6751 4.618 52.93 14.094700447744383 -7.3266 2.959475738275266 0
CAR 0.0 0 4.406670633183932 1610.5189765770222 300.7689603610695 1689.0574605730324 373.3145971192155 1.7 1.8675 4.4489 55.085 10.1373 -7.0682 3.0368570631059066 0
CAR 0.0 0 2.6476614726843204 848.3688091779323 99.37915822621089 1501.7829757213626 648.880832230456 4.1978 3.0224 13.9821 18.462093137634117 -9.93170060457169 -5.1618 1.3604189191013516 0
CAR 0.0 0 2.702587901049866 1652.1654524087796 181.35809842882307 1894.7761929619794 296.9605940825009 1.7 2.0375 4.4489 22.773084168974357 -31.29536980089197 -6.3555 1.2646640911923002 0
CAR 0.0 0 2.833302944340107 2379.795563655331 209.0136947415376 2675.839770429644 317.03250632409913 1.5686 1.4651 4.0018 15.342423037570505 -48.0138513557487 -6.3941 1.3655130147574221 0
