CAR 0.0 0 -0.02414894018498215 1152.132705884453 202.71686589937497 1274.2738066676443 277.6008676577512 3.0887 3.0353 7.0662 63.3044 37.7007 -5.5641 -1.4008436983789376 0
CAR 0.0 0 3.057296915914866 1978.0246215158493 141.39100133647617 2827.6442287808586 466.1214635394894 3.3784 3.4486 11.6024 25.788400000000003 -44.5713 -5.4833 1.607797639799007 0
CAR 0.0 0 -0.759084339300922 642.2667479142335 490.6188125205662 989.6051696035925 768.4280803367055 2.4742 2.2545 5.383 13.777170751733049 16.688582097588927 -6.8547 -1.6830451301699052 0
CAR 0.0 0 -1.7131831315578991 1598.191512696064 302.79702930204945 1743.7097223403118 424.23940525713 2.5061 2.2666 5.3185 43.152 11.0252 -5.9066 -3.07177948351002 0
CAR 0.0 0 3.0491472713970995 1762.7243332080636 164.8140912964499 2197.6447618879033 413.51635401783113 3.5225 3.6418 4.7722 25.3768 -36.3279 -5.4368 1.6209232594911147 0
CAR 0.0 0 3.141455072487246 1414.3178738979707 198.61386169251588 1597.7476541444346 318.6711131081878 1.6999 1.9706 4.412 31.49411584090017 -30.122736564360697 -6.344 1.7397526661954892 0
WHEELER 0.0 0 -1.7557705868009565 1515.2826606321744 339.0799700814602 1555.0639808843566 404.25854537218294 1.7 0.647 0.6935 40.6043 14.103 -6.2977 -3.0892327760299634 0
CAR 0.0 0 2.6466885847839667 548.8405507719717 303.622542245506 684.9308515925411 376.6292246881558 1.7 1.714 4.1066 26.620858635321476 39.619218221382546 -6.6918 1.5778527081905207 0
CAR 0.0 0 -1.7211758752010382 1536.705329487101 311.00686308990953 1644.6240459421558 386.7278201264775 1.7 1.9666 4.1398 46.9737 14.2439 -6.3811 -3.0770070002730305 0
CAR 0.0 0 2.8129633338566795 1012.6458328757277 298.3979735965067 1459.1011260220607 606.3183743822318 3.6584 3.5656 12.2161 25.000983919295024 15.099157224264443 -5.4541 1.5774572945063656 0
CAR 0.0 0 -1.295483791710403 115.3101679077472 281.96584512471975 311.4735110804648 464.9866055079825 3.7838 2.9175 2.9276 13.44192656431883 38.52309750256522 -5.8292 -1.8217944125683911 0
CAR 0.0 0 -0.118569488791477 1978.8255680008212 225.7923886957684 4430.270853420107 1176.8820791401242 4.1977 3.7027 14.0837 14.013004824118624 -35.918948066477405 -5.5382 -1.4787442727952902 0
CAR 0.0 0 -0.8684346732971273 321.6894940035731 283.3741545161301 725.4644152181963 483.59071770406354 3.5244 2.84 10.3328 20.150541454480496 34.16330982549497 -6.2138 -1.8215895708039374 0
PEDESTRIAN 0.0 0 3.045590273093084 1545.9822130484356 377.1244828748405 1587.1018384257443 449.7071832845708 1.7 0.5608 0.655 36.5422 11.9993 -6.5559 1.7326006756740802 0
CAR 0.0 0 -1.0248794785824233 353.6396935367224 400.1574756961147 568.6456352778062 527.3674958799083 1.8616 1.767 4.202 15.491834994519651 30.41085522256615 -7.0946 -1.8116876282943497 0
CAR 0.0 0 2.9351222068303424 1581.2944401455431 317.26426012668935 1882.5062061338529 513.0077681917251 1.7885 1.936 4.1812 21.0304 -28.77523867614334 -6.3142 1.5984642161224918 0
CAR 0.0 0 -3.2953623493301514 -25732.16332002313 307.0729689611192 -4154.8745373955 2217.252265618993 4.0038 3.0233 11.3683 14.742503600699381 45.32689182520384 -5.939799999999999 -1.8236377702710016 0
PEDESTRIAN 0.0 0 3.095546305153067 1754.5826424860293 400.03689632430104 1798.7902935196562 477.6493114362095 1.7 0.491 0.746 37.5296727842731 7.2811629171150765 -6.6198 1.7666769358870078 0
CAR 0.0 0 3.0472532376886208 2220.2397478503112 214.5095857653028 2904.411565175409 498.68490706860825 3.0142 2.9998 6.4302 21.6279 -43.8758 -5.5653 1.6122570075125129 0
PEDESTRIAN 0.0 0 3.081888000137544 1630.6264255633569 390.86830053354225 1674.56784046376 466.0913319980345 1.7 0.5372 0.8386 37.14273827402596 10.009440643037134 -6.7322 1.7645325550078208 0
PEDESTRIAN 0.0 0 3.053422955453096 1507.572373593618 382.7785693967697 1559.687695324447 460.2062305308636 1.7 0.74 0.9001 34.9117 12.3388 -6.5499 1.7505168928616632 0
