CAR 0.0 0 4.317824072855513 1466.7386210787295 322.5469064953976 1528.8608739707684 400.29545383185564 1.5848 1.5393 4.034 46.72409987994272 15.228199540465846 -6.9916 2.9829474981030093 0
CAR 0.0 0 4.337765064484291 1585.727286956677 321.28607439904573 1672.949341209155 401.05655199515877 1.6092 1.9505 4.2191 48.874300760666785 11.314300313858924 -6.9696 2.9845130209103035 0
CAR 0.0 0 -0.6179892270537175 1078.630878973867 529.404447057896 1240.628900485022 710.3555073619267 1.538 1.8644 4.1936 23.65051346718541 20.61492065738347 -8.0185 -1.7019919359963644 0
CAR 0.0 0 -1.3155843400516767 362.8058560993348 414.1206531831485 547.7253201060835 527.187881457377 1.5398 1.908 4.1045 26.256226334552164 39.092942475806026 -8.3962 -2.0890224003602347 0
PEDESTRIAN 0.0 0 -0.41002792381565034 3468.7967778467587 943.5494482419508 3872.6485577021967 1172.3163736944189 1.7 0.4338 0.5002 -0.6519003623967426 -21.840400657858915 -6.7266 -1.7001904922863706 0
CAR 0.0 0 1.063267380205819 -15190.322085207408 955.8868861919997 -1723.4905280889288 3630.566679566344 4.0512 3.03 2.5289 7.441972741808794 11.866220567388797 -5.1666 2.2544852679747636 0
CAR 0.0 0 4.3100423788128275 1502.3392367952254 311.10580017720747 1561.6878880472261 376.40491107563133 1.3936 1.6751 4.618 52.93 14.094599917460346 -7.3266 2.959475738275266 0
CAR 0.0 0 4.406670641710047 1610.5159266020585 300.76838652824785 1689.0538422399359 373.31377506450485 1.7 1.8675 4.4489 55.08510008471943 10.13740008471943 -7.0682 3.0368570631059066 0
CAR 0.0 0 2.7153891066560996 1288.3175497227924 183.62365885705296 1494.7690911022094 305.47129275941603 1.7 2.0375 4.4489 25.080532883188013 -21.501309152287618 -6.3555 1.317021307830867 0
CAR 0.0 0 2.68843975710666 1462.0497254356562 221.4838409527081 1676.6163560934754 347.59388148236394 1.5686 1.4651 4.0018 20.98295358944317 -22.916366099067147 -6.3941 1.2957369075692728 0
