CAR 0.0 0 2.9391236881052363 1286.301628085432 195.1648955007174 1443.2031641871863 311.98591276369643 1.7 1.937 4.0135 31.504325990388477 -26.6760977424774 -6.2264 1.5510382525586681 0
CAR 0.0 0 -1.2211495339893494 222.96851997269061 439.04094262685277 463.18794676949864 574.698704223541 1.7 1.9714 4.0628 12.49513199118895 30.12339172717432 -7.4038 -1.8201623861801035 0
CAR 0.0 0 -1.0665413318707668 394.31350275457413 443.41701862007784 588.8954284378337 556.4657347086563 1.4656 1.3758 3.7786 14.95165478335779 28.343586571742552 -7.4477 -1.8465701910156123 0
CAR 0.0 0 -1.0129107457283628 260.31809157536 322.77263380131194 547.5269016804185 490.1071483667749 3.0074 3.0141 6.0193 17.124218652325176 35.78581533191759 -6.7457 -1.8040050303749324 0
CAR 0.0 0 2.8917231283003497 1219.8177327366063 236.6960710953789 1393.236634303201 370.5193137629816 1.5329 1.947 4.1625 27.221922333415197 -23.764991540155165 -6.1782 1.5482138769844158 0
CAR 0.0 0 0.03592968543998598 3010.440984080332 157.5072081812116 5313.172126937959 752.2178965509969 4.1862 3.2286 10.2919 14.885710333279242 -53.84427202370737 -4.2942 -1.4315679485436985 0
CAR 0.0 0 2.9204401284434045 1405.6785403941242 277.1517354813047 1635.1564664897178 438.9959075484411 1.7 1.9624 4.2616 24.51040052797808 -26.9606370561804 -6.4566 1.5798550217274272 0
WHEELER 0.0 0 2.8807146370840035 1525.0034906911803 344.7089986919914 1649.770416637441 479.965763014322 1.7 0.8106 1.621 21.173139020860376 -26.569236552277673 -6.3809 1.5635222017560881 0
CAR 0.0 0 3.0227738444359593 1778.1600708255144 306.32688260862153 2111.7163601897387 497.6861624461739 1.752 1.7066 4.5021 21.487505854599384 -32.90594731745639 -6.3051 1.6546732152024497 0
CAR 0.0 0 3.039859023620834 1724.342690141345 277.67146623036126 2015.0516258780156 434.9411405974968 1.6356 1.9585 4.5139 24.63812393251883 -34.079301526817474 -6.5383 1.6564487319189027 0
CAR 0.0 0 0.022618356034688647 3494.2622689202876 319.21818591201014 4405.548303222383 626.8769075672028 3.3072 3.0001 3.4972 15.647326668202439 -59.45857393927117 -5.7424 -1.4301053464269944 0
CAR 0.0 0 1.784651923659134 1264.1821390402279 -329.4446114601707 1348.7648531380717 -267.63885184651855 1.7479 2.1574 4.4141 -67.4879 8.6671 -7.1261 -0.010319424834180245 0
CAR 0.0 0 3.020698150847478 2186.763790289593 304.60064777040617 2586.9646586462427 471.9845589906853 1.5888 1.9932 4.2218 21.72119169791854 -41.5927443116824 -6.2836 1.6104035849024376 0
