PEDESTRIAN 0.0 0 3.0690851992774077 1693.5939973250152 403.10349864966526 1751.4409658900163 485.9542557215497 1.7 0.7401 0.9 35.566557252422484 8.1226299430845 -6.5499 1.7505168928616632 0
CAR 0.0 0 3.047253159641124 2220.2409585788187 214.5122782918123 2904.4090895616937 498.6819695318849 3.0141 2.9998 6.4302 21.6279 -43.8758 -5.5653 1.6122570075125129 0
CAR 0.0 0 -0.02414894018498215 1152.132705884453 202.71686589937497 1274.2738066676443 277.6008676577512 3.0887 3.0353 7.0662 63.3044 37.7007 -5.5641 -1.4008436983789376 0
CAR 0.0 0 -1.2772847098321336 199.94491715865524 499.66846149245805 512.1048728578509 691.668861047675 1.8722 1.9964 4.4852 10.233215318684286 24.949583907008762 -7.4595 -1.8218717697658158 0
CAR 0.0 0 3.057296915914866 1978.0246215158493 141.39100133647617 2827.6442287808586 466.1214635394894 3.3784 3.4486 11.6024 25.788400000000003 -44.5713 -5.4833 1.607797639799007 0
CAR 0.0 0 -0.34773977076392093 1319.1414294527633 398.2230800610405 1822.8278911788293 905.8645857748685 4.081 2.7527 2.7246 12.544164652829464 -21.056404965461226 -5.613 -1.5257525439283905 0
CAR 0.0 0 -1.0616491684066813 277.75883400537435 343.18436690614186 529.107797629599 485.3603220118605 2.4742 2.2545 5.383 16.763504516793915 35.23708746093952 -6.8547 -1.8401194507239977 0
CAR 0.0 0 -1.7131831315578991 1598.191512696064 302.79702930204945 1743.7097223403118 424.23940525713 2.5061 2.2666 5.3185 43.152 11.0252 -5.9066 -3.07177948351002 0
CAR 0.0 0 3.0491472713970995 1762.7243332080636 164.8140912964499 2197.6447618879033 413.51635401783113 3.5225 3.6418 4.7722 25.3768 -36.3279 -5.4368 1.6209232594911147 0
CAR 0.0 0 3.155720494265594 1535.2955523385226 197.58399872217737 1734.9876833086614 315.8774602392932 1.6999 1.9706 4.412 31.618210729913827 -33.40960242182768 -6.344 1.7397526661954892 0
WHEELER 0.0 0 -1.7557705868009565 1515.2826606321744 339.0799700814602 1555.0639808843566 404.25854537218294 1.7 0.647 0.6935 40.6043 14.103 -6.2977 -3.0892327760299634 0
CAR 0.0 0 2.7854137203468534 1231.5715845381328 434.9608976790424 1405.8455280621197 575.1387152081285 1.7 1.714 4.1066 24.803630840542326 13.427720998217552 -6.6918 1.5778527081905207 0
CAR 0.0 0 -1.7211758752010382 1536.705329487101 311.00686308990953 1644.6240459421558 386.7278201264775 1.7 1.9666 4.1398 46.9737 14.2439 -6.3811 -3.0770070002730305 0
CAR 0.0 0 2.797943303214535 410.19534883778033 121.52216189376111 736.8886929598046 514.2990530204365 3.6584 3.5656 12.2161 26.18749587519929 -10.363963436471646 -5.4541 1.682272545812092 0
CAR 0.0 0 -1.485797223515906 60.62064386790504 245.3348051622265 221.46828199295373 389.1904558443566 3.7838 2.9175 2.9276 15.614681492390616 49.39330445599643 -5.8292 -1.9090608751681086 0
CAR 0.0 0 3.103553160435853 2540.281730035382 279.4118893902279 2994.5686994624575 444.72816711508057 1.7728 1.9945 4.2516 22.3965 -50.27223026507891 -6.1301 1.6620912556300997 0
CAR 0.0 0 -1.4684626233988114 267.381921074793 651.1648443459113 590.877902853662 892.4253868678778 1.5794 1.4904 3.551 7.6333 17.822 -7.4311 -1.9815905148931634 0
CAR 0.0 0 -0.9670083877492641 -146.15039742119313 265.14236088160374 960.8249425844622 1872.0886558876298 4.1977 3.7027 14.0837 11.928018588956148 -12.615138832294782 -5.5382 -1.5136508578351782 0
CAR 0.0 0 -0.8682066014935403 321.9502592085847 283.3598443433931 725.6398275886911 483.5490941522875 3.5244 2.84 10.3328 20.156560262740502 34.1623168374808 -6.2138 -1.8215895708039374 0
PEDESTRIAN 0.0 0 3.0030831118462364 1799.9464739517316 398.9852332830531 1842.9125248014511 471.7483693145841 1.5698 0.4741 0.7526 37.9831 6.4188 -6.4718 1.666699466173973 0
PEDESTRIAN 0.0 0 2.9561804388884187 1712.256242772771 391.2613133689522 1758.0095573596898 467.96561092394217 1.7 0.5608 0.655 37.2457 8.1746 -6.4883 1.6278809205544205 0
