CAR 0.0 0 4.461406338961595 1561.5245572683125 327.14812203762347 1652.639488964934 413.9667346731749 1.7 2.0096 4.0382 46.2951 12.1536 -6.8888 3.11655435550722 0
CAR 0.0 0 -0.3304816039095446 1147.0123217535074 187.3324082266689 1234.242638416625 262.89941002822195 3.1128 3.0226 6.773 72.9264 30.9305 -5.828 -1.7158531596828857 0
CAR 0.0 0 -1.3958484974518814 428.8703288192382 507.2635738273733 763.5382042262715 902.2268847483115 3.8081 2.9722 2.9156 15.105365239979939 26.32640782044461 -7.0351 -2.1171360326772217 0
CAR 0.0 0 2.0635392952989537 171.90155191348728 167.93054023429812 453.074383385839 276.0077048109265 3.6974 3.5688 12.6738 49.753923131652556 68.10643632680774 -5.9176 1.096248154566075 0
CAR 0.0 0 2.5412373857105752 885.6965612819404 194.2146210323104 1045.1745649106488 324.31572466280466 1.7 1.967 4.5895 27.54130266268572 -11.661600653992782 -6.577 1.2306904438850146 0
CAR 0.0 0 -0.27041540329583524 3690.810198390204 171.39767658219102 6176.4047107221595 637.8490515733047 4.6414 3.6368 14.786 -3.8870846869198736 -80.32198692784681 -6.1579 -1.763346625374898 0
CAR 0.0 0 2.647728368617876 1766.5855981441916 181.49253798301513 2052.9115399381617 399.80120491670453 3.4115 2.7462 2.4608 16.746 -27.213399996320884 -5.8128 1.2258169406910011 0
CAR 0.0 0 2.6736791622293157 1463.3224305173178 275.6438936735956 1738.6310273624115 431.53048117316064 1.5441 1.9368 4.2225 17.8426 -20.5992 -6.7047 1.3186377821279618 0
CAR 0.0 0 -1.1458251463076232 276.3678408108657 247.9529883972602 733.9530768674942 480.35132589926343 3.8144 4.294 14.4415 32.9921 41.8438 -6.7673 -2.120489226164379 0
CAR 0.0 0 1.995895584797098 506.4008537307029 180.5030177576986 614.8734586561375 300.2267063783355 1.7 1.7559 4.4079 32.575936250364514 -3.418950636976323 -6.7373 0.8273182111623254 0
CAR 0.0 0 2.9790359287098678 2746.8740890327526 199.7043391331844 3399.9473313307208 403.88922156033806 2.3829 2.6598 6.0028 8.636597332364614 -49.946770128726264 -5.6352 1.5041920817351715 0
CAR 0.0 0 2.676432703981537 1566.249559769906 307.93285511098367 1934.9086101883381 512.17636324145 1.7 1.9879 4.7683 14.6432 -20.4419 -6.6494 1.333552304766139 0
CAR 0.0 0 2.6483532537986703 1883.398981764902 307.9786984134827 2260.0126150514184 482.00143166718715 1.5135 1.9357 4.3357 13.2682 -26.6938 -6.6523 1.2644279727318088 0
CAR 0.0 0 2.649239520519182 2196.6357041494757 270.09949437894767 2745.011541784661 490.9682955967961 2.0943 2.4031 5.4998 11.1554 -33.9905 -6.4152 1.2290361204144005 0
CAR 0.0 0 -0.31197430244371205 3717.9132872202863 360.9729478084553 4386.400978433539 545.3514791399177 1.7 1.8668 4.13 -0.22360133270849247 -59.88129337945065 -6.915 -1.7722570175861114 0
WHEELER 0.0 0 4.338377894599114 766.8834223850748 136.40785468387188 814.7688363138654 213.28855150540653 1.7185 0.8392 1.6951 36.73782941202335 -10.253705690224361 -6.3427 2.984313267049473 0
CAR 0.0 0 -0.435911243524407 2455.0904402742376 438.2817532140308 3072.734048518285 704.3412407249946 1.7 1.727 4.1102 5.880558002689329 -28.566156591914336 -6.8135 -1.8046014804023776 0
WHEELER 0.0 0 2.4731988318958336 756.4273028541312 318.7839637700989 792.7255153618617 381.7535423498305 1.8147 0.6832 1.1965 40.2515 38.0754 -7.757 1.3265631903688766 0
CAR 0.0 0 -0.6497497905466585 1120.1634773465248 397.63636146559327 1772.5935401091783 961.0672607508262 2.7252 2.5328 6.0568 9.644542698761487 -9.06878778465841 -6.1749 -1.7877509125443363 0
CAR 0.0 0 2.89164658521322 2527.2673036138203 265.5801338259488 2991.002892564081 430.40230159808385 1.7 1.956 4.407 9.81349057291591 -41.11131495833545 -6.175 1.4450837886021748 0
