CAR 0.0 0 4.486587520261589 1555.285234175928 325.6542865567997 1645.0052325564404 411.76734964668947 1.7 2.0096 4.0382 46.50610649181797 12.335709303149864 -6.8888 3.141592653589793 0
CAR 0.0 0 -0.18883288587973168 1140.2660413459362 186.89913445000585 1227.618818727953 262.20284643677854 3.1128 3.0226 6.773 73.00177173748223 31.312685223117462 -5.828 -1.5736332775196553 0
CAR 0.0 0 3.278140766992997 914.9781984889383 524.0193108694721 1238.9969525861907 964.0862788845386 3.4115 2.7462 2.4608 14.385845311261214 19.56376434923474 -5.8128 2.300243985541399 0
CAR 0.0 0 0.7497814015317916 234.04834738284077 86.07955231323959 487.4021249551869 362.9965450227281 3.8144 4.294 14.4415 38.22834049499485 0.7464827319254201 -6.7673 -0.3032515034186361 0
CAR 0.0 0 0.9942600371097126 -10803.218919459247 1091.0158133047116 -2445.4084454521326 3485.353115968555 1.7 1.956 4.407 9.839611212596797 16.424779644297015 -6.175 2.183864362077144 0
CAR 0.0 0 3.1929712569707736 1377.109513667674 396.51732061604963 1867.5474352181184 1151.3494017406595 4.1983 3.0119 9.4432 17.603416640757167 14.53981295901691 -5.5448 2.045299928743621 0
WHEELER 0.0 0 4.209226744198567 806.2263790763092 166.13214243486684 855.3963301071844 246.20037069618056 1.7142 0.8998 1.2689 33.477250861984395 -10.42293434300726 -6.5743 2.88090798914154 0
CAR 0.0 0 1.6458945332720607 -428.6894375304576 325.3657927093268 111.80259357859113 802.7332383083219 2.613 2.2684 5.5662 16.27962167871544 5.051755098650565 -5.7562 1.8507223927367378 0
CAR 0.0 0 -1.420345675024535 235.67063079648088 449.3568367010932 445.92936017367134 573.9352402959482 1.5269 1.9408 4.1155 23.635209531465332 40.16539459804103 -8.831 -2.013284002215193 0
CAR 0.0 0 2.622137115197992 886.2030740027683 316.07090171485964 1128.9828841876033 525.4497053684373 1.5006 1.9544 4.3204 17.11620242138666 -7.997191585721758 -6.2434 1.4443889067573332 0
CAR 0.0 0 2.664251510428148 1347.344755994643 243.86804984801944 1616.8350454233766 401.1556086888602 1.5496 1.899 4.5119 18.80633056666712 -18.44697322394376 -6.1851 1.3058166515910923 0
CAR 0.0 0 2.7633836538891012 1356.6520435920293 205.74122344950095 1559.9611952745918 320.9281756101119 1.5683 1.9824 4.1753 24.322648933915513 -22.947191064769825 -6.7242 1.3699820769311981 0
CAR 0.0 0 2.610322758991469 799.9862563617365 295.96228731186096 985.9394656642763 469.6143218522678 1.5716 1.9048 4.1778 20.92982247256887 -7.6075873103690625 -6.8777 1.4418361224305425 0
CAR 0.0 0 2.791452041085686 1548.6641091800834 320.0522761109071 1873.8527862279857 503.3745089904535 1.5502 1.9671 4.1367 14.839264589055816 -19.89007320256081 -6.7148 1.454966334691561 0
CAR 0.0 0 -1.77828553124807 1698.335800489723 332.2190154810091 1844.556832834615 454.0712375301685 1.9963 2.2756 5.9988 44.3188123175783 8.145000090422505 -6.704 -3.131880613887544 0
CAR 0.0 0 2.111348022306488 102.99079490271832 340.5757491423928 310.38292957648406 558.2405701561055 1.651 1.9856 4.1758 21.556411345566712 2.838225446507511 -6.9778 1.6562273923950033 0
