CAR 0.0 0 -0.06107447558777124 1151.1860310085303 202.2815997556623 1272.7900531171585 276.75839326381373 3.0887 3.0353 7.0662 63.57031382154971 37.92401313897584 -5.5641 -1.438074103094086 0
CAR 0.0 0 -1.7084046818569723 1778.8411088186542 330.44437919772923 1896.826691541083 423.86289827296014 1.661 1.8473 4.112 42.48785664934525 6.796418403947973 -5.6812 -3.078007174963612 0
CAR 0.0 0 2.9601055693865455 1345.7788978210765 192.05407168103196 1508.6267025045397 306.6692389819759 1.7 1.937 4.0135 31.88391351980359 -28.356005983207098 -6.2264 1.5613408777075723 0
CAR 0.0 0 -1.2043564849006878 204.92013052875407 429.1189853830171 439.6793205498772 559.1971019178671 1.7 1.9714 4.0628 12.642641042489355 31.387457117379363 -7.4038 -1.7860664048787567 0
CAR 0.0 0 -1.0171932940371797 392.4214455924286 439.28178806121326 584.8202575865365 550.3868924382704 1.4656 1.3758 3.7786 15.123111809368257 28.74669166695774 -7.4477 -1.7992607011529442 0
CAR 0.0 0 -1.0295708184007872 228.62293912247765 324.4598755476085 521.7513630700424 493.8926519780248 3.0074 3.0141 6.0193 16.453818891623676 36.01685862236167 -6.7457 -1.7806193478024308 0
CAR 0.0 0 2.9537496144117665 1404.2260203663213 228.74351189036253 1601.251225269871 356.28795569286126 1.5329 1.947 4.1625 27.93367115029138 -28.258533239749138 -6.1782 1.5742731399333625 0
CAR 0.0 0 -1.366325472368537 100.44431233645975 398.6281895239107 313.3954720225972 500.05041745749844 1.5121 1.9339 4.1099 12.841136360467674 38.11793684250928 -7.6011 -1.800105966354912 0
CAR 0.0 0 -1.6222543457360694 1755.5924172712434 270.4484466333904 1896.7317145993502 390.776985813263 3.3377 3.0755 3.0748 54.40929821347351 8.657282451684422 -5.9795 -3.0152364718177616 0
PEDESTRIAN 0.0 0 2.9839192668490195 628.3880128500347 127.05382495655158 670.4856820917308 201.52168511033497 1.8579 0.9295 0.9471 41.548894975842174 -9.290924162825936 -6.0836 1.6602932387710603 0
CAR 0.0 0 -1.5844225439403223 1751.0637738304138 195.44864860399832 1919.7683210014918 341.1090666706141 4.1862 3.2286 10.2919 60.36818982478948 9.388964166332949 -4.2942 -3.0134491712793317 0
CAR 0.0 0 1.577511366553035 391.19499551064416 28.741787797208005 466.2188252351167 87.53137000215104 2.1382 2.0815 4.5477 72.67516345464094 4.620622746399425 -6.523 0.13962634015954645 0
CAR 0.0 0 -0.1348919781286757 1656.707829385816 485.3123744738985 2165.3590909395666 840.9054981162284 1.9675 1.9559 4.604 14.030134558948703 -26.25159470405509 -6.6285 -1.3721181217103506 0
CAR 0.0 0 -1.7094193252873606 1314.460936823684 390.1265391304185 1496.9203419064747 524.1649799941932 1.7 2.0565 4.1699 26.884809972528462 12.529510889809202 -5.9339 -2.968387897526797 0
CAR 0.0 0 -1.4328596486038654 72.91150838852192 339.234704785273 247.1191905859728 415.56046727139346 1.5206 1.9327 4.0484 15.312099999999997 47.8117897128997 -7.4583 -1.835460922297258 0
CAR 0.0 0 -1.6101516604831922 1586.2257467239758 314.0341517956812 1745.9306166402214 431.26184901884443 2.0176 2.2899 5.6298 39.27241912214134 10.333133759088843 -5.5529 -2.963081166209035 0
