CAR 0.0 0 4.898173712684336 2714.411362416193 -1563.5948074022356 3977.39781530854 -786.1798122188825 1.7 2.0096 4.0382 -6.476401460752177 21.41020067901264 -6.8888 3.0027175381748816 0
CAR 0.0 0 2.7045339117441825 1327.0059251448308 200.50632102826643 1523.1759573204183 313.10216226789515 1.5683 1.9824 4.1753 25.082263359271778 -22.609897478065786 -6.7242 1.310780564343317 0
CAR 0.0 0 4.311743493039518 1704.9269274632559 328.8585844222707 1849.72642329747 447.96106837417216 1.9963 2.2756 5.9988 45.151441366268855 7.86146567144754 -6.704 2.9549434400728405 0
CAR 0.0 0 2.69843041950707 1377.9867200599576 207.9953679639297 1634.6726769493157 349.2782496840651 1.6094 1.8776 4.9449 21.354108692779448 -21.396513085530856 -6.2139 1.3087788871307455 0
CAR 0.0 0 1.6299827873133805 -43822.50819373558 -8517.176525833409 21905.222498851737 12169.470680292201 1.7 1.4338 4.1609 5.7252416131201995 22.50176743537807 -7.0814 2.9399563745571107 0
CAR 0.0 0 1.2718809685441292 393.80658815041335 53.49313000477064 445.8166829717576 111.35898477095435 1.7874 1.6906 4.6429 65.20034212634052 -1.2237356342145393 -6.9019 -0.10672460276006801 0
CAR 0.0 0 1.1679328537711526 339.7842874336934 92.75220989982203 409.01403224955754 166.2435766679469 1.7663 1.8436 4.3075 52.54483144942479 0.6226610243857778 -6.9886 -0.07297821094104945 0
CAR 0.0 0 4.270195119056986 1509.5231098355584 346.0969228085666 1641.07660534096 506.073137324562 2.2503 2.304 6.2856 36.502202514059405 13.642446412594731 -6.5162 2.961509950794583 0
PEDESTRIAN 0.0 0 3.1255493490028323 638.2381458371318 126.89705740464728 675.0486393074273 194.01686463049475 1.7016 0.7772 0.6957 39.794747853882654 -7.0738366172841145 -6.3348 1.7939184524963823 0
CAR 0.0 0 4.056836021069279 1340.6528204836752 538.6355878487723 1502.770802764355 771.9203165359256 1.6266 1.8999 4.4696 21.72181962753292 16.122607075788682 -7.0385 2.9122265307228816 0
CAR 0.0 0 -1.1013560088554506 197.230729756153 429.7204712233594 417.39854507649073 554.8457429015247 1.5083 1.8983 4.1522 22.8689 40.2448 -8.1788 -1.665276828536639 0
CAR 0.0 0 1.795013250181794 -6480.674732578622 1086.702884029484 -2182.131042837802 2498.717136648107 1.612 1.9008 4.2774 11.516057108156359 17.777522593926836 -7.288 2.9396840754320803 0
CAR 0.0 0 3.986828734368448 1123.39808319086 528.6285180063726 1290.3617699009767 737.558358664403 1.5468 1.6772 4.4837 21.697418152946906 19.4072058487153 -7.2852 2.894079339171321 0
CAR 0.0 0 4.454729893147493 1731.9865436478588 250.783866896867 1823.4994699990798 325.7505760367951 2.5066 2.4248 2.2189 64.81153781075479 4.653551292119012 -6.1568 3.044321239284324 0
CAR 0.0 0 4.267995441180852 1412.4148460563015 357.8396705430378 1489.7506877217074 458.4174054936337 1.7816 1.6668 4.0256 40.4544 16.3515 -7.2905 2.969873047659069 0
