CAR 0.0 0 4.31782421117108 1466.7407426674897 322.5471458518341 1528.8631106232713 400.295785308747 1.5848 1.5393 4.034 46.72408350459005 15.228136861768434 -6.9916 2.9829474981030093 0
CAR 0.0 0 4.33776524603246 1585.7257609633998 321.28550846114825 1672.9473905930406 401.05572040288206 1.6092 1.9505 4.2191 48.87440451270199 11.314343123013504 -6.9696 2.9845130209103035 0
CAR 0.0 0 -1.1300261487223635 540.6391594528988 389.21731935415346 701.1339221455966 494.72497602135616 1.538 1.8644 4.1936 29.168603891656304 36.23863920677037 -8.0185 -2.085935844077625 0
CAR 0.0 0 -1.3157917121064684 362.61853300369074 414.1341228883222 547.5669948244707 527.2097337622802 1.5398 1.908 4.1045 26.25314796530292 39.09557973921436 -8.3962 -2.0890224003602347 0
PEDESTRIAN 0.0 0 -0.4100271093129908 3468.812127081544 943.5508776581685 3872.6662633885994 1172.3179878788803 1.7 0.4338 0.5002 -0.6519497941308429 -21.840490391300747 -6.7266 -1.7001904922863706 0
CAR 0.0 0 2.33049088825471 254.7992122718278 154.27133275332866 549.340215652809 497.14143385084594 4.0512 3.03 2.5289 20.588519899800108 -0.17635029525708368 -5.1666 1.4166599808949658 0
CAR 0.0 0 4.3100421238866 1502.33616266831 311.1055724109179 1561.6846940423388 376.40461109125505 1.3936 1.6751 4.618 52.93 14.094700299528274 -7.3266 2.959475738275266 0
CAR 0.0 0 4.406670633183932 1610.5189765770222 300.7689603610695 1689.0574605730324 373.3145971192155 1.7 1.8675 4.4489 55.085 10.1373 -7.0682 3.0368570631059066 0
CAR 0.0 0 2.6455329393903257 752.8506875524013 100.11936384285502 1352.5160857973974 665.1961720748267 4.1978 3.0224 13.9821 18.721740633704517 -8.140132440783091 -5.1618 1.3953264700422294 0
CAR 0.0 0 2.713075649160353 1577.7300355463653 182.26455597382287 1813.7797305682525 299.41427168042657 1.7 2.0375 4.4489 23.21325380051476 -29.169824050467692 -6.3555 1.2821200446305507 0
CAR 0.0 0 2.810525788081069 2280.109850082617 210.47344693166426 2569.028269454892 320.4735077973771 1.5686 1.4651 4.0018 16.020419341576645 -44.94223462977135 -6.3941 1.3480702713775943 0
