CAR 0.0 0 4.344903965333708 1562.1115445472374 326.8836816886985 1653.1738740400451 413.5568452217778 1.7 2.0096 4.0382 46.36300069186883 12.133399794171572 -6.8888 2.9997781404841044 0
CAR 0.0 0 -0.19562037346391437 1115.2740935604238 185.05341549570974 1202.8343610353634 259.15582474926026 3.1128 3.0226 6.773 73.47820562258052 32.80131906256549 -5.828 -1.5785158727392246 0
CAR 0.0 0 2.6787962885704233 1492.1875566400167 182.25168386367378 1755.0686517785784 407.9629821850189 3.4115 2.7462 2.4608 18.239314929076205 -21.321653162860102 -5.8128 1.2852302956391668 0
CAR 0.0 0 1.383699220577184 -406.29462185223633 353.32456716038 -61.47342273448629 590.1770738210662 1.5441 1.9368 4.2225 21.781854507496472 8.04661071436675 -6.7047 1.8217732411860563 0
CAR 0.0 0 -1.1297355366305677 342.9008664744313 266.2637089568488 823.7481592762858 539.2401840673423 3.8144 4.294 14.4415 30.460676918140095 37.02001539330738 -6.7673 -2.127491551481048 0
CAR 0.0 0 2.2934714028848084 512.7744842310055 350.79677668678397 724.830737725384 610.8894846837434 1.7 1.9879 4.7683 17.789877776131792 -2.4389722867515857 -6.6494 1.3797729182380674 0
CAR 0.0 0 2.602071076929993 1361.7188417292737 312.4038042800968 1662.4787689729994 496.992380509573 1.5135 1.9357 4.3357 16.08499674388455 -16.74725075791937 -6.6523 1.2908234282716162 0
CAR 0.0 0 2.6664827914286118 1955.6760959411386 276.9370546007709 2473.375300902766 509.9352191315164 2.0943 2.4031 5.4998 12.294871613717284 -28.445656902389985 -6.4152 1.2689333037088044 0
CAR 0.0 0 2.707752531278703 1634.3299402474797 123.76012615838879 2337.4704752013863 485.45071063967237 4.1983 3.0119 9.4432 16.319798441310297 -27.038220089041637 -5.5448 1.281112685800008 0
WHEELER 0.0 0 4.006363561043775 802.5681327569679 166.39179759257598 851.8197017430738 246.5736535931381 1.7142 0.8998 1.2689 33.4645 -10.3208 -6.5743 2.679422543851173 0
WHEELER 0.0 0 2.542352341350375 571.453165891698 160.00052761055434 633.571299175371 240.74502354331645 1.6462 1.1594 1.9268 36.653833124313316 -5.020862397065809 -6.7353 1.2913770127670434 0
CAR 0.0 0 4.407367960946272 1715.9394858032247 337.45094033714986 1827.1086530411776 422.22539802681774 1.5535 1.9759 4.0961 47.184059734643 7.575679167019916 -6.8684 3.047210286189498 0
CAR 0.0 0 2.745355762245676 2437.8474897635047 271.9938870738956 2900.962758298885 443.0784810247844 1.7 1.956 4.407 10.104705719097554 -38.370005639469 -6.175 1.3063805397873736 0
