CAR 0.0 0 2.732527987270754 1336.82170916784 202.15475791248096 1535.2735506706204 315.5579472161917 1.5683 1.9824 4.1753 24.83709941837781 -22.729465230185202 -6.7242 1.33882426606999 0
CAR 0.0 0 4.3579686616662014 1702.7973396556358 328.5021378257129 1846.9470254710159 447.3646299609184 1.9963 2.2756 5.9988 45.19107994016077 7.9165532511664845 -6.704 3.0012018670575786 0
CAR 0.0 0 2.703007191682378 1388.9711417656272 207.34095103563718 1646.5309512522383 347.9920623581117 1.6094 1.8776 4.9449 21.34396939878958 -21.697443231758257 -6.2139 1.3114097922132018 0
PEDESTRIAN 0.0 0 2.7270355843383767 638.6573415286435 127.07018129216581 675.487831640418 194.23799078814767 1.7016 0.7772 0.6957 39.75952475277906 -7.079890857691394 -6.3348 1.3955368288674803 0
CAR 0.0 0 -1.5451541030586073 248.0312216349321 421.81270298681255 457.0682751010186 542.3033096716873 1.5083 1.8983 4.1522 23.90215522858897 39.963143761032654 -8.1788 -2.18213576590055 0
CAR 0.0 0 1.7818256222057505 -6686.511354272949 1138.1448702408416 -2517.113104559987 2406.733612662878 1.5569 1.7367 3.4921 11.37109812535909 18.08640087205413 -6.9154 2.957290367741846 0
CAR 0.0 0 4.116904113920033 1183.3941786277728 459.63565059119946 1329.7178726415748 617.6398786789554 1.5094 1.9164 4.1944 25.947626774717136 19.36366543576043 -7.0487 2.947463613343456 0
CAR 0.0 0 0.9030075200768992 266.3901181821586 169.59593330133194 398.4809920970327 320.68881091468637 2.001 2.2034 6.0581 34.312148901792646 1.442023067635108 -6.8553 -0.04655191172913733 0
CAR 0.0 0 4.86258700199133 2052.0898668655 -986.8010012113461 2565.90994980301 -643.9632484010803 1.5434 1.7657 3.6986 -13.686955394036186 22.956012569406358 -7.7405 2.9569570384702204 0
CAR 0.0 0 -1.2901633288117824 405.91957348823104 424.57392769265874 598.6210491435917 544.3413644156741 1.4958 1.977 4.1388 25.350093700394932 36.83360449390806 -8.1989 -2.09854158769705 0
CAR 0.0 0 4.392023859044738 1708.0963709577188 206.03306934336806 1867.890581706272 332.74971686282163 3.4934 3.115 10.3352 63.2649 5.0191 -5.0918 2.9686603356601298 0
CAR 0.0 0 -1.6596957688459435 140.676272246216 381.5900942120412 334.83433274707136 481.50830694854477 1.508 2.0028 4.001 26.0277 46.1866 -8.2196 -2.1681369818205787 0
CAR 0.0 0 4.391394218646928 1725.171275854398 254.6068781007159 1821.5750336537085 337.22110826493576 2.4532 2.2469 1.9737 57.1937 6.1447 -5.6178 2.985525566570448 0
