CAR 0.0 0 4.374800276330234 1558.367367586388 327.34607323222895 1649.2070568219717 414.30639176163925 1.7 2.0096 4.0382 46.195160017673366 12.25248840783011 -6.8888 3.0305542597368387 0
CAR 0.0 0 1.4622496580491702 427.85262893333817 -20.922667921552026 520.0009737797349 61.49604379585965 3.8144 4.294 14.4415 98.48429655040783 -5.438950620499202 -6.7673 -0.07055447025630554 0
WHEELER 0.0 0 4.218514360339978 905.2132025574102 248.46504860562413 971.4696626288135 355.02125559152034 1.7142 0.8998 1.2689 24.120719110548084 -9.776728800335071 -6.5743 2.9581103363184718 0
CAR 0.0 0 1.5461847331726206 -37017.620124051115 -7139.803899738965 21007.447378400222 8641.738058332325 1.5496 1.899 4.5119 6.348092326427647 22.542372159857383 -6.1851 2.908759720465137 0
CAR 0.0 0 2.713586887259738 1334.6846897154612 201.50315477860912 1532.4098617687926 314.5667685959211 1.5683 1.9824 4.1753 24.92141693966949 -22.72676212708343 -6.7242 1.3196352731250365 0
CAR 0.0 0 4.4677562248616045 1705.651201460627 330.78692768284174 1852.073152700952 451.38358902025215 1.9963 2.2756 5.9988 44.749358146952794 7.890181965505445 -6.704 3.112194976680202 0
CAR 0.0 0 1.392110697810468 419.25879652223193 34.74026339978301 465.87302074945944 74.44369389079776 1.515 1.9112 4.1456 79.2587846716628 -2.728492542278249 -7.135 -0.05687467264143218 0
CAR 0.0 0 4.8260705458435815 -39946.54760305174 -134649.21617684065 310779.66716272436 19494.561000581773 1.7 1.9258 4.0952 6.373741793303465 18.627116432274065 -6.9836 2.8692159429930832 0
CAR 0.0 0 2.7909438897752548 2307.090132695307 197.60847164889722 2664.0591283155713 318.3390691150846 1.6094 1.8776 4.9449 15.66701248080101 -46.47029532976029 -6.2139 1.322635398892886 0
CAR 0.0 0 4.387868399794312 1461.9036055123565 308.3191689747577 1538.159595421569 389.9125809623348 1.7 1.9566 4.2746 47.584817724492446 15.210564985759724 -6.7401 3.0447770304777952 0
