CAR 0.0 0 -0.1010145182816089 1149.5739774532447 202.45844037971133 1271.5004591199056 277.12732047283373 3.0887 3.0353 7.0662 63.373911912867236 37.90000066050519 -5.5641 -1.477576390199944 0
CAR 0.0 0 -1.6804023102738157 1777.8433066093794 330.1892364236745 1895.7260094255184 423.46358862833216 1.661 1.8473 4.112 42.522443197050215 6.825236224108723 -5.6812 -3.0500607807103046 0
CAR 0.0 0 3.008150312159323 1349.5904465837507 191.90517224025749 1512.8416777192813 306.4060710171356 1.7 1.937 4.0135 31.902414599750823 -28.463027589073164 -6.2264 1.6087736008161464 0
CAR 0.0 0 -1.279977182172361 209.17787214365742 429.2429966179238 443.6491110585869 559.364217901638 1.7 1.9714 4.0628 12.69826237311725 31.310739034479383 -7.4038 -1.8673876289855698 0
CAR 0.0 0 -1.0824818694545972 380.80973930488085 442.1481278233737 575.867666080603 554.6677592916709 1.4656 1.3758 3.7786 14.818650870852895 28.661979663176556 -7.4477 -1.8503676822190267 0
CAR 0.0 0 -1.0970486737139549 236.96484089183565 324.11009738688887 528.6519612650618 493.0853974182591 3.0074 3.0141 6.0193 16.62187156904971 35.93970989781461 -6.7457 -1.8587980939027253 0
CAR 0.0 0 2.971412384773748 1401.4979833105272 230.1121542086425 1599.064730059269 358.45192165301313 1.5329 1.947 4.1625 27.80045314442789 -28.138909650652998 -6.1782 1.5933728930092512 0
CAR 0.0 0 -1.3965979949003282 117.88447900044127 396.20183553996674 327.7556944816037 496.3579168756348 1.5121 1.9339 4.1099 13.241451939158429 38.152646605027485 -7.6011 -1.8619935011827247 0
CAR 0.0 0 -1.753234146960967 1267.446149104718 431.1997395280814 1459.090518936877 567.9788756037594 1.4297 1.9111 4.1493 23.941124893494745 12.153673200566885 -6.1459 -2.9754581682401766 0
CAR 0.0 0 -1.8044943941812719 1350.3637314266034 445.57597361018105 1660.8710246190053 699.9278137640822 2.0202 2.5494 5.842 20.670643431169054 8.36091845799709 -5.7294 -3.0194132923016435 0
CAR 0.0 0 1.5952606732663506 406.981615593632 23.693626615743135 468.1446538265856 63.183852416045355 1.534 1.968 4.0552 80.10742365796034 6.027994040407271 -6.5733 0.12244828571208832 0
CAR 0.0 0 1.4044403550119806 376.931787909727 48.86887090070774 452.67466804460616 101.64658712587355 1.7 1.9759 4.002 66.43186037347299 3.7009253632599144 -6.5901 0.011400376679483456 0
CAR 0.0 0 -1.6343615199724795 1581.322582163637 259.1351191147218 1768.6578515089277 408.37958911331305 3.123 2.9994 5.9995 42.34367023843912 10.919374206877444 -4.9167 -3.011582061012967 0
CAR 0.0 0 -1.607367225253993 1768.297975828558 266.4322147795665 1905.5527998210412 382.92435048124923 3.3377 3.0755 3.0748 56.31968010784407 8.58477204032704 -5.9795 -3.0044297207708714 0
PEDESTRIAN 0.0 0 3.01032570546027 619.2862974077043 127.47732932745978 661.9193490422318 202.13573449459747 1.8579 0.9295 0.9471 41.464000895074 -9.04930277529115 -6.0836 1.6907205764568618 0
CAR 0.0 0 -1.5563672279349643 135.5105525107834 -41.40071786994239 336.55285614978106 93.83371942507199 4.1862 3.2286 10.2919 63.34900212504607 9.358481713982632 -4.2942 -3.037196553122415 0
CAR 0.0 0 -1.6632747984685772 1481.360738573597 338.2091389651794 1601.9287646153387 420.00900241354833 1.5588 1.9734 4.1783 41.36874957284962 14.074626870501405 -6.5613 -2.994059404777344 0
CAR 0.0 0 0.20379863643292184 -65.88279725378096 323.22922746896523 219.66652425726812 515.8264080746488 1.7237 2.0206 4.126 23.369170305487533 -2.109566066026092 -6.818 -0.0016624063706126633 0
