CAR 0.0 0 2.667560841851545 1335.1729347401604 200.3313894216302 1532.0326230420155 312.73566824574374 1.5683 1.9824 4.1753 25.043294116365644 -22.832732737413796 -6.7242 1.2725960806720291 0
CAR 0.0 0 2.7827969602477687 1374.8762813520605 209.69601324261757 1632.878247838525 352.2513132237269 1.6094 1.8776 4.9449 21.217778132628045 -21.202086969945057 -6.2139 1.3949195604692837 0
CAR 0.0 0 -1.6780939772441075 256.23048433716946 419.81006074511043 463.06883408582644 539.1844829801964 1.5083 1.8983 4.1522 24.126453224786353 39.9760030432438 -8.1788 -2.3270861484659813 0
CAR 0.0 0 -1.3459652971840406 407.69656974968404 424.0701020136212 599.9063591113112 543.5593820301052 1.4958 1.977 4.1388 25.406235595239043 36.83664034566078 -8.1989 -2.156508072983521 0
CAR 0.0 0 -0.3910727405444492 2018.182212876799 234.30142617825314 3954.1893693548154 991.9763266873074 3.4934 3.115 10.3352 5.483748434410466 -23.041703848247785 -5.0918 -1.7718538302406446 0
CAR 0.0 0 -1.7925333624508015 138.8442367227194 381.07356779569625 332.8820360814954 480.7677274518269 1.508 2.0028 4.001 26.050967468416967 46.28307231962404 -8.2196 -2.2982106397261775 0
WHEELER 0.0 0 2.6780641558159113 1519.709328572385 335.0435491287724 1674.6464796564296 472.6919020702842 1.6332 0.8894 1.834 15.256319472859886 -17.95433751219283 -6.5953 1.3541408258375798 0
CAR 0.0 0 2.8888028331901783 1400.7337264626653 225.67955968369156 1663.8074437647285 380.0923406693977 1.654 1.8689 4.1757 18.69545332405544 -19.481937565337322 -5.8865 1.5112833602739055 0
CAR 0.0 0 2.811497708036266 1647.4250006000311 170.46944722852933 1902.8193239630086 294.57701802101144 1.8284 1.8307 4.868 22.71996779596526 -31.14620077053187 -6.1655 1.369607898386195 0
CAR 0.0 0 -0.24169544784502617 3617.810503060535 300.2842780214562 4473.011255929322 530.3861364368593 2.3003 2.4332 5.4943 0.26011289350219835 -62.161962116846 -6.5644 -1.7115969380679334 0
PEDESTRIAN 0.0 0 2.7812294009510694 566.8565936009267 164.4574556666848 605.1015520475894 236.32276268586892 1.7 0.7052 0.9487 38.2562 -4.7731 -7.0387 1.539277545606912 0
CAR 0.0 0 -0.43022836324762515 2546.5998022017047 447.6880829099085 3077.1257969478793 769.0145325397827 2.8092 3.0165 1.8689 4.7963989323907645 -26.05146370936881 -6.4515 -1.7902303630211702 0
CAR 0.0 0 2.765720109137966 1768.0062869039186 303.51962112681787 2139.1567707650597 493.5624679985533 1.7 1.7312 4.5344 13.838 -24.3783 -6.639 1.394397955834217 0
