CAR 0.0 0 -0.02414894018498215 1152.132705884453 202.71686589937497 1274.2738066676443 277.6008676577512 3.0887 3.0353 7.0662 63.3044 37.7007 -5.5641 -1.4008436983789376 0
CAR 0.0 0 3.057296915914866 1978.0246215158493 141.39100133647617 2827.6442287808586 466.1214635394894 3.3784 3.4486 11.6024 25.788400000000003 -44.5713 -5.4833 1.607797639799007 0
CAR 0.0 0 -0.7840945082894141 560.2140885289972 465.15134605496553 893.8802389141663 716.288931741696 2.4742 2.2545 5.383 13.96285567739569 19.03365659989347 -6.8547 -1.6830451301699052 0
CAR 0.0 0 -1.7131831315578991 1598.191512696064 302.79702930204945 1743.7097223403118 424.23940525713 2.5061 2.2666 5.3185 43.152 11.0252 -5.9066 -3.07177948351002 0
CAR 0.0 0 3.0491472713970995 1762.7243332080636 164.8140912964499 2197.6447618879033 413.51635401783113 3.5225 3.6418 4.7722 25.3768 -36.3279 -5.4368 1.6209232594911147 0
CAR 0.0 0 3.142476879613884 1419.130209993261 198.0507217092964 1602.8435606087414 317.74213707110283 1.6999 1.9706 4.412 31.56243920382696 -30.279112163999493 -6.344 1.7397526661954892 0
WHEELER 0.0 0 -1.7557705868009565 1515.2826606321744 339.0799700814602 1555.0639808843566 404.25854537218294 1.7 0.647 0.6935 40.6043 14.103 -6.2977 -3.0892327760299634 0
CAR 0.0 0 2.665879089781593 600.1747609071313 314.03909583815283 739.7416487532968 391.6806314405425 1.7 1.714 4.1066 26.37250891689441 36.48206476152451 -6.6918 1.5778527081905207 0
CAR 0.0 0 -1.7211758752010382 1536.705329487101 311.00686308990953 1644.6240459421558 386.7278201264775 1.7 1.9666 4.1398 46.9737 14.2439 -6.3811 -3.0770070002730305 0
CAR 0.0 0 2.8446075808868376 1151.5639842818637 312.52875665150384 1602.6382015161223 656.5223189213248 3.6584 3.5656 12.2161 24.88613210786712 11.928705731145657 -5.4541 1.594934358872988 0
CAR 0.0 0 -1.29766281062115 112.17695244593607 276.1140399445831 302.3957930478668 452.63588043289525 3.7838 2.9175 2.9276 13.832608543305327 39.88141324371355 -5.8292 -1.8217944125683911 0
CAR 0.0 0 -0.14616544007401577 1811.4895314551097 230.29379871881434 4139.122139395839 1240.0934287765501 4.1977 3.7027 14.0837 13.728051512807818 -32.596568303799636 -5.5382 -1.4787442727952902 0
CAR 0.0 0 -0.8684354606893343 321.68859365309356 283.37420368057093 725.463809048388 483.59086078855745 3.5244 2.84 10.3328 20.15052070170283 34.163313308362916 -6.2138 -1.8215895708039374 0
PEDESTRIAN 0.0 0 2.9444485873564736 1569.230689677608 377.0389200055539 1610.9071350029917 450.0513744762197 1.7 0.5608 0.655 36.724798227986334 11.468800189864366 -6.5079 1.6278809205544205 0
CAR 0.0 0 -1.0345781043334557 329.9975103259699 384.5339173010592 535.909766456288 502.8382740630129 1.8616 1.767 4.202 16.021260018237413 32.61563993390014 -7.0946 -1.81168762829435 0
CAR 0.0 0 2.935122760130776 1581.2980458299942 317.26422719612583 1882.510526548771 513.0076690506935 1.7885 1.936 4.1812 21.0304 -28.77530770488648 -6.3142 1.5984642161224918 0
CAR 0.0 0 -3.297734325902485 -24497.279536742484 297.91674605618823 -4195.391323876994 2114.4789867009795 4.0038 3.0233 11.3683 15.11760083210279 46.609426410062916 -5.939799999999999 -1.8236377702710016 0
PEDESTRIAN 0.0 0 3.096686368385937 1772.3014655035736 402.0540532744109 1816.9775487991749 480.16362157349226 1.7 0.491 0.746 37.57034036992124 6.899815528733027 -6.6198 1.7666769358870078 0
