CAR 0.0 0 2.704537180274495 1327.066911762125 200.51217016357901 1523.2476638152098 313.1105699029796 1.5683 1.9824 4.1753 25.0812043621091 -22.61099212470518 -6.7242 1.310780564343317 0
CAR 0.0 0 4.311745121309673 1704.8727383684625 328.8459398486596 1849.652917422257 447.9395291557105 1.9963 2.2756 5.9988 45.15322429575504 7.862771329898385 -6.704 2.9549434400728405 0
CAR 0.0 0 2.6985415537691857 1378.77406561501 207.9850280593744 1635.5609280341898 349.2488951665467 1.6094 1.8776 4.9449 21.350004463556953 -21.415344228561647 -6.2139 1.3087788871307455 0
CAR 0.0 0 1.4029523667243555 434.4065379368635 22.70632239519964 478.70642715298607 65.10401294868281 1.7663 1.8436 4.3075 83.42390062463788 -3.67221628961658 -6.9886 -0.07297821094104945 0
CAR 0.0 0 1.7495306002868862 -11410.59312552196 835.8128131849919 -2042.7389573947423 3308.866957565004 2.2503 2.304 6.2856 11.693398277415067 18.186386275565123 -6.5162 2.9615227738821597 0
PEDESTRIAN 0.0 0 3.1240065239467736 634.9544578445606 127.13087191441738 671.8648644498884 194.3447808870735 1.7016 0.7772 0.6957 39.771710162912306 -6.976167348979951 -6.3348 1.7939184524963823 0
CAR 0.0 0 4.839777911729776 4141.088616293245 -4785.912468567909 10962.446879343699 -1271.4517115630179 1.6266 1.8999 4.4696 -0.8859556418066443 20.2485657288844 -7.0385 2.9122265307228816 0
CAR 0.0 0 -1.1013560088554506 197.230729756153 429.7204712233594 417.39854507649073 554.8457429015247 1.5083 1.8983 4.1522 22.8689 40.2448 -8.1788 -1.665276828536639 0
CAR 0.0 0 4.857580776128962 2098.957889061811 -1061.4671273523288 2766.5923318403447 -639.1611269684041 1.612 1.9008 4.2774 -12.054868888478483 22.044727998431803 -7.288 2.957134713507943 0
CAR 0.0 0 4.769673384181788 3489.0547942534718 -2113.5870807842625 5849.804850425719 -952.3187073526175 1.5468 1.6772 4.4837 -3.3022380998938616 24.282504092053323 -7.2852 2.894079339171321 0
CAR 0.0 0 0.898598623460135 263.6685532105621 138.27616668860514 358.0298275019382 230.44237563111506 1.7 1.9602 4.1068 42.62682939251731 2.2591878876598073 -7.0007 -0.14463527124728018 0
CAR 0.0 0 4.283304229956384 1501.7577240992034 358.6845660131025 1635.9500191166273 529.0636147975828 2.4175 2.2088 5.2336 34.1398001579187 13.871578492303584 -6.4546 2.986108229123197 0
CAR 0.0 0 4.270566130737702 1346.4447639356065 394.89868479850907 1440.5233372606526 516.7725927207929 1.7 1.618 4.0482 33.456912112438715 17.424900380771664 -7.0709 3.0138034953199493 0
