CAR 0.0 0 -0.0612807830955564 1151.2780850061376 202.57081488188985 1273.2670357396883 277.32529397656134 3.0887 3.0353 7.0662 63.36970204440946 37.79339955567412 -5.5641 -1.437993474107063 0
CAR 0.0 0 -1.8613716959823279 1298.632103580229 477.36818647772236 1618.959609247174 792.7517411541228 2.5061 2.2666 5.3185 18.061826854645552 8.14614734241807 -5.9066 -3.0306989853775987 0
WHEELER 0.0 0 -2.0118345037519143 1350.4602764789622 941.9326347585534 1528.6763299126646 1198.4102672088752 1.455 0.6025 0.8913 8.030885753344068 -18.192971525450297 -6.2896 -2.9424028968686495 0
CAR 0.0 0 -1.6418413600361685 1776.2441681911018 330.53643271993434 1894.3988082328265 424.02892886684475 1.661 1.8473 4.112 42.415552773197206 6.845241316178992 -5.6812 -3.0111097080424454 0
CAR 0.0 0 3.0130196085501106 1337.9840958401626 191.65552355148282 1499.5621301544725 306.13406072408844 1.7 1.937 4.0135 31.93270122603365 -28.169598461415283 -6.2264 1.6149400059223493 0
CAR 0.0 0 -1.2034397068953042 210.10917938804081 429.2417554188495 444.4971722450243 559.3562857968876 1.7 1.9714 4.0628 12.711599504227632 31.29690008707746 -7.4038 -1.7921101297431838 0
CAR 0.0 0 -1.0295056400055604 393.0681829381586 438.09017111748085 584.732849880236 548.631849240535 1.4656 1.3758 3.7786 15.190597241463797 28.846389001294042 -7.4477 -1.8133342874298124 0
CAR 0.0 0 -1.04920821985842 241.86027106842516 323.80206417092757 532.5698943040217 492.4048026606698 3.0074 3.0141 6.0193 16.72858790303217 35.91265539742922 -6.7457 -1.8172494712556144 0
CAR 0.0 0 -1.3593135275247121 1105.22100079562 -266.02358319165575 1169.960087068356 -223.23130402899352 1.6185 2.5772 5.2097 -87.9779223237335 5.547821164634221 -6.6119 -3.141592653589793 0
CAR 0.0 0 2.993074897312923 1437.8179225084807 227.20908633540813 1638.811580091708 353.5755446245323 1.5329 1.947 4.1625 28.07754961954506 -29.1161476552645 -6.1782 1.6079448596805241 0
CAR 0.0 0 4.977280375642376 1165.7249730383346 -354.2999483275756 1232.4241223878673 -299.6466317920892 1.5559 1.9857 4.1439 -72.70883308448 4.926218330100454 -8.682 3.1406323040528 0
CAR 0.0 0 -1.7190693874666556 1556.3920492045168 404.37550516217846 1706.5784419757758 520.580687806562 1.5654 1.9196 4.1235 32.63424344359793 9.394861395606759 -6.5847 -3.0154554888066953 0
CAR 0.0 0 -1.6758039591912912 1497.5947984514098 312.5922446480101 1614.7038212106265 396.5014980493074 1.7 1.8085 4.5388 42.47342852259986 14.074101114656479 -5.9788 -3.0237647859688446 0
CAR 0.0 0 -1.2567455998995114 1154.5791176362532 -377.1156411914839 1228.3607930838452 -314.9915585357028 1.5117 1.9409 4.126 -64.31624194729419 2.377155663683562 -8.2519 -3.109762181276535 0
CAR 0.0 0 -1.364109620209757 112.01534137072358 396.026220436938 322.2201946752501 496.1298183223864 1.5121 1.9339 4.1099 13.1523 38.2777 -7.6011 -1.8193646594160293 0
CAR 0.0 0 -1.6529170821019696 1626.6326311836058 330.9131007341712 1744.3082595773556 412.698092725737 1.5404 1.9796 4.1381 43.42158581399695 10.65735990712214 -6.1749 -3.007665396882673 0
CAR 0.0 0 -1.6566823212888897 1574.7386869092509 285.40248313926367 1665.7153527533346 341.6328864453844 1.4297 1.9111 4.1493 54.628257650572436 15.313721599482989 -6.1459 -3.0369523043851006 0
CAR 0.0 0 4.987655134515435 1231.2521819582696 -444.5975226968252 1334.9400976777072 -357.9805839884854 1.5642 1.972 4.1857 -51.07026528424126 2.0241041573210006 -7.9971 3.1144344235112906 0
CAR 0.0 0 -1.6407421444771677 1650.171223166603 268.735701072442 1773.9228849505475 349.41870268383514 2.0202 2.5494 5.842 55.40687777704603 12.399676892577299 -5.7294 -3.0341375714862773 0
CAR 0.0 0 0.6815214962940616 119.64972510964212 233.74367368458883 317.34547019265443 364.24922447746593 1.534 1.968 4.0552 29.58702235136854 -1.9523148981334197 -6.5733 0.0349065850398866 0
CAR 0.0 0 -1.7607471386686635 1359.0370425258732 414.00521024941577 1524.1620312914852 533.2087247605267 1.5231 1.9803 4.185 29.13380722375525 12.49057377952003 -6.7201 -3.0161816219057727 0
CAR 0.0 0 0.023847319372534453 -207.42925144417325 408.7622079481239 167.18581496236175 664.583948900015 1.7 1.9759 4.002 18.444766071931536 -3.3339144451539453 -6.5901 0.033126002704215646 0
