CAR 0.0 0 1.654769915189461 346.4897063155446 100.77276880630895 453.7121789100105 179.14335100885415 1.7 1.937 4.0135 46.75092768270493 -0.9831343399281569 -6.2264 0.41657423876235333 0
CAR 0.0 0 -0.7594825490048143 629.4602701562526 481.5410728958464 1063.732773333637 843.4255089835792 3.0074 3.0141 6.0193 13.22284430589982 15.402877429657355 -6.7457 -1.6819056695430228 0
CAR 0.0 0 2.9205000506681804 1405.4581550008634 277.0266094078249 1634.8058251232667 438.7943316304188 1.7 1.9624 4.2616 24.52009384472671 -26.960002135306286 -6.4566 1.5798550217274272 0
WHEELER 0.0 0 2.8807415606585476 1525.1059823135952 344.69369687939957 1649.878458028448 479.9443640745572 1.7 0.8106 1.621 21.173905900916292 -26.57148510077323 -6.3809 1.5635222017560881 0
CAR 0.0 0 3.0227897837436695 1778.1669931829897 306.30239127946805 2111.699803548321 497.64390378247504 1.752 1.7066 4.5021 21.48908952632209 -32.90719176733106 -6.3051 1.6546732152024497 0
CAR 0.0 0 3.037647997744358 1729.8687091497886 282.13725190843877 2025.760566541799 442.19109559257606 1.6356 1.9585 4.5139 24.287534055882865 -33.972125770864906 -6.5383 1.6564487319189027 0
CAR 0.0 0 1.784651923659134 1264.1821390402279 -329.4446114601707 1348.7648531380717 -267.63885184651855 1.7479 2.1574 4.4141 -67.4879 8.6671 -7.1261 -0.010319424834180245 0
CAR 0.0 0 3.0146490877894254 2120.5205329588844 306.52133725019223 2511.257156086322 475.86304619122154 1.5888 1.9932 4.2218 21.6310370100502 -40.088952580756704 -6.2836 1.6104035849024376 0
PEDESTRIAN 0.0 0 3.2347923655390423 1620.6159063470868 388.68158799021023 1664.5567305599695 463.308004023668 1.651 0.5088 0.9606 36.63184640713281 10.149255642892658 -6.6051 1.9174778364964447 0
CAR 0.0 0 -1.301721126673241 72.7384158392105 344.7178198548317 262.4714901270779 424.7012809929924 1.4933 1.9845 4.3346 14.967370297988893 46.240858742510746 -7.4122 -1.7143042624112637 0
CAR 0.0 0 -1.22372069901099 1618.9283230835995 251.211061159623 1690.4174602581838 297.61844348918845 1.7 1.9861 4.2709 73.70596292485644 18.48493317064107 -6.5167 -2.6305764830943255 0
