CAR 0.0 0 2.68637791939673 1340.9507465475235 200.00999775106445 1538.1418003357035 312.16879139684005 1.5683 1.9824 4.1753 25.03690257720176 -23.006724901761302 -6.7242 1.2904051040461615 0
CAR 0.0 0 2.646864102590001 1379.8032127872125 208.03793369791512 1636.790695953752 349.32474494146936 1.6094 1.8776 4.9449 21.3385024181046 -21.43510289919909 -6.2139 1.2570095736052027 0
CAR 0.0 0 -1.2996396236318661 220.75972621905717 422.2456474723878 433.44403701502307 543.2211302171654 1.5083 1.8983 4.1522 23.603517480211888 40.433403762706 -8.1788 -1.9008039597235955 0
CAR 0.0 0 -1.1064253682895775 392.039354805183 425.3772275643389 586.8666560240364 545.6940733772567 1.4958 1.977 4.1388 25.150414004770067 37.03800427437653 -8.1989 -1.900855273565694 0
CAR 0.0 0 -1.0612016221616543 578.1917070899145 230.20208576353818 1337.3411332590886 1149.4761787547081 3.4934 3.115 10.3352 11.319858508545796 -3.781797827985134 -5.0918 -2.0264569568237936 0
CAR 0.0 0 -1.4563118643334747 116.05837971014131 382.26830498978904 313.305261461342 482.7198516090597 1.508 2.0028 4.001 25.689709146119387 46.620383580183486 -8.2196 -1.921975704819857 0
WHEELER 0.0 0 2.6060827233680035 1533.6393097360994 334.35886201017223 1689.5459068423597 471.605858109443 1.6332 0.8894 1.834 15.21139843726655 -18.223009719218563 -6.5953 1.2795230550680976 0
CAR 0.0 0 2.6297930686322175 1394.2512381206368 227.72769750756834 1658.4706616985363 383.71919342264056 1.654 1.8689 4.1757 18.57710155370566 -19.224298037529973 -5.8865 1.2547721101000144 0
CAR 0.0 0 -0.29135106655508114 3078.8667780043097 379.7460262801608 3872.651289515433 641.7735442980014 1.879 2.4204 4.7456 2.937008028651627 -41.84010737479095 -6.6157 -1.718096202236218 0
CAR 0.0 0 2.7206443803710494 1837.238153804518 170.73796775132598 2114.105466185353 292.2070725095131 1.8284 1.8307 4.868 21.296483118969277 -36.44483377433655 -6.1655 1.2652991384422807 0
CAR 0.0 0 -0.3000389348891792 2844.0147987986384 374.05005812956546 3779.1102022680375 707.8793853545543 2.3003 2.4332 5.4943 3.6432967962717857 -36.933980822050245 -6.5644 -1.7115969380679334 0
PEDESTRIAN 0.0 0 2.8221509936387177 513.6374073418036 135.26434019450826 550.8670063422095 215.8803160582981 2.0064 0.6591 0.733 39.735872648233915 -3.546670211167967 -6.5861 1.5692703461305249 0
