CAR 0.0 0 -0.0612807468446912 1151.2782670315542 202.57080753317356 1273.2671983530486 277.3252770995216 3.0887 3.0353 7.0662 63.369715247919174 37.793396686062515 -5.5641 -1.437993474107063 0
CAR 0.0 0 -1.7283023353945917 1500.271261309408 359.033869483132 1698.3568725168848 533.4300015871318 2.5061 2.2666 5.3185 30.94427972049246 9.740021889539154 -5.9066 -3.0306989853775987 0
CAR 0.0 0 -1.8070489187886225 1213.8656318970418 458.2715186430199 1426.3479392110796 626.9530914923823 1.7 1.9666 4.1398 21.627707240267636 11.934974679135546 -6.3811 -2.9913729648151977 0
WHEELER 0.0 0 -1.8080290501529817 1081.0826282972557 450.8044292338054 1148.6215101728762 582.5892981369287 1.455 0.6025 0.8913 17.3002216490263 -17.854443346184315 -6.2896 -2.945145701233959 0
CAR 0.0 0 -1.621546626819944 1776.4290202934355 330.3990240022413 1894.4959951115359 423.80848493380853 1.661 1.8473 4.112 42.448737119586646 6.846308408148783 -5.6812 -2.9909218380067717 0
CAR 0.0 0 3.0130195975056573 1337.9836058796275 191.6554591981783 1499.561535755731 306.13396709032264 1.7 1.937 4.0135 31.932709144186866 -28.16958852469819 -6.2264 1.6149400059223493 0
CAR 0.0 0 -1.2034399483198777 210.10901025744008 429.24177448130587 444.49703167590474 559.3563167791103 1.7 1.9714 4.0628 12.711596302356647 31.296900649454095 -7.4038 -1.7921101297431838 0
CAR 0.0 0 -1.0295053731801382 393.06905914001743 438.09079525400637 584.7340040001521 548.6327616771983 1.4656 1.3758 3.7786 15.19057942587423 28.846317967812272 -7.4477 -1.8133342874298124 0
CAR 0.0 0 -1.0486363796547495 245.6321332339519 323.78036065173865 535.8689964057719 492.3150224170854 3.0074 3.0141 6.0193 16.79474213981666 35.853107798661114 -6.7457 -1.821277154144832 0
CAR 0.0 0 -1.3395280526996354 1196.0607996159972 -325.1101624578362 1293.1254625550966 -262.48178975968864 1.6185 2.5772 5.2097 -65.19281805391606 5.135081993233115 -6.6119 -3.141592653589793 0
CAR 0.0 0 3.0254919136120284 1705.674179644707 222.5199032712832 1941.778800249527 343.7693686060557 1.5329 1.947 4.1625 28.496701652276947 -35.88723099635251 -6.1782 1.6079448596805241 0
CAR 0.0 0 5.010169803314773 1345.7039921023895 -480.1008265153861 1465.0699182667645 -387.57176140039275 1.5559 1.9857 4.1439 -49.44724051633736 5.461480702013384 -8.682 3.1406323040528 0
CAR 0.0 0 -1.7165198187784676 1635.3460973612298 338.8310627015588 1747.223043922908 419.3548653580895 1.5654 1.9196 4.1235 44.80546080830266 10.715262352913529 -6.5847 -3.0678153663665255 0
CAR 0.0 0 -1.6950926466126752 1570.6578829100406 279.2803259588897 1664.500300091788 344.66824816723664 1.7 1.8085 4.5388 53.70841480198215 15.197652677689831 -5.9788 -3.0761246635286748 0
CAR 0.0 0 -1.2230135587451407 1282.747035366294 -520.2217396729834 1408.1706446142805 -414.0681339208276 1.5373 1.9615 4.1776 -44.95741195953928 1.7890110102675838 -8.5341 -3.1271669706908947 0
CAR 0.0 0 -1.2226807160857651 1512.9408080719584 -594.7323484306285 1697.3731024361357 -459.5996243679385 1.5117 1.9409 4.126 -36.91462408321816 5.266115770710608 -8.2519 -3.109762181276535 0
CAR 0.0 0 -1.364109620209757 112.01534137072358 396.026220436938 322.2201946752501 496.1298183223864 1.5121 1.9339 4.1099 13.1523 38.2777 -7.6011 -1.8193646594160293 0
