CAR 0.0 0 -0.02414894018498215 1152.132705884453 202.71686589937497 1274.2738066676443 277.6008676577512 3.0887 3.0353 7.0662 63.3044 37.7007 -5.5641 -1.4008436983789376 0
CAR 0.0 0 3.057296915914866 1978.0246215158493 141.39100133647617 2827.6442287808586 466.1214635394894 3.3784 3.4486 11.6024 25.788400000000003 -44.5713 -5.4833 1.607797639799007 0
CAR 0.0 0 -0.6922629926782898 731.4179833839911 514.0804401405165 1004.949464432132 1021.4617544993316 2.4742 2.2545 5.383 13.308009202960694 -14.35449857100501 -6.8547 -1.5434399865274424 0
CAR 0.0 0 -1.7131831315578991 1598.191512696064 302.79702930204945 1743.7097223403118 424.23940525713 2.5061 2.2666 5.3185 43.152 11.0252 -5.9066 -3.07177948351002 0
CAR 0.0 0 3.0491472713970995 1762.7243332080636 164.8140912964499 2197.6447618879033 413.51635401783113 3.5225 3.6418 4.7722 25.3768 -36.3279 -5.4368 1.6209232594911147 0
CAR 0.0 0 2.9136029160928407 1025.3408949598327 204.3946110380136 1154.0681457066398 331.60745662253146 1.6999 1.9706 4.412 30.832745705604808 -20.034439974880478 -6.344 1.5826730335159997 0
WHEELER 0.0 0 -1.7557705868009565 1515.2826606321744 339.0799700814602 1555.0639808843566 404.25854537218294 1.7 0.647 0.6935 40.6043 14.103 -6.2977 -3.0892327760299634 0
CAR 0.0 0 -1.7211758752010382 1536.705329487101 311.00686308990953 1644.6240459421558 386.7278201264775 1.7 1.9666 4.1398 46.9737 14.2439 -6.3811 -3.0770070002730305 0
CAR 0.0 0 2.5076526079681867 246.40054947211308 198.77166568800803 569.8765056818513 316.91683457018223 3.6584 3.5656 12.2161 29.30891795745633 57.11494380406192 -5.4541 1.4905033519915736 0
CAR 0.0 0 -1.1190468484465947 326.13889181971876 417.027702352742 644.2620351616467 765.3240311029344 3.7838 2.9175 2.9276 9.588638885220437 19.418935416008615 -5.8292 -1.8217944125683911 0
CAR 0.0 0 -0.8684324960460593 321.69198360817205 283.3740185690123 725.4660913694114 483.5903220539089 3.5244 2.84 10.3328 20.15059883912132 34.16330019482631 -6.2138 -1.8215895708039374 0
CAR 0.0 0 2.9351218963882277 1581.292417099109 317.264278603087 1882.5037820723664 513.0078238169269 1.7885 1.936 4.1812 21.0304 -28.775199946105566 -6.3142 1.5984642161224918 0
CAR 0.0 0 -3.242516955938 -36705.719746670184 406.7550166734237 -2879.4301480695226 3975.0358308095433 4.0038 3.0233 11.3683 10.997729837213203 26.175814680696565 -5.939799999999999 -1.8236377702710016 0
CAR 0.0 0 3.0472532376886208 2220.2397478503112 214.5095857653028 2904.411565175409 498.68490706860825 3.0142 2.9998 6.4302 21.6279 -43.8758 -5.5653 1.6122570075125129 0
PEDESTRIAN 0.0 0 3.0616184188025053 1406.275057171357 366.05217101096326 1444.875359042419 435.1654460398409 1.7 0.5372 0.8386 36.36563494842688 15.704372039869426 -6.7322 1.7645325550078208 0
PEDESTRIAN 0.0 0 3.0262351139519916 1257.3369832752194 354.43488148422637 1302.0176186806084 424.34062229446806 1.7 0.74 0.9001 34.029681392002615 19.0326167710787 -6.5499 1.7505168928616632 0
PEDESTRIAN 0.0 0 3.0428836691924714 1337.4846600903538 353.5324185209 1372.917544279699 420.49898349922677 1.7 0.5608 0.655 35.81330188212537 17.570277444305585 -6.5399 1.7500539681940235 0
CAR 0.0 0 3.103555383021215 2540.287749338403 279.4067749643034 2994.576756266928 444.722676848403 1.7728 1.9945 4.2516 22.39650002234525 -50.27230123913101 -6.13 1.6620912556300997 0
PEDESTRIAN 0.0 0 3.0786682508624614 1505.594752941232 368.1434790493565 1544.1241087716937 439.97672115492253 1.7 0.491 0.746 36.31051391064604 13.019655787421279 -6.427 1.7666769358870078 0
