CAR 0.0 0 -0.061280737528163876 1151.2783138123707 202.57080564454193 1273.2672401449365 277.32527276209595 3.0887 3.0353 7.0662 63.36971864124231 37.793395948567735 -5.5641 -1.437993474107063 0
CAR 0.0 0 -1.720815215788598 1512.7252903432652 351.7960445044846 1703.8528041503178 518.9128202464047 2.5061 2.2666 5.3185 32.17413709769417 9.877208658504733 -5.9066 -3.0306989853775987 0
CAR 0.0 0 -1.7985263228873734 1256.7082616806947 438.56976527574466 1454.1506425530285 592.8430610565238 1.7 1.9666 4.1398 23.62508969509857 12.147987138135404 -6.3811 -3.008828825219938 0
WHEELER 0.0 0 -1.7955306222885112 1063.7160443555563 428.0237261457507 1126.9466466715803 554.2493511965959 1.455 0.6025 0.8913 18.145548056963698 -17.75936583988206 -6.2896 -2.945145701233959 0
CAR 0.0 0 -1.6431045757904499 1780.6292014964379 331.0477020233498 1898.8833077502065 424.81175059045205 1.661 1.8473 4.112 42.39483718741149 6.739963867237419 -5.6812 -3.012514315512945 0
CAR 0.0 0 3.013019594667214 1337.983479959015 191.65544265928006 1499.5613829943436 306.1339430263011 1.7 1.937 4.0135 31.93271117916491 -28.169585970946002 -6.2264 1.6149400059223493 0
CAR 0.0 0 -1.2034400103663934 210.1089667906014 429.24177938038804 444.4969955494133 559.3563247415918 1.7 1.9714 4.0628 12.711595479470681 31.296900793985785 -7.4038 -1.7921101297431838 0
CAR 0.0 0 -1.0295053046055753 393.0692843258543 438.0909556584538 584.7343006114928 548.6329961754673 1.4656 1.3758 3.7786 15.190574847239208 28.84629971209381 -7.4477 -1.8133342874298124 0
CAR 0.0 0 -1.0501202263610099 244.462737200367 323.85194825956734 534.9301809306281 492.47354040392923 3.0074 3.0141 6.0193 16.7693266763844 35.859968369344976 -6.7457 -1.821277154144832 0
CAR 0.0 0 -1.3374374387622279 1208.0204727791709 -332.61186239367544 1309.5618778858518 -267.3198305889218 1.6185 2.5772 5.2097 -63.142107090596895 5.129611534691271 -6.6119 -3.141592653589793 0
CAR 0.0 0 3.0298350913175156 1744.3311085634637 221.09026390741678 1984.572327714522 341.19550182350247 1.5329 1.947 4.1625 28.638626351881364 -36.9546797891858 -6.1782 1.6079448596805241 0
CAR 0.0 0 5.014300355803238 1370.8144690911054 -498.86037267884586 1498.9151242261921 -400.16815121457347 1.5559 1.9857 4.1439 -47.26290275090398 5.489661620183449 -8.682 3.1406323040528 0
CAR 0.0 0 -1.713045246778974 1641.8111225561188 334.7693400727692 1751.3232931845332 413.26189950964323 1.5654 1.9196 4.1235 45.844119801036484 10.785747281874627 -6.5847 -3.0678153663665255 0
CAR 0.0 0 -1.6925825946643913 1576.1626487723618 276.60360914918255 1668.20287475895 340.58200924468105 1.7 1.8085 4.5388 54.81241918403575 15.316841084753808 -5.9788 -3.0761246635286748 0
CAR 0.0 0 -1.2167629435116603 1319.8277527081325 -550.700556849149 1459.171044038305 -433.95096480503946 1.5373 1.9615 4.1776 -42.12903871974211 1.9630913123510738 -8.5341 -3.1271669706908947 0
CAR 0.0 0 -1.2178263935767446 1569.1748131375075 -633.692834510121 1776.9280339154482 -483.6901158756696 1.5117 1.9409 4.126 -34.425195035956854 5.446995275669197 -8.2519 -3.109762181276535 0
CAR 0.0 0 -1.364109620209757 112.01534137072358 396.026220436938 322.2201946752501 496.1298183223864 1.5121 1.9339 4.1099 13.1523 38.2777 -7.6011 -1.8193646594160293 0
