CAR 0.0 0 4.461406338961595 1561.5245572683125 327.14812203762347 1652.639488964934 413.9667346731749 1.7 2.0096 4.0382 46.2951 12.1536 -6.8888 3.11655435550722 0
CAR 0.0 0 -0.3304816039095446 1147.0123217535074 187.3324082266689 1234.242638416625 262.89941002822195 3.1128 3.0226 6.773 72.9264 30.9305 -5.828 -1.7158531596828857 0
CAR 0.0 0 -1.3962995843959005 226.05127272328656 349.33610467974444 463.8295271933063 579.4626357924423 3.8081 2.9722 2.9156 21.987657372677628 38.02115460549979 -7.0351 -2.0473228625974484 0
CAR 0.0 0 -2.741509025915919 -1794.9545233115118 559.4403473940047 -486.0474162594704 1302.9414988111432 2.7252 2.5328 6.0568 15.412981758510885 11.745286334497209 -7.5934 -1.8951827304590094 0
CAR 0.0 0 2.182627653632022 513.226290746467 217.57860848132012 831.0610826223669 399.0728561931033 3.6974 3.5688 12.6738 38.31444924593812 39.98175576218322 -5.9176 1.0263427992051692 0
CAR 0.0 0 2.7071262976127324 1268.7922449882042 192.13802186801288 1473.406198925596 315.85367817932087 1.7 1.967 4.5895 25.237177640396492 -21.076718884561586 -6.577 1.317956906484731 0
CAR 0.0 0 -0.31660841502648074 2808.482023203925 201.3211476595277 5695.406188342217 923.5109504664266 4.6414 3.6368 14.786 1.5653897012658327 -46.84141100140312 -6.1579 -1.763346625374898 0
CAR 0.0 0 2.6477283683497723 1766.5855961701532 181.4925381238986 2052.9115379703494 399.80120524084003 3.4115 2.7462 2.4608 16.746 -27.21339993869917 -5.8128 1.2258169406910011 0
CAR 0.0 0 2.6736791622293157 1463.3224305173178 275.6438936735956 1738.6310273624115 431.53048117316064 1.5441 1.9368 4.2225 17.8426 -20.5992 -6.7047 1.3186377821279618 0
CAR 0.0 0 -1.1458251463076232 276.3678408108657 247.9529883972602 733.9530768674942 480.35132589926343 3.8144 4.294 14.4415 32.9921 41.8438 -6.7673 -2.120489226164379 0
CAR 0.0 0 2.6054539355822355 916.0194558675291 205.09101783663507 1067.714782740197 334.5860527261493 1.7 1.7559 4.4079 27.060855786382284 -12.116313355094706 -6.7373 1.2983719001207306 0
CAR 0.0 0 2.9770669352668433 2721.4041088364474 201.95370311436636 3378.201305794575 409.4894904762834 2.3829 2.6598 6.0028 8.68662262485364 -48.84963113664815 -5.6352 1.5041920817351715 0
CAR 0.0 0 -1.2015456311273482 767.63681235033 567.5152881890899 987.9480958842661 783.2949360377539 1.7 2.0602 4.2454 20.208574662256968 24.577995460596476 -8.3962 -2.122798748936369 0
CAR 0.0 0 2.676432703981537 1566.249559769906 307.93285511098367 1934.9086101883381 512.17636324145 1.7 1.9879 4.7683 14.6432 -20.4419 -6.6494 1.333552304766139 0
CAR 0.0 0 2.6483532537986703 1883.398981764902 307.9786984134827 2260.0126150514184 482.00143166718715 1.5135 1.9357 4.3357 13.2682 -26.6938 -6.6523 1.2644279727318088 0
CAR 0.0 0 2.649239520519182 2196.6357041494757 270.09949437894767 2745.011541784661 490.9682955967961 2.0943 2.4031 5.4998 11.1554 -33.9905 -6.4152 1.2290361204144005 0
WHEELER 0.0 0 2.521529528468508 1029.1292162148875 375.7176333403154 1068.5986893241372 453.1610998763636 1.8147 0.6832 1.1965 35.9738 26.8539 -7.757 1.3265631903688766 0
CAR 0.0 0 -0.42283821030864943 2415.625293989632 475.5192824359441 3079.0304484938306 772.4727172967841 1.7 1.8668 4.13 5.369910664170048 -26.43355482209476 -6.915 -1.7722570175861114 0
WHEELER 0.0 0 4.3523746743729035 681.4349236899766 110.7941539056769 723.9379549216673 179.25238659648497 1.7185 0.8392 1.6951 42.2593 -8.9412 -6.3427 2.984313267049473 0
CAR 0.0 0 2.8916429200804563 2527.226526669758 265.5837830680465 2990.963256118566 430.40932610130307 1.7 1.956 4.407 9.813592875786258 -41.10993757677611 -6.175 1.4450837886021748 0
