CAR 0.0 0 2.685598143295771 1336.0291316731707 199.74777497047907 1532.519617000023 311.8172609451334 1.5683 1.9824 4.1753 25.100034714131308 -22.901579106394433 -6.7242 1.2900493731919722 0
CAR 0.0 0 2.778420288956818 1349.5519048233912 210.8818798751869 1605.1297419208765 354.67050327676617 1.6094 1.8776 4.9449 21.27113248862942 -20.54361114173251 -6.2139 1.3949195604692837 0
CAR 0.0 0 -1.5408482403468702 241.12184017412272 420.579465264217 450.2819680496201 540.4957508020065 1.5083 1.8983 4.1522 23.92146061448481 40.19446684179013 -8.1788 -2.1700065157864916 0
CAR 0.0 0 -1.3433846537217657 410.0504878615729 423.680893889412 601.7624550047327 542.94618929508 1.4958 1.977 4.1388 25.459629253985774 36.82026986411203 -8.1989 -2.156508072983521 0
CAR 0.0 0 -0.36086079979798935 2132.5075517385876 231.4460516611952 4102.914183846668 960.9435272318096 3.4934 3.115 10.3352 5.089510964335873 -25.04460527982554 -5.0918 -1.7544031954020183 0
CAR 0.0 0 -1.7937116194878393 138.11174809797575 380.97523225542636 332.16803140825095 480.63014948055246 1.508 2.0028 4.001 26.051007599427866 46.309467792819625 -8.2196 -2.2982106397261775 0
WHEELER 0.0 0 2.798998330457236 1513.846075338016 335.5303651780844 1668.4529592941376 473.4267838617428 1.6332 0.8894 1.834 15.266046297137173 -17.83309255436406 -6.5953 1.476332299180062 0
CAR 0.0 0 2.7139081139077295 1399.8950020044424 225.99511421254613 1663.1678741960177 380.6482235905842 1.654 1.8689 4.1757 18.676174066459097 -19.445245774407443 -5.8865 1.336750435074473 0
CAR 0.0 0 2.8101427872922367 1633.0675355994747 170.75246484116468 1887.1479800044601 295.27153704291186 1.8284 1.8307 4.868 22.790681435898495 -30.716004331477766 -6.1655 1.369607898386195 0
CAR 0.0 0 -0.2388706594596377 3669.3162464358634 296.0608499025791 4519.782969046717 520.663412168903 2.3003 2.4332 5.4943 -0.04793121968592695 -64.2318616238718 -6.5644 -1.7115969380679334 0
PEDESTRIAN 0.0 0 2.78888295142575 545.2102478942029 152.1299335541155 583.9076572215951 224.42292562582423 1.7 0.7052 0.9487 38.3837 -4.252 -6.715 1.539277545606912 0
CAR 0.0 0 -0.4205194208954013 2644.4572742152504 442.38552702859056 3178.5367041485533 757.8205043335163 2.8092 3.0165 1.8689 4.453057074681122 -27.61386062874496 -6.4515 -1.7902303630211702 0
CAR 0.0 0 2.765720109137966 1768.0062869039186 303.51962112681787 2139.1567707650597 493.5624679985533 1.7 1.7312 4.5344 13.838 -24.3783 -6.639 1.394397955834217 0
