CAR 0.0 0 2.7443204837312436 1256.9675202301516 200.01284818069942 1445.617832202792 313.14048429822714 1.5683 1.9824 4.1753 25.62754494694209 -20.86766086744945 -6.7242 1.3598625432717457 0
CAR 0.0 0 2.760642683486587 1222.8722018316669 209.3374637096908 1458.4059428717246 353.87984197273494 1.6094 1.8776 4.9449 22.210954320721477 -17.80432958029431 -6.2139 1.3949195604692837 0
CAR 0.0 0 -1.5081939900958226 248.2004665558064 434.584903214536 464.79162594593356 561.8050524647987 1.5083 1.8983 4.1522 23.029861908140955 38.94104574340072 -8.1788 -2.135099930746605 0
CAR 0.0 0 -1.3318056925985182 409.70016073488466 429.28037864816724 604.5265216028325 551.4662542355624 1.4958 1.977 4.1388 25.035367146177006 36.42326324809408 -8.1989 -2.1390018981313816 0
CAR 0.0 0 -0.25766193607498367 2965.0974447975204 200.94820337810813 4953.0658117923795 712.9855846444237 3.4934 3.115 10.3352 2.062910025239006 -44.02412374815281 -5.0918 -1.7195019127797606 0
CAR 0.0 0 -1.7402128237784513 129.27641734023157 383.0233137072175 325.5554888138534 483.7103532533025 1.508 2.0028 4.001 25.776195607558392 46.26174008303803 -8.2196 -2.228397469646404 0
WHEELER 0.0 0 2.7989695994971937 1514.0766723891184 335.6271933025194 1668.743317665905 473.5600131821038 1.6332 0.8894 1.834 15.260346046737048 -17.8328578657425 -6.5953 1.476332299180062 0
CAR 0.0 0 2.783891913588351 1401.633605037199 226.07981260391327 1665.2275911454853 380.7678806012963 1.654 1.8689 4.1757 18.659559931620986 -19.47522475230005 -5.8865 1.4065636051542454 0
CAR 0.0 0 2.805957290905912 1584.327512736518 170.89088304437186 1832.9111300533655 296.23501273930015 1.8284 1.8307 4.868 23.122321800203046 -29.368988811801692 -6.1655 1.369607898386195 0
PEDESTRIAN 0.0 0 2.700958568453587 423.2726898772595 155.71576496138832 464.12831889818284 229.94548999831707 1.7 0.7052 0.9487 38.58025749804747 -1.119684199419179 -6.715 1.539277545606912 0
CAR 0.0 0 2.765720109137966 1768.0062869039186 303.51962112681787 2139.1567707650597 493.5624679985533 1.7 1.7312 4.5344 13.838 -24.3783 -6.639 1.394397955834217 0
CAR 0.0 0 2.736310731879832 2163.320398761009 306.9401069489208 2590.789538329896 488.9216969298212 1.7 1.6226 4.5676 11.54296078426748 -32.47628717688167 -6.7663 1.329991552531325 0
CAR 0.0 0 -0.3650674985316107 2284.4805806652726 446.09693132101535 2973.4988702369265 751.299379438145 1.7 1.8024 4.8041 6.291050767416154 -25.84808679662676 -6.8769 -1.7141218927926827 0
CAR 0.0 0 -1.3066741739864578 294.25460815625297 350.6144520442591 501.2237767611354 474.9897227615238 2.0921 2.2958 4.814 28.5211 43.0114 -7.863 -2.0802228104013043 0
