CAR 0.0 0 4.376615467560166 1560.189536273702 325.16866163047007 1650.2520266034057 410.96968959728895 1.7 2.0096 4.0382 46.7023521130195 12.179682150239463 -6.8888 3.0305542597368387 0
CAR 0.0 0 1.3699563942766022 392.1010563940894 4.513977840810891 512.3658087035731 121.87359673527989 3.8144 4.294 14.4415 73.43503087414433 -2.82602090386254 -6.7673 -0.07055447025630554 0
WHEELER 0.0 0 4.2732226154604716 833.5385092400398 182.8018945226216 885.6133433897692 268.09675218586705 1.7142 0.8998 1.2689 31.10219383756714 -10.43426530322174 -6.5743 2.9581103363184718 0
CAR 0.0 0 1.0115313275060733 -1033.757941713813 375.3543743212553 -439.98729264127735 681.8519852182411 1.5496 1.899 4.5119 20.13502658326264 11.773440264061021 -6.1851 1.9488481554308839 0
CAR 0.0 0 2.7137750400897143 1333.9743224131435 201.15633746722673 1531.3566215678925 314.0344796501748 1.5683 1.9824 4.1753 24.963423214576927 -22.736217074989302 -6.7242 1.3196352731250365 0
CAR 0.0 0 3.2677880271798494 845.2549578892517 688.4520025534472 1153.7539081414216 1071.0531565269207 1.5716 1.9048 4.1778 13.4440740962578 19.921935727096198 -6.8777 2.407333032381705 0
CAR 0.0 0 4.46864504188707 1701.324725267651 328.67912973854493 1845.3516267420173 447.7054000046271 1.9963 2.2756 5.9988 45.1265065077246 7.9657325953752025 -6.704 3.112194976680202 0
CAR 0.0 0 4.633108522780375 -52266.40252168497 -79337.73866429254 304905.5648568703 15110.341988757255 1.651 1.9856 4.1758 5.219624844729773 23.307421685089626 -6.9778 2.8251051844455537 0
CAR 0.0 0 1.236727605145826 364.0183832982992 83.99951628755878 426.73088573287026 142.41008673369572 1.515 1.9112 4.1456 57.56969142133848 -0.0833163866929798 -7.135 -0.05687467264143218 0
CAR 0.0 0 1.3693980557316063 -2715.7344481025507 766.8629585324514 -1082.2104286045133 1501.905220699697 1.7 1.9258 4.0952 13.010705066802302 13.503996030921272 -6.9836 2.3791154063914037 0
CAR 0.0 0 2.76332716944057 2943.0397241204355 192.74520964350472 3349.9933352449348 301.5003428877546 1.6094 1.8776 4.9449 10.6417 -67.292 -6.2139 1.2702755213330557 0
