CAR 0.0 0 4.317824073694382 1466.7386339459288 322.5469079470677 1528.8608875358161 400.295455842226 1.5848 1.5393 4.034 46.724099780627945 15.228199160326195 -6.9916 2.9829474981030093 0
CAR 0.0 0 4.337765065585362 1585.7272777016678 321.2860709666842 1672.9493293788437 401.05654695162656 1.6092 1.9505 4.2191 48.87430138991187 11.314300573491906 -6.9696 2.9845130209103035 0
CAR 0.0 0 -0.7622131951870899 898.9341528055279 495.5161142693176 1066.968237637004 656.7495979647446 1.538 1.8644 4.1936 24.2773746891637 24.28202752201708 -8.0185 -1.8066963875031015 0
CAR 0.0 0 -1.3155827654159435 362.80747460403376 414.12075224023005 547.726804627857 527.188014561323 1.5398 1.908 4.1045 26.25623559048769 39.092902049451645 -8.3962 -2.0890224003602347 0
PEDESTRIAN 0.0 0 -0.41002791887598256 3468.7968709339953 943.5494569108124 3872.648665080398 1172.3163834838297 1.7 0.4338 0.5002 -0.6519006621815843 -21.84040120205843 -6.7266 -1.7001904922863706 0
CAR 0.0 0 1.1463525325389239 -5194.090139762664 639.0386127985731 -1065.6790193048218 1954.3154235726108 4.0512 3.03 2.5289 9.294410987106447 10.804521228166461 -5.1666 2.2544852679747636 0
CAR 0.0 0 4.310042378986226 1502.3392388862255 311.1058003321326 1561.6878902197664 376.40491127967863 1.3936 1.6751 4.618 52.93 14.094599849181204 -7.3266 2.959475738275266 0
CAR 0.0 0 4.406670641716017 1610.5159244663803 300.768386126434 1689.053839706278 373.31377448887895 1.7 1.8675 4.4489 55.085100154801744 10.13740015480174 -7.0682 3.0368570631059066 0
CAR 0.0 0 1.7087689821799126 -2258.8335206759148 183.19322341985063 130.78479640321694 1758.3101550012384 4.1978 3.0224 13.9821 13.588738318032764 5.465644710716786 -5.1618 2.3205728105652192 0
CAR 0.0 0 2.7155562321658078 1289.5847226633919 183.62491690025252 1496.17834942935 305.4564520940075 1.7 2.0375 4.4489 25.071808829804763 -21.53320303398988 -6.3555 1.317021307830867 0
CAR 0.0 0 2.6759710372823076 1500.8413680532044 220.94283281631905 1719.5177655060427 346.26222073034114 1.5686 1.4651 4.0018 20.773311627430886 -23.855301928179696 -6.3941 1.27828361504933 0
