CAR 0.0 0 4.48658752593868 1555.2855155626921 325.65433687203574 1645.005568915681 411.76742282832527 1.7 2.0096 4.0382 46.50610064391305 12.335700922764564 -6.8888 3.141592653589793 0
CAR 0.0 0 -0.18880265977075572 1140.5674531720495 186.91434729051102 1227.9109081280326 262.2258409518564 3.1128 3.0226 6.773 73.0016964930687 31.296403105403133 -5.828 -1.5736332775196553 0
CAR 0.0 0 4.731063498660264 5025.668461853828 -3039.6600948968917 9755.181964455702 -756.2825263698138 3.4115 2.7462 2.4608 1.344031742879451 26.583245939085533 -5.8128 2.928483616621214 0
CAR 0.0 0 1.1882661583197656 364.088735903265 36.77231110444827 525.0570793252411 207.3258830772092 3.8144 4.294 14.4415 54.489164725269774 -1.610663334340483 -6.7673 -0.12772379534034992 0
CAR 0.0 0 1.3199423350704171 -32939.33705344165 -3182.712144299022 8692.751071674875 4211.1145843446875 4.1983 3.0119 9.4432 5.980745218827274 23.559397606895548 -5.5448 2.760666734294421 0
WHEELER 0.0 0 4.208795696578505 804.7060982051205 166.1312907692139 853.8893882021777 246.2113460617559 1.7142 0.8998 1.2689 33.48723081784277 -10.384827649585716 -6.5743 2.88090798914154 0
CAR 0.0 0 4.472842692453918 -38059.12476511508 -50250.38492161783 231256.4166912132 9406.463952847453 2.613 2.2684 5.5662 4.032943589052687 19.532767282656362 -5.7562 2.7059416875188074 0
CAR 0.0 0 -1.425460856243256 230.02158226980714 446.4543013486602 439.3577107750379 569.6311160695832 1.5269 1.9408 4.1155 23.771171027349872 40.4989971891179 -8.831 -2.013284002215193 0
CAR 0.0 0 2.495640506399809 503.06617311807906 261.2005401295676 669.4509868882021 443.950149393114 1.5496 1.899 4.5119 22.06332437123567 -2.6465628310870035 -6.1851 1.4628962842705824 0
CAR 0.0 0 2.7654983607695556 1335.7214757039526 199.73863832409495 1532.1738511954638 311.80657952966135 1.5683 1.9824 4.1753 25.103200737424658 -22.894418642325803 -6.7242 1.3699820769311981 0
CAR 0.0 0 1.5803891800698149 -296.1817491920724 372.5386970963017 21.484370945715888 616.1340697732386 1.5716 1.9048 4.1778 20.972707979177077 6.824275651843995 -6.8777 1.825808557869295 0
CAR 0.0 0 2.204861342193257 376.52947234939876 369.8449610166873 565.6975836342415 607.8415659839144 1.5502 1.9671 4.1367 18.220295670356094 -0.5259129556502304 -6.7148 1.4375130421716178 0
CAR 0.0 0 -1.774682941064785 1697.3031361915316 326.83878881267094 1839.2151526204195 444.50660023496164 1.9963 2.2756 5.9988 45.45704194742237 8.040224262834963 -6.704 -3.131880613887544 0
CAR 0.0 0 3.2088604634673095 1305.4379034953377 638.0339668683603 1521.858143376251 961.8201571945569 1.651 1.9856 4.1758 17.125854480475834 15.985711544358821 -6.9778 2.1449195829534147 0
CAR 0.0 0 1.0085860763050312 263.6336380925335 163.6628203552321 360.82357317637843 257.7012839352298 1.515 1.9112 4.1456 39.568052717258894 2.1443996352331522 -7.135 0.023297883782106288 0
