CAR 0.0 0 -0.06127128398813686 1151.3257842634034 202.56888916784402 1273.3096481620428 277.3208713986163 3.0887 3.0353 7.0662 63.373162092018454 37.7926475591956 -5.5641 -1.437993474107063 0
CAR 0.0 0 -1.7138710666679746 1597.8840650274158 303.03324241047784 1743.6100503022762 424.6800747912779 2.5061 2.2666 5.3185 43.08697413891858 11.016140830938971 -5.9066 -3.0722544437584163 0
CAR 0.0 0 -1.7054912163833305 1534.4349794197897 310.76465313703926 1642.2991568152097 386.37727367184345 1.7 1.9666 4.1398 46.97893529613649 14.317659122230024 -6.3811 -3.0611965285073874 0
CAR 0.0 0 1.5126818310991106 380.0931406656689 4.604787712933388 506.4369915496845 110.09482609526873 3.5244 2.84 10.3328 71.06753624855241 3.306486895698093 -6.2138 0.06357411080289209 0
WHEELER 0.0 0 -1.6330513872636383 835.3046878986497 190.17325757068906 861.8014252645801 259.6337186561469 1.455 0.6025 0.8913 34.62932570257629 -14.82730104836361 -6.2896 -2.945145701233959 0
CAR 0.0 0 -1.7234859666623752 1781.6925952118834 331.1149500393332 1899.9379808123824 424.91112851630874 1.661 1.8473 4.112 42.401937981665384 6.716430666922033 -5.6812 -3.092965799000677 0
CAR 0.0 0 3.013016714155179 1337.855705286444 191.6386602620094 1499.406373408483 306.10952482399733 1.7 1.937 4.0135 31.934776218797005 -28.16699449361028 -6.2264 1.6149400059223493 0
CAR 0.0 0 -1.2035029622067528 210.0648684121982 429.24675265042293 444.460346374073 559.3644076462922 1.7 1.9714 4.0628 12.710760528252838 31.297047110440275 -7.4038 -1.7921101297431838 0
CAR 0.0 0 1.397057709093532 -827.2938066013623 390.3370821026548 -268.8144938287901 674.9682588194536 1.6434 1.7018 4.5628 18.17708608156142 2.3705783322745 -6.2183 2.1834119723159007 0
CAR 0.0 0 -1.0294357153742855 393.2979181294533 438.2538088530373 585.0354413465566 548.8710865193153 1.4656 1.3758 3.7786 15.185928489602489 28.82777398387858 -7.4477 -1.8133342874298124 0
CAR 0.0 0 1.2326542325394807 337.3570109049411 77.83765580509552 428.15198391765244 143.6134132207994 1.7 1.8295 4.0434 54.77692890113875 1.83205354305641 -6.4708 -0.05946880055420704 0
CAR 0.0 0 -1.0378079085357745 226.4360934630231 324.07453754056087 519.3210381514789 493.1423315942511 3.0074 3.0141 6.0193 16.44501235190838 36.122628631091374 -6.7457 -1.7864545255102084 0
CAR 0.0 0 5.039998322012568 1461.2128798375006 -629.2898393459969 1655.0566050187342 -477.8677872382868 1.5029 1.9094 4.1841 -34.12069217028397 2.64943065714548 -7.9847 3.129067075297349 0
