CAR 0.0 0 1.7855451121374877 -115380.81900252543 -18161.65797816969 59533.99693897295 39465.64907812838 1.7 2.0096 4.0382 3.397049037456782 19.678554560053435 -6.8888 2.966945122707715 0
CAR 0.0 0 2.704528643736261 1326.9076460880538 200.49689547595446 1523.060404076781 313.0886139271445 1.5683 1.9824 4.1753 25.083969958943875 -22.608133381998023 -6.7242 1.310780564343317 0
CAR 0.0 0 4.311740870841109 1705.0142569264387 328.8789596644645 1849.8448842579016 447.9957768169445 1.9963 2.2756 5.9988 45.14856894574289 7.859361721546161 -6.704 2.9549434400728405 0
CAR 0.0 0 2.69825072523484 1376.7154301598644 208.01205574054677 1633.2383845872375 349.3256360781025 1.6094 1.8776 4.9449 21.360734462034554 -21.366116320928935 -6.2139 1.3087788871307455 0
CAR 0.0 0 3.8650813231362555 819.761217733115 643.9628746442604 1067.8386312828704 966.8512171038436 1.7 1.4338 4.1609 14.806518625308243 21.146231081070532 -7.0814 2.992316252116941 0
CAR 0.0 0 1.1625506819182365 352.81298658349203 84.28081463738464 415.36355059090425 156.96806479750646 1.7874 1.6906 4.6429 54.01548422063174 0.2929672146531239 -6.9019 -0.10672460276006801 0
CAR 0.0 0 0.8718535625101369 276.59116241498145 139.52516420682846 366.9742155431109 236.81648306037746 1.7663 1.8436 4.3075 41.92024546190081 1.9505406944592145 -6.9886 -0.17769796606070923 0
CAR 0.0 0 4.307170612521962 1559.109646913525 310.1633125038377 1676.9619892858157 436.01856194439694 2.2503 2.304 6.2856 44.209447634358845 12.128867827557848 -6.5162 2.9615002461240043 0
PEDESTRIAN 0.0 0 3.124646820663097 636.3310110335199 127.0379004658451 673.2003315027238 194.21385317218687 1.7016 0.7772 0.6957 39.78041157707229 -7.0169192516500445 -6.3348 1.7939184524963823 0
CAR 0.0 0 4.1668012252008255 1482.0561624241493 432.9593508287097 1603.1763570437815 581.9236815580663 1.6266 1.8999 4.4696 30.57006680986661 14.356105922761104 -7.0385 2.912226530722881 0
CAR 0.0 0 -1.1013560088554506 197.230729756153 429.7204712233594 417.39854507649073 554.8457429015247 1.5083 1.8983 4.1522 22.8689 40.2448 -8.1788 -1.665276828536639 0
CAR 0.0 0 4.043777651503353 1319.0131741199607 589.0638438240981 1495.0257928177743 847.9085992383973 1.612 1.9008 4.2774 19.96956676960978 16.19097602122937 -7.288 2.9387936419155816 0
CAR 0.0 0 4.129003768290736 1297.195888142978 433.5720492674371 1408.4498535846278 572.76326591427 1.5468 1.6772 4.4837 29.95082424531701 17.964281939108385 -7.2852 2.9115326316912644 0
CAR 0.0 0 4.461332302860354 1728.3744962953945 240.51189206540448 1812.7594400952653 309.56342686038164 2.5066 2.4248 2.2189 69.79896189572513 4.1166453256092685 -6.1568 3.044321239284324 0
CAR 0.0 0 4.300310196154735 1466.0348462023856 326.9142044589678 1532.9583085885931 411.0633607134074 1.7816 1.667 4.0256 47.1506 15.136500000000002 -7.2905 2.969873047659069 0
CAR 0.0 0 4.475816151420712 1709.6041333669139 196.6628516793919 1823.564522125234 312.454787097045 4.1816 2.4332 9.846 75.8136 3.584 -5.6987 3.0464370376306564 0
