CAR 0.0 0 4.317824094679818 1466.7389558360394 322.54694426252877 1528.8612268835354 400.29550613431576 1.5848 1.5393 4.034 46.72409729613701 15.228189650628384 -6.9916 2.9829474981030093 0
CAR 0.0 0 4.337765093130132 1585.7270461754158 321.2859851016378 1672.9490334280308 401.05642078102795 1.6092 1.9505 4.2191 48.87431713131275 11.314307068555467 -6.9696 2.9845130209103035 0
CAR 0.0 0 -1.1257219219294745 564.5743633211462 400.54391637643073 728.0920696493025 511.5334461963272 1.538 1.8644 4.1936 28.362858569544777 34.888320188657005 -8.0185 -2.085935844077625 0
CAR 0.0 0 -1.3155824244916707 362.813804878378 414.1269208270517 547.7357385384413 527.1971734747183 1.5398 1.908 4.1045 26.25580640310958 39.092270625992704 -8.3962 -2.0890224003602347 0
PEDESTRIAN 0.0 0 -0.4100277953035465 3468.7991996380815 943.5496737742088 3872.6513512924926 1172.316628379284 1.7 0.4338 0.5002 -0.6519081617068218 -21.840414815948854 -6.7266 -1.7001904922863706 0
CAR 0.0 0 1.0263714165030038 -709.2841055699116 233.04431523766505 -32.10296571817157 720.5561612351537 4.0512 3.03 2.5289 17.212421665195702 6.945887704720657 -5.1666 1.6435421836789692 0
CAR 0.0 0 4.310042383322978 1502.3392911827368 311.1058042068527 1561.6879445556215 376.4049163829606 1.3936 1.6751 4.618 52.93 14.094598141500299 -7.3266 2.959475738275266 0
CAR 0.0 0 4.406670641865335 1610.5158710521177 300.76837607689066 1689.0537763383686 373.31376009222475 1.7 1.8675 4.4489 55.085101907591515 10.137401907591515 -7.0682 3.0368570631059066 0
CAR 0.0 0 2.5126851715733958 279.9086490889515 117.6965891350807 724.6340365768825 850.9801516350437 4.1978 3.0224 13.9821 17.937216264469754 -0.9188124658995243 -5.1618 1.657156900523958 0
CAR 0.0 0 2.723345212145489 1347.0595224006279 183.0411389123496 1559.46983680632 303.7369232792898 1.7 2.0375 4.4489 24.746277857762568 -23.04264684594181 -6.3555 1.317021307830867 0
CAR 0.0 0 2.7173218686046585 1851.5115498521297 216.58627277121704 2105.11016458689 335.13674293268554 1.5686 1.4651 4.0018 18.731124045862927 -32.743601039314385 -6.3941 1.2841137790277737 0
