CAR 0.0 0 -0.02414894018498215 1152.132705884453 202.71686589937497 1274.2738066676443 277.6008676577512 3.0887 3.0353 7.0662 63.3044 37.7007 -5.5641 -1.4008436983789376 0
CAR 0.0 0 3.057296915914866 1978.0246215158493 141.39100133647617 2827.6442287808586 466.1214635394894 3.3784 3.4486 11.6024 25.788400000000003 -44.5713 -5.4833 1.607797639799007 0
CAR 0.0 0 -0.5678541236870058 1270.3661612810258 669.2179926025559 1696.6501039298098 1181.7995973747325 2.4742 2.2545 5.383 13.01982677168461 5.87204188395622 -6.8547 -1.595791972107714 0
CAR 0.0 0 -1.7131831315578991 1598.191512696064 302.79702930204945 1743.7097223403118 424.23940525713 2.5061 2.2666 5.3185 43.152 11.0252 -5.9066 -3.07177948351002 0
CAR 0.0 0 3.0491472713970995 1762.7243332080636 164.8140912964499 2197.6447618879033 413.51635401783113 3.5225 3.6418 4.7722 25.3768 -36.3279 -5.4368 1.6209232594911147 0
CAR 0.0 0 3.128234299587384 1319.2333986903868 199.66088357701304 1489.6662617355007 321.24540352341455 1.6999 1.9706 4.412 31.370303165765428 -27.58488963596363 -6.344 1.7397526661954892 0
WHEELER 0.0 0 -1.7557705868009565 1515.2826606321744 339.0799700814602 1555.0639808843566 404.25854537218294 1.7 0.647 0.6935 40.6043 14.103 -6.2977 -3.0892327760299634 0
CAR 0.0 0 -1.7211758752010382 1536.705329487101 311.00686308990953 1644.6240459421558 386.7278201264775 1.7 1.9666 4.1398 46.9737 14.2439 -6.3811 -3.0770070002730305 0
CAR 0.0 0 2.679599740104193 548.2784166505337 246.07042362710789 953.9658174257365 442.0562573595994 3.6584 3.5656 12.2161 25.956225217539778 31.267141058228013 -5.4541 1.5250269162449028 0
CAR 0.0 0 -1.228826472301023 168.75220976731265 317.88965899532167 398.74502243406835 541.5875069868493 3.7838 2.9175 2.9276 11.963593748795532 31.255361119709907 -5.8292 -1.8217944125683911 0
CAR 0.0 0 -0.004323078981119499 2599.8104647475784 190.96415419837402 4975.910640888678 852.9437068246539 4.1977 3.7027 14.0837 16.835866194107957 -52.08088911248572 -5.5382 -1.4438376877554036 0
CAR 0.0 0 -0.8684329430455442 321.6914724801495 283.37404647962643 725.4657472473001 483.59040328282316 3.5244 2.84 10.3328 20.15058705776299 34.16330217205152 -6.2138 -1.8215895708039374 0
CAR 0.0 0 -0.6762985741907788 611.2362919396614 508.94095839885136 873.107316755754 706.0710914448705 1.8616 1.767 4.202 13.818768452770277 18.623800164368845 -7.0946 -1.5673415330151437 0
CAR 0.0 0 2.935121891973 1581.2923883265967 317.26427886586526 1882.5037475964696 513.0078246080491 1.7885 1.936 4.1812 21.0304 -28.775199395272775 -6.3142 1.5984642161224918 0
CAR 0.0 0 -3.278389609760458 -26453.628305546274 336.70572984931755 -3650.610027098669 2484.094057323691 4.0038 3.0233 11.3683 13.493313402391426 38.00857195759912 -5.939799999999999 -1.8236377702710016 0
PEDESTRIAN 0.0 0 3.0918575237184545 1651.5790508989985 382.0424212177249 1693.4195813357312 457.27744850619104 1.7 0.491 0.746 37.052104633848096 9.576071180682346 -6.427 1.7666769358870078 0
CAR 0.0 0 3.0472532376886208 2220.2397478503112 214.5095857653028 2904.411565175409 498.68490706860825 3.0142 2.9998 6.4302 21.6279 -43.8758 -5.5653 1.6122570075125129 0
PEDESTRIAN 0.0 0 3.0744661995827745 1539.5447195164493 380.6087859997698 1581.248791093541 453.29263559192884 1.7 0.5372 0.8386 36.869199258702245 12.219801831848967 -6.7322 1.7645325550078208 0
PEDESTRIAN 0.0 0 3.0407614077174214 1400.9580107651464 373.7387826409754 1450.4239714600535 448.88379232306704 1.7 0.74 0.9001 34.133144033969934 14.863866435599641 -6.5499 1.7505168928616632 0
PEDESTRIAN 0.0 0 3.05326963683628 1488.0446875629293 378.41187809100404 1527.2253672981626 448.912752179016 1.7 0.5608 0.655 36.5863 13.5043 -6.7968 1.7500539681940235 0
CAR 0.0 0 3.103555129937096 2540.2831387163524 279.4068051364745 2994.5714345801275 444.72278053376397 1.7728 1.9945 4.2516 22.396500082408114 -50.27219399317071 -6.13 1.6620912556300997 0
