CAR 0.0 0 -0.7353196532641915 -17740.240132689833 -388538.23432238505 906121.5797367744 5486.259750958582 1.7 1.9463 4.1292 7.032483471861332 23.57534787258929 -8.0915 -2.7076680329276153 0
CAR 0.0 0 4.461406338961595 1561.5245572683125 327.14812203762347 1652.639488964934 413.9667346731749 1.7 2.0096 4.0382 46.2951 12.1536 -6.8888 3.11655435550722 0
CAR 0.0 0 -0.3304816039095446 1147.0123217535074 187.3324082266689 1234.242638416625 262.89941002822195 3.1128 3.0226 6.773 72.9264 30.9305 -5.828 -1.7158531596828857 0
CAR 0.0 0 -1.4835191680613926 134.1287392139819 287.04561556212315 328.8483318916926 460.80488082564824 3.8081 2.9722 2.9156 27.085939613679493 47.43224163744873 -7.0351 -2.0473228625974484 0
CAR 0.0 0 -1.1220534722944198 579.7043228999634 443.7778826692552 877.2226926176419 715.523151565558 2.7252 2.5328 6.0568 21.466645397230554 28.033390846174054 -7.5934 -2.0348090706185564 0
CAR 0.0 0 2.594151082816512 1225.46306482633 298.3246405612617 1486.5324004277397 652.6045302186767 3.6974 3.5688 12.6738 29.642636082183337 17.673281863784556 -5.9176 1.3410667292284981 0
CAR 0.0 0 2.726446520038576 1414.9261099489622 191.29187222635437 1635.5358388311063 312.5607550443654 1.7 1.967 4.5895 24.309412190923716 -24.896477151032194 -6.577 1.317956906484731 0
CAR 0.0 0 -0.35942987906269486 2661.5358151494065 303.38344805196914 3428.7324608023187 756.1507795416012 4.7316 3.5763 2.8352 4.673089359044646 -31.60771693121827 -6.2046 -1.762063793012902 0
CAR 0.0 0 -0.41814351576393194 1774.9799685732592 223.17787390317537 4325.454275778679 1282.1417327561103 4.6414 3.6368 14.786 6.354791995217234 -23.009458987800762 -6.1579 -1.763346625374898 0
CAR 0.0 0 2.6477283660228643 1766.585579037218 181.492539346647 2052.9115208914523 399.8012080540553 3.4115 2.7462 2.4608 16.746 -27.213399438592788 -5.8128 1.2258169406910011 0
CAR 0.0 0 2.6736791622293157 1463.3224305173178 275.6438936735956 1738.6310273624115 431.53048117316064 1.5441 1.9368 4.2225 17.8426 -20.5992 -6.7047 1.3186377821279618 0
CAR 0.0 0 -1.1458251463076232 276.3678408108657 247.9529883972602 733.9530768674942 480.35132589926343 3.8144 4.294 14.4415 32.9921 41.8438 -6.7673 -2.120489226164379 0
CAR 0.0 0 2.104293517734523 601.0172678486141 294.03059166921514 734.0274525294025 369.468325393969 1.5576 1.9781 4.7888 38.812836263747926 41.258542332705154 -7.1594 0.9921549051874662 0
CAR 0.0 0 2.7049127074737696 1126.555594833371 206.00152198866385 1305.295878833625 333.37294372940266 1.7 1.7559 4.4079 25.576035294239173 -17.04797873595823 -6.7373 1.3507317776805605 0
CAR 0.0 0 2.979297227605943 2750.6583396973574 199.43316224297658 3403.3718475227884 403.1972814333372 2.3829 2.6598 6.0028 8.62536267288481 -50.099366367687395 -5.6352 1.5041920817351715 0
CAR 0.0 0 -1.3566888009067073 339.85331283284023 398.6658832820625 529.8386413067899 514.5519165392418 1.7 2.0602 4.2454 27.02674911405712 40.44718780376523 -8.3962 -2.122798748936369 0
CAR 0.0 0 2.676432703981537 1566.249559769906 307.93285511098367 1934.9086101883381 512.17636324145 1.7 1.9879 4.7683 14.6432 -20.4419 -6.6494 1.333552304766139 0
CAR 0.0 0 2.6483532537986703 1883.398981764902 307.9786984134827 2260.0126150514184 482.00143166718715 1.5135 1.9357 4.3357 13.2682 -26.6938 -6.6523 1.2644279727318088 0
