CAR 0.0 0 2.9470437396578326 1341.3971798353157 194.73171238771468 1505.3615091350828 310.802412261867 1.7 1.937 4.0135 31.557241354514346 -28.11970790809942 -6.2264 1.5510382525586681 0
CAR 0.0 0 -1.2228838340085164 215.6990861685545 427.66577945782245 448.4702540351212 556.8503785326072 1.7 1.9714 4.0628 12.857339606785791 31.376636928881304 -7.4038 -1.8201623861801035 0
CAR 0.0 0 -1.0660391933235334 390.2376791610206 438.63699971748497 582.4616422752406 549.4505325668588 1.4656 1.3758 3.7786 15.12281729515826 28.8393407543891 -7.4477 -1.8465701910156123 0
CAR 0.0 0 -1.0406695254921379 237.37291779995417 322.95912046119196 527.5170607930071 490.76206041862133 3.0074 3.0141 6.0193 16.715279629146213 36.13992353339487 -6.7457 -1.8040050303749324 0
CAR 0.0 0 2.924710989993074 1403.1886420726282 232.40180370220676 1602.6142157351633 362.01744176039904 1.5329 1.947 4.1625 27.578599786560776 -28.086223407868143 -6.1782 1.5482138769844158 0
CAR 0.0 0 0.0034286061727282213 2362.207964037223 154.83801218813477 4262.474765105013 800.6313352514915 4.1862 3.2286 10.2919 14.918910699663945 -41.21108938338859 -4.2942 -1.4315679485436985 0
CAR 0.0 0 2.920397837708345 1405.8878532188244 277.2515037616991 1635.4757535647138 439.1562862950753 1.7 1.9624 4.2616 24.50266071029786 -26.961850853798683 -6.4566 1.5798550217274272 0
WHEELER 0.0 0 2.8806653319368127 1524.6413633191744 344.6946437791137 1649.3677401714353 479.94888216306504 1.7 0.8106 1.621 21.17413678561279 -26.563168186140402 -6.3809 1.5635222017560881 0
CAR 0.0 0 3.0226891558165514 1778.463960764862 306.52047793409247 2112.2813596475294 498.01584442908376 1.752 1.7066 4.5021 21.474798644334868 -32.903210688273155 -6.3051 1.6546732152024497 0
CAR 0.0 0 3.047545561654867 1768.888077401771 272.92454868544075 2062.9828493563095 426.73180309996485 1.6356 1.9585 4.5139 24.99634626425309 -35.33229829656349 -6.5383 1.6564487319189027 0
CAR 0.0 0 -0.008715945426293281 2835.638971153308 326.81459506123133 3631.4422394403377 655.8128326584819 3.3072 3.0001 3.4972 15.637314565743194 -46.83782827631202 -5.7424 -1.4301053464269944 0
CAR 0.0 0 1.784651923659134 1264.1821390402279 -329.4446114601707 1348.7648531380717 -267.63885184651855 1.7479 2.1574 4.4141 -67.4879 8.6671 -7.1261 -0.010319424834180245 0
CAR 0.0 0 3.0348448660617926 2375.4836948336924 301.88326104251377 2804.8923047191056 465.49602664242514 1.5888 1.9932 4.2218 21.797138855949107 -45.79796288138729 -6.2836 1.6104035849024376 0
