CAR 0.0 0 2.686534633461793 1341.7039023815857 199.93598157969473 1538.9128070819954 312.0449145103443 1.5683 1.9824 4.1753 25.039523815774206 -23.0320501999348 -6.7242 1.2904051040461615 0
CAR 0.0 0 -3.357689069887889 -433.17499173241947 278.8152323928437 -39.382745757867596 549.5069701381377 1.9963 2.2756 5.9988 24.701798631673302 8.834932644910333 -6.704 -2.8700135085524776 0
CAR 0.0 0 2.6468920634827224 1379.8388506607516 208.0088349107851 1636.8012536611789 349.2741816820469 1.6094 1.8776 4.9449 21.34096117996788 -21.43805084244546 -6.2139 1.2570095736052027 0
PEDESTRIAN 0.0 0 2.9003849869649656 638.4899485927582 127.27130082992943 675.3560519219434 194.49985023657456 1.7016 0.7772 0.6957 39.72283834694537 -7.068925884767782 -6.3348 1.5692703461305249 0
CAR 0.0 0 -1.2987355522675323 221.33875013995868 422.07231381613377 433.8467501359747 542.9520731089095 1.5083 1.8983 4.1522 23.62129159715729 40.437229737782886 -8.1788 -1.9008039597235955 0
CAR 0.0 0 -1.1059600581636644 392.3740962191615 425.231959598643 587.0802892434958 545.4700943890828 1.4958 1.977 4.1388 25.164654245315635 37.04235052074987 -8.1989 -1.900855273565694 0
CAR 0.0 0 4.338891082298707 1669.3477594512244 236.31534244364119 1883.0302519502854 422.7368660902238 3.4934 3.115 10.3352 46.42437084673098 8.266044290213062 -5.0918 2.9478385224892327 0
CAR 0.0 0 -1.454884159881562 116.87082640622707 382.2674105741694 314.02885744904705 482.71136181651923 1.508 2.0028 4.001 25.69900904288634 46.60368768925745 -8.2196 -1.921975704819857 0
CAR 0.0 0 4.3077826014304685 1688.421869748587 303.8857840103079 1816.9217999364864 418.8872785914517 2.4532 2.2469 1.9737 42.07566471000126 9.076687192240074 -5.6178 2.939627829283369 0
WHEELER 0.0 0 2.6061788332323257 1534.1470150954976 334.33261782857784 1690.0882776698588 471.56447843905744 1.6332 0.8894 1.834 15.209816247727593 -18.232884502929835 -6.5953 1.2795230550680976 0
CAR 0.0 0 2.629783064681926 1394.1176524207838 227.7169096390571 1658.3080148695713 383.70260504507445 1.654 1.8689 4.1757 18.578693702993885 -19.222267792386518 -5.8865 1.2547721101000144 0
CAR 0.0 0 -3.4737962596597427 -357.5664880211238 218.62396847162188 -29.545515692324724 439.71237862513567 2.3003 2.4332 5.4943 29.544393289739126 9.807168777009114 -6.725 -2.9684297091603984 0
