CAR 0.0 0 -0.10101415589298779 1149.5780668713774 202.458710112909 1271.504698644915 277.1277956406255 3.0887 3.0353 7.0662 63.37390176606114 37.8997445723791 -5.5641 -1.477576390199944 0
CAR 0.0 0 -1.6804032047932174 1777.8426099845105 330.1905302489121 1895.726091223754 423.4656559632448 1.661 1.8473 4.112 42.522150878345386 6.825205370158962 -5.6812 -3.0500607807103046 0
CAR 0.0 0 3.0081472224310795 1349.562565157907 191.9045726553304 1512.8097769471278 306.40541778525613 1.7 1.937 4.0135 31.90248733956667 -28.46232268859151 -6.2264 1.6087736008161464 0
CAR 0.0 0 -1.2799741519822325 209.18011002293093 429.24299358811936 443.651148860686 559.3641987670547 1.7 1.9714 4.0628 12.698294421882311 31.310705786791356 -7.4038 -1.8673876289855698 0
CAR 0.0 0 -1.082442851518727 380.8395879742229 442.13825650281194 575.8892277080151 554.653056508404 1.4656 1.3758 3.7786 14.819544468491014 28.662422861001858 -7.4477 -1.8503676822190267 0
CAR 0.0 0 -1.097042521970466 236.96953369889445 324.1097046640039 528.6555896758663 493.0845484081564 3.0074 3.0141 6.0193 16.62198096034263 35.939701467333215 -6.7457 -1.8587980939027253 0
CAR 0.0 0 2.9714437596433902 1401.685940176204 230.1051559228099 1599.276405605714 358.4391947105536 1.5329 1.947 4.1625 27.801089280310975 -28.143586067835546 -6.1782 1.5933728930092512 0
CAR 0.0 0 -1.3966222771394747 117.87034742013013 396.201412709101 327.74236651336116 496.3573676615049 1.5121 1.9339 4.1099 13.241237349384283 38.15294761003127 -7.6011 -1.8619935011827247 0
CAR 0.0 0 -1.6719376937717199 1373.427383915797 347.4931217149854 1703.7526886203125 640.4721677230459 3.123 2.9994 5.9995 22.69018403000009 8.63952951956286 -4.9167 -2.9417688909331936 0
CAR 0.0 0 -1.6646410408348287 1757.5499512398064 271.95401832632933 1900.1598020692265 393.63761813445535 3.3377 3.0755 3.0748 53.90793469995617 8.510425637914432 -5.9795 -3.056749720137021 0
PEDESTRIAN 0.0 0 3.0103256449041202 619.2861720034241 127.47733785860379 661.9192314998846 202.13574649037653 1.8579 0.9295 0.9471 41.463999238139685 -9.04929951613245 -6.0836 1.6907205764568618 0
CAR 0.0 0 -1.6106984492348595 106.70718750846076 -38.31759864232038 322.1860393190689 104.32045291163367 4.1862 3.2286 10.2919 60.47786050110956 9.09013108359258 -4.2942 -3.054669635897017 0
CAR 0.0 0 -1.7690880324756797 1182.6794691758196 489.58154438295117 1408.5770368358326 665.7045190843921 1.5588 1.9734 4.1783 20.106506886613563 11.640846753553511 -6.5613 -2.924246234697571 0
CAR 0.0 0 1.270246585506225 308.20120517864046 97.78053412180527 412.3807869656558 169.37520936987957 1.7237 2.0206 4.126 51.85328901505685 1.8412721604947995 -6.818 0.05069747118921721 0
CAR 0.0 0 -1.71162511943487 1631.6330310513567 334.27783881680574 1746.5991796135384 417.03101586320116 1.5556 1.8854 4.2176 43.392820455828314 10.534689801046117 -6.2649 -3.064658420516253 0
CAR 0.0 0 -1.6399716893858562 1702.1565039925542 262.3654101968925 1779.759407880813 315.1905097574025 1.5712 1.8019 4.16 63.527854937556626 12.93645237292933 -5.809 -3.046891861113615 0
CAR 0.0 0 -1.677627270871262 1409.847144417638 369.93257429668574 1548.7395215688607 479.07364504915756 1.7282 1.6724 4.4604 33.503253191414935 13.203096267767354 -6.4626 -2.9706858680711745 0
