CAR 0.0 0 2.781439272948301 1311.0285597292939 202.69353701407894 1507.2620313146786 316.6966570107678 1.5683 1.9824 4.1753 24.961383303139037 -22.03363661591918 -6.7242 1.391616819307995 0
CAR 0.0 0 4.381215750859573 1690.3725282743653 347.18583589463253 1846.7131077544489 481.2637449265908 1.9963 2.2756 5.9988 41.248060611605126 8.713511236509285 -6.704 3.0391535883885274 0
CAR 0.0 0 2.768396973231903 1378.5381335350708 209.07039302350492 1636.4151423040446 351.11984968514423 1.6094 1.8776 4.9449 21.25159685310353 -21.330887752993835 -6.2139 1.3795353276698106 0
PEDESTRIAN 0.0 0 2.9072979859555135 631.2704576664688 127.24408613011067 668.2689945076569 194.5194806950759 1.7016 0.7772 0.6957 39.77390047626318 -6.871492974902877 -6.3348 1.5787143958338035 0
CAR 0.0 0 -1.130303714227783 199.83900572286987 428.4920231297183 418.9284582218608 552.9426193554879 1.5083 1.8983 4.1522 22.97526981710631 40.298211795711 -8.1788 -1.6986471999023898 0
CAR 0.0 0 -0.9252808082185784 379.99259614350814 430.5941127890884 579.1931042481784 553.7549752051632 1.4958 1.977 4.1388 24.64707608364795 36.88440172823714 -8.1989 -1.702920799359803 0
CAR 0.0 0 4.471315149981519 1693.4405297288554 206.8860453960815 1852.1151817735822 335.73180825672245 3.4934 3.115 10.3352 62.16550034349498 5.727605685178053 -5.0918 3.050198083185737 0
CAR 0.0 0 -1.275312609755846 87.26283268894854 382.30004833079806 287.6653299664532 483.02083465958356 1.508 2.0028 4.001 25.360977315192137 47.21053483350309 -8.2196 -1.689088395475315 0
CAR 0.0 0 4.463779422916373 1726.2618650784048 260.05900939060564 1826.5401983017216 346.0684918092838 2.4532 2.2469 1.9737 55.14922741154952 6.381936688382991 -5.6178 3.061520652592247 0
WHEELER 0.0 0 2.7450758616839908 1518.374276055399 335.2311077384002 1673.2673881813341 472.9664559617002 1.6332 0.8894 1.834 15.255015827389208 -17.923372624021987 -6.5953 1.4214897385773124 0
CAR 0.0 0 2.747937486314571 1392.0069578113398 227.65949778156457 1655.8502212236558 383.63547652081274 1.654 1.8689 4.1757 18.595289282659962 -19.18327575191318 -5.8865 1.373173909913421 0
CAR 0.0 0 4.845267761221482 2821.1329502001186 -1862.397718483291 4974.152761438912 -686.6430704004906 2.4848 2.6187 6.0302 -5.544244472861049 24.624807214886395 -7.0671 2.9806292048917222 0
CAR 0.0 0 4.884314729230008 4335.313556395833 -34315.45391571984 82205.74771578472 -1080.5809359666887 2.5812 2.5835 7.1008 1.0116430535874166 23.135781655764724 -7.1588 2.960535275938103 0
