CAR 0.0 0 1.6384899349624322 365.6630663356965 57.707080028518156 450.2211506188678 117.48045883303001 1.7 1.937 4.0135 59.27359989884694 2.0605544346744082 -6.2264 0.2769478986028073 0
CAR 0.0 0 -2.670105486028718 -2499.1110256942384 551.2951955507424 -623.6310203637596 1350.0795202584843 3.0074 3.0141 6.0193 12.191265305159448 3.6493490864784994 -6.7457 -1.6819056695430228 0
CAR 0.0 0 2.9205154418592274 1405.4128886878284 276.9968867173991 1634.7309062219983 438.74637583459327 1.7 1.9624 4.2616 24.522394089687324 -26.960000639550074 -6.4566 1.5798550217274272 0
WHEELER 0.0 0 2.88073620272307 1525.126524125614 344.7066820845122 1649.9050251607925 479.9617740074571 1.7 0.8106 1.621 21.173189812967216 -26.571495537501235 -6.3809 1.5635222017560881 0
CAR 0.0 0 3.0227898575913095 1778.1670253352816 306.3022778247937 2111.699726954245 497.64370802255314 1.752 1.7066 4.5021 21.48909686300689 -32.90719753421616 -6.3051 1.6546732152024497 0
CAR 0.0 0 3.0366358929648127 1728.2878797940295 283.46616637326343 2025.1433004214316 444.3877672049979 1.6356 1.9585 4.5139 24.18642224532032 -33.87029061756775 -6.5383 1.6564487319189027 0
CAR 0.0 0 1.784651923659134 1264.1821390402279 -329.4446114601707 1348.7648531380717 -267.63885184651855 1.7479 2.1574 4.4141 -67.4879 8.6671 -7.1261 -0.010319424834180245 0
CAR 0.0 0 3.014042749876757 2114.4835644576833 306.76755116913495 2504.429219336173 476.3343207196515 1.5888 1.9932 4.2218 21.618194846687874 -39.94864454445411 -6.2836 1.6104035849024376 0
PEDESTRIAN 0.0 0 3.2265840378642183 1530.1129987252457 379.7029075897368 1572.3316961570474 452.1252177210881 1.651 0.5088 0.9606 36.19606920682285 12.27567770572048 -6.6051 1.9174778364964447 0
CAR 0.0 0 -1.2711885557102593 93.5160828917728 374.8849829806455 304.68895893330557 468.85114578040344 1.4933 1.9845 4.3346 13.633856471882526 40.52059356674554 -7.4122 -1.7143042624112637 0
CAR 0.0 0 -1.2650456693321483 1583.0725229767 265.3976243727793 1663.3806648038253 318.1673632528201 1.7 1.9861 4.2709 65.10241682468364 17.783768216310925 -6.5167 -2.658500129137382 0
CAR 0.0 0 3.2295408741232707 2818.1665350103235 284.13576256033843 3254.9988327338574 420.39879069814356 1.5642 1.9836 4.1622 24.259436226528162 -60.07011920695167 -6.6467 1.7737371163127353 0
CAR 0.0 0 2.5912605661885646 683.7422619568412 335.17235772350205 847.5887946734185 424.20249515189477 1.7 1.9565 4.7638 26.496598563084575 32.066448694535374 -6.9364 1.4784007069046419 0
CAR 0.0 0 -0.8611299522232031 518.8727521948443 605.1456722514123 789.0510145406129 1025.2002266104282 1.6932 1.9814 4.11 12.20676166924266 -12.581705550153314 -6.6873 -1.557825869378199 0
CAR 0.0 0 2.584313242818119 705.151493350444 129.1904160521485 857.3407660714494 333.58725655342676 3.1128 2.997 6.1486 32.21325579304834 -13.347482660807032 -5.7625 1.2930524691450307 0
