CAR 0.0 0 -0.06127993599885628 1151.2823385209188 202.5706431592893 1273.2708356397388 277.3248995990371 3.0887 3.0353 7.0662 63.37001058082177 37.793332499286215 -5.5641 -1.437993474107063 0
CAR 0.0 0 -1.6733111726297836 1592.8901914039452 303.54355676170366 1739.2971084418803 425.68014020906514 2.5061 2.2666 5.3185 42.85173077458196 11.08843876772007 -5.9066 -3.0306989853775987 0
CAR 0.0 0 -1.7001430318933028 1506.030125775499 322.41236313051036 1621.6150527448003 404.21672435325263 1.7 1.9666 4.1398 43.52561842996224 14.095303821406135 -6.3811 -3.043740610234392 0
CAR 0.0 0 1.6091560394094213 438.0722962539217 -23.680327172181453 527.0325939360205 51.22288927043382 3.5244 2.84 10.3328 95.79563621803298 6.823466356314989 -6.2138 0.06357411080289209 0
WHEELER 0.0 0 -1.683776787379854 906.5767207798777 253.38198752352812 940.0346065540724 337.68704486628786 1.455 0.6025 0.8913 28.15379310400977 -16.165757673477692 -6.2896 -2.945145701233959 0
CAR 0.0 0 -1.655451630219167 1781.5523167976048 331.0878474470249 1899.788331464009 424.8689350650077 1.661 1.8473 4.112 42.40489590588205 6.720153937919864 -5.6812 -3.024933764412508 0
CAR 0.0 0 3.01301935046494 1337.9726466080247 191.6540197653767 1499.5482404538284 306.13187272296886 1.7 1.937 4.0135 31.932886255517218 -28.169366262620812 -6.2264 1.6149400059223493 0
CAR 0.0 0 -1.2034453484688816 210.10522717890547 429.2422008663451 444.49388745512334 559.3570097831316 1.7 1.9714 4.0628 12.711524683683178 31.296913228558196 -7.4038 -1.7921101297431838 0
CAR 0.0 0 -1.0294994048895179 393.0886587123141 438.1047563738181 584.7598201679908 548.6531717885791 1.4656 1.3758 3.7786 15.19018093108618 28.844729108114077 -7.4477 -1.8133342874298124 0
CAR 0.0 0 1.469380813112425 402.8855233492284 26.588180045212425 465.1637478538322 71.87405375348912 1.7 1.8295 4.0434 76.14457969669674 5.226532099962224 -6.4708 0.01034436952556618 0
CAR 0.0 0 -1.0406206396508793 237.9445715551463 323.846792146705 529.1740687650349 492.54274077745356 3.0074 3.0141 6.0193 16.658299274627826 35.97044452249314 -6.7457 -1.8038238616248883 0
CAR 0.0 0 -1.2923648252047615 1216.7723825728472 -413.5234349947761 1321.290833350232 -314.56367772503233 2.0674 2.0854 4.1222 -51.80927018758512 1.8990935469007688 -7.0917 -3.141592653589793 0
CAR 0.0 0 4.954408084637121 1429.7094007137694 -419.45081968093416 1573.34356587069 -324.495920022056 1.5152 1.971 4.0119 -42.167463098600095 5.763891217917926 -6.0728 3.141592653589793 0
CAR 0.0 0 -1.3042170081561582 1545.4185744362699 -532.6960577779648 1798.188067790165 -385.55012552989473 1.6185 2.5772 5.2097 -34.89233516198185 6.1187474729967555 -6.6119 -3.141592653589793 0
CAR 0.0 0 3.0745913545321724 2382.8683404726125 212.0656030635819 2695.4419534360527 321.4604240755685 1.5329 1.947 4.1625 29.52970341590092 -54.990491939672395 -6.1782 1.6079448596805244 0
