CAR 0.0 0 4.486587525629496 1555.2855002378665 325.654334131778 1645.0055505969553 411.7674188427227 1.7 2.0096 4.0382 46.50610096240034 12.335701379175234 -6.8888 3.141592653589793 0
CAR 0.0 0 -0.18880229694427553 1140.5710835849886 186.91453156427636 1227.9144272164597 262.22611995255994 3.1128 3.0226 6.773 73.0016947584988 31.296206797938098 -5.828 -1.5736332775196553 0
CAR 0.0 0 4.752754646979577 6423.064487873178 -7707.807074211641 23304.91566552601 -1000.0546886566347 3.4115 2.7462 2.4608 3.5018429090003016 25.29629730720102 -5.8128 2.928483616621214 0
CAR 0.0 0 1.1904131484416616 348.07977022970397 43.64851810775983 520.388782945596 227.18660532118167 3.8144 4.294 14.4415 51.55273293567112 -1.1914566388897558 -6.7673 -0.09336627652312401 0
CAR 0.0 0 4.635073677558984 3667.435685174936 -2167.6150023844298 6625.743033024607 -842.3924004347572 1.7 1.956 4.407 -1.9619050248909753 23.440292869922782 -6.175 2.794729600275159 0
CAR 0.0 0 4.574659430697014 -9376.351386186003 -9586.265151509648 24792.10653303108 1841.460617459382 4.1983 3.0119 9.4432 8.496757246407299 22.612588588239085 -5.5448 2.655960480762218 0
WHEELER 0.0 0 4.208794420499677 804.7032938647066 166.1316613182753 853.886678865308 246.211859520173 1.7142 0.8998 1.2689 33.48719691124678 -10.384742403436405 -6.5743 2.88090798914154 0
CAR 0.0 0 4.30147631321789 -49746.80854457156 -30284.422648689062 76029.61371294396 22899.97663657763 2.613 2.2684 5.5662 7.03785034447198 17.885163028110785 -5.7562 2.496494215974639 0
CAR 0.0 0 -1.4254665278175067 230.0155385830658 446.4513832253136 439.3507792405361 569.6267963414807 1.5269 1.9408 4.1155 23.771305079133676 40.49934202331172 -8.831 -2.013284002215193 0
CAR 0.0 0 2.5925557130054506 662.9168958554178 254.89070215615763 841.3063563698685 430.4233351933722 1.5496 1.899 4.5119 21.74443955112263 -5.364484970097 -6.1851 1.4454429917506393 0
CAR 0.0 0 2.7655025849690613 1335.6815843509485 199.7270395613122 1532.1208914547428 311.7889862360635 1.5683 1.9824 4.1753 25.104734397108214 -22.894328940861673 -6.7242 1.3699820769311981 0
CAR 0.0 0 2.0494477613196835 20.722739562590917 342.97134853901684 243.95483802820095 559.8555798940789 1.5716 1.9048 4.1778 21.52543496418092 3.7752582789540394 -6.8777 1.7385420952695783 0
CAR 0.0 0 2.5177101777911943 675.4294979436165 347.73774235502776 883.2732022726358 563.9421309919344 1.5502 1.9671 4.1367 17.982884369794235 -4.811218968037299 -6.7148 1.4724196272115042 0
CAR 0.0 0 -1.7746592437135356 1697.299824470473 326.8040709320516 1839.1847727943111 444.44505577390066 1.9963 2.2756 5.9988 45.464627708844866 8.039429274991175 -6.704 -3.131880613887544 0
CAR 0.0 0 3.144001647608116 1503.8122371891875 628.6575877527305 1730.9214416733737 939.3539385744765 1.651 1.9856 4.1758 18.467292172820024 13.914266112887871 -6.9778 2.0227465353138117 0
CAR 0.0 0 0.7846541763015675 235.7462670544284 182.34803703256568 343.5649409109863 285.7858221225412 1.515 1.9112 4.1456 36.82825152835231 2.5537355456583923 -7.135 -0.11632845637744005 0
