CAR 0.0 0 2.7325290092513494 1336.6332994410598 202.12302215302995 1535.041132709955 315.5106359160931 1.5683 1.9824 4.1753 24.84179261284786 -22.72718867396135 -6.7242 1.33882426606999 0
CAR 0.0 0 4.357969336119987 1702.837096928611 328.5087159962782 1846.9988420218917 447.3756268653604 1.9963 2.2756 5.9988 45.190355533463304 7.9155214924018935 -6.704 3.0012018670575786 0
CAR 0.0 0 2.702973149624761 1388.780905892797 207.35302601691373 1646.326463199332 348.01560009740354 1.6094 1.8776 4.9449 21.344076836285605 -21.692159764147146 -6.2139 1.3114097922132018 0
PEDESTRIAN 0.0 0 2.72701541106785 638.6012618946025 127.07043144759417 675.4328538575072 194.23874130676063 1.7016 0.7772 0.6957 39.75983511622001 -7.078340092358678 -6.3348 1.3955368288674803 0
CAR 0.0 0 -1.5439827460141822 248.72232072461298 421.4550898543437 457.46168662381683 541.7533619044669 1.5083 1.8983 4.1522 23.934357532640025 39.979855459299 -8.1788 -2.18213576590055 0
CAR 0.0 0 1.386543828408052 415.5390869746287 27.071338268129974 473.40438445331995 82.56642599182146 2.001 2.2034 6.0581 76.39631905228147 -2.729778609183729 -6.8553 -0.06338274536302377 0
CAR 0.0 0 -1.290162976124423 405.91991840092305 424.5738975181986 598.6213357359907 544.3413153031245 1.4958 1.977 4.1388 25.35009945405263 36.83360014191086 -8.1989 -2.09854158769705 0
CAR 0.0 0 4.392023741925829 1708.0966919645125 206.0332355867114 1867.8912952921412 332.75015723596067 3.4934 3.115 10.3352 63.26479705623465 5.0191 -5.0918 2.9686603356601298 0
CAR 0.0 0 -1.6596957688459435 140.676272246216 381.5900942120412 334.83433274707136 481.50830694854477 1.508 2.0028 4.001 26.0277 46.1866 -8.2196 -2.1681369818205787 0
CAR 0.0 0 4.391394218646928 1725.171275854398 254.6068781007159 1821.5750336537085 337.22110826493576 2.4532 2.2469 1.9737 57.1937 6.1447 -5.6178 2.985525566570448 0
CAR 0.0 0 4.225834461990672 1277.82108117118 418.2327809171204 1403.4856042905578 560.1747733007845 1.7 1.989 4.2817 30.29122908905331 18.27648908594343 -7.1172 3.0019663134302466 0
CAR 0.0 0 4.2211458698081055 1503.3655571317863 321.1136373203373 1670.3299453567604 506.85314650136064 3.0024 3.0029 5.9984 37.41233293520544 13.411023014068117 -6.3697 2.9029100946281097 0
CAR 0.0 0 -0.41413699939050064 1651.063012402788 421.8532797147102 2402.9776656259746 858.5426391403565 2.0449 2.1484 6.0265 8.249144591536316 -16.26030712314035 -6.4734 -1.6834197519110883 0
