CAR 0.0 0 4.486587518044791 1555.2851242996871 325.65426690964614 1645.0051012144859 411.7673210706373 1.7 2.0096 4.0382 46.50610877531548 12.335712575533615 -6.8888 3.141592653589793 0
CAR 0.0 0 -0.18885527489103837 1140.0437679270337 186.8879969465622 1227.403494605948 262.18604836162746 3.1128 3.0226 6.773 73.00176261943763 31.324677588719506 -5.828 -1.5736332775196553 0
CAR 0.0 0 3.2310484515148046 1070.3821269612354 507.4132056281191 1377.4379489019886 921.4138968931566 3.4115 2.7462 2.4608 15.762175076907429 18.218306678074498 -5.8128 2.1781000819089233 0
CAR 0.0 0 0.566053194936161 213.5756221810321 93.75012235787625 483.4661537353396 390.1753756535638 3.8144 4.294 14.4415 36.43073053207177 0.9539984680630962 -6.7673 -0.4428044119411477 0
CAR 0.0 0 0.8597986954592103 -4693.188628740158 803.5045864438357 -1565.8683731133895 1907.7605727406558 1.7 1.956 4.407 11.681671722091501 14.742578293762566 -6.175 1.991878144357768 0
CAR 0.0 0 0.859185626227833 -2432.294593625193 206.88653606076247 -446.53365611360596 1095.6828332295381 4.1983 3.0119 9.4432 18.46093109906127 12.994491060437614 -5.5448 1.975303640456455 0
WHEELER 0.0 0 4.2091407514096915 805.7629883047567 166.0967454760386 854.930358344077 246.15714467121686 1.7142 0.8998 1.2689 33.485233008279565 -10.41273493227996 -6.5743 2.88090798914154 0
CAR 0.0 0 2.0964333232615386 -42.642190175698694 294.37754605807896 316.2622482858764 710.0056790508324 2.613 2.2684 5.5662 17.00052168303587 2.60809904651244 -5.7562 1.763455930137021 0
CAR 0.0 0 -1.4222690534620503 233.51612277080338 448.23090673919324 443.4135174281716 572.2642892245979 1.5269 1.9408 4.1155 23.68808905379052 40.29351146875894 -8.831 -2.013284002215193 0
CAR 0.0 0 2.6180202012035028 1013.778094331149 312.37949502222403 1277.1833120726508 516.7647045899482 1.5006 1.9544 4.3204 16.686313336737868 -10.074441954199331 -6.2434 1.3920290291975033 0
CAR 0.0 0 2.677847273190638 1441.5019013414785 243.89377478718745 1724.8167189588278 399.8280447396831 1.5496 1.899 4.5119 18.24292269868097 -20.35413222077754 -6.1851 1.3058166515910923 0
CAR 0.0 0 2.763810837019662 1353.5425046215632 204.70263869198652 1555.7085082039073 319.34112738855333 1.5683 1.9824 4.1753 24.45196785085107 -22.951134426260335 -6.7242 1.3699820769311981 0
CAR 0.0 0 2.638830425595783 869.8073456227141 295.47040502177776 1063.837815799805 467.890668718757 1.5716 1.9048 4.1778 20.585727384936742 -8.832325947686508 -6.8777 1.4418361224305425 0
CAR 0.0 0 2.813245616919638 1679.3109486350136 313.5525274483953 2017.449878996967 490.5202830161399 1.5502 1.9671 4.1367 14.411216595411599 -22.638787882269863 -6.7148 1.454966334691561 0
CAR 0.0 0 -1.7776438665932286 1696.873492753124 331.014862964436 1841.9060328597634 451.94616990128037 1.9963 2.2756 5.9988 44.54730582243102 8.158800351485336 -6.704 -3.131880613887544 0
CAR 0.0 0 2.3836651539724825 263.32597830822374 329.552910519339 439.5110850823467 537.1381227226163 1.651 1.9856 4.1758 21.599720608067283 0.9420081494285246 -6.9778 1.69113397743489 0
