CAR 0.0 0 -0.0612782138726613 1151.290985890986 202.5702940481109 1273.2785608157787 277.324097832074 3.0887 3.0353 7.0662 63.37063783863725 37.79319617293474 -5.5641 -1.437993474107063 0
CAR 0.0 0 -1.6723186848808964 1597.700417012498 303.0069165661459 1743.414883038301 424.63334794938373 2.5061 2.2666 5.3185 43.08939483935678 11.021785369257213 -5.9066 -3.0306989853775987 0
CAR 0.0 0 -1.689947266291985 1527.0667166946462 312.09792656099177 1635.9599987136676 388.436345032898 1.7 1.9666 4.1398 46.4605043618359 14.389553248444276 -6.3811 -3.0437406102343916 0
CAR 0.0 0 1.5704275685653584 406.18459375329337 -12.067565100847379 511.28503150131 75.13008121124204 3.5244 2.84 10.3328 83.83863250562698 5.547678221912597 -6.2138 0.06357411080289209 0
WHEELER 0.0 0 -1.6527770734630174 876.1968019554924 217.14379925473958 905.2494221306156 292.862810184833 1.455 0.6025 0.8913 31.56225696669116 -15.696695551359165 -6.2896 -2.945145701233959 0
CAR 0.0 0 -1.6558324337012569 1778.23417698196 330.73370826615553 1896.4139629580998 424.32873012688856 1.661 1.8473 4.112 42.413577228433994 6.798602389682162 -5.6812 -3.025187079377664 0
CAR 0.0 0 3.0130188257681896 1337.9493704984359 191.65096259278985 1499.5200029627276 306.12742455782933 1.7 1.937 4.0135 31.933262422429884 -28.168894199996217 -6.2264 1.6149400059223493 0
CAR 0.0 0 -1.2034568179943395 210.09719225513567 429.24310646998856 444.48720941123975 559.3584816624744 1.7 1.9714 4.0628 12.711372572719009 31.29693994532726 -7.4038 -1.7921101297431838 0
CAR 0.0 0 3.300208469594274 1081.5009882423672 583.3822839156068 1392.0121995018058 868.312885317992 1.6434 1.7018 4.5628 13.826704028778092 9.346377525693992 -6.2183 2.253205367771153 0
CAR 0.0 0 -1.0294867288037317 393.1302919907962 438.1344121285917 584.8146580985339 548.6965268752764 1.4656 1.3758 3.7786 15.189334567590834 28.84135452734641 -7.4477 -1.8133342874298124 0
CAR 0.0 0 1.387770764887009 374.9955965369215 47.28469288561478 448.56593998081405 100.60575493670247 1.7 1.8295 4.0434 65.84873222842837 3.6624383986530478 -6.4708 -0.007108922994377148 0
CAR 0.0 0 -1.0831586442086367 245.70662845769272 323.4741733847243 535.538169958319 491.6973512718447 3.0074 3.0141 6.0193 16.819223208996632 35.906708548760385 -6.7457 -1.856183739184718 0
CAR 0.0 0 4.996831756483324 1219.120564016598 -428.3675111728653 1315.1045379563045 -348.86256217566836 1.5029 1.9094 4.1841 -53.163398111695315 2.1470100030455983 -7.9847 3.129067075297349 0
CAR 0.0 0 -1.262191643314576 1424.5508993835101 -569.7728133544737 1614.7242863828642 -404.7658747371558 2.0674 2.0854 4.1222 -35.39334053429493 2.605476204025831 -7.0917 -3.141592653589793 0
