CAR 0.0 0 -0.035366915505177454 1147.892051926367 202.70856312847002 1270.2437464691345 277.64135040605026 3.0887 3.0353 7.0662 63.12387124196987 37.84619805385337 -5.5641 -1.4114024759719594 0
CAR 0.0 0 2.9349853135035713 812.8467036411486 153.07887187767724 1088.8034028685256 564.3248500908735 3.3784 3.4486 11.6024 23.705103792003325 -15.734501039067702 -5.4833 1.714381584225976 0
CAR 0.0 0 -1.7069838965277766 1600.245986240893 302.09077246116834 1745.0828812913246 422.9102091439894 2.5061 2.2666 5.3185 43.37270194221806 11.02813586675422 -5.9066 -3.0663557118638796 0
CAR 0.0 0 2.730830803142195 365.73710186801196 191.04463397615442 686.67299270384 504.8379590694514 3.5225 3.6418 4.7722 22.645818097806977 -9.761996645876147 -5.4368 1.7133795994163932 0
CAR 0.0 0 -1.7477916596629348 1532.524591013583 312.58261867169716 1641.4927524844616 389.13280520135095 1.7 1.9666 4.1398 46.47363700069466 14.22123384860008 -6.3811 -3.1019631316146827 0
CAR 0.0 0 -0.048906392360697604 1285.3296712295707 412.33247079624334 1727.7902780771644 862.2115663066721 3.5244 2.84 10.3328 20.61550770918999 7.988530301363611 -6.2138 -1.238725545157802 0
CAR 0.0 0 2.168019889577388 -301.8931630482702 293.84168304812465 339.2280021042683 769.8816790257194 3.0142 2.9998 6.4302 16.884315816966996 -5.46287775617598 -5.5653 2.0376348328676355 0
WHEELER 0.0 0 -1.1470086706504214 809.1170260437262 174.42488475562638 834.2359298547109 240.27643584961817 1.455 0.6025 0.8913 36.68077969110869 -14.184857497474063 -6.2896 -2.470962799178619 0
CAR 0.0 0 -1.7229977126137273 1783.5610930293308 329.82279693356975 1900.9777750528815 422.83727474888883 1.661 1.8473 4.112 42.717627338094445 6.723015143396703 -5.6812 -3.093492692234448 0
WHEELER 0.0 0 -1.7221265337136846 1511.2610935820492 342.4381008890348 1563.0120950300413 411.5917275045907 1.7 0.7138 1.6517 41.1386590575948 14.168752277653073 -6.5238 -3.0527780599336807 0
CAR 0.0 0 2.9524459448236433 1347.1174475174007 192.85523753737286 1510.6477590690315 307.88019578523733 1.7 1.937 4.0135 31.785600000000002 -28.3542 -6.2264 1.554161860999463 0
CAR 0.0 0 2.970586782829221 1562.995551273293 283.6056307960166 1777.3044051002146 419.82285960797327 1.4668 1.6524 3.5756 24.45813081451749 -29.929040752805246 -6.3814 1.6065886511957108 0
CAR 0.0 0 -1.1863582773400712 212.15402588479503 428.7925885375829 446.04085537187797 558.6388561633938 1.7 1.9714 4.0628 12.759435760032266 31.312769389626528 -7.4038 -1.7780935580836401 0
CAR 0.0 0 -0.5822176868751919 647.8560923910753 444.31677466238574 848.5568605790181 570.6772363335205 1.5178 1.8289 3.9952 17.97849116757568 23.24508453016931 -7.2359 -1.5604897737774457 0
CAR 0.0 0 3.0057656151469883 1767.751693020463 245.29183267136068 2180.553626497635 494.0516139551185 2.5358 2.0016 5.2596 21.541906129216752 -33.07318271014263 -5.713 1.6178419900849237 0
CAR 0.0 0 3.0521623795106034 2246.600178676039 248.47149638186033 2603.3150580389283 391.66278657490426 1.6434 1.7018 4.5628 25.547784334051666 -47.00197182180846 -6.2183 1.6118282031938207 0
