CAR 0.0 0 -0.042955542396647006 1147.3347880948752 202.7080290693419 1269.714920368996 277.6477650997495 3.0887 3.0353 7.0662 63.09977480311525 37.8650592551014 -5.5641 -1.418903573797595 0
CAR 0.0 0 -1.7130863869691015 1780.4956079547105 329.8425823458737 1898.060056766111 422.8915131477557 1.661 1.8473 4.112 42.651011039944066 6.783967557057935 -5.6812 -3.0832454006018555 0
CAR 0.0 0 2.9485755345167077 1348.836341042511 191.25291160973882 1511.575564780678 305.4175956546648 1.7 1.937 4.0135 31.982968532477607 -28.47358107230567 -6.2264 1.5487642730096802 0
CAR 0.0 0 -1.2835642323607503 213.1810523650502 428.32530303807704 446.6440464735296 557.8998264794313 1.7 1.9714 4.0628 12.793604357030075 31.345871516311266 -7.4038 -1.877003294840088 0
CAR 0.0 0 -1.1051005489408368 391.40394341073875 439.83728003294715 584.2081920319936 551.2093092297376 1.4656 1.3758 3.7786 15.081472107145562 28.711375818462756 -7.4477 -1.8856458483840466 0
CAR 0.0 0 -1.144292433867768 245.90212663832546 323.2324485083394 535.3976335391595 491.20824013171784 3.0074 3.0141 6.0193 16.840942594376212 35.94682130595453 -6.7457 -1.917786575270122 0
CAR 0.0 0 2.946447449968666 1404.6074759920318 229.36892014862724 1602.1275184397603 357.2610333660177 1.5329 1.947 4.1625 27.872263776096233 -28.24189534724007 -6.1782 1.5674036341292166 0
CAR 0.0 0 -1.438721551245843 122.98464155635222 395.57916793200485 332.02035694172304 495.40809009073877 1.5121 1.9339 4.1099 13.355801392494973 38.150819804155226 -7.6011 -1.9132188092271625 0
CAR 0.0 0 -1.6380419663677244 1763.6219090211396 270.7579338680033 1905.0795462243677 391.2621177924656 3.3377 3.0755 3.0748 54.52050354903867 8.428873693946587 -5.9795 -3.031595390596638 0
PEDESTRIAN 0.0 0 2.9153725565302726 624.1540726821802 127.76454684383992 666.5897317711066 202.48098547355605 1.8579 0.9295 0.9471 41.41590818628954 -9.189730711939918 -6.0836 1.594447662458931 0
CAR 0.0 0 -1.6150080515711729 113.74796742531274 -38.318505404776914 327.52476474587826 104.07491908143508 4.1862 3.2286 10.2919 60.55139888619671 8.886472253647653 -4.2942 -3.062835902477131 0
CAR 0.0 0 -1.4653555915430563 75.43621072478449 339.22873021944395 249.47371508414278 415.5391017579371 1.5206 1.9327 4.0484 15.364135838201541 47.76156534006068 -7.4583 -1.8734535741965284 0
CAR 0.0 0 -1.3040846398377313 226.8412303930628 336.1877058942707 390.18848378378914 417.814677609528 1.7 1.6238 4.0308 18.111508443869187 43.782708128139255 -7.2916 -1.9923975746503848 0
CAR 0.0 0 2.990623231815408 1855.823245328182 268.4601956133333 2155.585615002983 420.1537717728779 1.7 1.9624 4.2616 24.99403102422252 -37.224062080233566 -6.4566 1.58896339585535 0
WHEELER 0.0 0 2.89168789157765 1546.2285725371337 344.6417675057186 1673.0912172971375 479.7269706272555 1.7 0.8106 1.621 21.163879104702996 -26.950272955019127 -6.3809 1.5710430576065737 0
CAR 0.0 0 -1.6723975397228015 1442.858958714664 323.99001002812315 1603.4545003743074 449.8591731724592 2.3964 2.4699 4.5843 37.546718209776294 13.47275063993328 -6.1273 -2.996611774829779 0
