CAR 0.0 0 -0.042954818509906234 1147.337432314987 202.7077363760129 1269.7170313474082 277.64715436881664 3.0887 3.0353 7.0662 63.1000960885982 37.86509950992867 -5.5641 -1.418903573797595 0
CAR 0.0 0 -1.6698596836906336 1748.6656260760474 393.1255168403172 1904.8680158513168 527.2447357813902 1.661 1.8473 4.112 31.67781758483968 5.589927588065384 -5.6812 -2.9960392826198294 0
CAR 0.0 0 2.948574824098067 1348.8342675692018 191.25345758740633 1511.5735675006126 305.418448297843 1.7 1.937 4.0135 31.982900824294664 -28.47350097512116 -6.2264 1.5487642730096802 0
CAR 0.0 0 -1.2835699282414734 213.17745138600125 428.3265372778021 446.6416429821263 557.9017838176919 1.7 1.9714 4.0628 12.793501255185072 31.345797327708873 -7.4038 -1.877003294840088 0
CAR 0.0 0 -1.105089197084736 391.41369455538285 439.83539151799783 584.216010161717 551.2064792388649 1.4656 1.3758 3.7786 15.081704323900702 28.711399709149404 -7.4477 -1.8856458483840466 0
CAR 0.0 0 -1.1446506308286555 245.61789608925992 323.24740773229723 535.1662050277268 491.2418233936081 3.0074 3.0141 6.0193 16.83492784693868 35.94892503243704 -6.7457 -1.917786575270122 0
CAR 0.0 0 2.94609143364232 1401.8605388847386 229.34167396589325 1598.9448427902832 357.2445822800101 1.5329 1.947 4.1625 27.875582300311866 -28.178631139155975 -6.1782 1.5674036341292166 0
CAR 0.0 0 -1.43483329311205 125.20336920017915 395.4185065188496 333.9536014005743 495.15817667678584 1.5121 1.9339 4.1099 13.400437351291592 38.134783440560966 -7.6011 -1.9132188092271625 0
CAR 0.0 0 -1.651497451680467 1750.671262485285 287.94151987295555 1908.8992823590102 424.6259351400981 3.3377 3.0755 3.0748 48.440938940280255 7.757493226528828 -5.9795 -3.031595390596638 0
PEDESTRIAN 0.0 0 2.9153744080924193 624.1569499608443 127.76406034156594 666.5923783155116 202.48032895517915 1.8579 0.9295 0.9471 41.415998895683416 -9.189799166617346 -6.0836 1.594447662458931 0
CAR 0.0 0 -1.7229366625626426 38.86188044108252 -30.713746311065975 290.8953075740477 130.544549148747 4.1862 3.2286 10.2919 54.40029154610307 8.381465947928515 -4.2942 -3.0453826099571875 0
CAR 0.0 0 -1.4653509255964852 75.43829840253355 339.22836103333947 249.47540153067203 415.53856386772856 1.5206 1.9327 4.0484 15.364203002645466 47.76159958350371 -7.4583 -1.8734535741965284 0
CAR 0.0 0 -1.304084769415732 226.84117766924862 336.1877527339653 390.1884667939063 417.8147459086836 1.7 1.6238 4.0308 18.11150363403587 43.7827000977636 -7.2916 -1.9923975746503848 0
CAR 0.0 0 2.927970548500941 1404.84689347793 279.03499314061827 1635.534444401054 442.07637515280726 1.7 1.9624 4.2616 24.367193346531682 -26.883146376570075 -6.4566 1.58896339585535 0
WHEELER 0.0 0 2.8884885914672784 1525.7831022070811 344.52035721565323 1650.5700959924498 479.7053320596425 1.7 0.8106 1.621 21.1828913035849 -26.588329454118526 -6.3809 1.5710430576065737 0
CAR 0.0 0 -1.1996028622083699 1563.8058898268491 -603.4964196107222 1738.6943814274834 -468.2171069400659 1.7 2.1523 2.7864 -35.72362066520176 5.793310447463044 -8.1915 -3.083366930936911 0
