CAR 0.0 0 2.7325277594152997 1336.86381738579 202.16184999744993 1535.3254946498348 315.5685201099879 1.5683 1.9824 4.1753 24.836050711218224 -22.729974015465718 -6.7242 1.33882426606999 0
CAR 0.0 0 4.3579685112109 1702.7884496477675 328.50066637894514 1846.9354385891136 447.36217005975044 1.9963 2.2756 5.9988 45.1912420409572 7.916783952945972 -6.704 3.0012018670575786 0
CAR 0.0 0 2.703014961037656 1389.0145687255983 207.33819520672546 1646.5776317936736 347.98669033752753 1.6094 1.8776 4.9449 21.343944811798778 -21.69864937893599 -6.2139 1.3114097922132018 0
PEDESTRIAN 0.0 0 2.727040735125705 638.6712450135655 127.07002655863987 675.5014469962438 194.23768458878658 1.7016 0.7772 0.6957 39.7594652246503 -7.080278269685747 -6.3348 1.3955368288674803 0
CAR 0.0 0 -1.5445237360820818 248.56768285252002 421.87339782862824 457.57420938493885 542.3904390648709 1.5083 1.8983 4.1522 23.903143687953524 39.948141159536476 -8.1788 -2.18213576590055 0
CAR 0.0 0 4.954311709879377 -25496.313023686216 -26050.004432841157 57325.93757435195 8177.062853187916 1.5569 1.7367 3.4921 5.237298769877818 19.262530862721132 -6.9154 2.957290367741846 0
CAR 0.0 0 1.0922199281745648 322.3684950675874 118.9761914275968 424.44512180549015 231.45585589029002 2.001 2.2034 6.0581 43.05965595618972 0.6245186860523728 -6.8553 -0.046551911729137314 0
CAR 0.0 0 -1.2901631932741322 405.9197229542062 424.5739318604001 598.6211828165442 544.3413693234094 1.4958 1.977 4.1388 25.350094886538887 36.83360134779093 -8.1989 -2.09854158769705 0
CAR 0.0 0 4.392023859044738 1708.0963709577188 206.03306934336806 1867.890581706272 332.74971686282163 3.4934 3.115 10.3352 63.2649 5.0191 -5.0918 2.9686603356601298 0
CAR 0.0 0 -1.6596957688459435 140.676272246216 381.5900942120412 334.83433274707136 481.50830694854477 1.508 2.0028 4.001 26.0277 46.1866 -8.2196 -2.1681369818205787 0
CAR 0.0 0 4.391394218646928 1725.171275854398 254.6068781007159 1821.5750336537085 337.22110826493576 2.4532 2.2469 1.9737 57.1937 6.1447 -5.6178 2.985525566570448 0
