CAR 0.0 0 -0.04061372675149055 1141.7999598313309 203.38827860386172 1265.3890952068482 279.05998293609093 3.0887 3.0353 7.0662 62.385873258120164 37.751934338363284 -5.5641 -1.4149697506383534 0
CAR 0.0 0 -2.8837663692632614 -430.58453469470584 311.3235731966632 -26.134907210788295 537.494058822147 1.661 1.8473 4.112 20.21601456141121 -0.033238265996012206 -5.6812 -2.4119899989538824 0
CAR 0.0 0 3.023252166086418 1354.57223130266 193.1327579087342 1519.256174780236 308.2339591990041 1.7 1.937 4.0135 31.751881674337902 -28.53656983990045 -6.2264 1.6242341597410155 0
CAR 0.0 0 -1.2503992523097958 200.60862803560673 428.55983719614966 435.3488847953779 558.3481312735584 1.7 1.9714 4.0628 12.604087404510926 31.510391468767807 -7.4038 -1.826574111919186 0
CAR 0.0 0 -1.0702827199459923 383.02347291764937 439.9392661787428 576.6242954641733 551.403965418961 1.4656 1.3758 3.7786 14.955561664590698 28.82980834781567 -7.4477 -1.8424388529812492 0
CAR 0.0 0 -1.0439189749692508 244.04240958469873 322.5755259811572 532.905518027968 489.90898021396174 3.0074 3.0141 6.0193 16.859041816111862 36.096694379261194 -6.7457 -1.8157902456131392 0
CAR 0.0 0 2.9770819492707186 1400.7429171637834 231.09156473355117 1598.8780535402584 359.9904607874787 1.5329 1.947 4.1625 27.705543319059867 -28.081835404184652 -6.1782 1.5999076178923881 0
CAR 0.0 0 -1.3606936098762208 115.17767692033053 394.9440214983047 324.3729035802609 494.5105237751232 1.5121 1.9339 4.1099 13.255980693056317 38.3733686837926 -7.6011 -1.8219666918375406 0
CAR 0.0 0 -1.7034252717228138 1700.8155152774996 336.78964935029563 1907.1737169848675 522.5244152424964 3.3377 3.0755 3.0748 36.22800843621252 6.661294291275676 -5.9795 -3.0431558715193896 0
PEDESTRIAN 0.0 0 3.1205847297425686 618.8091293298411 127.1717739810955 661.4130543905578 201.73812531937838 1.8579 0.9295 0.9471 41.519231448000504 -9.029206464502334 -6.0836 1.8006514064715926 0
CAR 0.0 0 -2.8512568933848694 -189.74097473945034 -9.147274870942068 190.34918346627413 210.18997987567124 4.1862 3.2286 10.2919 42.057518525777006 7.321834483114759 -4.2942 -3.0345554365555083 0
CAR 0.0 0 -1.4321968769663775 69.60328743949997 341.3711640205399 245.55954499871393 418.63114024464545 1.5206 1.9327 4.0484 15.10530909917945 47.437604528797515 -7.4583 -1.826875486489279 0
CAR 0.0 0 -1.1439294519867118 209.3390777850339 337.2102820832746 374.63779954185605 419.39678231140005 1.7 1.6238 4.0308 17.67570868208139 43.9377295292465 -7.2916 -1.8037533996333603 0
CAR 0.0 0 2.952358990497837 1402.030458917134 276.8234253309663 1630.611163969467 438.4998146254969 1.7 1.9624 4.2616 24.537253347455295 -26.89422674784638 -6.4566 1.6121176661405914 0
WHEELER 0.0 0 2.952043971866961 1544.3420564209766 345.2059318473447 1671.1923000845047 480.5027308226357 1.7 0.8106 1.621 21.13447407549516 -26.90063723865581 -6.3809 1.632072091436402 0
CAR 0.0 0 -3.209679830618297 -470.20631721560756 228.06389272552263 -15.388254970960515 483.15319211211715 2.4731 2.3456 5.5455 24.45695078061261 2.8680848505805616 -5.965 -2.637259338284812 0
CAR 0.0 0 3.080299696618206 1938.5136573209072 298.30532506370787 2296.407382266533 481.9834064813448 1.752 1.7066 4.502 21.93307519421544 -36.54669019607702 -6.3051 1.6906731672187092 0
