WHEELER 0.0 0 2.8673583238233333 1518.6623155596717 334.97358216836284 1673.4772284771657 472.6038067343212 1.6332 0.8894 1.834 15.265264236598805 -17.93946670743423 -6.5953 1.5435531208983042 0
CAR 0.0 0 2.9272071064752323 1368.6485666916385 227.09334372158474 1628.718544512495 383.01193801620707 1.654 1.8689 4.1757 18.77367916179505 -18.747595697514566 -5.8865 1.55528535101477 0
CAR 0.0 0 1.3878101133047969 407.02339175698523 38.18401892494322 465.0831847965604 98.50761998622642 1.8284 1.8307 4.868 63.4366543238107 -1.9498913339376767 -6.1655 -0.029458376227324383 0
CAR 0.0 0 2.848559922783798 1749.2470587279402 301.735496628434 2115.201259490602 490.7108015514247 1.7 1.7312 4.5344 14.04196091067768 -24.133842189609233 -6.639 1.4782455116673214 0
CAR 0.0 0 2.901941627235489 2071.163767904329 301.91198315717565 2477.5807912805353 481.58955749782 1.7 1.6226 4.5676 12.370593703388774 -31.02284700621181 -6.7663 1.5002918376385186 0
CAR 0.0 0 -1.7538220377445726 1468.7676465271866 321.7855329064191 1530.692300887229 399.1542931390407 1.5848 1.5393 4.034 46.92725327475048 15.173305972327501 -6.9916 -3.089572603797836 0
CAR 0.0 0 -2.6073697996535885 -420.6923423406879 692.9688699107419 -21.291630406925094 1088.1194333884864 1.2805 1.5163 4.0841 14.142562475850958 6.132339742216374 -8.3229 -2.386169126544069 0
CAR 0.0 0 2.1976274671773823 -137819.82112687128 -36394.52519467463 87423.55780937121 62355.65920054317 1.7 1.6536 4.0658 6.926852417252142 22.79109646817681 -8.2573 3.0869272328921866 0
CAR 0.0 0 2.892564136179141 1670.0145898025617 258.3073645317132 1975.75239676632 415.48923564075636 1.7 1.9869 4.3341 17.06367503703292 -25.505906827274945 -6.6115 1.5029514925570104 0
CAR 0.0 0 -0.2599211978650051 3821.588443295562 336.5271840678963 4461.856788516 502.59418996277446 1.6547 1.9661 4.2116 -0.6881949487808696 -66.42767984240993 -6.9014 -1.7305019282883631 0
CAR 0.0 0 2.943985632730164 2351.996925116784 262.6073211578409 2783.0645424775835 426.0716093537377 1.7 1.9419 4.3933 11.240635059108598 -37.88983270528605 -6.2196 1.5052191833647506 0
CAR 0.0 0 -1.7341470792426281 1578.1917931088647 315.6130858975439 1662.0608567680806 392.6525967426298 1.6092 1.9505 4.2191 50.094605767419964 11.495817369334866 -6.9696 -3.090318317252118 0
CAR 0.0 0 -1.7105062532251343 1469.715135712437 289.297090974512 1537.126230039825 360.1186756302621 1.7 1.9624 4.4376 53.86249530352701 15.091056016977312 -6.8839 -3.0693585669112906 0
CAR 0.0 0 -0.3156769845615568 3044.870021267919 344.77474758241533 4149.599492993557 706.6946639153047 2.5997 2.5313 6.0978 2.3739807941672084 -41.13470395453799 -6.3639 -1.7443359766837812 0
CAR 0.0 0 4.980729268211392 2927.941091862112 -1706.9679967675843 4507.638291786914 -826.5614032837543 1.744 1.9602 4.853 -5.982057451058729 24.522367508989213 -7.6248 3.095195205546388 0
