CAR 0.0 0 4.376522125364952 1559.9616747215773 325.2530884444245 1650.0363700567354 411.10083380303087 1.7 2.0096 4.0382 46.679612565217376 12.187425559380701 -6.8888 3.0305542597368387 0
CAR 0.0 0 1.433002988549147 415.7115820890674 -12.474558764503294 517.1751171673271 80.91710627373716 3.8144 4.294 14.4415 88.62650188128733 -4.39119202282609 -6.7673 -0.07055447025630554 0
WHEELER 0.0 0 4.247126593237031 882.3827837377918 216.712390767471 941.6271720247481 312.814813166504 1.7142 0.8998 1.2689 27.06739318143741 -10.30984575488345 -6.5743 2.9581103363184718 0
CAR 0.0 0 3.421988473220525 790.6978466533172 645.7004124337983 1136.5461199024257 1055.2531320926992 1.5496 1.899 4.5119 12.850772221978172 20.06487291529447 -6.1851 2.559730058626582 0
CAR 0.0 0 2.7136518221702826 1334.4550796716119 201.38594223524785 1532.0654019195076 314.38673640059795 1.5683 1.9824 4.1753 24.93552880121458 -22.73022208829545 -6.7242 1.3196352731250365 0
CAR 0.0 0 4.77896749824756 5976.132048542682 -8846.425800910136 25462.740144721312 -1488.6883385141723 1.5716 1.9048 4.1778 2.492074518465796 24.276841671030944 -6.8777 2.913672319351143 0
CAR 0.0 0 4.468089150355051 1704.0229078528803 329.9951658805801 1849.5419353323548 450.0007849461002 1.9963 2.2756 5.9988 44.890178667684076 7.918501151820882 -6.704 3.112194976680202 0
CAR 0.0 0 1.3441346731959625 401.2450248410416 50.931182140753556 453.0587264667054 96.5158610596371 1.515 1.9112 4.1456 70.58177692238002 -1.6670847436653493 -7.135 -0.05687467264143218 0
CAR 0.0 0 4.780046379558597 -54895.35178568669 -47643.77307539026 110852.71666826798 26544.991889365254 1.7 1.9258 4.0952 6.241310861646673 18.75677784349255 -6.9836 2.8692159429930832 0
CAR 0.0 0 2.8010584706447084 2539.277026977318 196.58465108909505 2917.7353904537213 313.3965536175634 1.6094 1.8776 4.9449 13.874178851712493 -53.4932252252428 -6.2139 1.322635398892886 0
CAR 0.0 0 4.397256474979036 1468.1218814641193 297.1419978893551 1539.941683514715 372.84676987381744 1.7 1.9566 4.2746 50.53333036683977 15.093720681714707 -6.7401 3.0447770304777952 0
