CAR 0.0 0 4.486586931153946 1555.2379736185862 325.64532429966613 1644.948508885731 411.7542800507221 1.7 2.0096 4.0382 46.50720044839517 12.33711330779753 -6.8888 3.141592653589793 0
CAR 0.0 0 -0.18920759569409062 1136.5923787713855 186.71832380001703 1224.0629155111565 261.93163601464454 3.1128 3.0226 6.773 72.9990097653279 31.51040591480136 -5.828 -1.5736332775196553 0
CAR 0.0 0 2.5948021783143274 840.2035708841664 189.37502832114538 1047.658696054169 437.9463019238158 3.4115 2.7462 2.4608 20.959094794159594 -8.584588902329598 -5.8128 1.3401917289466796 0
CAR 0.0 0 -0.6759530595628225 800.7009724524905 341.4660820559835 1277.585362785442 833.3825369361566 3.8144 4.294 14.4415 24.269230498551714 22.26804122643764 -6.7673 -1.769132579514233 0
CAR 0.0 0 1.473079975572774 -28967.376061574956 -7641.751900118213 17167.43745591879 8700.80902126319 1.7 1.9879 4.7683 4.67297336539527 19.16547842974018 -6.6494 2.7854375589796914 0
CAR 0.0 0 2.58730702755326 726.3478851805891 297.68226094541654 1005.7492117818173 580.8559077012895 2.0943 2.4031 5.4998 17.753914760422756 -5.972291317419153 -6.4152 1.4800348553055112 0
CAR 0.0 0 2.668886877131457 1584.8423790550244 287.1911822305645 1942.5847909387564 484.14279464796215 1.7 1.956 4.407 14.459814989972282 -20.33598101423346 -6.175 1.3111997360799792 0
CAR 0.0 0 2.6933068729265486 1063.3563329450146 120.91036972797009 1557.7719532527076 512.3318055188985 4.1983 3.0119 9.4432 19.637867141724197 -14.278124053261655 -5.5448 1.3469060569220022 0
WHEELER 0.0 0 4.209937198623614 805.9771067004456 165.52534398774085 855.0344922050723 245.39812503695893 1.7142 0.8998 1.2689 33.56436167637893 -10.441215896789524 -6.5743 2.88090798914154 0
CAR 0.0 0 -1.7784070267050507 1706.8776085780107 346.0538053759687 1821.6352066402237 435.3605039715714 1.5535 1.9759 4.0961 45.25133184242003 8.07221264547528 -6.8684 -3.131880613887544 0
CAR 0.0 0 2.7772295250969696 2107.2024428409804 216.63250243655554 2657.412686228239 459.55273218389726 2.613 2.2684 5.5662 12.078866378114814 -32.44673141045273 -5.7562 1.3445715967257708 0
CAR 0.0 0 2.6973298550542757 1777.5093046583188 246.43241874468964 2088.049314074632 395.67680305161053 1.651 1.9856 4.1758 16.50697225751809 -27.772809991493688 -6.3514 1.289708249476195 0
CAR 0.0 0 1.4115985704819447 434.9970715877392 34.31840199061869 481.8121623183971 74.55610062115717 1.56 1.9152 4.172 79.79187837559803 -3.5474127805758577 -7.1881 -0.04190840405596502 0
CAR 0.0 0 2.803587146175887 2088.86553585066 245.46678822685362 2426.700858896491 383.4405778069017 1.5628 1.9342 4.1602 14.681017412687723 -35.09241238308915 -6.3567 1.3700529400743369 0
CAR 0.0 0 -1.4274885215848232 227.55177167908525 444.8487072192695 436.2949162377171 567.247849246809 1.5269 1.9408 4.1155 23.853671577214094 40.673268555933504 -8.831 -2.013284002215193 0
CAR 0.0 0 1.2308629588020397 537.6434046265061 -14.294716422999928 579.4004398736182 17.333616979917647 1.5777 1.9548 4.1609 95.32891932324479 -10.794578258456983 -5.6064 -0.33771358048320094 0
CAR 0.0 0 -1.177523664055792 535.8119924999172 388.8176013570521 696.7267024780905 495.21058195132315 1.585 1.9239 4.1682 29.374016094569903 36.53929978676046 -8.1024 -2.129913873311846 0
CAR 0.0 0 2.827487084038898 2621.3134064780143 266.42264243553126 3066.620845604184 413.0270301402271 1.5006 1.9544 4.3204 9.566399185564709 -44.21733719206086 -6.2434 1.37457573667756 0
