CAR 0.0 0 1.2047030304792723 -14302.044279787313 1300.8823697765288 -2699.694515431942 5018.641438356718 1.7 1.7312 4.5344 9.073442014235004 16.689176592118407 -6.639 2.373427025154803 0
CAR 0.0 0 2.0964869353146525 -4.668017099312228 428.49748753784985 257.9089635756929 750.858448399539 1.7 1.6226 4.5676 16.642353762560038 3.1078359919430802 -6.7663 1.8542281662993085 0
CAR 0.0 0 4.403684195199243 1462.9736004807617 322.12212947405413 1524.8918425633653 399.7072753458382 1.5848 1.5393 4.034 46.753198023275225 15.339607920156908 -6.9916 3.069053712392528 0
CAR 0.0 0 3.2351072354789445 1268.262531917953 610.6653544860714 1490.9712308929966 943.6701590351771 1.7 1.9869 4.3341 16.84549460484947 16.37624312663044 -6.6115 2.16779269055125 0
CAR 0.0 0 2.6083454009892444 1010.2056708780725 286.64601197673056 1262.0671848379316 490.3792813533345 1.7 1.9419 4.3933 17.719086221696468 -10.485134205385622 -6.2196 1.364305992013317 0
CAR 0.0 0 4.39120305490874 1588.4521387856644 322.2964156804822 1676.4341457273304 402.54176052273164 1.6092 1.9505 4.2191 48.689887271385665 11.23818066906759 -6.9696 3.0382744574726663 0
CAR 0.0 0 4.674481216249254 4216.479422688248 -2206.5837174135672 7288.4805578356245 -959.7576628317557 1.4725 1.8602 4.2231 -0.9874120697220292 27.35371076026537 -6.9421 2.8450886995454616 0
PEDESTRIAN 0.0 0 2.913719498900427 3524.201676905225 884.3465341508744 3910.9265476771557 1102.3842944365426 1.7 0.4338 0.5002 -0.6483036156612065 -23.514303086296444 -6.6847 1.6040046268731458 0
CAR 0.0 0 -1.1693494538269298 457.1818071434157 362.80298782467054 612.9350538517409 456.31631910376734 1.538 1.8644 4.1936 30.91941264482621 40.422345755093886 -8.0185 -2.090382009642339 0
CAR 0.0 0 4.396249224954463 1618.2134126320254 289.77224549422965 1686.2003983286586 356.70391032823267 1.7 1.6327 4.26 57.72432302237315 9.82849710347583 -6.9467 3.018173924975409 0
