CAR 0.0 0 -0.1010151436947857 1149.56691996828 202.45797487615675 1271.4931425802065 277.12650043222123 3.0887 3.0353 7.0662 63.37392942425666 37.90044261818683 -5.5641 -1.477576390199944 0
CAR 0.0 0 -1.6804007665368879 1777.8445088249837 330.1870035738164 1895.725868260302 423.46002088193075 1.661 1.8473 4.112 42.522947681575396 6.8252894719512955 -5.6812 -3.0500607807103046 0
CAR 0.0 0 3.008155644125589 1349.6385644337809 191.90620700575838 1512.8967321692894 306.40719836670837 1.7 1.937 4.0135 31.90228906515122 -28.464244108508883 -6.2264 1.6087736008161464 0
CAR 0.0 0 -1.279982411713962 209.1740100034273 429.2430018467712 443.6455942123638 559.3642509241718 1.7 1.9714 4.0628 12.698207063259186 31.310796413442425 -7.4038 -1.8673876289855698 0
CAR 0.0 0 -1.082549214978782 380.75822176747613 442.165165167311 575.8304518935104 554.6931356977592 1.4656 1.3758 3.7786 14.817108697279773 28.661214790996166 -7.4477 -1.8503676822190267 0
CAR 0.0 0 -1.097059290603164 236.95674197986636 324.1107751530037 528.6456993068406 493.086862651907 3.0074 3.0141 6.0193 16.621682781200803 35.939724447172345 -6.7457 -1.8587980939027253 0
CAR 0.0 0 2.9713582124474507 1401.1735695186394 230.12423328023374 1598.6993722350853 358.4738886546227 1.5329 1.947 4.1625 27.799355273031097 -28.130838883183692 -6.1782 1.5933728930092512 0
CAR 0.0 0 -1.9306776923433153 985.1696588469842 539.4445666806466 1295.3887444784204 803.476611186286 1.7 1.8085 4.5388 13.92365771853299 10.852540141709687 -5.9788 -2.975999009515511 0
CAR 0.0 0 -1.3965560885926838 117.90886817745363 396.2025652881468 327.7786967307211 496.3588647442306 1.5121 1.9339 4.1099 13.241822291016842 38.15212711260067 -7.6011 -1.8619935011827247 0
CAR 0.0 0 -1.8392544334237624 1249.6858747845736 594.3371380249148 1554.7516609169152 873.0008779670026 1.5404 1.9796 4.1381 14.875820328396802 7.673417970547293 -6.1749 -2.934870961310483 0
CAR 0.0 0 -1.7000648402591694 1396.7461877027604 370.98349991606125 1544.3978007447904 470.5971787739782 1.4297 1.9111 4.1493 32.24604505766656 13.030625365809438 -6.1459 -2.9937915057097126 0
CAR 0.0 0 -1.684664423609034 1488.062480538149 368.13299136833297 1710.916876625941 534.0377793523081 2.0202 2.5494 5.842 29.75063603102764 9.426301920254446 -5.7294 -2.9845540713143457 0
CAR 0.0 0 1.4600845319776425 383.8550847592719 46.23145638886477 456.6755733311962 93.57616237288833 1.534 1.968 4.0552 68.27238972700249 3.928733745585425 -6.5733 0.052635115632315134 0
CAR 0.0 0 1.2974156282064866 333.00403061917467 79.86738501551143 427.01508452295764 145.04300414127349 1.7 1.9759 4.002 55.201658043346 2.0689176929566018 -6.5901 0.011400376679483456 0
CAR 0.0 0 -1.5979559136577706 1623.2680100766509 241.71433750337803 1784.5082132269633 367.5421229088253 3.123 2.9994 5.9995 49.72086549929262 11.675939973422995 -4.9167 -2.9941287684930233 0
CAR 0.0 0 -1.6354662641140976 1773.9005652185733 257.5783184377461 1902.5670271591764 366.0107484211061 3.3377 3.0755 3.0748 60.23551177202847 9.047443097551806 -5.9795 -3.0393097225034986 0
PEDESTRIAN 0.0 0 3.0103280815843627 619.2903588176399 127.4768018326302 661.9231119760235 202.13501658495196 1.8579 0.9295 0.9471 41.46410023725481 -9.049402628564504 -6.0836 1.6907205764568618 0
CAR 0.0 0 -1.5230677737619598 162.9726565147553 -44.84500106990567 349.44106257738326 82.40707542046032 4.1862 3.2286 10.2919 66.82613400725147 9.822548626874072 -4.2942 -3.037196553122415 0
CAR 0.0 0 -1.630564269201123 1544.0760195930136 303.93399037665716 1643.4189766985442 368.98007533477306 1.5588 1.9734 4.1783 51.04280821458287 15.217763171291068 -6.5613 -2.994059404777344 0
