CAR 0.0 0 1.3393522016015684 409.85289673798945 46.92162711831498 466.16031377508517 95.7137095413443 1.5683 1.9824 4.1753 67.5739764146801 -2.1027162404493818 -6.7242 -0.07130744336360471 0
CAR 0.0 0 2.5202909012758425 533.5516888202344 253.69503709175828 666.7820263236753 323.3301661770095 1.6094 1.8776 4.9449 40.16519599526431 44.92144987750495 -6.2139 1.3949195604692837 0
CAR 0.0 0 -0.20270149965963924 4055.704238248967 140.25875774754192 5460.723649786819 391.8234506747891 3.4934 3.115 10.3352 -4.109412540981692 -97.42242248148222 -5.0918 -1.7195019127797606 0
CAR 0.0 0 -0.9795257760831 -61692.5561060686 -44707.74704687553 129914.4972715737 24380.406975842187 1.508 2.0028 4.001 3.7772740537850806 21.95723198580173 -8.2196 -2.68218307516493 0
WHEELER 0.0 0 2.798415634840965 1506.523841980434 334.6646049797554 1660.1246134306316 472.2844291065108 1.6332 0.8894 1.834 15.34590081481626 -17.745255214425946 -6.5953 1.476332299180062 0
CAR 0.0 0 2.7313890073875227 1400.6290184459065 226.07746152219644 1664.083736947868 380.77896330847153 1.654 1.8689 4.1757 18.665595963359834 -19.455001923921206 -5.8865 1.3541957662895674 0
CAR 0.0 0 2.155778857011707 599.0503853480278 153.39287146978808 722.5233743807393 281.0560655468291 1.8284 1.8307 4.868 31.78481900898654 -5.676792852652951 -6.1655 0.8991078573172735 0
CAR 0.0 0 2.765720109137966 1768.0062869039186 303.51962112681787 2139.1567707650597 493.5624679985533 1.7 1.7312 4.5344 13.838 -24.3783 -6.639 1.394397955834217 0
CAR 0.0 0 2.7231216847689175 2004.5329062753622 307.22693949826885 2407.316398265484 491.8154818919999 1.7 1.6226 4.5676 12.534451964888865 -29.24491409043871 -6.7663 1.329991552531325 0
CAR 0.0 0 -2.3959189834500374 -1136.957864765868 656.0691054362469 -271.3631909169987 1259.5546300674503 2.0921 2.2958 4.814 13.995140248671579 8.924102278190741 -7.8814 -1.8005906820264541 0
CAR 0.0 0 -1.488966971407089 269.5903195145852 481.36796148196925 502.39717324472815 639.6105937901756 1.7 1.8129 4.0976 20.796670112281422 35.88980146805497 -8.412 -2.098775480781578 0
CAR 0.0 0 -1.2708838125031083 644.4522241268057 531.1813454307422 852.150429899993 714.5588984375356 1.5898 1.7895 4.1594 20.813384686102594 27.4295658674964 -8.2277 -2.153667325235009 0
PEDESTRIAN 0.0 0 2.813957849429027 1449.7370408293439 335.5246028335304 1491.8461763098765 407.4588258455686 1.7 0.84 1.0688 40.900990314039 16.0056026837705 -6.3875 1.4902160803572406 0
CAR 0.0 0 4.459299271482333 1485.857522170274 308.94694514073825 1544.1154935822794 380.18880132640044 1.5848 1.5393 4.034 50.27423740399668 14.71158725495877 -6.9916 3.1114880352422976 0
CAR 0.0 0 -1.5073359115036555 151.9827329577585 385.0007351610893 341.85603615256923 493.74805168011767 1.7 1.6536 4.0658 25.685056994081936 45.45428486894428 -8.2573 -2.0243388179827284 0
CAR 0.0 0 -1.2837587176141354 364.9418296487986 397.7343367654766 526.7661900809901 489.3796143211039 1.2805 1.5163 4.0841 27.84992670793951 40.85954282255656 -8.3229 -2.075159319442891 0
