CAR 0.0 0 2.6863409894484196 1340.77089111817 200.0270312226957 1537.9571704367806 312.19737586851215 1.5683 1.9824 4.1753 25.03634589790834 -23.000731544200526 -6.7242 1.2904051040461615 0
CAR 0.0 0 -3.5873235968686563 -390.9866644969813 240.08762556958936 -45.15439571113992 468.9657493662043 1.9963 2.2756 5.9988 27.951561905357295 9.646715027524568 -6.704 -3.061999726271854 0
CAR 0.0 0 2.646855801554405 1379.7926151239737 208.04656943985117 1636.7875383170785 349.33975139040183 1.6094 1.8776 4.9449 21.33777295877025 -21.434227657493736 -6.2139 1.2570095736052027 0
PEDESTRIAN 0.0 0 2.8988194742551707 635.2117131576649 127.51937900959771 672.1800017812684 194.84620514408465 1.7016 0.7772 0.6957 39.69723397938058 -6.971128425184292 -6.3348 1.5692703461305249 0
CAR 0.0 0 -1.2999081829005719 220.58774481616925 422.29710595435495 433.32442118928196 543.3010146268122 1.5083 1.8983 4.1522 23.59824372643817 40.432269968782336 -8.1788 -1.9008039597235955 0
CAR 0.0 0 -1.1065635506874483 391.9399469712133 425.42035082261566 586.8032102977716 545.7605675761505 1.4958 1.977 4.1388 25.146188807045068 37.036715402897705 -8.1989 -1.900855273565694 0
CAR 0.0 0 4.364471772848335 1676.418049928223 228.63058017316828 1875.5492434937364 398.9463115559698 3.4934 3.115 10.3352 49.80105455587104 7.696586717666299 -5.0918 2.965292445790893 0
CAR 0.0 0 -1.4567359667219695 115.81726184670416 382.26857214834234 313.0905156949281 482.7223737273267 1.508 2.0028 4.001 25.686949244760914 46.62533791344871 -8.2196 -1.921975704819857 0
CAR 0.0 0 4.352741994098244 1698.4915834876585 290.92572499396294 1818.6423049863768 397.20048127571613 2.4532 2.2469 1.9737 45.2533556141179 8.449010382495555 -5.6178 2.974534414323255 0
WHEELER 0.0 0 2.6060380484891326 1533.2872939060458 334.3441528237367 1689.1564322784102 471.5885629606508 1.6332 0.8894 1.834 15.21400673868081 -18.21761761051629 -6.5953 1.2795230550680976 0
CAR 0.0 0 2.6297238552559987 1393.7256684930223 227.72317556685445 1657.8683473916979 383.71933618646693 1.654 1.8689 4.1757 18.58049347617401 -19.213991783482406 -5.8865 1.2547721101000144 0
CAR 0.0 0 -1.7719767040632444 1675.3583505246459 398.6320464123121 1881.5784330082922 591.8713555571062 2.3003 2.4332 5.4943 32.8532590990811 9.896706681981621 -6.725 -3.0731915353384576 0
