WHEELER 0.0 0 2.8673567315741746 1518.6574443657298 334.97480318372095 1673.472413553187 472.6055586157047 1.6332 0.8894 1.834 15.265234802489205 -17.93933039024232 -6.5953 1.5435531208983042 0
CAR 0.0 0 2.9277968597154156 1369.3184969564866 226.47588108416033 1628.8782820035397 381.93731021318405 1.654 1.8689 4.1757 18.817042364172345 -18.797970044759698 -5.8865 1.55528535101477 0
CAR 0.0 0 1.3496159940585624 400.7474160408835 51.286358071640365 464.19038802077563 118.60788266518463 1.8284 1.8307 4.868 57.730990065323645 -1.596338278996182 -6.1655 -0.029458376227324383 0
CAR 0.0 0 2.8483446249482016 1748.6376509482268 301.9714632224766 2114.7650857313133 491.1356321147283 1.7 1.7312 4.5344 14.033367065297266 -24.107093016600647 -6.639 1.4782455116673214 0
CAR 0.0 0 2.901954249518057 2071.265480901756 301.9038398500693 2477.6876195401046 481.57394416485914 1.7 1.6226 4.5676 12.37034032616669 -31.025615744438653 -6.7663 1.5002918376385186 0
CAR 0.0 0 -4.3145973133589415 -56569.63566697887 -10240.604620119895 22544.071346194018 18882.38980724181 1.7 1.8129 4.0976 5.054559079178599 23.024904341885794 -8.412 -3.065817053993596 0
CAR 0.0 0 4.284562930390031 1469.3620165650266 322.5103524991459 1531.5232546639036 400.21557690266303 1.5848 1.5393 4.034 46.77709812145397 15.152426491004906 -6.9916 2.9492666081025445 0
CAR 0.0 0 -3.0967122290520033 -1096.6043097853599 691.934013961999 -486.75967627976866 1094.0635534610549 1.2805 1.5163 4.0841 15.962410292702621 11.063867795971436 -8.3229 -2.386169126544069 0
CAR 0.0 0 1.6990212620519431 -19964.466688943103 1773.6616384655654 -4489.484026406621 6121.472008563559 1.7 1.6536 4.0658 11.157889938285033 24.47005829167279 -8.2573 2.929847600212697 0
CAR 0.0 0 2.8730253403676578 1667.76332458025 261.1273712257934 1976.2041238592853 420.2817917647913 1.7 1.9869 4.3341 16.88975785759235 -25.2455212995737 -6.6115 1.485498200037067 0
CAR 0.0 0 -0.271414837802304 3634.684837651729 356.91433282028424 4294.871258219635 539.7747425088344 1.6547 1.9661 4.2116 0.4020794840375994 -58.68189889462522 -6.9014 -1.7305019282883631 0
CAR 0.0 0 2.961840319871328 2341.7715923127325 260.55139078836686 2768.3249525956776 422.65329768528136 1.7 1.9419 4.3933 11.41505908672165 -37.905994922939975 -6.2196 1.522672475884694 0
CAR 0.0 0 4.343177944858366 1578.7803634449833 310.62450004815605 1660.5191838312203 385.21566202012923 1.6092 1.9505 4.2191 51.36943136677301 11.417456587790056 -6.9696 2.983427479688149 0
CAR 0.0 0 4.469718948565661 1480.9918159449428 288.9797828372124 1548.473387618227 359.5230456599758 1.7 1.9624 4.4376 54.19391660018413 14.715988457163164 -6.8839 3.109106985148636 0
CAR 0.0 0 -0.3416263148419423 2673.1447312966675 357.88403255204423 3727.9183340343366 752.1124452245281 2.5997 2.5313 6.0978 4.131737907877806 -33.527997731835995 -6.3639 -1.7443359766837812 0
