CAR 0.0 0 -0.10096188767493874 1150.1681024603117 202.4976203433082 1272.1163760004813 277.19634127181746 3.0887 3.0353 7.0662 63.37244324412495 37.86281109323285 -5.5641 -1.477576390199944 0
CAR 0.0 0 -2.008816485237913 1083.9385812791982 585.5782887242985 1534.6696045918618 1073.4763550727532 2.5061 2.2666 5.3185 11.961521978116727 7.46993764684334 -5.9066 -3.0306989853775987 0
WHEELER 0.0 0 -2.1703907643332645 1645.5857472194043 1652.8618448074023 2054.73711373354 2105.193154692495 1.455 0.6025 0.8913 3.8017394105499918 -18.032533761664432 -6.2896 -2.9424028968686495 0
CAR 0.0 0 -1.6805406198704782 1777.6992822420868 330.38320074861616 1895.7004550447796 423.77383739822557 1.661 1.8473 4.112 42.47785873952849 6.821408131849359 -5.6812 -3.0500607807103046 0
CAR 0.0 0 3.0077003019926893 1345.5413866915437 191.818078276857 1508.2088979215634 306.3111758427092 1.7 1.937 4.0135 31.912980600116974 -28.36065995858933 -6.2264 1.6087736008161464 0
CAR 0.0 0 -1.2795373673451707 209.50278434785665 429.24256361231727 443.94497985659433 559.3614505970511 1.7 1.9714 4.0628 12.702915249284407 31.305911088628367 -7.4038 -1.8673876289855698 0
CAR 0.0 0 -1.076852222836275 385.1241795666691 440.721023221168 578.9856374805656 552.543172157488 1.4656 1.3758 3.7786 14.948410515556246 28.72631384690774 -7.4477 -1.8503676822190267 0
CAR 0.0 0 -1.0976186042633636 236.49984546330285 324.10642718027805 528.2371168360353 493.0836792473098 3.0074 3.0141 6.0193 16.614213200626683 35.948168737609244 -6.7457 -1.8587980939027253 0
CAR 0.0 0 -1.3698248388579377 1082.2290526160787 -244.40444931873992 1136.979427279417 -208.29852349319512 1.6185 2.5772 5.2097 -100.92107930597061 6.548638783348838 -6.6119 -3.141592653589793 0
CAR 0.0 0 2.9712636903164453 1398.657058435635 229.7982964051015 1595.5729079467333 357.9884537554964 1.5329 1.947 4.1625 27.831730734319848 -28.08515482542862 -6.1782 1.5933728930092512 0
CAR 0.0 0 -1.7208847091696178 1477.6381227892548 474.8911587996092 1671.1119418054727 636.2752370796674 1.5654 1.9196 4.1235 24.700504186498726 8.393064137433399 -6.5847 -2.9554350892872163 0
CAR 0.0 0 -1.7045426490188789 1418.2489374424974 350.7922233026189 1563.28288098229 458.1541035434041 1.7 1.8085 4.5388 33.73129302450165 13.067877332101595 -5.9788 -3.012181942750872 0
CAR 0.0 0 -1.400122239578995 115.83738475064783 396.1405838855495 325.8249967095726 496.27835814230383 1.5121 1.9339 4.1099 13.210363128092755 38.19625486981815 -7.6011 -1.8619935011827247 0
CAR 0.0 0 -1.6827611041035184 1578.4408969791214 370.19640405037023 1720.8344892970138 473.8709314711854 1.5404 1.9796 4.1381 35.398756124079284 9.737923760420289 -6.1749 -3.0046735330137135 0
CAR 0.0 0 -1.6725720592728677 1540.8246115797062 302.540499696691 1642.5761211267984 366.61810423453875 1.4297 1.9111 4.1493 48.47477131837411 14.6598116859319 -6.1459 -3.0369523043851006 0
CAR 0.0 0 4.965072120962988 1131.448510276303 -367.2008401916092 1203.543124409049 -305.01258630146464 1.5642 1.972 4.1857 -65.18254245941402 1.5797480658838805 -7.9971 3.1144344235112906 0
CAR 0.0 0 -1.6767478913903309 1629.3190104593912 287.91775149453764 1770.5768630848497 382.78095506230864 2.0202 2.5494 5.842 48.299039593013056 11.336387704522187 -5.7294 -3.0543572240950376 0
CAR 0.0 0 1.1221752810358636 253.90688188315787 142.29930780349596 384.96583454825844 227.9299144287897 1.534 1.968 4.0552 41.3230722536867 -0.17369112390311825 -6.5733 0.07008840815225842 0
CAR 0.0 0 -1.8525547949103989 1182.8726002034703 503.1504640609668 1411.0735245057933 681.4635869549423 1.5231 1.9803 4.185 19.880537372690036 11.48564557358467 -6.7201 -2.9987256717045128 0
CAR 0.0 0 0.6783739747301847 104.46910756079025 232.47336458910874 306.8338177950008 371.5444773148143 1.7 1.9759 4.002 29.435035094850488 -1.7604280929495453 -6.5901 0.063752313544088 0
CAR 0.0 0 -1.5742853272025266 1684.652412187596 219.6195345203334 1813.4036324461104 317.6610303808764 3.123 2.9994 5.9995 63.19120317401331 12.74513551932742 -4.9167 -2.9941287684930233 0
CAR 0.0 0 -1.6346423899720521 1787.4640334318037 233.42715327056374 1892.858446121315 320.56066189848934 3.3377 3.0755 3.0748 73.9902 10.7371 -5.9795 -3.056749720137021 0
PEDESTRIAN 0.0 0 3.010325659425555 619.2861929504579 127.47733376597834 661.919250667966 202.13574098851242 1.8579 0.9295 0.9471 41.464 -9.0493 -6.0836 1.6907205764568618 0
