CAR 0.0 0 -0.03384109532612167 1150.2990737340806 198.2365902529854 1269.1003003895144 266.17380591804226 2.7763 2.7552 7.2016 63.068287321383195 37.80569929232363 -5.1699 -1.416192480697106 0
CAR 0.0 0 -1.6932623318597841 1484.7715066165151 330.3793737238197 1603.3227036493927 415.02207160532674 1.7 1.9575 4.0881 41.89979651657456 14.185716182749598 -6.4594 -3.02834391244896 0
CAR 0.0 0 -0.9148711310248718 661.7169329500285 463.87359525076096 790.463054084413 544.5327698509615 0.9948 1.2858 2.4998 17.97270760434874 24.052699298666663 -7.372 -1.8801508260004618 0
PEDESTRIAN 0.0 0 -0.013568268293907115 3385.3306990802253 934.0569111392899 3871.829477573108 1170.71882981089 1.7 0.9483 0.6324 7.0434 -35.0259 -6.4597 -1.3017621272550564 0
CAR 0.0 0 2.2784927531709696 -569.5867691394568 160.7642181474533 478.3192505668582 1032.2564849976704 4.449 3.1064 14.302 17.864254041555434 -6.24384359274357 -5.4278 2.1304834721914023 0
CAR 0.0 0 -1.0333936910953192 348.9790006835434 415.78251645754034 558.5539411586024 528.4131562928196 1.5443 1.9623 4.0978 15.666578618204777 31.145540306699452 -7.4616 -1.8023740043592795 0
CAR 0.0 0 1.9258109637986653 -1566.0940303233124 415.42530540707173 -316.0912353819912 1087.9013197827157 4.1117 3.1104 3.5612 12.327340558791112 -0.4988182358170712 -5.5624 2.7822238619958775 0
PEDESTRIAN 0.0 0 -1.3843482769154358 1121.5214746777074 373.3387596176873 1163.0248347859233 444.81826060237495 1.7091 0.758 0.7219 30.570332299196853 21.38809148043064 -6.9127 -2.611545737766429 0
PEDESTRIAN 0.0 0 -1.6842126145906966 1154.4455334659697 373.7087670977908 1196.6293662275452 447.32092673885916 1.7376 0.7422 0.7187 30.6556569262212 20.389761382705206 -6.8157 -2.9193361529274826 0
CAR 0.0 0 3.0183524264401367 1686.9308198198767 223.0260340554216 1919.0428613504555 344.24310715802443 1.543 1.9551 4.1131 28.525596156385355 -35.43124360495392 -6.1946 1.6028120555822047 0
CAR 0.0 0 2.9813424973874447 1307.8825946339896 202.82026319627374 1468.7170173704549 315.48208921200205 1.5805 1.9518 4.1417 31.595204371722303 -27.307923248022803 -6.3762 1.5941895408612454 0
PEDESTRIAN 0.0 0 2.968438684747575 994.5201707549145 130.99190240695899 1026.7497226372736 199.33736370187216 1.7 0.7538 0.7055 39.8625 -19.5621 -5.7976 1.5594767795872573 0
CAR 0.0 0 -1.6561571409566718 1604.0734368886738 260.47069816385 1685.7531375112153 313.24777805827193 1.5918 1.9068 4.1122 61.64243498801439 16.17699966040751 -5.8654 -3.054821906780222 0
