CAR 0.0 0 2.6492371778395802 2196.6324417773226 270.10449498521893 2745.0059480094587 490.9736777218746 2.0943 2.4031 5.4998 11.155412036408284 -33.9905 -6.4153 1.2290361204144005 0
CAR 0.0 0 -1.815866041679551 215.2572181817955 754.0175702970309 641.8684868160702 1147.5960692702038 1.7 1.9463 4.1292 11.387762460592246 25.75445815282202 -8.0915 -2.2538824274090894 0
CAR 0.0 0 4.461406338961595 1561.5245572683125 327.14812203762347 1652.639488964934 413.9667346731749 1.7 2.0096 4.0382 46.2951 12.1536 -6.8888 3.11655435550722 0
CAR 0.0 0 -0.3304816039095446 1147.0123217535074 187.3324082266689 1234.242638416625 262.89941002822195 3.1128 3.0226 6.773 72.9264 30.9305 -5.828 -1.7158531596828857 0
CAR 0.0 0 -1.5339232642919407 104.57103799292541 278.3686082575681 294.6059639647214 444.98404992326 3.8081 2.9722 2.9156 27.793889992999787 49.51791608749554 -7.0351 -2.0473228625974484 0
CAR 0.0 0 -0.8540243859427266 4020.4978667118667 -5351.081353127899 10553.21457871414 -1456.6559827174744 1.7 1.8429 4.4747 -1.674625929158816 20.035448601788637 -8.0644 -2.835582519880901 0
CAR 0.0 0 -1.162477369069899 454.35852967608463 402.18646539746214 742.7276763110443 629.9654207922226 2.7252 2.5328 6.0568 23.333120405977894 32.32673587946843 -7.5934 -2.0348090706185564 0
CAR 0.0 0 0.4213811151398291 -925.3562417821898 123.3470586427017 -84.86692378223071 592.8085896029827 3.6974 3.5688 12.6738 28.149269431384443 11.824424584238185 -5.9176 1.3419662498193023 0
CAR 0.0 0 2.728251964571429 1427.3220105582593 190.77887861006496 1648.844849135638 311.56514503298735 1.7 1.967 4.5895 24.277573230778383 -25.267221951318618 -6.577 1.317956906484731 0
CAR 0.0 0 -0.39235257213596286 2327.9661078053023 318.6367497400945 3075.018296940747 806.5986250639235 4.7316 3.5763 2.8352 5.83572160896632 -25.500273343022116 -6.2046 -1.762672964789536 0
CAR 0.0 0 -0.4827937617027349 1443.432578284288 231.19659411892883 3803.1239411872234 1439.880023487937 4.6414 3.6368 14.786 7.524685131647279 -16.877934798507848 -6.1579 -1.763346625374898 0
CAR 0.0 0 2.6477283638118534 1766.5855627576302 181.4925405084931 2052.9115046632114 399.8012107271511 3.4115 2.7462 2.4608 16.746 -27.213398963395452 -5.8128 1.2258169406910011 0
CAR 0.0 0 2.6736791622293157 1463.3224305173178 275.6438936735956 1738.6310273624115 431.53048117316064 1.5441 1.9368 4.2225 17.8426 -20.5992 -6.7047 1.3186377821279618 0
CAR 0.0 0 -1.1458251463076232 276.3678408108657 247.9529883972602 733.9530768674942 480.35132589926343 3.8144 4.294 14.4415 32.9921 41.8438 -6.7673 -2.120489226164379 0
CAR 0.0 0 2.1423788854284993 733.4076605971147 317.21983217281274 865.862256792646 403.0945474421642 1.5576 1.9781 4.7888 36.847966324502735 35.13939171700087 -7.1594 0.9921549051874662 0
CAR 0.0 0 2.584939821231067 1137.1065729091088 205.75815373781236 1316.9737098890087 332.8474416011615 1.7 1.7559 4.4079 25.53079041123433 -17.316074193767925 -6.7373 1.2285587300409573 0
CAR 0.0 0 2.979335207802575 2750.1418283488415 199.30600914189563 3402.3749947997017 402.93247542118485 2.3829 2.6598 6.0028 8.63654874004907 -50.11141117050395 -5.6352 1.5041920817351715 0
CAR 0.0 0 -1.3756989982460892 297.66658472964167 370.47765014282993 475.86559686456394 472.55317082729624 1.7 2.0602 4.2454 29.16662859213556 44.17810676215192 -8.3962 -2.122798748936369 0
CAR 0.0 0 2.8917286119625616 2529.7634965717366 265.6758540673853 2993.972231233851 430.5308877356271 1.7 1.956 4.407 9.792204446740875 -41.154690299157004 -6.175 1.4450837886021748 0
