CAR 0.0 0 -0.10101414441142986 1149.5781964368598 202.45871865889436 1271.50483296624 277.12781069541967 3.0887 3.0353 7.0662 63.373901444579545 37.89973645873076 -5.5641 -1.477576390199944 0
CAR 0.0 0 -1.680403233134495 1777.8425879131712 330.19057124148105 1895.7260938153872 423.4657214631461 1.661 1.8473 4.112 42.52214161680245 6.825204392612278 -5.6812 -3.0500607807103046 0
CAR 0.0 0 3.008147124537061 1349.561681789787 191.9045536586616 1512.8087662339267 306.40539708888934 1.7 1.937 4.0135 31.902489644184598 -28.462300355206857 -6.2264 1.6087736008161464 0
CAR 0.0 0 -1.27997405597683 209.18018092572353 429.2429934921261 443.6512134244283 559.3641981608132 1.7 1.9714 4.0628 12.698295437284367 31.310704733403785 -7.4038 -1.8673876289855698 0
CAR 0.0 0 -1.0824416153695249 380.8405336385355 442.13794375909055 575.8899108244644 554.6525906956086 1.4656 1.3758 3.7786 14.819572780373747 28.662436902852825 -7.4477 -1.8503676822190267 0
CAR 0.0 0 -1.0970423270659007 236.9696823809028 324.10969222137794 528.6557046346798 493.0845215090067 3.0074 3.0141 6.0193 16.621984426190483 35.93970120023 -6.7457 -1.8587980939027253 0
CAR 0.0 0 2.9714447535232615 1401.691894995722 230.10493420438127 1599.2831118380884 358.4387914995534 1.5329 1.947 4.1625 27.801109434961067 -28.14373423044436 -6.1782 1.5933728930092512 0
CAR 0.0 0 -1.3966230464810345 117.86989969112322 396.20139931260525 327.74194424506777 496.35735026082597 1.5121 1.9339 4.1099 13.241230550559207 38.15295714674091 -7.6011 -1.8619935011827247 0
CAR 0.0 0 -1.6961517376663535 1339.8009439051978 367.2595761618843 1703.5228496596756 698.6541111871262 3.123 2.9994 5.9995 20.39909871513342 8.1771813171774 -4.9167 -2.9417688909331936 0
CAR 0.0 0 -1.664528763298567 1758.2346877158466 271.89126433366283 1900.7849402161655 393.5079855646759 3.3377 3.0755 3.0748 53.95004035473698 8.49675107806634 -5.9795 -3.056749720137021 0
PEDESTRIAN 0.0 0 3.0103256475477567 619.286175816845 127.47733711353852 661.9192349894462 202.13574548875846 1.8579 0.9295 0.9471 41.46399937683686 -9.049299604220842 -6.0836 1.6907205764568618 0
CAR 0.0 0 -1.5929791723825515 106.34982778366106 -38.377100038083164 321.7666748527171 104.14851231852967 4.1862 3.2286 10.2919 60.521420274072455 9.121653975463614 -4.2942 -3.0372132049509877 0
CAR 0.0 0 -1.8114369198781914 1121.634367929599 521.2802315445768 1371.7802200719434 721.7537064007872 1.5588 1.9734 4.1783 17.744639381825817 11.307086002376474 -6.5613 -2.924246234697571 0
CAR 0.0 0 1.2967286494982566 326.95978002266656 86.96438851791682 424.1160491713008 154.0325541267681 1.7237 2.0206 4.126 54.85004111297414 2.169894452101921 -6.818 0.03324417866927393 0
CAR 0.0 0 -1.718452318028424 1623.9739216842033 343.0944173398498 1744.1012346396456 430.5279777120279 1.5556 1.8854 4.2176 41.430893934604846 10.248095705915453 -6.2649 -3.0646451967716835 0
CAR 0.0 0 -1.6420432574030117 1698.7838793529982 265.0478120993911 1777.9791251643114 319.1316004638492 1.5712 1.8019 4.16 62.20472261095827 12.789093111699737 -5.809 -3.046891861113615 0
CAR 0.0 0 -1.6933406964295952 1387.5708313847238 385.557631327719 1536.533217972119 504.2977688394064 1.7282 1.6724 4.4604 31.059053056904197 12.755531588534607 -6.4626 -2.9706858680711745 0
