CAR 0.0 0 2.6845005447163848 1331.9723898699033 200.8879588310709 1528.9424519608203 313.63941351109236 1.5683 1.9824 4.1753 25.006258703874533 -22.706459708710263 -6.7242 1.2904051040461615 0
CAR 0.0 0 -3.5254629042810195 -375.5952498361701 228.18639092426304 -44.77351927565165 444.9919058534905 1.9963 2.2756 5.9988 29.084573294053726 9.892867423843265 -6.704 -2.9921865561920806 0
CAR 0.0 0 2.646520540556164 1379.3653188764813 208.39536374530442 1636.6608168405655 349.94596482570574 1.6094 1.8776 4.9449 21.308343283162472 -21.398939014530534 -6.2139 1.2570095736052027 0
PEDESTRIAN 0.0 0 2.898087839923253 633.0213123691943 127.48705616246387 670.0259322115885 194.82097924769343 1.7016 0.7772 0.6957 39.71722179767413 -6.912049185379809 -6.3348 1.5692703461305249 0
CAR 0.0 0 -1.3108380548597363 213.6003947381527 424.38674759271225 428.46895853379607 546.5478068461939 1.5083 1.8983 4.1522 23.385496525544248 40.3864831941008 -8.1788 -1.9008039597235955 0
CAR 0.0 0 -1.1121760213196734 387.90636140464443 427.1694121332376 584.2307667618625 548.4594728814527 1.4958 1.977 4.1388 24.975740440686433 36.984697119622844 -8.1989 -1.900855273565694 0
CAR 0.0 0 4.385571610828379 1678.8806387202235 225.04472742975588 1871.0982066194751 388.1464553053972 3.4934 3.115 10.3352 51.508895877620844 7.4352446338438005 -5.0918 2.982746359896171 0
CAR 0.0 0 -1.474005633971363 106.08269530648658 382.27929780316373 304.4213581494016 482.8241119074548 1.508 2.0028 4.001 25.575631083545847 46.82518220408647 -8.2196 -1.921975704819857 0
CAR 0.0 0 4.355346263481392 1705.4386076659068 288.2739062767256 1824.2269962622486 392.6967495411581 2.4532 2.2469 1.9737 46.05174758071618 8.16502675226182 -5.6178 2.974534414323255 0
WHEELER 0.0 0 2.6047860589626257 1526.030111501668 334.52742026878207 1681.3246852746877 471.91192597896287 1.6332 0.8894 1.834 15.245403434749168 -18.08507946463804 -6.5953 1.2795230550680976 0
CAR 0.0 0 2.629422600012477 1392.0314834536623 227.8073550972448 1656.0245203366512 383.8901442521689 1.654 1.8689 4.1757 18.583945756157735 -19.174750517786098 -5.8865 1.2547721101000144 0
