CAR 0.0 0 -0.040622867687750475 1141.7681311005663 203.39214279084592 1265.364164081153 279.06801599174645 3.0887 3.0353 7.0662 62.38183498228035 37.75130933886084 -5.5641 -1.4149697506383534 0
CAR 0.0 0 3.0232656239723354 1354.4743715641073 193.10070362251736 1519.125039740698 308.1859101248067 1.7 1.937 4.0135 31.7557984517739 -28.53550042271985 -6.2264 1.6242341597410155 0
CAR 0.0 0 -1.2501031723902185 200.82200638446918 428.55587583545616 435.5405785454409 558.3405516412262 1.7 1.9714 4.0628 12.60729873062511 31.50760110297745 -7.4038 -1.826574111919186 0
CAR 0.0 0 -1.0701391398272384 383.16577347545444 439.93751271581647 576.7530504188118 551.4006279874188 1.4656 1.3758 3.7786 14.957699155091513 28.82780079354724 -7.4477 -1.8424388529812492 0
CAR 0.0 0 -1.0438994863520654 244.0674819918275 322.58696468146195 532.942467833941 489.93168277128603 3.0074 3.0141 6.0193 16.858600174577138 36.09420098558837 -6.7457 -1.8157902456131392 0
CAR 0.0 0 2.977108347066867 1400.7676967754714 231.06200432266994 1598.885986055649 359.94398930555474 1.5329 1.947 4.1625 27.708398871256136 -28.083599302767432 -6.1782 1.5999076178923881 0
CAR 0.0 0 -1.3604108934301948 115.34199495088758 394.9528933135444 324.53071218225256 494.5227578317744 1.5121 1.9339 4.1099 13.258299084459809 38.36930160608773 -7.6011 -1.8219666918375406 0
CAR 0.0 0 -0.32932724680574843 1959.334527723996 465.8431704283434 2704.8854744937344 916.5564476325814 3.3377 3.0755 3.0748 11.99920682339064 -28.933893178437973 -5.9795 -1.6123972310079042 0
PEDESTRIAN 0.0 0 2.9790266167932575 397.39181282113515 137.15235675433692 453.5948140634053 216.25018455931766 1.8579 0.9295 0.9471 39.62792824141201 -3.499796117989909 -6.0836 1.8006514064715917 0
CAR 0.0 0 -0.23766369351690142 1553.5974702782014 185.2895845754733 3179.2140996602125 1101.6181058898094 4.1862 3.2286 10.2919 12.517780001622764 -25.80410416181803 -4.2942 -1.55179167894763 0
CAR 0.0 0 -1.4319674482477769 69.70315010306737 341.33451176219006 245.6265248656838 418.5781995300992 1.5206 1.9327 4.0484 15.109698265048179 47.443097828605545 -7.4583 -1.826875486489279 0
CAR 0.0 0 -1.1434345532569563 209.637477793589 337.19285605960675 374.90283827577997 419.3698090461192 1.7 1.6238 4.0308 17.683097079509885 43.93510103899118 -7.2916 -1.8037533996333603 0
CAR 0.0 0 2.9523691631217934 1402.2368471882353 276.85414578929397 1630.8770251742958 438.5476719363222 1.7 1.9624 4.2616 24.534800969394325 -26.897598667243614 -6.4566 1.6121176661405914 0
WHEELER 0.0 0 2.9520030974294436 1544.035864328631 345.194116330724 1670.8518886615923 480.48889262336246 1.7 0.8106 1.621 21.13529967365671 -26.89550202986444 -6.3809 1.632072091436402 0
CAR 0.0 0 -3.063009034871678 -586.9408329204068 343.46850366311565 -43.46921680045296 675.5115410020096 2.5646 2.2507 5.3418 20.20668312451565 1.259179954030329 -6.7852 -2.5379211514401554 0
CAR 0.0 0 3.0085327226955485 1778.3000410809125 302.927184351373 2108.4299857370497 491.8381102127052 1.752 1.7066 4.5021 21.7097 -33.0638 -6.3051 1.6383132896588795 0
