CAR 0.0 0 -0.01668059757303353 1146.5559877205303 202.26545107095112 1268.3797377042633 276.7886303690802 3.0887 3.0353 7.0662 63.37710369660086 38.08661962198448 -5.5641 -1.3929679825469414 0
CAR 0.0 0 3.071474902054625 1777.7345540435665 144.56420935673225 2555.2870048954596 486.1031683234729 3.3784 3.4486 11.6024 25.22117322119916 -38.84422994706093 -5.4833 1.640076446737409 0
CAR 0.0 0 -1.6999470406415298 1589.9733862545265 302.72319454261486 1735.870430952948 424.19292009952545 2.5061 2.2666 5.3185 42.98830307099366 11.205082834920242 -5.9066 -3.0575834777366406 0
CAR 0.0 0 3.070425565364852 1628.8984390817268 168.91035770038383 2044.548012871832 425.8171323096119 3.5225 3.6418 4.7722 24.889652635579033 -32.965270685774136 -5.4368 1.6574552326525247 0
CAR 0.0 0 -1.696985035511727 1534.429025839537 310.37360345237414 1642.0711643116886 385.7878288037452 1.7 1.9666 4.1398 47.07850532880014 14.34870532880014 -6.3811 -3.0529654951011866 0
CAR 0.0 0 -0.7924181091155214 330.097765353723 289.8510713634424 746.2277970207333 500.351822467461 3.5244 2.84 10.3328 19.618734199895563 32.624865678855784 -6.2138 -1.7451803274457776 0
CAR 0.0 0 2.8473405116137602 1127.0275771222796 329.2583486392546 1338.7032010468815 539.0542705247153 1.7885 1.936 4.1812 20.577199645944656 -20.260114662261714 -6.3142 1.613923014294209 0
CAR 0.0 0 3.0597470886217843 2151.0495573224466 215.8100517634864 2819.435477088307 503.62065865444214 3.0142 2.9998 6.4302 21.521839427721655 -42.22649084607537 -5.5653 1.6301165965656204 0
CAR 0.0 0 3.1460703985292167 2531.356120663869 277.1783853254857 2980.814003175153 441.1117116024543 1.7728 1.9945 4.2516 22.568979322362626 -50.290967700264055 -6.13 1.7040956439614177 0
CAR 0.0 0 2.759007974299546 801.3754197567697 289.5606679956575 901.8326263054628 467.5838982680403 1.7553 1.5689 4.1046 23.678881066127598 -14.535587716017966 -6.4088 1.6040189138549306 0
WHEELER 0.0 0 -1.5989852966686269 811.7666470773271 175.75651288842934 837.0014443524174 241.91088349287116 1.455 0.6025 0.8913 36.498849317299275 -14.25309663309995 -6.2896 -2.9220305006185083 0
CAR 0.0 0 3.0307672334191063 1737.8986722292384 308.7525800064753 2058.5732884466156 492.07483081486976 1.6332 1.7321 4.4876 21.65317868452721 -32.20243458593741 -6.3283 1.6668272518319063 0
CAR 0.0 0 -1.6517952279281465 1794.4344168073283 298.140416047621 1893.2444682058654 373.06467189814526 1.661 1.8473 4.112 51.06544135219246 7.739760957398355 -5.6812 -3.043391217708986 0
WHEELER 0.0 0 2.616307959732282 936.9778060038816 224.82913679255554 970.550854166373 312.3951260475567 1.52 0.5676 1.6613 31.1933 -17.0918 -6.496 1.3194235832503525 0
