CAR 0.0 0 -0.10101409535190764 1149.5787500572187 202.4587551750347 1271.50540690783 277.12787502305144 3.0887 3.0353 7.0662 63.37390007092141 37.89970178993596 -5.5641 -1.477576390199944 0
CAR 0.0 0 -1.6804033542340255 1777.842493604478 330.19074639874356 1895.7261048891849 423.4660013378878 1.661 1.8473 4.112 42.52210204317072 6.825200215654645 -5.6812 -3.0500607807103046 0
CAR 0.0 0 3.0081467062444442 1349.5579072475787 191.9044724878267 1512.8044475591284 306.4053086554171 1.7 1.937 4.0135 31.90249949158278 -28.462204926923928 -6.2264 1.6087736008161464 0
CAR 0.0 0 -1.2799736457556476 209.1804838861435 429.24299308195606 443.65148929873243 559.3641955704048 1.7 1.9714 4.0628 12.698299775994155 31.310700232385756 -7.4038 -1.8673876289855698 0
CAR 0.0 0 -1.0824363334692673 380.84457434387133 442.13660744362693 575.8928296969016 554.6506003359165 1.4656 1.3758 3.7786 14.819693754171404 28.66249690225496 -7.4477 -1.8503676822190267 0
CAR 0.0 0 -1.0970414942594147 236.97031768377292 324.1096390553192 528.6561958418387 493.08440657171786 3.0074 3.0141 6.0193 16.621999235406143 35.93970005892511 -6.7457 -1.8587980939027253 0
CAR 0.0 0 2.9714490001542564 1401.717339189603 230.10398682956043 1599.3117666977614 358.4370686310877 1.5329 1.947 4.1625 27.80119555372309 -28.144367314144212 -6.1782 1.5933728930092512 0
CAR 0.0 0 -1.3966263338057123 117.86798659111764 396.2013420707557 327.74013993605615 496.3572759095141 1.5121 1.9339 4.1099 13.241201499875066 38.15299789612575 -7.6011 -1.8619935011827247 0
CAR 0.0 0 -1.6294381231426138 1756.6797626939053 271.4140794879865 1898.7616467874566 392.61355400662643 3.3377 3.0755 3.0748 54.08190722680774 8.56710575673921 -5.9795 -3.0218431350971344 0
PEDESTRIAN 0.0 0 3.010325658842441 619.2861921093222 127.47733393031928 661.9192498982649 202.13574120944187 1.8579 0.9295 0.9471 41.463999969407226 -9.049299980570126 -6.0836 1.6907205764568618 0
CAR 0.0 0 -1.5770964232292737 101.22434111079602 -38.54546510071211 317.45870930895 103.80392261290477 4.1862 3.2286 10.2919 60.60227649126164 9.330180859859444 -4.2942 -3.0197305782381396 0
CAR 0.0 0 -1.981625829403719 1128.0593059163316 708.5091014646613 1513.6219772429592 1109.2930335710005 1.5556 1.8854 4.2176 10.99650734631227 6.883680964153101 -6.2649 -2.959938665396593 0
CAR 0.0 0 -1.6987243035811246 1545.3157445571096 372.8552476964489 1693.153518917257 486.46092082705303 1.5712 1.8019 4.16 32.1814192184604 9.681480045217489 -5.809 -3.0119798620525695 0
CAR 0.0 0 1.4554167008601846 357.90906081091066 57.291261580895984 455.88391478382636 116.17141380780345 1.7 2.482 4.675 62.31789466213275 2.9332638134781557 -6.5583 0.09213218232254927 0
