CAR 0.0 0 4.317824083145653 1466.7387789164798 322.5469243025638 1528.861040368799 400.2954784924153 1.5848 1.5393 4.034 46.72409866168072 15.228194877416623 -6.9916 2.9829474981030093 0
CAR 0.0 0 4.33776507799078 1585.7271734285125 321.28603229539186 1672.9491960906068 401.0564901278036 1.6092 1.9505 4.2191 48.874308479411226 11.3143034986921 -6.9696 2.9845130209103035 0
CAR 0.0 0 -1.0619583285884402 611.7431088246407 418.92971284650423 778.808468488314 539.0382334786462 1.538 1.8644 4.1936 27.244125184665503 32.7238851305199 -8.0185 -2.033575966517795 0
CAR 0.0 0 -1.315989300586146 362.45484748510523 414.1621251873454 547.4374332135026 527.2530840330727 1.5398 1.908 4.1045 26.249152079012426 39.096554885580325 -8.3962 -2.0890224003602347 0
PEDESTRIAN 0.0 0 -0.41002786322235174 3468.7979197179807 943.5495545800942 3872.6498748761005 1172.3164937779761 1.7 0.4338 0.5002 -0.6519040397608309 -21.840407333379055 -6.7266 -1.7001904922863706 0
CAR 0.0 0 0.859995594025749 -1317.6250007568742 294.70209400634576 -296.95563432191045 895.295856442542 4.0512 3.03 2.5289 15.186736661651212 8.886776000405089 -5.1666 1.7657019060917234 0
CAR 0.0 0 4.310042380939853 1502.3392624448468 311.1058020776231 1561.6879146970746 376.4049135786138 1.3936 1.6751 4.618 52.93 14.0945990799022 -7.3266 2.959475738275266 0
CAR 0.0 0 4.406670641783282 1610.5159004043828 300.7683815993269 1689.0538111603728 373.31376800349034 1.7 1.8675 4.4489 55.0851009443965 10.137400944396502 -7.0682 3.0368570631059066 0
CAR 0.0 0 2.26694507496462 -123.92072825285953 132.55428752296098 506.21037036596294 1006.5487894018117 4.1978 3.0224 13.9821 16.778041171229138 1.2288439172917283 -5.1618 1.7706282847648582 0
CAR 0.0 0 2.7178212340852035 1304.423268100107 183.24844025596306 1512.3318110608739 304.64314274238257 1.7 2.0375 4.4489 25.013875413339743 -21.938985584109684 -6.3555 1.317021307830867 0
CAR 0.0 0 2.699653972864753 1723.5500278168495 218.99087201870023 1965.7209903642918 340.4665727052487 1.5686 1.4651 4.0018 19.429901317093318 -29.323233175544548 -6.3941 1.2782995562828545 0
