CAR 0.0 0 4.34490413389008 1562.1119059870111 326.8835188612683 1653.1742030372413 413.55659286569477 1.7 2.0096 4.0382 46.363042554089404 12.133387340315082 -6.8888 2.9997781404841044 0
CAR 0.0 0 -0.19562191571788223 1115.2548488006294 185.05203206344257 1202.8152993447693 259.15355537990644 3.1128 3.0226 6.773 73.47854582248209 32.802472462304245 -5.828 -1.5785158727392246 0
CAR 0.0 0 1.382980240465586 408.27850881631645 31.314880357140574 461.04321536392956 79.6835470480222 1.7 1.967 4.5895 73.0073620674157 -2.187820398681972 -6.577 -0.062182613252866906 0
CAR 0.0 0 2.726428323360138 1777.9847597575979 180.25072008804864 2063.738600601014 397.0905166975034 3.4115 2.7462 2.4608 16.781258445869888 -27.592435900453637 -5.8128 1.3026809337150287 0
CAR 0.0 0 2.6704637852924504 1446.3329617361806 272.5742707561018 1716.600580455903 426.6810922793836 1.5441 1.9368 4.2225 18.149737920481954 -20.43092419664541 -6.7047 1.315638311855022 0
CAR 0.0 0 -1.1647868760734617 296.8317092661195 255.62984071405833 767.097106109472 504.7382692719453 3.8144 4.294 14.4415 31.79085632190836 39.83750157292445 -6.7673 -2.1449448642202427 0
CAR 0.0 0 2.6686943655143605 1556.7795686520249 307.38296600798225 1923.1059112161745 511.33003295261295 1.7 1.9879 4.7683 14.726548644840864 -20.29699405335449 -6.6494 1.32678529446248 0
CAR 0.0 0 2.708204692858991 1893.6305452371787 312.28920448033983 2276.8342601698546 489.22642263009925 1.5135 1.9357 4.3357 12.995950539044737 -26.58973639422249 -6.6523 1.3257352487004699 0
CAR 0.0 0 2.725436704556264 2204.746407437913 268.4986284951087 2751.288413104015 487.584235081004 2.0943 2.4031 5.4998 11.186318617006348 -34.32493992617236 -6.4152 1.303839888748691 0
CAR 0.0 0 2.746398904671648 1879.8826781174162 123.08510004824238 2649.688336592004 467.3240919708101 4.1983 3.0119 9.4432 14.983991454616922 -33.3266959717105 -5.5448 1.2985633238758703 0
CAR 0.0 0 4.84800388395728 2096.6761723161335 -1294.4389784809948 3524.2896284161034 -418.447035794002 3.8072 3.3433 7.7358 -10.5317266385372 24.58017206434573 -6.4136 3.006238776863091 0
WHEELER 0.0 0 4.006363561043775 802.5681327569679 166.39179759257598 851.8197017430738 246.5736535931381 1.7142 0.8998 1.2689 33.4645 -10.3208 -6.5743 2.679422543851173 0
CAR 0.0 0 1.3034523820888182 407.67487155144266 101.87042888697071 483.7126269036792 173.26401948020592 1.5813 1.9585 4.1006 48.87022464341974 -1.5839768137712382 -6.7996 0.030219858127855465 0
CAR 0.0 0 2.778408638341322 2538.9865387730224 268.4692789003129 3009.118608513821 435.28269088846884 1.7 1.956 4.407 9.600405232923915 -41.00287696091239 -6.175 1.3325445813882868 0
