CAR 0.0 0 -0.035364279641961316 1147.8780347418358 202.70391779739248 1270.2241964484972 277.63240750463905 3.0887 3.0353 7.0662 63.12651374923193 37.848707397036655 -5.5641 -1.4114024759719594 0
CAR 0.0 0 3.0367526046857587 1432.273425670529 145.45431207787516 2043.5190084541675 505.43878047772586 3.3784 3.4486 11.6024 24.915845850229566 -30.026527442791817 -5.4833 1.6445790505388513 0
CAR 0.0 0 -1.7070020053015367 1600.1374087331278 302.09727595334266 1744.985342768725 422.9234258619497 2.5061 2.2666 5.3185 43.36866617096373 11.030026775215338 -5.9066 -3.0663557118638796 0
CAR 0.0 0 3.000222978129522 1223.65592085494 172.12797580446062 1554.9867767629114 443.04028192029676 3.5225 3.6418 4.7722 24.467101404725913 -24.026760798764865 -5.4368 1.6438740691930496 0
CAR 0.0 0 -1.7477725514347877 1532.5446985013775 312.559304856059 1641.498854379766 389.0974679325464 1.7 1.9666 4.1398 46.47994875249187 14.222564138565291 -6.3811 -3.1019631316146827 0
CAR 0.0 0 -0.6806708797153087 472.3021775413879 322.74840056917174 926.6366381809848 588.232636314937 3.5244 2.84 10.3328 18.696918481525813 24.857379914097457 -6.2138 -1.6918156753349236 0
CAR 0.0 0 1.4703833175063272 -756.6871966025408 486.5788894954701 -134.1327406709142 849.6975776327528 1.7885 1.936 4.1812 14.93494974919721 -1.285615920986177 -6.3142 2.032846802210489 0
CAR 0.0 0 2.9451082676289606 1502.013240443656 221.2446917736191 1980.9209787301697 534.2408344877608 3.0142 2.9998 6.4302 21.15679425378073 -28.377833486232262 -5.5653 1.5842820303845817 0
WHEELER 0.0 0 -1.1470181616605843 809.1445460303003 174.43872948365788 834.2646547177712 240.29342890825143 1.455 0.6025 0.8913 36.67887968214998 -14.18556943944381 -6.2896 -2.470962799178619 0
CAR 0.0 0 2.9373601284943422 592.2527484313359 349.595946768296 750.2690604818289 576.3085952712295 1.6332 1.7321 4.4876 19.902362852665615 -11.987649092236849 -6.3283 1.9595485724456525 0
CAR 0.0 0 -1.7233249969728752 1783.201158778137 330.28011503006184 1900.8975773883503 423.5687081513883 1.661 1.8473 4.112 42.61155512875494 6.714632572408821 -5.6812 -3.093492692234448 0
WHEELER 0.0 0 1.7304915318453622 487.93089885081713 110.15966424823107 523.9778286976724 170.45763064198113 1.52 0.5676 1.6613 46.1287 -4.3307 -6.1563 0.42929947525802714 0
WHEELER 0.0 0 -1.722159587429887 1510.9875141488435 342.42617263294375 1562.7379831616388 411.5771133587992 1.7 0.7138 1.6517 41.13486694259828 14.175539914561517 -6.5238 -3.0527780599336807 0
CAR 0.0 0 2.9524459448236433 1347.1174475174007 192.85523753737286 1510.6477590690315 307.88019578523733 1.7 1.937 4.0135 31.785600000000002 -28.3542 -6.2264 1.554161860999463 0
CAR 0.0 0 3.0023103873078094 2177.8044786018013 267.3634853281843 2463.9325530855476 390.14883321880995 1.4668 1.6524 3.5756 25.453266338613684 -44.709864996739064 -6.3814 1.571682066155826 0
CAR 0.0 0 -1.186305902778931 212.22486876360878 428.85539444025306 446.1502335408914 558.7368651865423 1.7 1.9714 4.0628 12.757835676890227 31.30519004842739 -7.4038 -1.7780935580836401 0
CAR 0.0 0 -0.8695538396201301 402.93360711476936 344.5567715199692 560.6148907276144 423.1389334214365 1.5178 1.8289 3.9952 21.055893447862566 38.834746414302835 -7.2359 -1.7698500895992162 0
