CAR 0.0 0 -0.04044744474699202 1142.3766629142183 203.31756791550828 1265.8398994769177 278.9130744367345 3.0887 3.0353 7.0662 62.45958807509322 37.763570513868046 -5.5641 -1.4149697506383534 0
CAR 0.0 0 3.023265580787848 1354.4746855593132 193.10080647243626 1519.1254604977125 308.18606429440604 1.7 1.937 4.0135 31.755785883034356 -28.53550385442515 -6.2264 1.6242341597410155 0
CAR 0.0 0 -1.2501041223028064 200.8213216801959 428.5558885469923 435.53996342319755 558.3405759633 1.7 1.9714 4.0628 12.607288425642956 31.50761005711938 -7.4038 -1.826574111919186 0
CAR 0.0 0 -1.0701396005011603 383.165316845828 439.93751834252544 576.7526372553954 551.4006386969317 1.4656 1.3758 3.7786 14.957692295993407 28.82780723568676 -7.4477 -1.8424388529812492 0
CAR 0.0 0 -1.043899548887178 244.06740153317674 322.5869279733788 532.9423492595313 489.93160991562394 3.0074 3.0141 6.0193 16.858601591821408 36.09420898674758 -6.7457 -1.8157902456131392 0
CAR 0.0 0 2.977108262366703 1400.7676172668826 231.06209917172913 1598.8859606041108 359.9441384146908 1.5329 1.947 4.1625 27.70838970793843 -28.083593642525347 -6.1782 1.5999076178923881 0
CAR 0.0 0 -1.3604117996912384 115.34146813515571 394.95286487042677 324.53020623738513 494.52271860924 1.5121 1.9339 4.1099 13.258291651673396 38.36931464506423 -7.6011 -1.8219666918375406 0
CAR 0.0 0 -1.1350109272866864 545.4095694497673 468.1743779098155 930.8307667111528 949.437509473872 3.3377 3.0755 3.0748 12.697167654185238 -13.353496546249705 -5.9795 -1.9613874245641634 0
PEDESTRIAN 0.0 0 3.0773357818634297 538.022509666415 132.3248898823021 585.73275941294 209.01581509639058 1.8579 0.9295 0.9471 40.53944854180733 -6.979964450601833 -6.0836 1.8006514064715922 0
CAR 0.0 0 -1.699793859447312 -499.58987333832243 148.59749329358942 519.381855989411 999.1472532733487 4.1862 3.2286 10.2919 14.82164682859708 -8.04448922946718 -4.2942 -1.9704085893104932 0
CAR 0.0 0 -1.4319681843703547 69.70282970146782 341.3346293594518 245.62630996402928 418.5783693858179 1.5206 1.9327 4.0484 15.109684180440304 47.44308020088867 -7.4583 -1.826875486489279 0
CAR 0.0 0 -1.1434361406964473 209.63652033579055 337.19291197379744 374.90198785720986 419.36989559349854 1.7 1.6238 4.0308 17.683073370518333 43.93510947368268 -7.2916 -1.8037533996333603 0
CAR 0.0 0 2.952369130488071 1402.2361848878209 276.8540471999532 1630.8761720084028 438.5475183487248 1.7 1.9624 4.2616 24.534808839087756 -26.89758784772063 -6.4566 1.6121176661405914 0
WHEELER 0.0 0 2.9520032286179645 1544.0368468795698 345.1941542456419 1670.852981018766 480.4889370288127 1.7 0.8106 1.621 21.135297024351292 -26.895518508618697 -6.3809 1.632072091436402 0
CAR 0.0 0 3.008498789410986 1778.0409097894462 302.9347843903553 2108.118991597295 491.8517986223885 1.752 1.7066 4.502 21.7093881802206 -33.05827533610334 -6.3051 1.6383132896588795 0
CAR 0.0 0 -1.6832688734767105 1686.1470190072343 392.1013434623524 1867.8422864729657 568.0944887668579 2.5646 2.2507 5.3418 34.44654279386707 6.690094796814504 -6.7852 -2.993462219005152 0
CAR 0.0 0 -2.957545317569131 -399.7449427418358 329.2811891834241 -46.44365891716328 529.2083342740913 1.6579 1.8216 4.0307 22.42451713789342 1.7126542927776893 -6.5644 -2.4951073671238517 0
