CAR 0.0 0 -0.04051040552707308 1142.157893644194 203.34429472209507 1265.6687540837108 278.9686101143649 3.0887 3.0353 7.0662 62.43167645226849 37.759196468308865 -5.5641 -1.4149697506383534 0
CAR 0.0 0 -0.44122703540625396 1344.673724586647 480.7839082880742 1758.8406598301383 837.853768886767 1.661 1.8473 4.112 12.788339325787124 -21.063934476806356 -5.6812 -1.6101679295358085 0
CAR 0.0 0 3.0232650314569307 1354.4786797675154 193.1021147855213 1519.130812783902 308.1880254256465 1.7 1.937 4.0135 31.75562600180789 -28.53554750758942 -6.2264 1.6242341597410155 0
CAR 0.0 0 -1.2501162058176765 200.81261185916887 428.55605024481906 435.5321387251117 558.3408853536788 1.7 1.9714 4.0628 12.607157340645953 31.5077239586915 -7.4038 -1.826574111919186 0
CAR 0.0 0 -1.0701454605627112 383.15950826461597 439.93758991737013 576.7473815886265 551.4007749278554 1.4656 1.3758 3.7786 14.957605044522111 28.82788918321727 -7.4477 -1.8424388529812492 0
CAR 0.0 0 -1.0439003443682349 244.0663780577146 322.58646102752846 532.940840931629 489.9306831541444 3.0074 3.0141 6.0193 16.85861961994202 36.09431076585938 -6.7457 -1.8157902456131392 0
CAR 0.0 0 2.9771071849293955 1400.766605870197 231.06330570844275 1598.8856368451402 359.94603517293604 1.5329 1.947 4.1625 27.708273145536293 -28.08352164115692 -6.1782 1.5999076178923881 0
CAR 0.0 0 -1.3604233392153668 115.33476017970676 394.95250270360015 324.5237640306353 494.5222191879187 1.5121 1.9339 4.1099 13.258197009755673 38.36948067078761 -7.6011 -1.8219666918375406 0
CAR 0.0 0 -3.0016010345826705 -506.44833303761715 293.8367658983855 8.067615628116819 621.3834822680343 3.3377 3.0755 3.0748 19.647106765310674 -0.11653743135647199 -5.9795 -2.537020373443743 0
PEDESTRIAN 0.0 0 3.128026679225505 613.1900141304354 118.33551853084172 651.1716971979083 196.32767821840093 1.9771 0.7965 0.722 41.4314 -8.8314 -5.8804 1.8006514064715926 0
CAR 0.0 0 -3.4709699819838464 -805.5862671659836 56.068380685424195 53.69666853548975 493.5392928301325 4.1862 3.2286 10.2919 24.578566120553415 3.03110172525625 -4.2942 -2.5634850435993783 0
CAR 0.0 0 -1.4319775483088226 69.69875398873484 341.3361252708881 245.62357627898805 418.580530059168 1.5206 1.9327 4.0484 15.109505016541338 47.44285596670956 -7.4583 -1.826875486489279 0
CAR 0.0 0 -1.1434563341668897 209.62434089800325 337.19362323564707 374.89117002547965 419.3709965281504 1.7 1.6238 4.0308 17.682771779206465 43.93521676756183 -7.2916 -1.8037533996333603 0
CAR 0.0 0 2.9523687153679017 1402.2277600907337 276.852793093645 1630.8653193121427 438.5455646375791 1.7 1.9624 4.2616 24.534908945883146 -26.897450217483467 -6.4566 1.6121176661405914 0
WHEELER 0.0 0 2.952004897394419 1544.0493454700172 345.19463654434117 1670.8668764058962 480.4895018906782 1.7 0.8106 1.621 21.135263323740496 -26.895728127366183 -6.3809 1.632072091436402 0
CAR 0.0 0 -0.7953062237444973 877.8699707772101 433.1888176278562 1197.7785708861668 931.6838169414781 2.4731 2.3456 5.5455 13.45707394208889 -15.867816728632551 -5.965 -1.7825139273629726 0
CAR 0.0 0 3.0787937361782918 1783.6428399583563 303.1859832790542 2115.1420153977315 492.2150879933258 1.752 1.7066 4.502 21.689815175683684 -33.158559012319905 -6.3051 1.7081264597386523 0
CAR 0.0 0 -1.709285522839337 1758.5203478218987 314.8941107427719 1883.9279098724178 426.9369546050679 2.5646 2.2507 5.3418 50.96785191562191 8.10805020510287 -6.7852 -3.0807286816048682 0
