CAR 0.0 0 -0.04295491831804976 1147.3370677343275 202.70777673208838 1269.716740289195 277.64723857537155 3.0887 3.0353 7.0662 63.10005179014678 37.86509395964207 -5.5641 -1.418903573797595 0
CAR 0.0 0 -1.7168011986473541 1780.160094673791 335.650599893819 1901.0946206122208 432.17447180785115 1.661 1.8473 4.112 41.42341582877291 6.595561666507686 -5.6812 -3.0832454006018555 0
CAR 0.0 0 2.9485749220500184 1348.8345534576745 191.2533823085361 1511.5738428837042 305.4183307362111 1.7 1.937 4.0135 31.982910159816534 -28.47351201882349 -6.2264 1.5487642730096802 0
CAR 0.0 0 -1.2835710739319115 213.17620749086703 428.32577059397784 446.6399622166468 557.9005903010133 1.7 1.9714 4.0628 12.793515470742001 31.34589577734438 -7.4038 -1.877003294840088 0
CAR 0.0 0 -1.1050996861971887 391.4045145126743 439.83695942801626 584.2085304759112 551.2088345673968 1.4656 1.3758 3.7786 15.0814958649345 28.7113964151306 -7.4477 -1.8856458483840466 0
CAR 0.0 0 -1.143910031746361 246.20601604816932 323.21680847967946 535.6455322779789 491.1730473430979 3.0074 3.0141 6.0193 16.847347650212118 35.94450796041923 -6.7457 -1.917786575270122 0
CAR 0.0 0 2.9459203215261267 1400.7703661806145 229.3687439722397 1597.7081118157548 357.29723057832877 1.5329 1.947 4.1625 27.873192471858463 -28.15199005103084 -6.1782 1.5674036341292166 0
CAR 0.0 0 -1.4403792268814466 122.04122562017292 395.6490485677907 331.19949149718093 495.51668440304644 1.5121 1.9339 4.1099 13.336765863632362 38.15741470188886 -7.6011 -1.9132188092271625 0
CAR 0.0 0 -1.6383348937675155 1763.3396309721718 271.1333391179378 1905.1625189130932 391.98556071970063 3.3377 3.0755 3.0748 54.37277380521139 8.412562139560515 -5.9795 -3.031595390596638 0
PEDESTRIAN 0.0 0 2.9153741528026234 624.1565532459649 127.7641274197748 666.5920134138921 202.48041947495543 1.8579 0.9295 0.9471 41.41598638878257 -9.189789728169721 -6.0836 1.594447662458931 0
CAR 0.0 0 -1.6178979133330478 111.76258631551359 -38.079800448952064 326.6107260399487 104.88284998301417 4.1862 3.2286 10.2919 60.34155531817977 8.859803867046706 -4.2942 -3.062835902477131 0
CAR 0.0 0 -1.4653588093655499 75.43472926862191 339.22873350814905 249.47233331587353 415.53911398475 1.5206 1.9327 4.0484 15.364105312917674 47.761594861756556 -7.4583 -1.8734535741965284 0
CAR 0.0 0 -1.3040898056918593 226.83811097495715 336.1880669122159 390.1858331935053 417.81521901967886 1.7 1.6238 4.0308 18.111416076608545 43.782701204982025 -7.2916 -1.9923975746503848 0
CAR 0.0 0 2.9438709836622214 1491.7050875783366 275.64674169680535 1735.5017548901653 435.6284675945769 1.7 1.9624 4.2616 24.586941971535268 -28.838627689100093 -6.4566 1.58896339585535 0
WHEELER 0.0 0 2.8887250918012883 1527.425320204322 344.56520310602184 1652.3899229681276 479.75450781030196 1.7 0.8106 1.621 21.179462199287418 -26.616415756364802 -6.3809 1.5710430576065737 0
CAR 0.0 0 -4.188620170505839 -15652.733550822584 1167.3254817008308 -3173.6543608142038 3847.6445496586853 2.3964 2.4699 4.5843 5.96682343115355 9.961539570795491 -6.1273 -2.926798604750006 0
CAR 0.0 0 -1.915839755574128 892.950048036364 502.0731384673402 1333.971706962932 886.8634986122755 2.564 2.814 6.1278 13.908308463627362 11.173527274870349 -6.1856 -2.9427125468726505 0
