CAR 0.0 0 4.486587517144446 1555.2850796738064 325.6542589300183 1645.0050478703756 411.7673094645662 1.7 2.0096 4.0382 46.50610970275073 12.335713904601848 -6.8888 3.141592653589793 0
CAR 0.0 0 -0.18886276879213204 1139.9693821128565 186.88426910861904 1227.3314336027556 262.1804256616658 3.1128 3.0226 6.773 73.00176000630604 31.32869138135711 -5.828 -1.5736332775196553 0
CAR 0.0 0 3.181064376900451 1119.583736772286 503.97479414502266 1422.7237903074902 912.1480271045696 3.4115 2.7462 2.4608 16.155108436263276 17.74203802457509 -5.8128 2.108304080929983 0
CAR 0.0 0 0.5353831663064013 191.0818001789526 96.11365586790728 468.6949076257681 399.29701712376306 3.8144 4.294 14.4415 35.959866258006016 1.2853040496332229 -6.7673 -0.4428044119411477 0
CAR 0.0 0 4.553141292844036 3582.248686484255 -2807.057363864179 7989.080623566595 -822.5509588316538 2.0943 2.4031 5.4998 -1.7267411430949169 23.553868718847447 -6.4152 2.701765331701541 0
CAR 0.0 0 0.8486725434691391 -3854.3925258926097 742.659790856398 -1358.078241472134 1687.3961583691585 1.7 1.956 4.407 12.199848316291837 14.134094987080367 -6.175 1.9569715593178814 0
CAR 0.0 0 0.8556359915682665 -2165.521971711268 200.18582893932887 -382.1629136199948 1045.9503549728615 4.1983 3.0119 9.4432 18.7176111988873 12.385407560263392 -5.5448 1.9403945600413115 0
WHEELER 0.0 0 4.209111701578925 805.6076251211647 166.0850314415253 854.7741588138161 246.14285578051437 1.7142 0.8998 1.2689 33.487887933530125 -10.409308717015055 -6.5743 2.88090798914154 0
CAR 0.0 0 2.2131176030827966 63.06275754145279 286.1962700011665 377.9044995300084 686.1754554632902 2.613 2.2684 5.5662 17.189372094131333 1.8087156928274957 -5.7562 1.7285493450971339 0
CAR 0.0 0 -1.4229115761684623 232.79956956236347 447.8552371029411 442.5758406925675 571.7070308115125 1.5269 1.9408 4.1155 23.70581802106419 40.336381654470905 -8.831 -2.013284002215193 0
CAR 0.0 0 2.6010220982376357 1068.0170994166851 310.46558655945125 1339.8686348360463 512.4671538450597 1.5006 1.9544 4.3204 16.516419882196974 -10.992558643175796 -6.2434 1.3571224441576168 0
CAR 0.0 0 2.682431112151507 1474.3121846479137 243.58493683513757 1762.0478877333044 398.82022205915627 1.5496 1.899 4.5119 18.06748072672371 -21.045865812880347 -6.1851 1.3058166515910923 0
CAR 0.0 0 2.7639538422688856 1352.5084838796279 204.35665236306224 1554.2946314603698 318.8126797091625 1.5683 1.9824 4.1753 24.495227691027033 -22.95250161730812 -6.7242 1.3699820769311981 0
CAR 0.0 0 2.6580912304635786 919.8286988136675 294.339277980365 1119.7916751786704 465.3505590679659 1.5716 1.9048 4.1778 20.384868938496304 -9.748913490324275 -6.8777 1.4418361224305425 0
CAR 0.0 0 2.7659804441288838 1714.7292045858055 312.24363797880903 2056.632542302472 487.81917617164726 1.5502 1.9671 4.1367 14.268378460844374 -23.38098397413918 -6.7148 1.4026064571317314 0
CAR 0.0 0 -1.7774311151992384 1696.3892097792357 330.61606199117335 1841.0293035245286 451.24313971585923 1.9963 2.2756 5.9988 44.62350761086696 8.163400459448662 -6.704 -3.131880613887544 0
CAR 0.0 0 2.4541926734642505 319.7361448414155 325.5446887583799 489.13707638053154 529.5403080146776 1.651 1.9856 4.1758 21.621416210547345 0.23782429085097867 -6.9778 1.69113397743489 0
