CAR 0.0 0 4.344903968770988 1562.111551917886 326.88367836824557 1653.1738807491101 413.55684007561445 1.7 2.0096 4.0382 46.36300154554211 12.133399540206913 -6.8888 2.9997781404841044 0
CAR 0.0 0 -0.19562040491405752 1115.273701108696 185.05338728387287 1202.8339723171084 259.1557784707891 3.1128 3.0226 6.773 73.47821256009038 32.80134258321328 -5.828 -1.5785158727392246 0
CAR 0.0 0 2.6920323093260095 1603.5696248535246 181.12765954687404 1875.288760677033 403.04295102437294 3.4115 2.7462 2.4608 17.712605976910726 -23.74138891859975 -5.8128 1.2852302956391666 0
CAR 0.0 0 2.3398432121173274 347.6472821239824 297.55877613741336 504.5610583562197 483.2391113634752 1.5441 1.9368 4.2225 22.491165664263423 -0.12609106591458197 -6.7047 1.5076139312777868 0
CAR 0.0 0 -1.142896071169755 310.9024773886262 259.9398335947583 787.2057510681539 518.7010914899382 3.8144 4.294 14.4415 31.183678099413314 38.73778539885357 -6.7673 -2.127491551481048 0
CAR 0.0 0 2.521388888184272 840.1327906923149 327.7776656095371 1086.4350052258092 561.2565674413863 1.7 1.9879 4.7683 17.479541361637942 -7.434597300975545 -6.6494 1.3797729182380674 0
CAR 0.0 0 2.643868218424095 1631.6807585727906 312.05988046608053 1974.9889915224448 492.54728182961105 1.5135 1.9357 4.3357 14.55959841530896 -21.670158595555524 -6.6523 1.2908234282716162 0
CAR 0.0 0 2.7502022672875492 2099.168393339883 273.2054016483803 2636.392410025536 499.2904061320384 2.0943 2.4031 5.4998 11.609247277903672 -31.664175595154628 -6.4152 1.3387464737885773 0
CAR 0.0 0 2.7166789960284143 1731.9126959950704 123.7352524449139 2463.9543468397696 479.089966904486 4.1983 3.0119 9.4432 15.771762360815496 -29.448462597941273 -5.5448 1.281112685800008 0
WHEELER 0.0 0 4.006363561043775 802.5681327569679 166.39179759257598 851.8197017430738 246.5736535931381 1.7142 0.8998 1.2689 33.4645 -10.3208 -6.5743 2.679422543851173 0
CAR 0.0 0 1.4270553761796811 1846.5497878451763 242.67148007257157 1916.8613798717436 284.84030161356867 1.5813 1.9585 4.1006 85.84949945372496 -3.781095066401822 -6.7996 -0.004686726912031126 0
WHEELER 0.0 0 2.554955110983168 713.1493361241643 192.85863583740002 784.0051784702622 284.22968654396817 1.6462 1.1594 1.9268 31.25548641920398 -7.6760128961899134 -6.7353 1.2913770127670434 0
CAR 0.0 0 4.4156362843329715 1720.0072816335073 325.3290408218509 1825.0820637862082 403.9882186960623 1.5535 1.9759 4.0961 50.008210410710724 7.091718257313824 -6.8684 3.047210286189498 0
CAR 0.0 0 2.750279187790633 2506.180996877839 269.1450221062933 2973.3219031600474 436.9846560006133 1.7 1.956 4.407 9.78774067975418 -40.19565998083735 -6.175 1.3063805397873733 0
