WHEELER 0.0 0 2.8673542383412753 1518.6408630461897 334.97461684879534 1673.4542690010776 472.60545184753835 1.6332 0.8894 1.834 15.26533412559234 -17.9390548565423 -6.5953 1.5435531208983042 0
CAR 0.0 0 2.927133816268061 1370.072189245459 227.43949876624512 1630.676599137137 383.5874727952061 1.654 1.8689 4.1757 18.739045511280604 -18.755559287436263 -5.8865 1.55528535101477 0
CAR 0.0 0 1.4382749811010784 447.6096441848979 3.0777815715993757 491.8047784731009 45.64887042228101 1.8284 1.8307 4.868 85.59868236498515 -4.631526123245875 -6.1655 -0.08181825378715425 0
CAR 0.0 0 2.8480856348569046 1740.7500702126142 300.9448369032128 2104.3813619212224 489.4509396518537 1.7 1.7312 4.5344 14.13389766678407 -24.0214511413447 -6.639 1.4782455116673214 0
CAR 0.0 0 2.9019284124819453 2071.0572908747486 301.92050788654586 2477.4689581289867 481.60590229743815 1.7 1.6226 4.5676 12.370858932384284 -31.019948759665873 -6.7663 1.5002918376385186 0
CAR 0.0 0 -1.7540779878025623 1470.7466966740794 322.5214233925841 1532.9379272123404 400.21813769658735 1.5848 1.5393 4.034 46.79839121420096 15.112256347503635 -6.9916 -3.089572603797836 0
CAR 0.0 0 2.8741782871662123 1671.0353315541413 259.9040806489763 1978.6081286917342 418.1688564785985 1.7 1.9869 4.3341 16.95012937568343 -25.406982804850596 -6.6115 1.485498200037067 0
CAR 0.0 0 2.9437958341898263 2359.3324932425526 263.8805227032207 2793.3370610017537 428.1759131669433 1.7 1.9419 4.3933 11.126952547457341 -37.90199878484176 -6.2196 1.5052191833647506 0
CAR 0.0 0 -1.7376904221953429 1576.4504657307812 320.31723926460364 1662.202544357471 399.70924148792915 1.6092 1.9505 4.2191 48.92375407192753 11.605009270342428 -6.9696 -3.090318317252118 0
CAR 0.0 0 -1.7100459569794753 1481.2901260831002 290.75369206778356 1549.4828052462956 362.1792790421156 1.7 1.9624 4.4376 53.67124116152415 14.698187488377 -6.8839 -3.0693585669112906 0
CAR 0.0 0 -0.26736773897499866 3842.069828732881 287.44119842643215 4892.461216702743 547.3521955601312 2.5997 2.5313 6.0978 -1.7959596193380536 -66.61832334026107 -6.3639 -1.7443359766837814 0
CAR 0.0 0 -0.39560039781056444 2915.5966354866464 430.3905151631396 3613.373593722149 682.1625962680048 1.7 1.9858 4.2822 3.6610990932367495 -37.505393153195584 -7.0263 -1.799148459894675 0
