CAR 0.0 0 2.732529130375184 1336.610963652429 202.11925997281034 1535.0135801914807 315.5050273736025 1.5683 1.9824 4.1753 24.842349038644713 -22.726918757080075 -6.7242 1.33882426606999 0
CAR 0.0 0 4.357969416058712 1702.8418113094326 328.50949608097204 1847.0049864531006 447.37693096492717 1.9963 2.2756 5.9988 45.190269625249094 7.915399152062375 -6.704 3.0012018670575786 0
CAR 0.0 0 2.7029690207085846 1388.7578467288595 207.35449212510798 1646.3016787590796 348.0184574407092 1.6094 1.8776 4.9449 21.344089630659855 -21.69151919608722 -6.2139 1.3114097922132018 0
PEDESTRIAN 0.0 0 2.727012956289638 638.5944791142185 127.07047074981315 675.426205805115 194.23884380222248 1.7016 0.7772 0.6957 39.759870954486274 -7.078152243862419 -6.3348 1.3955368288674803 0
CAR 0.0 0 -1.5448316161671112 248.1868528901198 421.6608751503855 457.1145770292489 542.0711169892041 1.5083 1.8983 4.1522 23.91445866676004 39.9728012810484 -8.1788 -2.18213576590055 0
CAR 0.0 0 1.3712351792740765 1829.452757258102 231.2407616512119 1910.8967636566597 282.59425907314414 2.001 2.2034 6.0581 90.40229772976296 -4.200779820411576 -6.8553 -0.06338274536302377 0
CAR 0.0 0 -1.2901629617609103 405.91993131690333 424.5738952354509 598.6213458342899 544.3413117130805 1.4958 1.977 4.1388 25.35009975689957 36.83360006319032 -8.1989 -2.09854158769705 0
CAR 0.0 0 4.3920237437738745 1708.0966868992757 206.03323296352102 1867.8912840323087 332.7501502872137 3.4934 3.115 10.3352 63.26479868060446 5.0191 -5.0918 2.9686603356601298 0
CAR 0.0 0 -1.6596914448678532 140.67867075963414 381.58965134786826 334.836199167656 481.50763684102634 1.508 2.0028 4.001 26.027765307771002 46.1866 -8.2196 -2.1681369818205787 0
CAR 0.0 0 4.391394218646928 1725.171275854398 254.6068781007159 1821.5750336537085 337.22110826493576 2.4532 2.2469 1.9737 57.1937 6.1447 -5.6178 2.985525566570448 0
CAR 0.0 0 3.9646859717216354 930.1430685000813 600.7022974883587 1180.9859111803837 895.7552496162866 1.7 1.989 4.2817 16.779620526767207 20.386707227896604 -7.1172 3.0019663134302466 0
CAR 0.0 0 4.170788438629635 1368.642531245149 391.6216592047198 1595.8808393252148 673.7382503598137 3.0024 3.0029 5.9984 26.529358074506106 15.544551682246663 -6.3697 2.9378115221590155 0
CAR 0.0 0 -0.4515412015683231 2059.9476179536423 404.5461778195834 2915.7848868688843 802.0020482936322 2.0449 2.1484 6.0265 6.833059981625665 -22.623267773472357 -6.4734 -1.7881979038209308 0
