WHEELER 0.0 0 2.867671235707192 1520.0246802142885 334.8281694287206 1674.9030245602498 472.38792643916787 1.6332 0.8894 1.834 15.264487495039885 -17.969094086479064 -6.5953 1.5435531208983042 0
CAR 0.0 0 2.9270737220929877 1377.2076078802231 228.79104679987606 1640.123416358716 385.812333576733 1.654 1.8689 4.1757 18.595379290976833 -18.81804711455666 -5.8865 1.55528535101477 0
CAR 0.0 0 1.455894799955699 454.0058916026717 -3.552574097407993 495.50358888737435 35.901059530865034 1.8284 1.8307 4.868 91.55791923215574 -5.280075351060821 -6.1655 -0.08181825378715425 0
CAR 0.0 0 2.8488049145953624 1748.0344888567347 301.11895027768406 2113.072000212871 489.64460827426194 1.7 1.7312 4.5344 14.08125441389408 -24.150069474508612 -6.639 1.4782455116673214 0
CAR 0.0 0 2.9019276044234443 2071.050780334424 301.92102913151535 2477.462120046281 481.60690170619824 1.7 1.6226 4.5676 12.370875149289278 -31.019771552084194 -6.7663 1.5002918376385186 0
CAR 0.0 0 -1.7542740221384607 1469.5619069064328 322.54718779392255 1531.7384301696343 400.2678433095911 1.5848 1.5393 4.034 46.772400520246634 15.146454633086728 -6.9916 -3.089572603797836 0
CAR 0.0 0 2.8747993706766968 1665.7942673766092 258.08923601083484 1970.7438074969887 415.1810545941094 1.7 1.9869 4.3341 17.1055032894148 -25.431780016588203 -6.6115 1.485498200037067 0
CAR 0.0 0 2.943914196982305 2360.4410040020202 263.76386685143154 2794.4023618640326 427.9555571353579 1.7 1.9419 4.3933 11.125539823719073 -37.94008972496218 -6.2196 1.5052191833647506 0
CAR 0.0 0 -1.7377862490386558 1572.9363539366261 319.7476376048574 1658.0448575924238 398.89549134643806 1.6092 1.9505 4.2191 48.99056558287983 11.713563522970869 -6.9696 -3.090318317252118 0
CAR 0.0 0 -1.7100701681891168 1481.341414987463 290.7948966361004 1549.551411603339 362.2405563697491 1.7 1.9624 4.4376 53.660136246692396 14.696307043543346 -6.8839 -3.0693585669112906 0
CAR 0.0 0 -0.37809968485815615 3189.1434142690755 421.08779626894886 3915.4024843395327 660.6606304627837 1.7 1.9858 4.2822 2.2452471706488795 -43.0125212081836 -7.0263 -1.799148459894675 0
CAR 0.0 0 -0.4264958599665254 1971.753686210081 479.9928664448972 2646.669724858111 830.8387637054628 1.7 2.2097 4.6079 6.876627986416301 -19.768481252497004 -6.7839 -1.7236637839953217 0
CAR 0.0 0 -0.2578581917056455 3975.5008895080223 265.66134865674087 4987.206992611139 503.23372016017856 2.5997 2.5313 6.0978 -2.5747 -73.3536 -6.2218 -1.7443359766837814 0
