CAR 0.0 0 -0.06107628100604989 1151.179388894572 202.28233202178436 1272.7847440116332 276.759920202796 3.0887 3.0353 7.0662 63.56950022000575 37.9239124080996 -5.5641 -1.438074103094086 0
CAR 0.0 0 -1.7083271926188768 1781.4153727544146 330.75248624158786 1899.4639564351082 424.33506391558814 1.661 1.8473 4.112 42.473882137109534 6.734310190987667 -5.6812 -3.078007174963612 0
CAR 0.0 0 2.9601080981814953 1345.7945610662146 192.05345144031648 1508.6440202764009 306.6681446826014 1.7 1.937 4.0135 31.88399051560364 -28.356445820531547 -6.2264 1.5613408777075723 0
CAR 0.0 0 -1.204332765616449 204.93777475472734 429.119498962994 439.6957715161101 559.197793921083 1.7 1.9714 4.0628 12.642871599790775 31.387139165530538 -7.4038 -1.7860664048787567 0
CAR 0.0 0 -1.0172509250189297 392.3739438236884 439.2935108655668 584.7835980983042 550.4043836680289 1.4656 1.3758 3.7786 15.12185483498185 28.746342954628034 -7.4477 -1.7992607011529442 0
CAR 0.0 0 -1.029522156964598 228.66005551260182 324.45762149642485 521.7811499503578 493.88765174444717 3.0074 3.0141 6.0193 16.454616378176464 36.01664117607353 -6.7457 -1.7806193478024308 0
CAR 0.0 0 2.953847944937131 1403.8960661044775 228.55854553977144 1600.7421838353118 356.0023109176108 1.5329 1.947 4.1625 27.95192816645716 -28.258364339647606 -6.1782 1.5742731399333625 0
CAR 0.0 0 -1.3661921412552496 100.5172740838721 398.61803643390857 313.4555021670014 500.03495112336117 1.5121 1.9339 4.1099 12.842795597837824 38.11808210630438 -7.6011 -1.800105966354912 0
CAR 0.0 0 -1.6222553593820062 1755.6224482513885 270.45405852275223 1896.767271343415 390.7873359534224 3.3377 3.0755 3.0748 54.408053343884035 8.656138905341587 -5.9795 -3.0152364718177616 0
PEDESTRIAN 0.0 0 2.9839028616100434 628.3504091644307 127.05557476083658 670.4502859645933 201.52422220696738 1.8579 0.9295 0.9471 41.54854331751772 -9.289923288408895 -6.0836 1.6602932387710603 0
CAR 0.0 0 -1.5844192359353546 1751.1066602970034 195.44874565386297 1919.8066275697875 341.10801235537457 4.1862 3.2286 10.2919 60.369623409526696 9.387838643540354 -4.2942 -3.0134491712793317 0
CAR 0.0 0 -1.432859877368584 72.91139813258233 339.23467062277996 247.1190631216459 415.5604190392933 1.5206 1.9327 4.0484 15.312099999999997 47.81179907392143 -7.4583 -1.835460922297258 0
CAR 0.0 0 -4.258963141662616 -48662.92335753645 -3400.105266578734 8847.187938347119 13234.763772012271 2.0176 2.2899 5.6298 -0.9896398999616203 5.964046162400631 -5.5529 -2.997667017415702 0
CAR 0.0 0 -1.1764957347444256 214.44131518637784 337.1724810384749 379.3484868299765 419.3136173097842 1.7 1.6238 4.0308 17.781940905044443 43.842278794013986 -7.2916 -1.8444774247416449 0
CAR 0.0 0 -1.6462704757890023 1582.0028448268918 250.62880333250948 1704.6969396337304 350.96435229332155 3.0787 2.5188 6.5832 59.95695854112499 15.749817025917281 -6.1665 -3.037566197077163 0
