CAR 0.0 0 2.732529199139947 1336.5982834443282 202.11712415275886 1534.9979384370804 315.5018433651834 1.5683 1.9824 4.1753 24.842664931615463 -22.72676552039341 -6.7242 1.33882426606999 0
CAR 0.0 0 4.357969461441376 1702.844487760653 328.5099389511746 1847.0084747765386 447.377671329731 1.9963 2.2756 5.9988 45.19022085360488 7.915329697242861 -6.704 3.0012018670575786 0
CAR 0.0 0 2.702966676378483 1388.7447544682336 207.35532454086078 1646.2876069211893 348.02007976275667 1.6094 1.8776 4.9449 21.344096894257113 -21.691155505519767 -6.2139 1.3114097922132018 0
PEDESTRIAN 0.0 0 2.7270115626446474 638.5906284016103 127.0704930624253 675.4224315802168 194.2389019908328 1.7016 0.7772 0.6957 39.75989130051706 -7.078045598879619 -6.3348 1.3955368288674803 0
CAR 0.0 0 -1.5469329024330087 246.8929506718895 422.2186040298223 456.3120040313034 542.9310732378154 1.5083 1.8983 4.1522 23.86220497954674 39.950793205027594 -8.1788 -2.18213576590055 0
CAR 0.0 0 -1.2901629536802282 405.9199385832268 424.57389395121334 598.6213515154312 544.3413096933792 1.4958 1.977 4.1388 25.350099927276414 36.83360001890341 -8.1989 -2.09854158769705 0
CAR 0.0 0 4.3920237448259 1708.0966840158192 206.03323147023335 1867.8912776224922 332.7501463315429 3.4934 3.115 10.3352 63.26479960529961 5.0191 -5.0918 2.9686603356601298 0
CAR 0.0 0 -1.6596890214584588 140.68001502859823 381.5894031404921 334.8372452205506 481.5072612730939 1.508 2.0028 4.001 26.027801910213984 46.1866 -8.2196 -2.1681369818205787 0
CAR 0.0 0 4.391394218646928 1725.171275854398 254.6068781007159 1821.5750336537085 337.22110826493576 2.4532 2.2469 1.9737 57.1937 6.1447 -5.6178 2.985525566570448 0
CAR 0.0 0 4.883319549019121 4108.584318932425 -3127.949467342516 8329.848678938457 -1099.0007953278216 1.7 1.989 4.2817 -1.1833197046641595 23.442336441916453 -7.1172 3.0019663134302466 0
CAR 0.0 0 1.6166376392201691 -327479.64249450184 -5094.438972269029 10932.482370619686 76330.82271406797 3.0024 3.0029 5.9984 4.048709106927477 19.718878191487114 -6.3697 2.9537335159015963 0
CAR 0.0 0 -0.3799342172903628 2746.369394922327 372.26454430561574 3714.478131946912 704.6844051041783 2.0449 2.1484 6.0265 4.118775808591398 -35.45223906707058 -6.4734 -1.7881979038209308 0
