CAR 0.0 0 4.486583255891253 1555.0467764830553 325.61087944818973 1644.719849053909 411.704165011565 1.7 2.0096 4.0382 46.51123085507633 12.342806942793642 -6.8888 3.141592653589793 0
CAR 0.0 0 -0.18873383611906314 1141.467917633568 186.97921979346552 1228.801737937784 262.33258487434307 3.1128 3.0226 6.773 72.98601818267026 31.243850591459598 -5.828 -1.5736332775196553 0
CAR 0.0 0 2.688599299218555 1206.9423924309658 186.1235154451542 1446.090577756894 422.5729119222638 3.4115 2.7462 2.4608 19.432768797653807 -15.396752554631865 -5.8128 1.3401917289466798 0
CAR 0.0 0 1.650921463200268 -66659.70392949316 -34793.74065827792 131118.0237632162 19514.375600041913 1.5441 1.9368 4.2225 8.862556893392531 22.063085260315315 -6.7047 2.7590302337316284 0
CAR 0.0 0 -1.0242998828290322 454.9006212411435 294.10291728641783 964.2718158223549 638.3123562906519 3.8144 4.294 14.4415 27.357717005106664 31.097172891001925 -6.7673 -2.0483932211381752 0
CAR 0.0 0 1.2003442910584106 -1722.3983478544387 584.5821629441566 -617.5029777747474 1168.2438456963246 1.7 1.9879 4.7683 14.490844366301099 11.24600983924781 -6.6494 2.1045244754299275 0
CAR 0.0 0 2.633794071652934 1400.522354124793 279.1289251152725 1809.0566433379554 526.5343603968338 2.0943 2.4031 5.4998 15.387948945847507 -17.772254819181157 -6.4152 1.3055019301060786 0
CAR 0.0 0 2.8511711003077655 2120.2326167464917 274.3549013045108 2543.7169326557787 452.32208479250187 1.7 1.956 4.407 12.003703393202237 -31.494815843844634 -6.175 1.4333727837195844 0
CAR 0.0 0 2.727914124512056 1362.9357210863816 120.81558490032741 1965.446056019666 492.08460136290677 4.1983 3.0119 9.4432 18.14311363385295 -20.937680713860264 -5.5448 1.3294501386490067 0
WHEELER 0.0 0 4.208956860323768 805.2311451072894 166.12216878165754 854.4080468969997 246.19507535015094 1.7142 0.8998 1.2689 33.48510817508611 -10.398366144571701 -6.5743 2.88090798914154 0
CAR 0.0 0 -1.7781301438031762 1706.6902331252945 345.58644987184937 1821.1721686812202 434.6522325646168 1.5535 1.9759 4.0961 45.341059380264774 8.066376153159167 -6.8684 -3.131880613887544 0
CAR 0.0 0 2.551803163321986 261.9703735557384 406.4173021249716 467.7342070418353 657.2728885356297 1.458 1.9719 4.1782 17.77221376665092 0.7397161304657258 -6.9509 1.9405150320331095 0
CAR 0.0 0 2.8540335605645937 2471.798994975261 210.00321510354985 3067.4035300290225 435.0419187676581 2.613 2.2684 5.5662 10.168840037377466 -41.53481270659952 -5.7562 1.396936787218214 0
CAR 0.0 0 2.88154127768024 2095.9617485495496 242.09491567519677 2438.384409639578 384.0412803548835 1.651 1.9856 4.1758 14.677175375941008 -35.40587648263051 -6.3514 1.4467878821556848 0
CAR 0.0 0 1.2121569380663106 369.10740568021123 86.51472572543308 432.55415627192804 146.99225557638925 1.56 1.9152 4.172 56.9726841347195 -0.25447039910628977 -7.1881 -0.0768149890958516 0
CAR 0.0 0 2.8577190938714376 2368.675454286703 239.39178535443767 2728.0387799874284 369.8613378953257 1.5628 1.9342 4.1602 13.084522842076774 -42.607096951137976 -6.3567 1.4049595251142237 0
CAR 0.0 0 -1.4198019145048861 239.35595122138562 454.9755979030071 452.2687027851654 582.3577049312887 1.5269 1.9408 4.1155 23.307775028716673 39.66806592669408 -8.831 -2.013284002215193 0
CAR 0.0 0 1.3395632311171832 478.2503507976512 5.694168099841336 528.8361408286821 46.28924892530689 1.5777 1.9548 4.1609 76.96363338791842 -5.88671284926331 -5.6064 -0.18063394780371134 0
CAR 0.0 0 2.7640119600137973 1331.5671606590763 201.03740515252292 1527.7133993951095 313.36393172439506 1.5683 1.9824 4.1753 25.103511822955777 -22.771397293915566 -6.7495 1.3699820769311981 0
