CAR 0.0 0 4.486587431599754 1555.2808396342375 325.6535007614086 1644.9999794873047 411.7662067369146 1.7 2.0096 4.0382 46.506197821447856 12.335840183747374 -6.8888 3.141592653589793 0
CAR 0.0 0 -0.18903436406059315 1138.267742340925 186.79891246070315 1225.682860742231 262.0516530651273 3.1128 3.0226 6.773 73.00176097381156 31.42057075174472 -5.828 -1.5736332775196553 0
CAR 0.0 0 1.7177883512801426 -157.33616097009192 231.36906851635766 197.7183838259986 543.9427642232498 3.4115 2.7462 2.4608 21.35516626189531 4.741996261778416 -5.8128 1.619713106820475 0
CAR 0.0 0 -1.777079927471465 -778.6549183379258 167.26420349663678 81.95057815163787 738.0645354491731 3.8144 4.294 14.4415 26.16719433928938 9.139833314001885 -6.7673 -1.2280884727008405 0
CAR 0.0 0 1.190115488535668 -2505.9457270173 578.0948618715742 -734.6196278704366 1401.4476986045684 2.0943 2.4031 5.4998 13.593239293547073 12.04020332288304 -6.4152 2.1781665561032417 0
CAR 0.0 0 2.620125652714888 668.9486768460096 317.9514129998807 890.8045009298145 557.0716407097087 1.7 1.956 4.407 17.3911426533709 -4.675201181847029 -6.175 1.5555458313591857 0
CAR 0.0 0 2.497260855173863 337.30810964649163 132.06825379586937 647.8026017144573 604.6326900326313 4.1983 3.0119 9.4432 21.239554990320304 -1.1107482344392583 -5.5448 1.538921300319517 0
WHEELER 0.0 0 4.209394044587857 805.3756769439491 165.81466711311603 854.4931266326201 245.78636550932208 1.7142 0.8998 1.2689 33.52745144044912 -10.414394152142558 -6.5743 2.88090798914154 0
CAR 0.0 0 -1.7803884702691157 1708.9176142337046 349.5435178113564 1825.8199555644887 440.6507345407738 1.5535 1.9759 4.0961 44.60288989625414 8.09634610175656 -6.8684 -3.131880613887544 0
CAR 0.0 0 2.6833245785915656 1313.5292150754829 226.61473356335168 1715.952251273789 504.61564680287483 2.613 2.2684 5.5662 15.868667878483862 -16.082409456488925 -5.7562 1.3445662732657342 0
CAR 0.0 0 2.6166138025840713 1217.540238299058 254.85586697830723 1462.384410093143 417.80771280760496 1.651 1.9856 4.1758 19.338702026079083 -15.68680972476391 -6.3514 1.2897082494761947 0
CAR 0.0 0 1.4054912840108493 1827.2123719836782 215.119172497983 1877.3524812867129 244.79933760595327 1.56 1.9152 4.172 114.82640641573005 -8.432272097889046 -7.1881 -0.04190840405596502 0
CAR 0.0 0 -1.4265134643321693 228.73696610813224 445.62044591545697 437.7656274674843 568.3930770565183 1.5269 1.9408 4.1155 23.813917143535367 40.589357145874445 -8.831 -2.013284002215193 0
CAR 0.0 0 -0.52075716392603 921.7118647231788 499.18461479088535 1089.8785005695963 663.5320225874046 1.585 1.9239 4.1682 24.42526172422893 23.85917610057615 -8.1024 -1.5713566307089781 0
CAR 0.0 0 2.782839868311755 2015.3436237757708 282.75472644293745 2409.060888929349 449.4083401631089 1.5006 1.9544 4.3204 12.720606133892039 -29.41458401583016 -6.2434 1.37457573667756 0
CAR 0.0 0 2.7376518911557444 2021.097365604447 238.43626423415364 2375.8371153475287 382.19221014259546 1.5496 1.899 4.5119 14.946520651968022 -33.35250387275973 -6.1851 1.3058166515910923 0
CAR 0.0 0 2.764395279674458 1330.3963097585483 200.24274965284602 1526.7043733196342 312.6526449774735 1.5683 1.9824 4.1753 25.08661957386893 -22.717543836168996 -6.7242 1.3699820769311981 0
