CAR 0.0 0 4.317824326428395 1466.7425105758525 322.5473453062266 1528.8649744137083 400.29606152664195 1.5848 1.5393 4.034 46.72406985912027 15.228084632037065 -6.9916 2.9829474981030093 0
CAR 0.0 0 4.337765397314913 1585.724489369168 321.2850368710451 1672.9457651659293 401.055027446071 1.6092 1.9505 4.2191 48.87449096856581 11.314378795590251 -6.9696 2.9845130209103035 0
CAR 0.0 0 -1.1678134506701925 542.6877303324225 389.20476601909496 702.9434705510225 494.6869024340572 1.538 1.8644 4.1936 29.193352110808295 36.19650290946505 -8.0185 -2.1252057522474965 0
CAR 0.0 0 -1.3154559779955102 362.89307351118555 414.08275322954046 547.7819262533869 527.1304481443298 1.5398 1.908 4.1045 26.26020634349641 39.0943041463464 -8.3962 -2.0890224003602347 0
PEDESTRIAN 0.0 0 -0.41002643044229115 3468.824920441932 943.5520690556234 3872.681020819845 1172.319333277878 1.7 0.4338 0.5002 -0.6519909946782121 -21.840565182666822 -6.7266 -1.7001904922863706 0
CAR 0.0 0 2.473255806065702 479.0304901711638 149.21965267300916 738.5819347749816 477.7504509453685 4.0512 3.03 2.5289 20.352932703277098 -2.9966740811055215 -5.1666 1.364300103335136 0
CAR 0.0 0 4.310042123256965 1502.3361550756222 311.10557184836523 1561.6846861535685 376.4046103503333 1.3936 1.6751 4.618 52.93 14.094700547458924 -7.3266 2.959475738275266 0
CAR 0.0 0 4.406670633183932 1610.5189765770222 300.7689603610695 1689.0574605730324 373.3145971192155 1.7 1.8675 4.4489 55.085 10.1373 -7.0682 3.0368570631059066 0
CAR 0.0 0 2.664713693362308 901.023311832812 99.14404018733862 1583.6010654950505 641.1424064996671 4.1978 3.0224 13.9821 18.290571419870588 -10.9363603212988 -5.1618 1.3604189191013516 0
CAR 0.0 0 2.7231477353037397 1692.2814632117918 181.4713969258953 1938.9893674684574 296.61675189762116 1.7 2.0375 4.4489 22.466080366299973 -32.384560540272076 -6.3555 1.282114722791966 0
CAR 0.0 0 2.836724126082207 2431.884232211668 206.49923304612685 2729.2695196965137 312.527641244066 1.5686 1.4651 4.0018 15.113918253771004 -49.988801537050044 -6.3941 1.3655130147574221 0
