CAR 0.0 0 1.5999329366614263 355.30093368311265 70.1274228785958 446.81081630660753 135.14235170417288 1.7 1.937 4.0135 55.04973981929755 1.2017182165795623 -6.2264 0.2769478986028073 0
CAR 0.0 0 2.920510334060605 1405.427898026637 277.0067477156253 1634.7557515218796 438.7622859496559 1.7 1.9624 4.2616 24.52163090945358 -26.960000955879384 -6.4566 1.5798550217274272 0
WHEELER 0.0 0 2.880737936150303 1525.1199827991347 344.702506379002 1649.8965526596928 479.956174971954 1.7 0.8106 1.621 21.173420044699704 -26.571493330294636 -6.3809 1.5635222017560881 0
CAR 0.0 0 3.0227898419736805 1778.1670185355713 306.302301818696 2111.699743152702 497.6437494227359 1.752 1.7066 4.5021 21.4890953114116 -32.90719631460921 -6.3051 1.6546732152024497 0
CAR 0.0 0 3.037281343475029 1728.0634421416999 282.4025760563967 2023.877160819098 442.6454011029813 1.6356 1.9585 4.5139 24.268033735999587 -33.91910798753948 -6.5383 1.6564487319189027 0
CAR 0.0 0 1.784651923659134 1264.1821390402279 -329.4446114601707 1348.7648531380717 -267.63885184651855 1.7479 2.1574 4.4141 -67.4879 8.6671 -7.1261 -0.010319424834180245 0
CAR 0.0 0 3.0141607096885514 2117.486701767137 307.00374165114823 2508.25367730556 476.69107061557503 1.5888 1.9932 4.2218 21.60088093337031 -39.99551517842478 -6.2836 1.6104035849024376 0
PEDESTRIAN 0.0 0 3.229363097788282 1557.6962868653964 382.16704283469613 1600.392641119342 455.1811471230335 1.651 0.5088 0.9606 36.370533583255764 11.626305929762935 -6.6051 1.9174778364964447 0
CAR 0.0 0 -1.298975102781812 76.9953404706205 363.37210389676534 280.66717291837836 451.9228034207317 1.4933 1.9845 4.3346 13.952154256852726 42.713115559941315 -7.4122 -1.7143042624112637 0
CAR 0.0 0 -1.23224758030218 1598.4661476074562 260.67725516349975 1675.7154658573181 311.2807324084798 1.7 1.9861 4.2709 67.89628429479144 17.886196354282337 -6.5167 -2.6305764830943255 0
