CAR 0.0 0 1.761312820111982 400.85979450274885 16.294925882874523 462.9583403635 59.48982296643307 1.7 1.937 4.0135 79.22994893047195 6.048997671302242 -6.2264 0.2769478986028073 0
CAR 0.0 0 2.9205264950624414 1405.3804548625544 276.9755580411887 1634.6772041788709 438.7119633777177 1.7 1.9624 4.2616 24.524044917528478 -26.96000059692743 -6.4566 1.5798550217274272 0
WHEELER 0.0 0 2.8807461002890733 1525.0903283238356 344.6831200807343 1649.8580039750482 479.9301757274639 1.7 0.8106 1.621 21.17448854955554 -26.571495834903274 -6.3809 1.5635222017560881 0
CAR 0.0 0 2.9212496603661013 1705.8656453734177 309.9074708536504 2027.6051399572896 504.7510898481887 1.752 1.7066 4.5021 21.297395903765146 -31.333160587978494 -6.3051 1.56412138454581 0
CAR 0.0 0 2.920092261298504 1629.3984993948525 280.66579771420186 1905.6289857394397 440.8514152587208 1.6356 1.9585 4.5139 24.450763199417608 -31.848423033551242 -6.5383 1.5496668587214586 0
CAR 0.0 0 1.784651923659134 1264.1821390402279 -329.4446114601707 1348.7648531380717 -267.63885184651855 1.7479 2.1574 4.4141 -67.4879 8.6671 -7.1261 -0.010319424834180245 0
CAR 0.0 0 3.0145264143901302 2109.4017876378525 305.0403966519984 2496.3849929309035 473.54427499501753 1.5888 1.9932 4.2218 21.73572850088801 -39.953862854929135 -6.2836 1.6104035849024376 0
PEDESTRIAN 0.0 0 3.078121265866284 1412.3002390551299 350.44241922297596 1471.675863065867 439.48526160109895 2.0834 0.8594 1.2954 35.906504155013984 15.11288309029165 -6.4178 1.774178811100657 0
CAR 0.0 0 -1.2762783874968089 173.51204999361184 443.03384263213525 429.19115112888636 572.4276084099356 1.4933 1.9845 4.3346 11.891309780445061 30.73674163915398 -7.4122 -1.8153757089460985 0
CAR 0.0 0 -1.1677929708381567 1542.2458463309429 284.4665988232456 1634.4588868900373 346.16161173351054 1.7 1.9861 4.2709 56.14786841855348 16.810887968525627 -6.5167 -2.5432993446096175 0
CAR 0.0 0 2.443868197185548 360.424813205493 268.62878650309773 497.19139667117236 327.15981783908825 1.7 1.9565 4.7638 28.27165319470668 54.73100719223755 -6.9364 1.4784007069046419 0
CAR 0.0 0 -0.14753568745704104 2176.0168639455455 482.71010968797117 2759.199526223094 768.3000236233302 1.6932 1.9814 4.11 14.43114427872786 -34.14806635042917 -6.6873 -1.4705620644597983 0
CAR 0.0 0 1.9744134683260697 412.1416042350039 96.67427016751132 596.8717811000905 270.75793741836674 3.1128 2.997 6.1486 37.594376056604766 -6.274825636853009 -5.7625 0.7401940940238512 0
CAR 0.0 0 3.2158029225598543 2506.2276777337256 279.4592357126489 2925.7910666350017 427.2102152386743 1.5642 1.9835 4.1622 23.116903801250473 -50.3246293947666 -6.199 1.7737371163127353 0
CAR 0.0 0 -1.59825718423899 1683.6026076510266 280.3104395520038 1766.8957789968028 338.473601868026 1.7 1.9526 4.1684 62.50116163395175 13.179616084114874 -6.5514 -2.992172382108163 0
CAR 0.0 0 -0.8403316772559528 315.2015606083228 452.30856346155656 795.4414038025513 1151.706939281815 3.1038 3.0352 6.5884 12.515484774488355 -12.102562852323407 -6.2887 -1.509341086585937 0
CAR 0.0 0 -0.0406422256415786 1147.6755517865022 198.3027161934256 1266.7198685389587 266.3345699173532 2.7763 2.7552 7.2016 62.903800000000004 37.8616 -5.1699 -1.422524184228078 0
CAR 0.0 0 -1.2204426313247563 1667.0959522398368 -721.8922688536427 1959.8361634838777 -513.5586116327096 1.7 2.0312 4.764 -29.819561606072714 5.467007560926888 -8.0055 -3.117640778232648 0
CAR 0.0 0 -1.535249448020407 1489.7370206131973 323.3506895186929 1604.123154720674 404.314420719844 1.7 1.9575 4.0881 43.5155085397523 14.589196374350779 -6.4594 -2.8761022301203116 0
CAR 0.0 0 -1.0193383361062782 481.39680643813546 457.2154722702363 710.9694820220325 590.8410233769786 1.4978 1.9686 4.1877 15.473909538553738 25.177379394726326 -7.4222 -1.8730694627521352 0
PEDESTRIAN 0.0 0 2.967676390319859 1716.039787407446 380.0182144057744 1783.0769045957281 475.2601324379388 2.0136 0.8864 0.9253 36.712395015980825 7.8038996703955235 -6.2865 1.6361990662420665 0
CAR 0.0 0 -1.3037964241120836 286.7254476621426 585.6532781851508 625.2463539511962 807.2941985389842 1.54 2.0491 4.191 9.243653335996804 19.915149330803036 -7.5175 -1.8895750916694434 0
