CAR 0.0 0 2.7325292019503578 1336.5977652102429 202.11703686280939 1534.997299166519 315.50171323637204 1.5683 1.9824 4.1753 24.842677842096553 -22.726759257641376 -6.7242 1.33882426606999 0
CAR 0.0 0 4.357969463296157 1702.8445971468534 328.5099570512205 1847.0086173438954 447.37770158834974 1.9963 2.2756 5.9988 45.190218860317756 7.915326858638595 -6.704 3.0012018670575786 0
CAR 0.0 0 2.7029665805648886 1388.744219387927 207.35535856166914 1646.287031805181 348.0201460670564 1.6094 1.8776 4.9449 21.344097191118845 -21.691140641559713 -6.2139 1.3114097922132018 0
PEDESTRIAN 0.0 0 2.7270115056863062 638.5904710236857 127.07049397433788 675.4222773283323 194.23890436899066 1.7016 0.7772 0.6957 39.75989213205518 -7.078041240320989 -6.3348 1.3955368288674803 0
CAR 0.0 0 -1.5469589795466772 246.87599134160772 422.22412529723886 456.3004261658412 542.9396278458103 1.5083 1.8983 4.1522 23.861647721325994 39.95065281099371 -8.1788 -2.18213576590055 0
CAR 0.0 0 -1.2901629533504742 405.9199388797488 424.57389389880666 598.6213517472659 544.3413096109598 1.4958 1.977 4.1388 25.350099934229107 36.83360001709616 -8.1989 -2.09854158769705 0
CAR 0.0 0 4.392023744868831 1708.0966838981508 206.0332314092951 1867.8912773609193 332.7501461701193 3.4934 3.115 10.3352 63.26479964303469 5.0191 -5.0918 2.9686603356601298 0
CAR 0.0 0 -1.6596890335354164 140.68000832948695 381.5894043774239 334.83724000758707 481.5072631447217 1.508 2.0028 4.001 26.02780172780698 46.1866 -8.2196 -2.1681369818205787 0
CAR 0.0 0 4.391394218646928 1725.171275854398 254.6068781007159 1821.5750336537085 337.22110826493576 2.4532 2.2469 1.9737 57.1937 6.1447 -5.6178 2.985525566570448 0
CAR 0.0 0 4.878791238203323 3610.1954705265607 -2323.699751815293 6285.025813336718 -965.4318326131556 1.7 1.989 4.2817 -2.7357997115369637 23.695458382176408 -7.1172 3.0019663134302466 0
CAR 0.0 0 4.8855376398467865 -24298.97205334064 -302478.29677617457 772303.3611090538 11308.36421709294 3.0024 3.0029 5.9984 2.1875614513425945 20.060771050174424 -6.3697 2.9537335159015963 0
CAR 0.0 0 -0.463167365126558 2797.021460989417 369.3844454266419 3769.3047463517987 696.6266103436521 2.0449 2.1484 6.0265 3.9048990277004774 -36.564055598637516 -6.4734 -1.87558279116968 0
