CAR 0.0 0 2.781306176531312 1310.6571421750962 202.7937668173981 1506.9297270436743 316.857381317694 1.5683 1.9824 4.1753 24.953368237546783 -22.01659087572871 -6.7242 1.391616819307995 0
CAR 0.0 0 4.415166117097984 1702.4853660843758 325.8561431410942 1844.546123553703 442.67344498980543 1.9963 2.2756 5.9988 45.76781601551555 7.856018043758191 -6.704 3.0566068809084705 0
CAR 0.0 0 2.768387624033653 1378.5029807310564 209.07630350609338 1636.3811045318826 351.1305431995095 1.6094 1.8776 4.9449 21.251280139456515 -21.329655175429636 -6.2139 1.3795353276698106 0
PEDESTRIAN 0.0 0 2.9072879699935754 631.2453604959384 127.24468139517221 668.2444695851024 194.5204427869295 1.7016 0.7772 0.6957 39.77394840890161 -6.870785946835305 -6.3348 1.5787143958338035 0
CAR 0.0 0 -1.130544587818306 199.67410567862186 428.5139742463439 418.79780372094956 552.9777476366197 1.5083 1.8983 4.1522 22.97223211490474 40.29939895349762 -8.1788 -1.6986471999023898 0
CAR 0.0 0 -0.9253898682912868 379.90192539660353 430.6151156306236 579.1253174305645 553.7879002433411 1.4958 1.977 4.1388 24.644669066082994 36.88457566350714 -8.1989 -1.702920799359803 0
CAR 0.0 0 4.491052863977561 1693.7307665336218 204.39623327094787 1847.6006344403556 328.91425313346616 3.4934 3.115 10.3352 63.88409703473936 5.5183826750604235 -5.0918 3.0676513757056805 0
CAR 0.0 0 -1.2756533926760025 87.07862558124299 382.30249720315277 287.5027678836884 483.0260543072563 1.508 2.0028 4.001 25.35869424414221 47.21404058779223 -8.2196 -1.689088395475315 0
CAR 0.0 0 4.466974653058294 1731.2057599739635 256.0841787121095 1828.9700248622764 339.5204293295422 2.4532 2.2469 1.9737 56.766444090182766 6.001820293195573 -5.6178 3.061520652592247 0
WHEELER 0.0 0 2.771979126699859 1699.2411091230415 333.37020725535035 1869.3144046464088 468.6923485661437 1.6332 0.8894 1.834 14.336443942486968 -21.146428735267506 -6.5953 1.4215476336015793 0
CAR 0.0 0 2.76117216994375 2285.724581531696 215.18114753147486 2641.5338751883837 349.19831576759805 1.654 1.8689 4.1757 13.80473485971672 -40.38518575423458 -5.8865 1.303371357613911 0
