CAR 0.0 0 2.732529228109918 1336.59294145885 202.1162243631612 1534.9913488028928 315.50050199061565 1.5683 1.9824 4.1753 24.84279801388665 -22.726700963444767 -6.7242 1.33882426606999 0
CAR 0.0 0 4.357969480560601 1702.8456153230552 328.51012552801365 1847.009944373345 447.37798323822 1.9963 2.2756 5.9988 45.19020030664188 7.915300436683172 -6.704 3.0012018670575786 0
CAR 0.0 0 2.7029650351156334 1388.7356834224138 207.35592256916675 1646.2778793041414 348.021240368126 1.6094 1.8776 4.9449 21.344099954331597 -21.69090194083695 -6.2139 1.3114097922132018 0
PEDESTRIAN 0.0 0 2.7270109755121728 638.5890061370485 127.07050246249334 675.4208415391374 194.23892650507963 1.7016 0.7772 0.6957 39.759899872078435 -7.078000670508823 -6.3348 1.3955368288674803 0
CAR 0.0 0 -1.5469457342776283 246.8800930690609 422.2143245843063 456.29820297865706 542.9246904122556 1.5083 1.8983 4.1522 23.86238086945014 39.95138547490429 -8.1788 -2.18213576590055 0
CAR 0.0 0 -1.290162950281785 405.9199416391802 424.57389341110957 598.6213539047144 544.3413088439659 1.4958 1.977 4.1388 25.350099998930762 36.833600000277926 -8.1989 -2.09854158769705 0
CAR 0.0 0 4.392023631260166 1708.096995283903 206.03339267009338 1867.8919695600953 332.7505733449116 3.4934 3.115 10.3352 63.264699784945954 5.0191 -5.0918 2.9686603356601298 0
CAR 0.0 0 -1.6596891460716265 140.67994590544103 381.5894159034729 334.83719143184726 481.50728058503336 1.508 2.0028 4.001 26.02780002809155 46.1866 -8.2196 -2.1681369818205787 0
CAR 0.0 0 4.391394218646928 1725.171275854398 254.6068781007159 1821.5750336537085 337.22110826493576 2.4532 2.2469 1.9737 57.1937 6.1447 -5.6178 2.985525566570448 0
CAR 0.0 0 4.779597727986531 2874.918604390491 -1350.2198517467755 3968.618564253879 -595.6797265783105 2.8877 2.2446 3.2188 -6.360010150496453 25.034679493011303 -6.4362 2.9438334821839995 0
CAR 0.0 0 4.783764286869733 2542.420215504978 -1072.3446197645499 3269.2726119416707 -585.2856994892503 2.2938 1.9255 3.2364 -9.298544817873545 25.471423551802484 -6.7544 2.942028757548226 0
CAR 0.0 0 4.01601973472536 1206.7452026162216 485.1103248396719 1356.5079541593122 659.5906812587273 1.7028 1.988 4.1224 25.676153610268102 18.801904823465065 -7.5202 2.861345012993164 0
CAR 0.0 0 4.84297045783456 4303.977326755983 -3943.7537028379165 10144.494879871983 -1178.704264709519 1.8056 2.105 4.7288 -0.6744809271155008 24.153936983235635 -7.5445 2.951585955702313 0
CAR 0.0 0 4.282971979557901 1514.7942733239247 388.9143590054092 1626.8324079431711 515.7709039279864 1.7 1.9526 4.3411 34.82066259277316 13.693616524736939 -6.8415 2.9914358996827604 0
