CAR 0.0 0 -0.10101432566476065 1149.5761510578488 202.45858374811684 1271.5027125092886 277.1275730336713 3.0887 3.0353 7.0662 63.373906519638126 37.899864544576474 -5.5641 -1.477576390199944 0
CAR 0.0 0 -1.6804027857272046 1777.8429363405662 330.189924115505 1895.726052902776 423.4646874544012 1.661 1.8473 4.112 42.52228782384883 6.825219824621208 -5.6812 -3.0500607807103046 0
CAR 0.0 0 3.008148669923039 1349.5756270518352 191.9048535489534 1512.8247218249362 306.4057238114104 1.7 1.937 4.0135 31.902453262408635 -28.462652920457412 -6.2264 1.6087736008161464 0
CAR 0.0 0 -1.2799755715644907 209.17906162103452 429.2429950075225 443.6501941909588 559.3642077312261 1.7 1.9714 4.0628 12.698279407672842 31.31072136267241 -7.4038 -1.8673876289855698 0
CAR 0.0 0 -1.0824611302095706 380.82560470994616 442.14288094682183 575.879126676264 554.6599443485636 1.4656 1.3758 3.7786 14.819125835757626 28.66221523162917 -7.4477 -1.8503676822190267 0
CAR 0.0 0 -1.097045403929958 236.967335214713 324.1098886466741 528.6538898393682 493.0849461520236 3.0074 3.0141 6.0193 16.62192971269603 35.939705416846195 -6.7457 -1.8587980939027253 0
CAR 0.0 0 2.971429062452341 1401.5978878740066 230.1084344141944 1599.1772420884636 358.4451568964215 1.5329 1.947 4.1625 27.800791263939608 -28.141395264083098 -6.1782 1.5933728930092512 0
CAR 0.0 0 -1.3966109013513748 117.87696776207655 396.20161079628946 327.74861038048067 496.35762495653023 1.5121 1.9339 4.1099 13.241337880126895 38.15280659559253 -7.6011 -1.8619935011827247 0
CAR 0.0 0 -1.8928328802886645 1129.8999048409485 497.0335086774903 1373.219162213872 681.3429793617179 1.4297 1.9111 4.1493 18.012158689031484 11.406166321036963 -6.1459 -3.0278100857010606 0
CAR 0.0 0 -1.8996783529157972 1198.1655921718514 519.8947999082158 1603.9237838401684 881.6535768905585 2.0202 2.5494 5.842 15.206371681634447 7.800495107230723 -5.7294 -3.0191593915048185 0
CAR 0.0 0 1.4518624223433263 397.4444247241334 33.59689016890307 464.69217742685447 80.54092247356834 1.7 1.9759 4.002 73.72949823103563 4.795411401266949 -6.5901 0.011400376679483456 0
CAR 0.0 0 -1.636275899034198 1546.5639004877353 277.2429093291434 1761.2006733666628 452.26151662706377 3.123 2.9994 5.9995 36.61625057026976 10.13598595908583 -4.9167 -2.9940969304821317 0
CAR 0.0 0 -1.6273988473125052 1763.2336850962693 269.45116063459125 1903.4176026635741 388.7641250064022 3.3377 3.0755 3.0748 55.00149193156906 8.522213195598628 -5.9795 -3.0218378221645223 0
PEDESTRIAN 0.0 0 3.010325606233994 619.2861163435366 127.477348784368 661.9191805758757 202.13576117659414 1.8579 0.9295 0.9471 41.46399720448008 -9.049298231568963 -6.0836 1.6907205764568618 0
CAR 0.0 0 -1.5366882387262502 1752.859556576692 193.95136816337052 1917.9212740122764 335.94128207813066 4.1862 3.2286 10.2919 61.72407932916383 9.56865326906186 -4.2942 -2.9673446364807607 0
CAR 0.0 0 -1.693156499310808 1432.943628618517 369.1162970492628 1572.9948874281833 467.33794525414277 1.5588 1.9734 4.1783 35.11035991594999 13.139622430025598 -6.5613 -2.994059404777344 0
CAR 0.0 0 0.7115606520481705 138.074510349435 210.85840909457636 321.74088966998625 336.2870150637846 1.7237 2.0206 4.126 32.609040361901066 -0.9861793508696941 -6.818 -0.0016624063706126633 0
CAR 0.0 0 -1.5945639254458621 1671.2288353041004 296.09792061002304 1763.9994574837403 359.7957972852415 1.5556 1.8854 4.2176 54.3514891382526 11.924855327537347 -6.2649 -2.9773919579165367 0
CAR 0.0 0 -1.6269995153177406 1724.4800561705188 245.48557498490743 1792.1290346275784 290.6129441259572 1.5712 1.8019 4.16 73.2149 13.9673 -5.809 -3.046891861113615 0
CAR 0.0 0 -1.6078440843754092 1540.0799852298792 300.9705313494102 1635.1705079934964 371.7685933782958 1.7282 1.6724 4.4604 50.2299 15.215799999999998 -6.4626 -2.9706858680711745 0
