CAR 0.0 0 4.461406338961595 1561.5245572683125 327.14812203762347 1652.639488964934 413.9667346731749 1.7 2.0096 4.0382 46.2951 12.1536 -6.8888 3.11655435550722 0
CAR 0.0 0 -0.3304816039095446 1147.0123217535074 187.3324082266689 1234.242638416625 262.89941002822195 3.1128 3.0226 6.773 72.9264 30.9305 -5.828 -1.7158531596828857 0
CAR 0.0 0 -1.430715639643572 430.1776927222207 559.0848027825897 803.9123223327039 1017.0672853701242 3.8081 2.9722 2.9156 13.463038923470139 24.77013633853706 -7.0351 -2.1171360326772217 0
CAR 0.0 0 2.4386571197843283 766.1039156386184 190.91625498597085 911.7935160738596 320.44401398157567 1.7 1.967 4.5895 28.662538065978584 -9.073241440448205 -6.577 1.1608772738052422 0
CAR 0.0 0 -0.2647588183600855 3838.4079986558677 166.3835019027609 6236.812817990677 598.1062833808022 4.6414 3.6368 14.786 -5.096080580852014 -87.78628791017915 -6.1579 -1.763346625374898 0
CAR 0.0 0 2.647728368625626 1766.5855982012536 181.49253797894258 2052.9115399950438 399.801204907335 3.4115 2.7462 2.4608 16.746 -27.213399997986503 -5.8128 1.2258169406910011 0
CAR 0.0 0 2.6736791622293157 1463.3224305173178 275.6438936735956 1738.6310273624115 431.53048117316064 1.5441 1.9368 4.2225 17.8426 -20.5992 -6.7047 1.3186377821279618 0
CAR 0.0 0 -1.1458251463076232 276.3678408108657 247.9529883972602 733.9530768674942 480.35132589926343 3.8144 4.294 14.4415 32.9921 41.8438 -6.7673 -2.120489226164379 0
CAR 0.0 0 1.805376037359825 429.5218021374296 167.8119887069508 528.1137142368566 281.071491617164 1.7 1.7559 4.4079 34.82746529877446 -1.7281872181725495 -6.7373 0.6702093611010411 0
CAR 0.0 0 2.979561982040974 2759.481081415641 199.56565553792223 3413.819771735809 403.2579875597776 2.3829 2.6598 6.0028 8.55417312318512 -50.302502274812625 -5.6352 1.5041920817351715 0
CAR 0.0 0 2.676432703981537 1566.249559769906 307.93285511098367 1934.9086101883381 512.17636324145 1.7 1.9879 4.7683 14.6432 -20.4419 -6.6494 1.333552304766139 0
CAR 0.0 0 2.6483532537986703 1883.398981764902 307.9786984134827 2260.0126150514184 482.00143166718715 1.5135 1.9357 4.3357 13.2682 -26.6938 -6.6523 1.2644279727318088 0
CAR 0.0 0 2.649239520519182 2196.6357041494757 270.09949437894767 2745.011541784661 490.9682955967961 2.0943 2.4031 5.4998 11.1554 -33.9905 -6.4152 1.2290361204144005 0
WHEELER 0.0 0 4.333798267241965 776.9583839889518 141.71670969705582 825.9658219202314 220.42911605178523 1.7185 0.8392 1.6951 35.779053396696476 -10.289979992273764 -6.3427 2.984313267049473 0
CAR 0.0 0 -0.4052581500657557 2759.7254798325494 416.3743818300336 3398.7429731116317 659.2316118645595 1.7 1.727 4.1102 4.7377121248282075 -34.83440225982673 -6.8135 -1.8046014804023776 0
WHEELER 0.0 0 2.469079626150508 726.9158973624891 310.1847407193307 762.9431982372874 370.9216792863676 1.8147 0.6832 1.1965 41.2674 39.844 -7.757 1.3265631903688766 0
CAR 0.0 0 -0.5063532584523547 1633.768654966553 373.96781458508843 2452.0864987602554 869.779217028073 2.7252 2.5328 6.0568 8.2478402644986 -16.16901165371492 -6.1749 -1.7877509125443363 0
CAR 0.0 0 2.8916465080433307 2527.266517709703 265.58021881149864 2991.0021535724904 430.40246263201163 1.7 1.956 4.407 9.813491854717372 -41.11128653150843 -6.175 1.4450837886021748 0
