CAR 0.0 0 -0.03536646603864435 1147.8896651569305 202.70777152461025 1270.240416761104 277.6398264291384 3.0887 3.0353 7.0662 63.12432161257312 37.84662558738661 -5.5641 -1.4114024759719594 0
CAR 0.0 0 2.1284638408601992 -372.9056759336932 181.23361003433646 396.4661759082808 716.0673139556471 3.3784 3.4486 11.6024 20.69803987702633 -4.3162932299874015 -5.4833 1.9412434128009162 0
CAR 0.0 0 -1.7069869408502383 1600.227971965113 302.0919054734947 1745.0667421948447 422.91250181642005 2.5061 2.2666 5.3185 43.37201888649136 11.028446017901281 -5.9066 -3.0663557118638796 0
CAR 0.0 0 1.2873203086155267 -919.1053376722577 260.07682075499486 -90.77584975988495 695.8512637924183 3.5225 3.6418 4.7722 18.08123397783909 1.0154305443212583 -5.4368 2.062397857196418 0
CAR 0.0 0 -1.7477884024731407 1532.5280196249362 312.5786448326006 1641.4937937795855 389.1267819045647 1.7 1.9666 4.1398 46.47471276262475 14.221460543533691 -6.3811 -3.1019631316146827 0
CAR 0.0 0 -0.6324858317743078 -297.61453125093504 160.2521108060511 242.40127097102257 518.1502857915083 3.5244 2.84 10.3328 27.205802731716936 0.5043321937480378 -6.2138 -0.6448801617092148 0
WHEELER 0.0 0 -1.1470102839221168 809.1217176397859 174.42724120107744 834.240826517628 240.2793281198709 1.455 0.6025 0.8913 36.68045628852391 -14.184978874256851 -6.2896 -2.470962799178619 0
CAR 0.0 0 -1.7229873684206756 1783.560157312176 329.80629031306256 1900.9673634757728 422.810983553974 1.661 1.8473 4.112 42.721181410480455 6.723598471257251 -5.6812 -3.093492692234448 0
WHEELER 0.0 0 -1.7221254873491865 1511.2697556661417 342.43847856180525 1563.020773970778 411.59219021849935 1.7 0.7138 1.6517 41.138779119512975 14.168537374701067 -6.5238 -3.0527780599336807 0
CAR 0.0 0 2.9524459448236433 1347.1174475174007 192.85523753737286 1510.6477590690315 307.88019578523733 1.7 1.937 4.0135 31.785600000000002 -28.3542 -6.2264 1.554161860999463 0
CAR 0.0 0 2.768263457983157 983.4487976878162 296.97150075873617 1113.4071425190054 445.30223063922153 1.4668 1.6524 3.5756 23.786840002367615 -17.95882952567227 -6.3814 1.5367754811159338 0
CAR 0.0 0 -1.186357280075394 212.15537452929289 428.7937842040382 446.0429376498684 558.6407219650686 1.7 1.9714 4.0628 12.759405292951497 31.312625071875516 -7.4038 -1.7780935580836401 0
CAR 0.0 0 -0.0711854478670435 1158.0468318400383 550.0564443445163 1382.380570171946 737.7300830089249 1.5178 1.8289 3.9952 18.690904547139013 11.322553076186352 -7.2359 -1.1764852323865715 0
CAR 0.0 0 2.8811148332383656 1011.189634346497 262.05548973268685 1225.7919737257614 544.1710959854506 2.5358 2.0016 5.2596 20.576662145854197 -18.33438065478649 -5.713 1.6527272506894612 0
CAR 0.0 0 2.9693597473587188 1875.1084171643768 255.11723383778443 2177.337255830398 406.5918870168905 1.6434 1.7018 4.5628 25.102214743160395 -37.63574110285233 -6.2183 1.5594762954407053 0
CAR 0.0 0 3.018787711568553 1756.324257225704 319.51846691104487 2045.3797451378298 482.3735801557489 1.4475 1.6209 3.887 21.380894067560103 -32.07687552308954 -6.2681 1.6550769520351345 0
CAR 0.0 0 -1.3507812822913312 110.14422776227492 279.36757406215895 217.84253769282097 333.10269719539735 1.7 1.5386 3.3297 21.429783977454633 64.14849912676013 -7.5647 -1.8436813340996476 0
CAR 0.0 0 -1.1698256009168149 261.6547414414023 355.6751102617398 415.65484261998716 431.27816044479385 1.4656 1.3758 3.7786 17.913875481094173 41.50118713534665 -7.4477 -1.8825397648181768 0
