WHEELER 0.0 0 2.8673907613956526 1518.800462272536 334.957821437458 1673.6214025397735 472.5804960344154 1.6332 0.8894 1.834 15.265232158480964 -17.94251390784525 -6.5953 1.5435531208983042 0
CAR 0.0 0 2.9274586724929206 1378.0625458627123 228.45962986866473 1640.7711447697166 385.2271110712642 1.654 1.8689 4.1757 18.615462417162533 -18.854928871600706 -5.8865 1.55528535101477 0
CAR 0.0 0 1.4082935127288534 435.2143996217102 13.865532194573552 483.7279380869301 61.69647249794955 1.8284 1.8307 4.868 77.35092814618692 -3.6361467663764886 -6.1655 -0.08181825378715425 0
CAR 0.0 0 2.8489681941258893 1745.4498733497353 300.38451161171855 2109.2090293333154 488.39288442300233 1.7 1.7312 4.5344 14.13505234916877 -24.14754728387368 -6.639 1.4782455116673214 0
CAR 0.0 0 2.9019305003959053 2071.0741134120976 301.91916104560477 2477.4866269781814 481.60331993548203 1.7 1.6226 4.5676 12.370817029360897 -31.02040664811265 -6.7663 1.5002918376385186 0
CAR 0.0 0 -1.7364968312445126 1467.949299104849 321.79351667480444 1529.8608098348327 399.1741578296047 1.5848 1.5393 4.034 46.91139480701909 15.197047423349098 -6.9916 -3.0721193112778926 0
CAR 0.0 0 2.8745163007146064 1665.779641787727 258.5191865059327 1971.1835911063108 415.90624188950943 1.7 1.9869 4.3341 17.076618322372017 -25.398923831099744 -6.6115 1.485498200037067 0
CAR 0.0 0 2.943952570951804 2360.9364835702527 263.74222134097437 2794.9266320636866 427.91020422514595 1.7 1.9419 4.3933 11.123357154464994 -37.95354326730386 -6.2196 1.5052191833647506 0
CAR 0.0 0 -1.7378469219812869 1577.0340767596051 320.6575703261617 1663.0018974434379 400.2128523027396 1.6092 1.9505 4.2191 48.85472971210225 11.589660549708984 -6.9696 -3.090318317252118 0
CAR 0.0 0 -1.71006208667914 1481.2197558250514 290.76252736503164 1549.4147147568494 362.1932881868819 1.7 1.9624 4.4376 53.6671721924221 14.700483013941755 -6.8839 -3.0693585669112906 0
CAR 0.0 0 -0.2793274168127402 3587.8426486703897 302.154289089261 4648.788854149493 587.9520423036831 2.5997 2.5313 6.0978 -0.18974436403355632 -57.80164123748942 -6.3639 -1.7443359766837814 0
CAR 0.0 0 4.962450494111289 2060.8817641332935 -962.7498436089463 2661.690113726808 -598.9037262119945 1.744 1.9602 4.853 -14.636953858868447 25.702968159461278 -8.0571 3.0777419130264443 0
CAR 0.0 0 -0.4356469081721046 2565.11144776929 472.1925074834135 3268.790722543644 766.5988320043496 1.7 1.9858 4.2822 4.718872205832435 -29.230664442866715 -7.0263 -1.799148459894675 0
