CAR 0.0 0 -0.04042015476422889 1142.4729033764165 203.3061935527076 1265.91570882018 278.8893984801517 3.0887 3.0353 7.0662 62.471608574929206 37.76532869139161 -5.5641 -1.4149697506383534 0
CAR 0.0 0 3.023265613228933 1354.4744496795713 193.1007292094338 1519.125144416272 308.1859484789894 1.7 1.937 4.0135 31.75579532493265 -28.535501276456827 -6.2264 1.6242341597410155 0
CAR 0.0 0 -1.250103408708617 200.82183604428255 428.5558789978221 435.5404255158159 558.3405576920526 1.7 1.9714 4.0628 12.607296166959669 31.507603330581908 -7.4038 -1.826574111919186 0
CAR 0.0 0 -1.0701392544332977 383.16565987549467 439.9375141156247 576.7529476323413 551.400630651723 1.4656 1.3758 3.7786 14.957697448690423 28.827802396217695 -7.4477 -1.8424388529812492 0
CAR 0.0 0 -1.0438995019095019 244.06746197538442 322.5869555492525 532.9424383350878 489.9316646463085 3.0074 3.0141 6.0193 16.858600527158064 36.09420297611054 -6.7457 -1.8157902456131392 0
CAR 0.0 0 2.977108325995231 1400.767676995391 231.0620279191398 1598.885979723837 359.94402640080034 1.5329 1.947 4.1625 27.708396591613088 -28.083597894616812 -6.1782 1.5999076178923881 0
CAR 0.0 0 -1.3604111188814159 115.34186389450153 394.95288623772655 324.53058631792925 494.5227480743521 1.5121 1.9339 4.1099 13.258297235399477 38.369304849804536 -7.6011 -1.8219666918375406 0
CAR 0.0 0 -0.5602763435044353 1288.6662467685753 476.8429282830082 1828.3361108779748 953.0462019247798 3.3377 3.0755 3.0748 12.102303419241775 -20.764297672903197 -5.9795 -1.6996692870544583 0
PEDESTRIAN 0.0 0 3.036508980273971 472.0613385284717 134.87373301407467 523.7609326896958 212.78238138557444 1.8579 0.9295 0.9471 40.05681406631962 -5.330560937519024 -6.0836 1.8006514064715917 0
CAR 0.0 0 -0.7020275712113775 693.923395023963 178.25904895718972 1321.964997579984 1158.237789599968 4.1862 3.2286 10.2919 12.900869912267869 -15.011614956771039 -4.2942 -1.7086904518007877 0
CAR 0.0 0 -1.4319676313797172 69.70307039383849 341.33454101793455 245.62647140263778 418.5782417866557 1.5206 1.9327 4.0484 15.10969476109039 47.443093443195856 -7.4583 -1.826875486489279 0
CAR 0.0 0 -1.1434349481785175 209.6372395980387 337.1928699698925 374.9026267093563 419.36983057730373 1.7 1.6238 4.0308 17.683091181205413 43.93510313736717 -7.2916 -1.8037533996333603 0
CAR 0.0 0 2.952369155003203 1402.236682421626 276.8541212623102 1630.8768129243067 438.54763372691184 1.7 1.9624 4.2616 24.534802927210535 -26.897595975571104 -6.4566 1.6121176661405914 0
WHEELER 0.0 0 2.9520031300664358 1544.0361087668825 345.1941257631676 1670.852160417352 480.48890367051547 1.7 0.8106 1.621 21.13529901456457 -26.895506129436104 -6.3809 1.632072091436402 0
CAR 0.0 0 3.0084748121569254 1777.8568908921925 302.9396210149141 2107.9015859759656 491.86234233206955 1.752 1.7066 4.502 21.70916821259833 -33.05437806038652 -6.3051 1.6383132896588795 0
CAR 0.0 0 -3.5577603893416887 -429.88786845721233 238.97957076171699 -37.836393234688366 467.5048282957392 2.5646 2.2507 5.3418 27.19077947563978 4.912462742115247 -6.7852 -2.993462219005152 0
CAR 0.0 0 -2.116856413896346 -231.84558607375197 432.65643351878305 154.2505854702622 704.9854392389084 1.6579 1.8216 4.0307 17.472521277173676 -3.642070938823938 -6.5644 -2.0762784660830547 0
