CAR 0.0 0 2.649237162491241 2196.6328303288224 270.1045758865051 2745.006568267734 490.97383212722394 2.0943 2.4031 5.4998 11.1554053912061 -33.9905 -6.4153 1.2290361204144005 0
CAR 0.0 0 -1.7474357225668817 277.2370361019362 699.0521959157423 656.2116714078547 1036.9958547537572 1.7 1.9463 4.1292 12.750352500050266 26.475888808571845 -8.0915 -2.2538824274090894 0
CAR 0.0 0 4.461406338961595 1561.5245572683125 327.14812203762347 1652.639488964934 413.9667346731749 1.7 2.0096 4.0382 46.2951 12.1536 -6.8888 3.11655435550722 0
CAR 0.0 0 -0.3304816039095446 1147.0123217535074 187.3324082266689 1234.242638416625 262.89941002822195 3.1128 3.0226 6.773 72.9264 30.9305 -5.828 -1.7158531596828857 0
CAR 0.0 0 -1.5506607763081326 94.9167060431127 273.7069714524375 281.773506035493 436.38406160940787 3.8081 2.9722 2.9156 28.280836219198545 50.57269457638011 -7.0351 -2.0473228625974484 0
CAR 0.0 0 -0.8607296654801164 4706.775487469599 -8672.22777064636 17584.630271969134 -1647.107393382576 1.7 1.8429 4.4747 -0.2562261627182534 20.63723251809362 -8.0644 -2.835582519880901 0
CAR 0.0 0 -1.1753988961568025 421.38994041140774 390.4189526664344 705.8879300624366 606.5244659997779 2.7252 2.5328 6.0568 23.95590502610186 33.70980445487978 -7.5934 -2.0348090706185564 0
CAR 0.0 0 0.6206872019179995 -723.5455399182248 124.12508510938198 13.757278933667381 588.0070977132017 3.6974 3.5688 12.6738 27.600855940198883 9.89934683426934 -5.9176 1.3419662498193023 0
CAR 0.0 0 2.729127970496334 1436.6525693657995 190.9940975572355 1659.4158339709359 311.7929734313423 1.7 1.967 4.5895 24.18756431046535 -25.491571348507144 -6.577 1.317956906484731 0
CAR 0.0 0 -0.40612803526435814 2202.2384356337684 323.0990212885814 2935.932330121282 822.5717534754652 4.7316 3.5763 2.8352 6.274777854969049 -23.460914550381453 -6.2046 -1.762672964789536 0
CAR 0.0 0 -0.5131139859217329 1325.118433359041 233.60533280650043 3584.1432266028046 1496.472521460798 4.6414 3.6368 14.786 7.939668146914292 -14.861673803018434 -6.1579 -1.763346625374898 0
CAR 0.0 0 2.6477283626943944 1766.5855545298248 181.49254109569756 2052.911496461357 399.8012120781506 3.4115 2.7462 2.4608 16.746 -27.21339872322774 -5.8128 1.2258169406910011 0
CAR 0.0 0 2.6736791622293157 1463.3224305173178 275.6438936735956 1738.6310273624115 431.53048117316064 1.5441 1.9368 4.2225 17.8426 -20.5992 -6.7047 1.3186377821279618 0
CAR 0.0 0 -1.1458251463076232 276.3678408108657 247.9529883972602 733.9530768674942 480.35132589926343 3.8144 4.294 14.4415 32.9921 41.8438 -6.7673 -2.120489226164379 0
CAR 0.0 0 2.1530405474852086 782.3464798843618 326.22183753197294 914.9082303804865 416.3588706567636 1.5576 1.9781 4.7888 36.12702926973202 33.107916861387395 -7.1594 0.9921549051874662 0
CAR 0.0 0 2.587278859901624 1150.6273524620005 205.89962424684614 1332.2488284524416 332.9032678880298 1.7 1.7559 4.4079 25.42493137888861 -17.633892760614945 -6.7373 1.2285587300409573 0
CAR 0.0 0 2.9792821873433013 2749.2952542024846 199.35469048586 3401.570455663741 403.0609807133455 2.3829 2.6598 6.0028 8.639767150696867 -50.07961493333281 -5.6352 1.5041920817351715 0
CAR 0.0 0 -1.3701811357522486 293.6124846026839 360.7530334095393 466.4709571497827 458.16414555087925 1.7 2.0602 4.2454 30.130305575686506 45.38923762026401 -8.3962 -2.122798748936369 0
CAR 0.0 0 2.8917375996182653 2529.0360203331525 265.57415759512816 2992.9812153680627 430.36422804288554 1.7 1.956 4.407 9.801879528614876 -41.15152670514649 -6.175 1.4450837886021748 0
