CAR 0.0 0 2.686377827612278 1340.9503056655712 200.01004107746203 1538.1413489851486 312.16886391276745 1.5683 1.9824 4.1753 25.03690104342011 -23.006710081864348 -6.7242 1.2904051040461615 0
CAR 0.0 0 2.6468640862226342 1379.803191926391 208.03795073102495 1636.7906897735995 349.32477453938327 1.6094 1.8776 4.9449 21.338500979007158 -21.435101173785725 -6.2139 1.2570095736052027 0
CAR 0.0 0 -1.2996401531679576 220.75938711781248 422.24574897708663 433.4438011843466 543.2212877889821 1.5083 1.8983 4.1522 23.603507077134946 40.43340152338989 -8.1788 -1.9008039597235955 0
CAR 0.0 0 -1.1064256407863273 392.03915878717294 425.37731262569247 586.866530931196 545.6942045353269 1.4958 1.977 4.1388 25.15040567004841 37.03800173054764 -8.1989 -1.900855273565694 0
CAR 0.0 0 -0.6797034921593386 1115.873072325475 245.1955102690023 2451.9997935907327 1186.0253846511512 3.4934 3.115 10.3352 8.68475875801737 -9.867016252874956 -5.0918 -1.8868306166642475 0
CAR 0.0 0 -1.4563127006115681 116.05790415493166 382.2683055133233 313.3048379166767 482.71985657845715 1.508 2.0028 4.001 25.68970370294831 46.62039335218257 -8.2196 -1.921975704819857 0
WHEELER 0.0 0 2.6060826670628043 1533.6390121755926 334.3588773302285 1689.5455889367554 471.6058822759651 1.6332 0.8894 1.834 15.21139936730312 -18.223003934976404 -6.5953 1.2795230550680976 0
CAR 0.0 0 2.629793074352415 1394.2513152546705 227.72770380737782 1658.4707556833414 383.71920312305735 1.654 1.8689 4.1757 18.57710062904184 -19.224299205463566 -5.8865 1.2547721101000144 0
CAR 0.0 0 -0.2683943085183844 3378.4686785874387 349.6172761030727 4147.357038549158 577.3333214881604 1.879 2.4204 4.7456 1.6759843475890448 -51.0189351623269 -6.6157 -1.718096202236218 0
CAR 0.0 0 2.7137613482008973 1734.920479932086 170.5767048169721 2000.3374902697528 293.455077011868 1.8284 1.8307 4.868 22.072458012415428 -33.56563047994377 -6.1655 1.2652991384422807 0
CAR 0.0 0 -0.27052079622726577 3165.6517306193623 338.01792829097275 4061.771377149919 620.0015110881537 2.3003 2.4332 5.4943 2.558871386777569 -46.55499455416803 -6.5644 -1.7115969380679334 0
PEDESTRIAN 0.0 0 2.782194972952656 454.39527980648614 136.78958464841529 493.14498504374785 218.42432973939458 2.0064 0.6591 0.733 39.832134296080184 -1.9867446432694282 -6.5861 1.5692703461305249 0
CAR 0.0 0 -0.643719254013279 1696.6805045627912 497.3256713142009 2181.640492969099 873.9626756007425 2.8092 3.0165 1.8689 7.315662481213289 -14.195648809466636 -6.4515 -1.8774809062209814 0
