CAR 0.0 0 -0.02414894018498215 1152.132705884453 202.71686589937497 1274.2738066676443 277.6008676577512 3.0887 3.0353 7.0662 63.3044 37.7007 -5.5641 -1.4008436983789376 0
CAR 0.0 0 3.057296915914866 1978.0246215158493 141.39100133647617 2827.6442287808586 466.1214635394894 3.3784 3.4486 11.6024 25.788400000000003 -44.5713 -5.4833 1.607797639799007 0
CAR 0.0 0 -0.7452087345531736 628.5358018558876 516.822434344589 906.7011924541064 1029.607819854136 2.4742 2.2545 5.383 13.273740977142316 -13.532498598935293 -6.8547 -1.5434399865274424 0
CAR 0.0 0 -1.7131831315578991 1598.191512696064 302.79702930204945 1743.7097223403118 424.23940525713 2.5061 2.2666 5.3185 43.152 11.0252 -5.9066 -3.07177948351002 0
CAR 0.0 0 3.0491472713970995 1762.7243332080636 164.8140912964499 2197.6447618879033 413.51635401783113 3.5225 3.6418 4.7722 25.3768 -36.3279 -5.4368 1.6209232594911147 0
CAR 0.0 0 2.9163010854247244 1039.7855286568627 204.98746480405396 1171.05892394413 332.4002808053837 1.6999 1.9706 4.412 30.76461501113634 -20.378239355261037 -6.344 1.5826730335159997 0
WHEELER 0.0 0 -1.7557705868009565 1515.2826606321744 339.0799700814602 1555.0639808843566 404.25854537218294 1.7 0.647 0.6935 40.6043 14.103 -6.2977 -3.0892327760299634 0
CAR 0.0 0 -1.7211758752010382 1536.705329487101 311.00686308990953 1644.6240459421558 386.7278201264775 1.7 1.9666 4.1398 46.9737 14.2439 -6.3811 -3.0770070002730305 0
CAR 0.0 0 2.514280873710372 254.74796144131216 200.16929654626682 581.1526524245431 320.32717705131483 3.6584 3.5656 12.2161 29.171441226378384 56.0436317823532 -5.4541 1.4905033519915736 0
CAR 0.0 0 -1.1205235017146458 319.9043095996968 411.48952573117043 633.0317234222045 752.267966222779 3.7838 2.9175 2.9276 9.710221746812007 19.85999880779094 -5.8292 -1.8217944125683911 0
CAR 0.0 0 -0.8684325007010629 321.69197828533817 283.3740188596705 725.4660877857598 483.5903228998184 3.5244 2.84 10.3328 20.15059871643146 34.16330021541693 -6.2138 -1.8215895708039374 0
CAR 0.0 0 2.935121896342566 1581.2924168015475 317.26427860580463 1882.5037817158218 513.0078238251087 1.7885 1.936 4.1812 21.0304 -28.77519994040893 -6.3142 1.5984642161224918 0
CAR 0.0 0 -3.2442482755600164 -35808.112962581334 403.2391007576415 -2913.050528726186 3820.595920248065 4.0038 3.0233 11.3683 11.110837756775341 26.678478018233363 -5.939799999999999 -1.8236377702710016 0
CAR 0.0 0 3.0472532376886208 2220.2397478503112 214.5095857653028 2904.411565175409 498.68490706860825 3.0142 2.9998 6.4302 21.6279 -43.8758 -5.5653 1.6122570075125129 0
PEDESTRIAN 0.0 0 3.062145217548565 1411.3185981397435 366.6052589334677 1450.0346245355722 435.85399130222186 1.7 0.5372 0.8386 36.38526196674778 15.566139847422455 -6.7322 1.7645325550078208 0
PEDESTRIAN 0.0 0 3.0266461355445093 1260.821876582686 354.87679731429967 1305.6110892123932 424.9010236367717 1.7 0.74 0.9001 34.03625717857973 18.92659621388649 -6.5499 1.7505168928616632 0
PEDESTRIAN 0.0 0 3.0431972132039675 1340.9622620563741 354.01892360442145 1376.501977039095 421.10858847507507 1.7 0.5608 0.655 35.810329682955064 17.46271748623608 -6.5399 1.7500539681940235 0
CAR 0.0 0 3.1035553833372695 2540.287754837021 279.4067748957504 2994.5767625641597 444.7226766704197 1.7728 1.9945 4.2516 22.396500024714157 -50.272301370255136 -6.13 1.6620912556300997 0
PEDESTRIAN 0.0 0 3.0789298500343083 1507.9437982027584 368.3234471824053 1546.5186320937416 440.1985386488522 1.7 0.491 0.746 36.329533896700575 12.963912388458866 -6.427 1.7666769358870078 0
