CAR 0.0 0 -0.03536833590287758 1147.8995946410953 202.7110647651957 1270.2542690646264 277.6461665119823 3.0887 3.0353 7.0662 63.12244802302689 37.844847002477266 -5.5641 -1.4114024759719594 0
CAR 0.0 0 2.96466516094359 1119.4850490575382 148.0134957964637 1566.4167004162207 529.9387916616311 3.3784 3.4486 11.6024 24.437521289175358 -22.49762429761921 -5.4833 1.6329642880843909 0
CAR 0.0 0 -1.7069742768504854 1600.3029113291325 302.0871921347827 1745.1338808865992 422.90296431124676 2.5061 2.2666 5.3185 43.374860470865755 11.027155756187263 -5.9066 -3.0663557118638796 0
CAR 0.0 0 2.900953515775978 849.8694857589311 177.42273736565278 1099.8835694978577 464.2858299647737 3.5225 3.6418 4.7722 23.888317891960757 -16.49090338172727 -5.4368 1.6435316067300616 0
CAR 0.0 0 -1.7478019536740432 1532.5137552624235 312.59517749473645 1641.4894615934566 389.1518412210996 1.7 1.9666 4.1398 46.47023747873205 14.220517468531161 -6.3811 -3.1019631316146827 0
CAR 0.0 0 -0.412957191538629 833.9744649183405 377.3240926368506 1314.6323915626515 750.1209586192089 3.5244 2.84 10.3328 18.649099769951388 14.784007087063344 -6.2138 -1.517979894918463 0
CAR 0.0 0 2.8401296626618047 787.097442008451 235.96865610375502 1036.6901634408237 591.135887468506 3.0142 2.9998 6.4302 20.164808272423496 -15.154919235531256 -5.5653 1.6882902328666003 0
WHEELER 0.0 0 -1.1470035725784666 809.1022005975639 174.4174383866885 834.2204563975006 240.26729627470104 1.455 0.6025 0.8913 36.6818016776275 -14.184473933948146 -6.2896 -2.470962799178619 0
CAR 0.0 0 -1.723030412015353 1783.5640510326527 329.87497682359606 1901.0106879267719 422.9203879635777 1.661 1.8473 4.112 42.70639605762108 6.7211717598923375 -5.6812 -3.093492692234448 0
WHEELER 0.0 0 -1.7221298795295892 1511.233396652966 342.43689328396573 1562.9843442014528 411.5902479814719 1.7 0.7138 1.6517 41.13827515905928 14.169439430830439 -6.5238 -3.0527780599336807 0
CAR 0.0 0 2.9524459448236433 1347.1174475174007 192.85523753737286 1510.6477590690315 307.88019578523733 1.7 1.937 4.0135 31.785600000000002 -28.3542 -6.2264 1.554161860999463 0
CAR 0.0 0 3.0204580721067416 1808.6773435189232 276.3040885540976 2053.1189398780652 406.6805464587804 1.4668 1.6524 3.5756 24.900011980391902 -35.5988538086658 -6.3814 1.624041943715655 0
CAR 0.0 0 -1.1863615184284324 212.14964289359713 428.7887027071667 446.03408811937805 558.6327924531765 1.7 1.9714 4.0628 12.759534777344765 31.313238419001518 -7.4038 -1.7780935580836401 0
CAR 0.0 0 -0.8277025196557753 509.92413715018165 388.8256031631134 688.1014728945878 487.2912396245868 1.5178 1.8289 3.9952 19.43980544365847 30.63717056989592 -7.2359 -1.7698500895992162 0
CAR 0.0 0 3.0443921158711422 2156.956142025715 237.18324685996365 2651.8385560527254 470.0459942467304 2.5358 2.0016 5.2596 22.076701594624666 -41.78056650492477 -5.713 1.6178419900849237 0
