CAR 0.0 0 -0.042971312496824066 1147.2771852637522 202.71440519604448 1269.6689340310095 277.6610695574625 3.0887 3.0353 7.0662 63.09277638631421 37.86418240235069 -5.5641 -1.418903573797595 0
CAR 0.0 0 -1.7129178893531587 1780.8321051581436 329.6327028464711 1898.2604725238568 422.5546602941024 1.661 1.8473 4.112 42.70324860501751 6.7844441747209725 -5.6812 -3.0832454006018555 0
CAR 0.0 0 2.948591008020398 1348.8815045066601 191.24101938332433 1511.619068350978 305.39902386511704 1.7 1.937 4.0135 31.984443389296395 -28.47532579315706 -6.2264 1.5487642730096802 0
CAR 0.0 0 -1.283391394861753 213.30345831597245 428.31349016583096 446.747235772 557.8805285142805 1.7 1.9714 4.0628 12.795850178029374 31.345258531574135 -7.4038 -1.877003294840088 0
CAR 0.0 0 -1.1051223474642704 391.3895137452929 439.845380659682 584.1996408788181 551.2213024100204 1.4656 1.3758 3.7786 15.08087184480286 28.710855418410116 -7.4477 -1.8856458483840466 0
CAR 0.0 0 -1.1446270949991457 245.63257868972752 323.24141197911 535.1713959086827 491.22957334762964 3.0074 3.0141 6.0193 16.835635681475217 35.94975525302741 -6.7457 -1.917786575270122 0
CAR 0.0 0 2.946802799612832 1400.377866624225 228.16416484220525 1596.4172745915562 355.420089854918 1.5329 1.947 4.1625 27.991571430175547 -28.191806287607793 -6.1782 1.5674036341292166 0
CAR 0.0 0 -1.4354052939375375 124.87047889934173 395.4213459483471 333.64858163852136 495.1641925846778 1.5121 1.9339 4.1099 13.394755335779564 38.14012813670919 -7.6011 -1.9132188092271625 0
CAR 0.0 0 -1.637997587861203 1765.0388417599283 270.8917552878312 1906.6298965429908 391.4995604087076 3.3377 3.0755 3.0748 54.510541906874465 8.383653503837392 -5.9795 -3.031595390596638 0
PEDESTRIAN 0.0 0 2.915332219193636 624.0913948717758 127.7751446568395 666.5320803548892 202.49528686265134 1.8579 0.9295 0.9471 41.41393230446622 -9.188239594574336 -6.0836 1.594447662458931 0
CAR 0.0 0 -1.6165309137441246 112.08901088619157 -38.235548008917085 326.47181447872214 104.38903839349203 4.1862 3.2286 10.2919 60.468303689062054 8.905271092626293 -4.2942 -3.062835902477131 0
CAR 0.0 0 -1.465269773770851 75.47572194078298 339.22864250200377 249.51056757353663 415.53877565394913 1.5206 1.9327 4.0484 15.364949966499914 47.76077797969103 -7.4583 -1.8734535741965284 0
CAR 0.0 0 -1.3039541332852014 226.92004347793542 336.1785846895476 390.2554520199489 417.8009988014727 1.7 1.6238 4.0308 18.113842238601507 43.782883040966276 -7.2916 -1.9923975746503848 0
CAR 0.0 0 -1.296367115023663 1276.0870341077712 -388.51203787448077 1383.2260347036215 -304.0267618147826 1.8166 2.1601 4.1544 -53.637453342964285 4.741512738348291 -6.9374 -3.1212033226472595 0
CAR 0.0 0 3.0584403330265624 2795.1464478379457 242.78624182907612 3199.176162891319 369.8212637274844 1.7 1.9624 4.2616 26.927001967638834 -63.558808689572516 -6.4566 1.58896339585535 0
