WHEELER 0.0 0 2.8669908265114383 1517.0721053631617 335.14569736878946 1671.8137830552619 472.85913466170456 1.6332 0.8894 1.834 15.266060769472567 -17.904813583491016 -6.5953 1.5435531208983042 0
CAR 0.0 0 2.930004425331439 1384.6799888118612 226.42491924551706 1646.2985877201352 381.6178077919777 1.654 1.8689 4.1757 18.731828994410385 -19.110856432472012 -5.8865 1.55528535101477 0
CAR 0.0 0 1.39352198082686 413.86606084417485 98.07531252839908 498.50782866798517 192.0973631589241 1.8284 1.8307 4.868 43.19451806186391 -1.7219485875756417 -6.1655 0.12762125645216527 0
CAR 0.0 0 2.8488098055732127 1751.607331223532 301.7629717654835 2117.9843150482025 490.72262515192654 1.7 1.7312 4.5344 14.026428847400034 -24.17730846659939 -6.639 1.4782455116673214 0
CAR 0.0 0 2.902096239886372 2072.4103259800977 301.8121819068602 2478.889958093657 481.39821666631445 1.7 1.6226 4.5676 12.367487387724644 -31.05679088049464 -6.7663 1.5002918376385186 0
CAR 0.0 0 -2.0022488040542754 344.13108920956694 724.7599663095149 698.6055381347261 1063.1312054978275 1.7 1.8129 4.0976 12.95394140562726 25.870954836534622 -8.412 -2.542218278395297 0
CAR 0.0 0 -2.8462895228164204 -1327.7985597586953 733.8422745505933 -527.9714231255426 1242.0949743149558 1.5898 1.7895 4.1594 14.600627894399356 11.01203480697084 -8.2277 -2.113128683393416 0
CAR 0.0 0 -1.7700286917778187 1473.9667770017331 321.1515073780806 1535.7932915121548 398.1698121568006 1.5848 1.5393 4.034 47.158310590655134 15.024850130840855 -6.9916 -3.1070258963177793 0
CAR 0.0 0 -1.383919319849431 744.7232645733964 543.4429669223624 922.9123781852899 704.6923680061961 1.2805 1.5163 4.0841 21.579123535488087 26.130615414079003 -8.3229 -2.316408847598002 0
CAR 0.0 0 -1.8883405009997485 330.4763553871441 494.99836935357297 559.1883320349949 662.1878191913437 1.7 1.6536 4.0658 20.214387405336833 33.8163939219364 -8.2573 -2.550486251049498 0
CAR 0.0 0 2.8721888381780127 1654.3244748287957 260.1624050744931 1959.9491206813102 418.8418415103416 1.7 1.9869 4.3341 17.039771265162035 -25.031068451561886 -6.6115 1.485498200037067 0
CAR 0.0 0 -0.3324315247457139 2824.0101046316663 430.981840344811 3505.8941252276045 683.7008409326505 1.6547 1.9661 4.2116 4.1157920940255055 -35.3521166851203 -6.9014 -1.7305019282883631 0
CAR 0.0 0 3.0347423346648226 2397.779089233719 260.61137083681126 2831.4282828885475 421.89904503944416 1.7 1.9419 4.3933 11.037315489364678 -39.148018438113624 -6.2196 1.592485645964467 0
CAR 0.0 0 -1.7097648631971945 1608.1697801650866 286.14223165120706 1681.951386816435 348.90978798067835 1.6092 1.9505 4.2191 59.296483262534736 9.93962614455615 -6.9696 -3.090318317252118 0
CAR 0.0 0 -1.6976079411619411 1504.7223936013938 278.24352787883294 1568.3610891331784 343.27287577979314 1.7 1.9624 4.4376 58.16820477265343 13.916179816918778 -6.8839 -3.0693585669112906 0
CAR 0.0 0 -0.6209494736669412 1513.4413996121104 400.36836144243466 2295.399869015117 909.1668863681053 2.5997 2.5313 6.0978 8.5059 -14.378600000000002 -6.3639 -1.8665090243233844 0
