CAR 0.0 0 -0.03384116214075039 1150.2987952943458 198.23661380723482 1269.1000704458133 266.1738548241299 2.7763 2.7552 7.2016 63.06825766910045 37.80569763723615 -5.1699 -1.416192480697106 0
CAR 0.0 0 -1.6932624542125019 1484.7701379070286 330.37926555264045 1603.3213260936088 415.0219157907574 1.7 1.9575 4.0881 41.899788369667235 14.185754030369253 -6.4594 -3.02834391244896 0
CAR 0.0 0 -0.8308582924783245 580.1140398034394 429.1936212380096 700.3351163781182 499.31174768998693 0.9948 1.2858 2.4998 18.761843730434318 28.127874654939703 -7.372 -1.775525625662608 0
PEDESTRIAN 0.0 0 -0.013568268293907115 3385.3306990802253 934.0569111392899 3871.829477573108 1170.71882981089 1.7 0.9483 0.6324 7.0434 -35.0259 -6.4597 -1.3017621272550564 0
CAR 0.0 0 2.687455330565147 141.62318130840643 136.93045803690768 684.2519530744693 828.5821650706343 4.449 3.1064 14.302 20.33288768109036 -9.748839027540107 -5.4278 1.8512473035174255 0
CAR 0.0 0 -1.032248314400761 350.0789562903439 415.80160182814336 559.5763283157672 528.435730812525 1.5443 1.9623 4.0978 15.682572668967097 31.12570731212339 -7.4616 -1.8023740043592795 0
CAR 0.0 0 1.7287175043719418 -588.8768628966009 275.25744275699356 64.62175692145097 732.5435250709784 4.1117 3.1104 3.5612 17.176149437205932 -1.978902075245205 -5.5624 2.154376741661815 0
PEDESTRIAN 0.0 0 -1.3847466209465196 1120.758286682112 373.5516839252157 1162.2861407793177 445.0950689363444 1.7091 0.758 0.7219 30.52926926659256 21.386433638902176 -6.9127 -2.611545737766429 0
PEDESTRIAN 0.0 0 -1.684118610387503 1154.7187402663303 373.68416062404594 1196.9020249655073 447.28788923971115 1.7376 0.7422 0.7187 30.663983918489844 20.386210463758 -6.8157 -2.9193361529274826 0
CAR 0.0 0 3.037070003029969 1903.4977535735109 221.61878887387368 2163.815548745926 340.06457456085167 1.543 1.9551 4.1131 28.628763426321214 -41.01966223290397 -6.1946 1.602812055582205 0
CAR 0.0 0 2.973870275385419 1377.7704103460953 202.0652875816111 1547.4762333172607 313.711408888341 1.5805 1.9518 4.1417 31.68157987908876 -29.166449277839465 -6.3762 1.576738906022619 0
