CAR 0.0 0 1.839908971232777 364.5372493145523 106.5559367401416 443.20292204313677 181.3946651837089 1.5683 1.9824 4.1753 47.361572103528566 -0.26581468805127306 -6.7242 0.6093709649141841 0
CAR 0.0 0 2.6201266629876505 1013.4708306212463 335.66748367222186 1146.8640037275093 449.09855806098386 1.6094 1.8776 4.9449 32.61875803102684 24.930352971861243 -6.2139 1.3949195604692837 0
CAR 0.0 0 -4.001435987706024 -308772.2589310912 -6911.526756191955 14462.452301451893 109744.5667232464 1.5083 1.8983 4.1522 3.8134226325961857 21.245153083304213 -8.1788 -2.780871753984507 0
CAR 0.0 0 -2.870975663961943 -1387.1292238778678 804.2857910861874 -485.59199521410414 1390.96796241694 1.4958 1.977 4.1388 13.01090823530084 10.05659652832188 -8.1989 -2.1913591180098946 0
CAR 0.0 0 -0.20253523783322613 4057.9698382595416 139.90860634953802 5458.688204390343 390.50646892559536 3.4934 3.115 10.3352 -4.123890792095066 -97.73900999549471 -5.0918 -1.7195019127797606 0
CAR 0.0 0 -1.7009952226476532 338.05039245227914 616.9618236203843 643.1566945928436 855.8953616608667 1.508 2.0028 4.001 15.581942687120094 28.65143666419165 -8.2196 -2.2982106397261775 0
WHEELER 0.0 0 2.798586320020967 1514.5921488370623 336.31622697690074 1669.582971868168 474.518600626061 1.6332 0.8894 1.834 15.225997429476616 -17.812014695117146 -6.5953 1.476332299180062 0
CAR 0.0 0 2.7658276169079685 1402.4024981408718 226.9938862890884 1667.0108003028886 382.33093921557816 1.654 1.8689 4.1757 18.585404814839727 -19.433953268513385 -5.8865 1.3891103126343027 0
CAR 0.0 0 2.667722190799585 981.1159114843969 173.57938024512865 1154.8336078501848 309.96036052366145 1.8284 1.8307 4.868 26.81710333727442 -13.83156534394886 -6.1655 1.317263962868953 0
CAR 0.0 0 2.765720109137966 1768.0062869039186 303.51962112681787 2139.1567707650597 493.5624679985533 1.7 1.7312 4.5344 13.838 -24.3783 -6.639 1.394397955834217 0
PEDESTRIAN 0.0 0 2.8241607869587417 1568.727135412616 347.4823745206954 1616.8764588743359 422.3428519736077 1.7 0.84 1.0688 40.64119562237599 12.894131115393634 -6.3875 1.4902160803572406 0
CAR 0.0 0 2.723101308907237 2004.3136408959888 307.2287411700217 2407.0642616159816 491.82193248317776 1.7 1.6226 4.5676 12.535737164123157 -29.240395324768787 -6.7663 1.329991552531325 0
CAR 0.0 0 -1.2012776644154726 766.5368213086657 544.2535975359941 1026.424616615698 813.1157600281639 2.0921 2.2958 4.814 19.35092753953757 23.801869259945136 -7.8814 -2.1331990875366853 0
CAR 0.0 0 -1.5881820485948 150.96102793072123 395.3871394348668 348.91679054655333 508.13141517599905 1.7 1.8129 4.0976 25.280836507248598 44.90375683189332 -8.412 -2.098775480781578 0
CAR 0.0 0 -1.3646450097344003 369.90975108707005 404.89864832227676 551.4508928409882 518.3633078224635 1.5898 1.7895 4.1594 26.480359734491028 39.09991727806515 -8.2277 -2.153667325235009 0
CAR 0.0 0 4.478740815964102 1519.2544889259648 288.8485501405191 1572.9573082639793 350.8273308042055 1.5848 1.5393 4.034 56.6505 13.5746 -6.9916 3.1114880352422976 0
