WHEELER 0.0 0 2.8671253120056543 1518.6414182359397 335.31444351873205 1673.5921984229756 473.0804739575439 1.6332 0.8894 1.834 15.24973104750437 -17.924327277220254 -6.5953 1.5435531208983042 0
CAR 0.0 0 2.927715531871565 1376.4629695133858 227.85130476604004 1638.3530823756948 384.20134358668963 1.654 1.8689 4.1757 18.670777863379715 -18.859237419242625 -5.8865 1.55528535101477 0
CAR 0.0 0 1.3707909131317855 1829.792033764638 202.8807440701166 1885.359583814255 238.95430852406406 1.8284 1.8307 4.868 108.58872969333694 -7.232813974680219 -6.1655 -0.08181825378715425 0
CAR 0.0 0 2.8482426614545613 1749.546376908972 302.3022444841225 2116.209062627651 491.704007553824 1.7 1.7312 4.5344 14.010816848282033 -24.10337491416948 -6.639 1.4782455116673214 0
CAR 0.0 0 2.9019267015743404 2071.04350611093 301.92161151829043 2477.4544798540956 481.60801834587994 1.7 1.6226 4.5676 12.370893268357287 -31.01957355892671 -6.7663 1.5002918376385186 0
CAR 0.0 0 -1.7540487768563364 1469.2336668903035 322.1810103968716 1531.2900856990557 399.73187104814053 1.5848 1.5393 4.034 46.84764009141159 15.157784408108258 -6.9916 -3.089572603797836 0
CAR 0.0 0 2.9097954099087726 1666.3952022118174 258.05152902143317 1971.383957928087 415.1090042090329 1.7 1.9869 4.3341 17.104186097043556 -25.44755254336622 -6.6115 1.5204047850769535 0
CAR 0.0 0 2.9439067907227336 2360.2676595494177 263.75877345929615 2794.198943665215 427.94935652668374 1.7 1.9419 4.3933 11.126947396873124 -37.9368709337633 -6.2196 1.5052191833647506 0
CAR 0.0 0 -1.7202982894899872 1573.0248743054756 319.71613285448706 1658.1294213664653 398.84728124344497 1.6092 1.9505 4.2191 48.99975164284228 11.710355892527433 -6.9696 -3.0728650247321747 0
CAR 0.0 0 -1.7099285923137113 1481.2726717688095 290.59512001234094 1549.4018841579384 361.9415572271309 1.7 1.9624 4.4376 53.717756928159716 14.699458786967963 -6.8839 -3.0693585669112906 0
CAR 0.0 0 -0.23770621694676075 3642.3895323173874 365.01819134688014 4321.235550098179 554.4791020977003 1.7 1.9858 4.2822 0.208290269695258 -58.58468563778119 -7.0263 -1.6944760375988668 0
CAR 0.0 0 -0.3094510153879777 2784.586874380936 423.943953194021 3540.079198786925 700.729545047225 1.7 2.2097 4.6079 4.086811796786045 -34.504990811111654 -6.7839 -1.706218546549472 0
