CAR 0.0 0 -0.016683152092418885 1146.5211835295906 202.26263313483753 1268.342948039507 276.7835617983024 3.0887 3.0353 7.0662 63.377559351393685 38.089038290272676 -5.5641 -1.3929679825469414 0
CAR 0.0 0 3.0962870041255277 1853.4624265287873 143.3286951819535 2659.2307582303974 478.3594875564424 3.3784 3.4486 11.6024 25.436236160204864 -40.970512372319135 -5.4833 1.6575297392573518 0
CAR 0.0 0 -1.6996840249997742 1593.8873433663741 303.0211473698507 1739.8170785168193 424.70155901958236 2.5061 2.2666 5.3185 43.00162304552021 11.101932225503058 -5.9066 -3.0575834777366406 0
CAR 0.0 0 3.079917625940677 1720.633648094087 167.7881676973623 2153.0556420386715 421.0837487983094 3.5225 3.6418 4.7722 25.034116848483386 -35.12922478772563 -5.4368 1.6574552326525247 0
CAR 0.0 0 1.458881113047311 291.2183907523326 98.36972911356249 406.3876837375913 176.88542684516688 1.6999 1.9706 4.412 47.95441289997929 0.9622164792509593 -6.344 0.25902004284290153 0
CAR 0.0 0 -1.6969841011515203 1534.4148061031085 310.3696468842422 1642.0552153820654 385.78195735871185 1.7 1.9666 4.1398 47.07916217367343 14.349362173673429 -6.3811 -3.0529654951011866 0
CAR 0.0 0 -0.8234366095709064 332.56606776751255 288.1301650009495 744.4263493576485 495.7864306250481 3.5244 2.84 10.3328 19.83518720612257 32.94941737868916 -6.2138 -1.7800405017714453 0
CAR 0.0 0 2.9513134280359354 1577.426550573541 315.3526556831148 1876.1655080600128 509.80573722089355 1.7885 1.936 4.1812 21.149534862265305 -28.766156460896973 -6.3142 1.613923014294209 0
CAR 0.0 0 -0.69108599501623 -6480.424848990022 -4225.025864133281 11154.755373295295 1756.947796914432 4.0038 3.0233 11.3683 1.7752448263234193 10.89101571453533 -5.939799999999999 -2.5507760464366918 0
CAR 0.0 0 3.0616997230531195 2176.017438108747 215.38104713875154 2850.282974651614 501.93382505604256 3.0142 2.9998 6.4302 21.556312860563523 -42.81453190026613 -5.5653 1.6301165965656204 0
CAR 0.0 0 3.145989423672602 2531.1901178617645 277.3433375139022 2980.8696852425987 441.3883582281542 1.7728 1.9945 4.2516 22.556553040774578 -50.27077293875744 -6.13 1.7040956439614174 0
CAR 0.0 0 2.958445111195869 1483.1374378335947 273.593872979982 1700.7092020573898 434.1432709445392 1.7553 1.5689 4.1046 24.539045272866808 -28.39236059983307 -6.4088 1.6052376305312825 0
WHEELER 0.0 0 -1.746088819305295 1514.5697220410366 342.58235845018214 1566.3271561677018 411.76846965190515 1.7 0.7138 1.6517 41.1845 14.0867 -6.5238 -3.077139203314816 0
WHEELER 0.0 0 -1.5986123648225037 812.2784973753596 175.57851309576634 837.4967343394928 241.6881188872992 1.455 0.6025 0.8913 36.523244905084404 -14.266384924272174 -6.2896 -2.9220305006185083 0
CAR 0.0 0 1.5240350621429752 373.02499009993505 40.84588972945165 442.2196825509848 94.03486324480316 1.7 1.618 4.0238 65.70257621053302 3.7586241209593347 -6.1929 0.11545695850784415 0
CAR 0.0 0 1.606649936288265 418.40278394967316 2.067364467602984 473.3269263317025 42.56685126911124 1.7 1.7336 4.2216 84.19537316061546 6.449491163366005 -5.8735 0.08492987845123467 0
CAR 0.0 0 3.0511390886662335 1890.4101505382243 302.63937932127305 2235.705187753448 479.9810487080956 1.6332 1.7321 4.4876 21.97229657183715 -35.56282263626704 -6.3283 1.6668272518319063 0
