CAR 0.0 0 -0.016685779703436987 1146.4853856431926 202.25973473514335 1268.305107928637 276.7783485222037 3.0887 3.0353 7.0662 63.37802804045292 38.09152614595297 -5.5641 -1.3929679825469414 0
CAR 0.0 0 3.096255340393226 1852.717750568091 143.29292435116798 2657.9640460926253 478.27016561811814 3.3784 3.4486 11.6024 25.440812175750267 -40.95442562317889 -5.4833 1.6575297392573518 0
CAR 0.0 0 -1.6997717539511914 1592.6316670599315 302.93024796435026 1738.5547634805803 424.54704227776665 2.5061 2.2666 5.3185 42.996203296119816 11.134681526479413 -5.9066 -3.0575834777366406 0
CAR 0.0 0 3.079825755143642 1720.0761438337865 167.84668137251393 2152.5008123327343 421.22624157144236 3.5225 3.6418 4.7722 25.02754740333924 -35.1122108001024 -5.4368 1.6574552326525247 0
CAR 0.0 0 1.4913116429281574 286.26928371374447 123.74265323604624 415.29396237953955 214.34435244101692 1.6999 1.9706 4.412 42.49672874219366 -0.7334689492057707 -6.344 0.3632740308016754 0
CAR 0.0 0 -1.6969831400836672 1534.4001802054047 310.3655772949264 1642.0388108810678 385.77591821341764 1.7 1.9666 4.1398 47.07983780797064 14.350037807970644 -6.3811 -3.0529654951011866 0
CAR 0.0 0 -0.8458066456727881 325.14060502038404 287.2561394891584 736.6664715555938 493.630060940362 3.5244 2.84 10.3328 19.801191412446258 33.253772129083224 -6.2138 -1.7974709193870342 0
CAR 0.0 0 2.9517263780579945 1579.9137533724675 315.2829769166943 1879.1017545535544 509.65774798455476 1.7885 1.936 4.1812 21.15244596999121 -28.815568334480698 -6.3142 1.613923014294209 0
CAR 0.0 0 -0.489705801660393 -4742.962044546697 -10927.698835389092 29089.570532562604 1340.6044432650806 4.0038 3.0233 11.3683 4.101617384875158 12.613269287058722 -5.939799999999999 -2.358809565841034 0
CAR 0.0 0 3.0617101831951405 2175.2008945717303 215.26687197059968 2848.8950667468876 501.68078579021596 3.0142 2.9998 6.4302 21.566522747676423 -42.8067299151849 -5.5653 1.6301165965656204 0
CAR 0.0 0 3.1460116073267255 2536.8412298772755 277.9634413756848 2988.3797680794296 442.3562128866162 1.7728 1.9945 4.2516 22.506819784819367 -50.33744593878136 -6.13 1.7040956439614174 0
CAR 0.0 0 2.958496533291801 1483.4690045632683 273.590385251028 1701.0970266421255 434.13408653900075 1.7553 1.5689 4.1046 24.53916706315894 -28.39953557519693 -6.4088 1.6052376305312825 0
WHEELER 0.0 0 -1.746088819305295 1514.5697220410366 342.58235845018214 1566.3271561677018 411.76846965190515 1.7 0.7138 1.6517 41.1845 14.0867 -6.5238 -3.077139203314816 0
WHEELER 0.0 0 -1.597851316827873 809.7400241602144 174.390156239684 834.8550506430432 240.230386316086 1.455 0.6025 0.8913 36.685693048574315 -14.20101927302066 -6.2896 -2.9220305006185083 0
CAR 0.0 0 1.3721796342625696 348.60440391743344 60.052302199595516 428.4048681766626 121.26205224434834 1.7 1.618 4.0238 58.058414864147004 2.480625594714641 -6.1929 0.02819049590812766 0
CAR 0.0 0 1.5717345184702425 405.11164581024326 14.445782002284405 466.80623012892397 60.03426036247954 1.7 1.7336 4.2216 75.69745986649967 4.920762903828332 -5.8735 0.08492987845123467 0
CAR 0.0 0 3.0512160322015536 1891.5694003265664 302.70608608365467 2237.164921897748 480.08018053907637 1.6332 1.7321 4.4876 21.96717787950069 -35.583002173780926 -6.3283 1.6668272518319063 0
