CAR 0.0 0 4.486587523742578 1555.285406712241 325.65431740830525 1645.0054387999105 411.7673945190542 1.7 2.0096 4.0382 46.506102906091286 12.33570416459656 -6.8888 3.141592653589793 0
CAR 0.0 0 -0.1888001892083977 1140.5921801657091 186.91560296425703 1227.934877413012 262.22774236712837 3.1128 3.0226 6.773 73.0016842229266 31.295065933487912 -5.828 -1.5736332775196553 0
CAR 0.0 0 3.141475342682644 363.7418126952509 609.5933894285728 824.0482926947842 1183.6034154685435 3.4115 2.7462 2.4608 10.102078130326515 22.472409753631716 -5.8128 2.527090825117933 0
CAR 0.0 0 0.9977283745967436 306.17114964572073 66.35949758818265 517.2857142404188 296.3630143085332 3.8144 4.294 14.4415 43.51954085489579 -0.3812134191706651 -6.7673 -0.1811309670302797 0
CAR 0.0 0 0.4966661131141885 -26434.51849671214 -9497.758516076434 22402.99009458033 7371.296816970847 1.7 1.956 4.407 5.0716964982688335 18.792774781225575 -6.175 2.7074631376754428 0
CAR 0.0 0 1.0055834526567136 -13193.045097560787 336.9980954842917 -1359.0756209185754 2526.8502455070006 4.1983 3.0119 9.4432 14.51169921006794 18.477351444263615 -5.5448 2.306922238296048 0
WHEELER 0.0 0 4.20878685066974 804.686909239209 166.1339147889697 853.8708660505198 246.21497675283894 1.7142 0.8998 1.2689 33.486986369427235 -10.384240791756408 -6.5743 2.88090798914154 0
CAR 0.0 0 1.0864935598493843 -2461.5166207124253 475.63596013751976 -653.3845468755057 1328.688614739035 2.613 2.2684 5.5662 13.440355571205036 11.147682561528788 -5.7562 2.0950684880159436 0
CAR 0.0 0 -1.4254986830747285 229.9813406334229 446.4349537969607 439.31160310994136 569.602477401731 1.5269 1.9408 4.1155 23.7720581583851 40.501286824542454 -8.831 -2.013284002215193 0
CAR 0.0 0 2.3506207482988533 462.42640228786695 328.07810618191866 657.7813066187148 554.0219051903129 1.5006 1.9544 4.3204 18.39306665294241 -1.7846142497987656 -6.2434 1.4443889067573332 0
CAR 0.0 0 2.6294471037720637 1077.1158181329765 244.78880551749822 1306.18726148541 406.7052472381899 1.5496 1.899 4.5119 20.3018840862401 -13.088810701291157 -6.1851 1.3232699441110358 0
CAR 0.0 0 2.7655273377776943 1335.4481740034064 199.65913500721803 1531.8109955678344 311.6859883806676 1.5683 1.9824 4.1753 25.11371452850984 -22.893807050515576 -6.7242 1.3699820769311981 0
CAR 0.0 0 2.4862108738548336 545.1328091052437 305.92733783087044 711.9446537202167 489.70300472501026 1.5716 1.9048 4.1778 21.60136655541301 -3.1984912756154698 -6.8777 1.476742707470429 0
CAR 0.0 0 2.617499516327052 1198.3624000519624 325.3666891767282 1472.914028436225 517.4230018534314 1.5502 1.9671 4.1367 16.511142831428852 -13.53416422318911 -6.7148 1.3502465795719014 0
CAR 0.0 0 -1.775225884243711 1697.8482150371556 327.7233931140141 1840.5312643812956 446.0676427760877 1.9963 2.2756 5.9988 45.27277388146802 8.046412971560004 -6.704 -3.131880613887544 0
CAR 0.0 0 1.4021199943673228 -423.9955579095277 387.7876900631624 -57.55362974111718 649.1477805727625 1.651 1.9856 4.1758 20.77827018568772 7.88759511374961 -6.9778 1.8133070250744925 0
CAR 0.0 0 1.0726114487955853 1572.2470037575265 586.4210993570034 1686.2751259436907 724.2796582519437 1.515 1.9112 4.1456 34.9326 11.5901 -11.5022 -0.11632845637744005 0
