CAR 0.0 0 2.7325289007889455 1336.6533010303626 202.1263911672323 1535.0658059191364 315.51565835096045 1.5683 1.9824 4.1753 24.841294346837056 -22.72743037808155 -6.7242 1.33882426606999 0
CAR 0.0 0 4.3579692645367825 1702.8328753362891 328.5080174529538 1846.993339866562 447.3744590828518 1.9963 2.2756 5.9988 45.1904324622172 7.915631045253823 -6.704 3.0012018670575786 0
CAR 0.0 0 2.7029768323199486 1388.8014757149554 207.35171865383444 1646.3485724872246 348.0130520337188 1.6094 1.8776 4.9449 21.344065379229058 -21.692731152622763 -6.2139 1.3114097922132018 0
PEDESTRIAN 0.0 0 2.7270176092190885 638.6073357015041 127.07039625345915 675.4388070190854 194.23864952468693 1.7016 0.7772 0.6957 39.75980302390854 -7.0785083062001535 -6.3348 1.3955368288674803 0
CAR 0.0 0 -1.5442899592439825 248.55019471040546 421.56289595397647 457.37479782040884 541.9187884089985 1.5083 1.8983 4.1522 23.924999981981703 39.974139468503694 -8.1788 -2.18213576590055 0
CAR 0.0 0 1.3480698412217402 401.3200800870569 39.39569540003923 464.3316796920246 101.64941824874735 2.001 2.2034 6.0581 69.42675740462956 -1.9088803123498184 -6.8553 -0.06338274536302377 0
CAR 0.0 0 -1.2901629892524347 405.91990659593216 424.57389960459193 598.6213265063135 544.3413185843647 1.4958 1.977 4.1388 25.35009917725558 36.83360021386012 -8.1989 -2.09854158769705 0
CAR 0.0 0 4.392023741209365 1708.0966939282437 206.03323660369048 1867.8912996574418 332.7501599299056 3.4934 3.115 10.3352 63.264796426486214 5.0191 -5.0918 2.9686603356601298 0
CAR 0.0 0 -1.6596957688459435 140.676272246216 381.5900942120412 334.83433274707136 481.50830694854477 1.508 2.0028 4.001 26.0277 46.1866 -8.2196 -2.1681369818205787 0
CAR 0.0 0 4.391394218646928 1725.171275854398 254.6068781007159 1821.5750336537085 337.22110826493576 2.4532 2.2469 1.9737 57.1937 6.1447 -5.6178 2.985525566570448 0
CAR 0.0 0 4.350831655437041 1359.6494902509994 370.64384086058385 1459.646649109654 482.1501731421589 1.7 1.989 4.2817 36.91290867027983 17.261932297945286 -7.1172 3.07177948351002 0
CAR 0.0 0 4.42561688595509 1565.9615317392818 275.8095531991603 1702.8399587173074 410.02714915702245 3.0024 3.0029 5.9984 49.166445592344104 11.351853733231064 -6.3697 3.0599660791121774 0
CAR 0.0 0 -0.43747150862398176 1478.78829832794 432.68166906429553 2186.410093293615 892.4082565914641 2.0449 2.1484 6.0265 8.69746707172802 -13.695040991623381 -6.4734 -1.6659531665355232 0
