CAR 0.0 0 4.4865875244767075 1555.2854430995926 325.6543239147881 1645.0054822959937 411.7674039824913 1.7 2.0096 4.0382 46.506102149873215 12.335703080892399 -6.8888 3.141592653589793 0
CAR 0.0 0 -0.18880095017170562 1140.5845598294663 186.91521562826617 1227.9274902466293 262.2271556781595 3.1128 3.0226 6.773 73.00168829402908 31.295478093393903 -5.828 -1.5736332775196553 0
CAR 0.0 0 1.3935407539992142 -123081.37219066964 -11060.5314240698 59416.12124493287 39430.08948058578 3.4115 2.7462 2.4608 8.31055671982337 23.297957611806833 -5.8128 2.649246217789888 0
CAR 0.0 0 1.1096786109204007 307.4601167637038 59.39950144341673 507.6738788322095 274.8614291870033 3.8144 4.294 14.4415 45.78488099107767 -0.3246098384760945 -6.7673 -0.0938934362711387 0
CAR 0.0 0 4.490386514184103 -109987.71003001108 -22616.132847056455 62910.0639333917 44225.253374218424 1.7 1.956 4.407 2.6681635612787984 19.774780224311737 -6.175 2.794729600275159 0
CAR 0.0 0 1.0321768362033406 -67458.4819492623 409.5166939221515 -1758.9686777802249 10587.105589505592 4.1983 3.0119 9.4432 13.077208593001103 19.735434032977718 -5.5448 2.3941848187525734 0
WHEELER 0.0 0 4.208790038705814 804.6921782698175 166.13260533223598 853.8758405694139 246.213199229543 1.7142 0.8998 1.2689 33.48713628367337 -10.384425615679136 -6.5743 2.88090798914154 0
CAR 0.0 0 1.0798685379717816 -4579.901823313798 589.1571405814954 -1112.8947406051238 1842.3354859256488 2.613 2.2684 5.5662 11.94176100233304 13.228399385482906 -5.7562 2.199788243135603 0
CAR 0.0 0 -1.4254875358696824 229.9931570166399 446.4405811670175 439.32511219160574 569.610806103168 1.5269 1.9408 4.1155 23.77180122243808 40.50061872762115 -8.831 -2.013284002215193 0
CAR 0.0 0 2.636025921664346 975.7026638632052 246.9329188768393 1190.2680198315772 411.92307538563944 1.5496 1.899 4.5119 20.706997978963074 -11.085208674531902 -6.1851 1.3581765291509227 0
CAR 0.0 0 2.765518276673811 1335.5334372520122 199.68396234085424 1531.9242139426065 311.7236468505966 1.5683 1.9824 4.1753 25.110431287811963 -22.893995926768323 -6.7242 1.3699820769311981 0
CAR 0.0 0 2.396886916685044 403.4418345464962 314.4873937226086 561.7100296499831 506.13129872740353 1.5716 1.9048 4.1778 21.754278811725552 -0.8973401534597101 -6.8777 1.5291025850302589 0
CAR 0.0 0 2.614594540022802 1057.4690926260778 325.96967246601673 1309.0924674414216 520.4731583975483 1.5502 1.9671 4.1367 17.23378671119182 -11.141628630919923 -6.7148 1.3851531646117878 0
CAR 0.0 0 -1.7746049036609681 1697.318380037673 326.72941480517983 1839.149603719565 444.31227213598504 1.9963 2.2756 5.9988 45.48140825401856 8.036936072432313 -6.704 -3.131880613887544 0
CAR 0.0 0 1.2069482421324351 -635.952929931965 411.7791248313496 -193.73089340237345 696.1642849339732 1.651 1.9856 4.1758 20.232867140676255 9.401461168666474 -6.9778 1.8307603175944356 0
CAR 0.0 0 0.43330237308138586 81.8258781787769 224.43964606134674 230.79907524753733 351.38644409625095 1.515 1.9112 4.1456 32.2671 4.8907 -7.135 -0.08142718346295097 0
