CAR 0.0 0 2.686378461213063 1340.9533491402788 200.00974198879663 1538.1444647257665 312.1683633244354 1.5683 1.9824 4.1753 25.036911631358613 -23.00681238596854 -6.7242 1.2904051040461615 0
CAR 0.0 0 2.6468641992091184 1379.8033359319058 208.03783314880334 1636.7907324361572 349.32457022036385 1.6094 1.8776 4.9449 21.338510913325532 -21.435113084588426 -6.2139 1.2570095736052027 0
CAR 0.0 0 -1.2996364977054204 220.76172798278066 422.24504827529586 433.445429158007 543.2202000479391 1.5083 1.8983 4.1522 23.603578891228594 40.43341698174489 -8.1788 -1.9008039597235955 0
CAR 0.0 0 -1.1064237597016167 392.04051192836357 425.37672543453016 586.8673944656522 545.6932991318627 1.4958 1.977 4.1388 25.150463205956754 37.03801929100278 -8.1989 -1.900855273565694 0
CAR 0.0 0 -2.4593828099606876 -501.66482556232893 179.72970533724134 261.08681754571154 891.5205167361734 3.4934 3.115 10.3352 16.829637236497263 3.8335464944255913 -5.0918 -2.4278826847824893 0
CAR 0.0 0 -1.4563069276665006 116.0611869872882 382.26830189928506 313.3077617121417 482.7198222739251 1.508 2.0028 4.001 25.68974127802341 46.62032589451969 -8.2196 -1.921975704819857 0
CAR 0.0 0 -1.9094085411009956 141.98681366726242 407.4508197985143 470.4677867604362 751.6826344986466 2.4532 2.2469 1.9737 13.467517193023582 0.901804382624623 -5.6178 -2.4185329743392234 0
WHEELER 0.0 0 2.606083055746006 1533.641066282399 334.3587715734801 1689.547783488887 471.6057154506803 1.6332 0.8894 1.834 15.211392947112847 -18.2230438645194 -6.5953 1.2795230550680976 0
CAR 0.0 0 2.6297930348649707 1394.2507827862169 227.72766031879476 1658.4701068913532 383.71913615954384 1.654 1.8689 4.1757 18.577107012143166 -19.224291143032342 -5.8865 1.2547721101000144 0
CAR 0.0 0 -0.37525069464867755 2380.4746200989375 432.72636653962513 3149.8145690598485 765.3471740560764 1.879 2.4204 4.7456 5.525636010014546 -26.67639592583595 -6.6157 -1.7355494947561616 0
CAR 0.0 0 2.7355353785922505 2091.7673262155813 169.96330201497574 2393.935632165957 287.1385184614438 1.8284 1.8307 4.868 19.418739429571616 -44.093254823016586 -6.1655 1.2652991384422807 0
PEDESTRIAN 0.0 0 2.867395092970943 596.9980222054351 132.72663684849562 632.0745615686718 211.77836042120603 2.0064 0.6591 0.733 39.66727349566633 -5.821006950996118 -6.5861 1.5692703461305249 0
CAR 0.0 0 -0.4218899651564836 2067.7820937782235 425.36080545916434 2926.8620952084448 851.4506692587897 2.3003 2.4332 5.4943 6.3537733522031825 -21.81933873928349 -6.5644 -1.7465035231078199 0
