WHEELER 0.0 0 2.8673344125663403 1518.5617600687872 334.9854947973396 1673.3724629096146 472.6213902279972 1.6332 0.8894 1.834 15.265267344579039 -17.937229741860737 -6.5953 1.5435531208983042 0
CAR 0.0 0 2.9289381368036005 1378.8749562016085 226.74297456591407 1640.009724284085 382.25348382560344 1.654 1.8689 4.1757 18.74120692153325 -18.974426108638188 -5.8865 1.55528535101477 0
CAR 0.0 0 1.368211148506586 402.16953332000116 84.23253444181185 480.0266013578013 170.100954622299 1.8284 1.8307 4.868 46.79868752124544 -1.4520811983063844 -6.1655 0.07526137889233536 0
CAR 0.0 0 2.849363735407253 1751.7981482909777 300.90288230222444 2117.2062916929417 489.20635228776797 1.7 1.7312 4.5344 14.069978051788155 -24.23621507175844 -6.639 1.4782455116673214 0
CAR 0.0 0 2.9020292538047663 2071.8700780168683 301.8554349437988 2478.322598040626 481.481139465657 1.7 1.6226 4.5676 12.368833908041717 -31.04207688352793 -6.7663 1.5002918376385186 0
CAR 0.0 0 -3.9304954687172415 -46549.08924475406 2168.728849262117 -5221.38605209137 14538.243866196408 1.7 1.8129 4.0976 9.963957628192084 24.485164524544885 -8.412 -2.699297911074787 0
CAR 0.0 0 -2.507337768595127 -740.4307821014976 736.5530839519042 -149.60765385056712 1239.7147747268366 1.5898 1.7895 4.1594 13.174983832873634 7.270451943378459 -8.2277 -2.113128683393416 0
CAR 0.0 0 4.46007543158084 1469.5498983542614 321.2397810934639 1531.3199755858236 398.34342381967554 1.5848 1.5393 4.034 47.0621965829077 15.153281400623761 -6.9916 3.1237995333019772 0
CAR 0.0 0 -1.333758667476492 916.100943888715 603.8372196247102 1093.7978768705927 800.3540459514758 1.2805 1.5163 4.0841 19.97244230631243 22.23924096898359 -8.3229 -2.298955555078059 0
CAR 0.0 0 -1.9806250054288173 401.3103093766161 542.0998521769878 643.9759641991311 738.4424083851384 1.7 1.6536 4.0658 18.555152317179807 30.56767023372692 -8.2573 -2.672659298689101 0
CAR 0.0 0 2.872414930458212 1658.5637088879234 260.52648166110384 1965.1389112279414 419.39682324154245 1.7 1.9869 4.3341 16.988414760975772 -25.094373332833012 -6.6115 1.485498200037067 0
CAR 0.0 0 -0.31088607425723036 3131.2534925301766 417.59046870775666 3840.432511492812 654.2233401564955 1.6547 1.9661 4.2116 2.627273437879664 -41.62591955914135 -6.9014 -1.7305019282883631 0
CAR 0.0 0 3.0329970534434354 2366.3773074011583 260.64315196527315 2796.162607269581 422.43541704648214 1.7 1.9419 4.3933 11.246128646617278 -38.44243866365359 -6.2196 1.592485645964467 0
CAR 0.0 0 -1.751062361917736 1602.430970198943 294.3722570310534 1679.3523533886093 360.98000327712475 1.6092 1.9505 4.2191 56.49092416979477 10.325937407739922 -6.9696 -3.1252249022920044 0
CAR 0.0 0 -1.7018983087736952 1493.4956449712329 282.0634056728764 1558.4408088071848 349.06456742735384 1.7 1.9624 4.4376 56.633575944796235 14.311348952427775 -6.8839 -3.0693585669112906 0
CAR 0.0 0 -0.5037850348275346 1798.9843059294205 403.80480779127157 2704.1091355218746 907.8226639843226 2.5997 2.5313 6.0978 7.155667395982638 -18.020545451673783 -6.3639 -1.796695854243611 0
