CAR 0.0 0 -0.040622712959710094 1141.7689929380952 203.39212670374255 1265.3649588233402 279.0679727627988 3.0887 3.0353 7.0662 62.38188345212538 37.75128776463796 -5.5641 -1.4149697506383534 0
CAR 0.0 0 3.023265622101203 1354.4743851691449 193.10070807888152 1519.125057971597 308.18591680479136 1.7 1.937 4.0135 31.755797907185237 -28.535500571411593 -6.2264 1.6242341597410155 0
CAR 0.0 0 -1.250103213548785 200.82197671704262 428.5558763862321 435.5405518929213 558.3405526950729 1.7 1.9714 4.0628 12.607298284122388 31.50760149094986 -7.4038 -1.826574111919186 0
CAR 0.0 0 -1.0701391597876873 383.16575369023195 439.9375129596151 576.7530325169288 551.4006284514493 1.4656 1.3758 3.7786 14.95769885789488 28.827801072677545 -7.4477 -1.8424388529812492 0
CAR 0.0 0 -1.043899489061638 244.06747850564838 322.58696309094375 532.942462696251 489.9316796145355 3.0074 3.0141 6.0193 16.85860023598466 36.094201332269165 -6.7457 -1.8157902456131392 0
CAR 0.0 0 2.97710834339691 1400.767693330459 231.0620084323667 1598.8859849528644 359.9439957662758 1.5329 1.947 4.1625 27.708398474220385 -28.08359905751582 -6.1782 1.5999076178923881 0
CAR 0.0 0 -1.3604109326959246 115.34197212543917 394.9528920811839 324.5306902610804 494.5227561323721 1.5121 1.9339 4.1099 13.258298762418038 38.36930217102998 -7.6011 -1.8219666918375406 0
CAR 0.0 0 -0.3547344785368174 1786.1245351793575 464.0145649883701 2473.897288794906 916.502997699327 3.3377 3.0755 3.0748 12.152383192370914 -26.84431102844746 -5.9795 -1.6123972310079042 0
PEDESTRIAN 0.0 0 2.9964952088356744 417.47398571978545 136.3335806073358 472.41124973084857 215.04759226253884 1.8579 0.9295 0.9471 39.77608583262535 -3.977886759559845 -6.0836 1.8006514064715917 0
CAR 0.0 0 -0.29644696898824896 1372.450187627993 185.98877988389 2790.355085274977 1132.5616646148978 4.1862 3.2286 10.2919 12.463887225623067 -23.161899248606556 -4.2942 -1.5692395341600252 0
CAR 0.0 0 -1.4319674801430864 69.70313622045087 341.3345168575383 245.6265155542531 418.5782068897434 1.5206 1.9327 4.0484 15.10969765477873 47.44309706481736 -7.4583 -1.826875486489279 0
CAR 0.0 0 -1.1434346220387486 209.63743630808386 337.1928584823019 374.9028014281566 419.3698127961139 1.7 1.6238 4.0308 17.683096052227242 43.93510140445642 -7.2916 -1.8037533996333603 0
CAR 0.0 0 2.9523691617078134 1402.236818491533 276.8541415175331 1630.8769882076147 438.547665281551 1.7 1.9624 4.2616 24.53480131037886 -26.897598198446442 -6.4566 1.6121176661405914 0
WHEELER 0.0 0 2.9520031031136904 1544.0359069014032 345.1941179735325 1670.8519359921386 480.48889454739816 1.7 0.8106 1.621 21.135299558865434 -26.89550274386943 -6.3809 1.632072091436402 0
CAR 0.0 0 -3.211565486764022 -610.5886599452306 315.19396892882486 -90.58578310092017 618.1171951774379 2.5646 2.2507 5.3418 21.79201877527136 2.8821681304462223 -6.7852 -2.590268029583166 0
CAR 0.0 0 3.0085327226955485 1778.3000410809125 302.927184351373 2108.4299857370497 491.8381102127052 1.752 1.7066 4.5021 21.7097 -33.0638 -6.3051 1.6383132896588795 0
