CAR 0.0 0 -0.06128078531204495 1151.2780738765505 202.57081533121269 1273.2670257970128 277.3252950084749 3.0887 3.0353 7.0662 63.36970123710684 37.793399731130876 -5.5641 -1.437993474107063 0
CAR 0.0 0 -1.9199055621721515 1211.6219569992277 522.438797896605 1584.0178220020348 903.998621134825 2.5061 2.2666 5.3185 15.118473566445509 7.822876817103227 -5.9066 -3.0306989853775987 0
WHEELER 0.0 0 -2.091441468821739 1421.5935148327358 1184.6489485026784 1661.3081008142642 1506.1710659692637 1.455 0.6025 0.8913 6.079151122535608 -17.914053531216137 -6.2896 -2.9424028968686495 0
CAR 0.0 0 -1.6518507548671784 1775.707169493364 330.62286390782646 1893.9357436885841 424.17072760511724 1.661 1.8473 4.112 42.3861941685443 6.852988399772026 -5.6812 -3.0210071119048685 0
CAR 0.0 0 3.0130196092254016 1337.9841257978414 191.65552748623978 1499.5621664978216 306.1340664491421 1.7 1.937 4.0135 31.932700741893747 -28.169599068976297 -6.2264 1.6149400059223493 0
CAR 0.0 0 -1.2034396921338764 210.10918972919805 429.24175425331316 444.49718083984584 559.3562839025407 1.7 1.9714 4.0628 12.711599699999732 31.29690005269205 -7.4038 -1.7921101297431838 0
CAR 0.0 0 -1.0295056563200753 393.06812936463194 438.09013295595383 584.7327793139805 548.6317934515087 1.4656 1.3758 3.7786 15.190598330762962 28.8463933444965 -7.4477 -1.8133342874298124 0
CAR 0.0 0 -1.0523686828978103 235.33894599523381 324.35795332869895 527.5402613633931 493.6050027127227 3.0074 3.0141 6.0193 16.57568032375222 35.92263313906363 -6.7457 -1.811879227403324 0
CAR 0.0 0 -1.3642605377727883 1092.0362805396899 -255.06766214566284 1151.5498064395672 -215.70733097057962 1.6185 2.5772 5.2097 -94.1050632319092 5.920172161714472 -6.6119 -3.141592653589793 0
CAR 0.0 0 2.9871892820718395 1404.8451948481002 229.15211306928424 1602.2497022614125 356.92013630047927 1.5329 1.947 4.1625 27.89343754971643 -28.25633293415334 -6.1782 1.6079448596805241 0
CAR 0.0 0 4.970756729057521 1136.5858187785159 -334.45993128677867 1196.081979701252 -285.1995841809248 1.5559 1.9857 4.1439 -78.72379961325323 4.80774109712271 -8.682 3.1406323040528 0
CAR 0.0 0 -1.7422574686275984 1526.919729912517 431.44190324463 1693.3926753906037 564.1111647232237 1.5654 1.9196 4.1235 29.168299791863486 8.950881082870179 -6.5847 -3.0154554888066953 0
CAR 0.0 0 -1.6731275118904243 1465.5369135182493 326.49364900764186 1592.7956175710524 418.6766252712913 1.7 1.8085 4.5388 38.84438535510297 13.734612236951916 -5.9788 -3.0063114934489015 0
CAR 0.0 0 -1.2635799817580962 1108.7997319746987 -349.83418639286384 1171.8553740754994 -295.533574423377 1.5117 1.9409 4.126 -71.23164587753972 1.7537502062431796 -8.2519 -3.109762181276535 0
CAR 0.0 0 -1.364109620209757 112.01534137072358 396.026220436938 322.2201946752501 496.1298183223864 1.5121 1.9339 4.1099 13.1523 38.2777 -7.6011 -1.8193646594160293 0
CAR 0.0 0 -1.6656724180197124 1610.6640251496713 346.95479544771723 1738.1672966643932 437.3777641732721 1.5404 1.9796 4.1381 39.87922090143366 10.171830382950734 -6.1749 -3.007665396882673 0
CAR 0.0 0 -1.6636755888645698 1559.7879675876045 293.0391331704796 1655.5300996330718 352.71586754054346 1.4297 1.9111 4.1493 51.7375779333499 15.003165100023825 -6.1459 -3.0369523043851006 0
CAR 0.0 0 4.973228721077902 1179.9057489751306 -398.8343483582505 1265.0782463663477 -326.92424724235235 1.5642 1.972 4.1857 -58.450014601162565 2.06741015975858 -7.9971 3.1144344235112906 0
CAR 0.0 0 -1.6293004556471602 1644.8201738916262 276.477046876662 1775.423601928681 362.73962126199956 2.0202 2.5494 5.842 52.41003322779325 11.863286979001648 -5.7294 -3.016684278966334 0
CAR 0.0 0 0.9409018293733559 177.71567757838528 186.60531801630387 341.3744164868634 292.9035863923694 1.534 1.968 4.0552 34.74874800095613 -0.9037791629162848 -6.5733 0.1047197551196598 0
CAR 0.0 0 -1.8165781444829698 1290.1606312905556 445.67533973996524 1477.3505771456673 584.5284130624071 1.5231 1.9803 4.185 25.161784541374594 12.178142027454456 -6.7201 -3.033634914425716 0
CAR 0.0 0 0.37186667237081433 -44.155343104989726 314.308300818722 233.45042043735793 503.28032872192153 1.7 1.9759 4.002 23.204450670448203 -2.5128189804838077 -6.5901 0.12040568735508039 0
CAR 0.0 0 -1.5779475562134946 1697.4695829617128 215.74921167999378 1820.5589574180783 309.1170796490296 3.123 2.9994 5.9995 66.29204718337995 12.916214902117456 -4.9167 -3.001966313430247 0
