CAR 0.0 0 4.48658741046656 1555.2797921461492 325.65331345772347 1644.99872735993 411.76593431082216 1.7 2.0096 4.0382 46.50621959109287 12.335871380709149 -6.8888 3.141592653589793 0
CAR 0.0 0 -0.18904919320696978 1138.1214847065821 186.79162825786784 1225.5412097822225 262.04068789912856 3.1128 3.0226 6.773 73.00171922156771 31.428461155704397 -5.828 -1.5736332775196553 0
CAR 0.0 0 1.9584094023010143 -29.787363537181452 223.99299075424634 287.1919608673669 526.393143270215 3.4115 2.7462 2.4608 21.49595854676293 3.468320130414871 -5.8128 1.5848109540940039 0
CAR 0.0 0 -1.9868420665664792 -959.360448165394 173.92675735738948 24.106275441067304 780.0328257452635 3.8144 4.294 14.4415 25.658963710748175 10.136221357184116 -6.7673 -1.2979016427806136 0
CAR 0.0 0 1.2006674753932653 -1749.972487353268 512.9580994868317 -491.863145585977 1179.1163109006272 2.0943 2.4031 5.4998 14.586012810180796 10.644848576085076 -6.4152 2.090900093503526 0
CAR 0.0 0 2.6304216540285745 738.5734026528501 311.9736908209774 967.2055533358827 544.541474659555 1.7 1.956 4.407 17.403707655181943 -5.7346651012276535 -6.175 1.5206392463192993 0
CAR 0.0 0 2.547564723665783 426.97602132688706 129.88983172624827 738.5374846301929 590.2946243522218 4.1983 3.0119 9.4432 21.207687795828246 -2.356299668754448 -5.5448 1.5039829648301484 0
WHEELER 0.0 0 4.209438607854292 805.4242438733606 165.79077592909297 854.5367431885459 245.75431435099304 1.7142 0.8998 1.2689 33.53050320092691 -10.416579048552405 -6.5743 2.88090798914154 0
CAR 0.0 0 -1.7804064596201288 1709.4835472510701 349.68634712983214 1826.5335889909963 440.86190756452027 1.5535 1.9759 4.0961 44.584773978042485 8.083224567171573 -6.8684 -3.131880613887544 0
CAR 0.0 0 2.697198761540701 1392.2071852568536 225.59284229270753 1811.5566889092056 499.9820657855935 2.613 2.2684 5.5662 15.52857406025612 -17.561486011716998 -5.7562 1.3445662732657342 0
CAR 0.0 0 2.6615582799870374 1267.0290800490566 253.84461366260714 1518.0057014818717 415.3805663079862 1.651 1.9856 4.1758 19.122954992488317 -16.701925468025124 -6.3514 1.3246148345160813 0
CAR 0.0 0 1.403934275464252 1829.519950514301 217.9689936419017 1881.202991441853 248.60451447668703 1.56 1.9152 4.172 111.82381923171181 -8.005161309516966 -7.1881 -0.04190840405596502 0
CAR 0.0 0 -1.4265915101079716 228.64097773264143 445.55695675206715 437.64598576108693 568.2988255863863 1.5269 1.9408 4.1155 23.817196929294333 40.59621876004725 -8.831 -2.013284002215193 0
CAR 0.0 0 -0.5350666602659504 865.2737529535783 488.157163639845 1034.568482303828 646.3078693878551 1.585 1.9239 4.1682 24.65914491522448 25.135823088937624 -8.1024 -1.5713566307089781 0
CAR 0.0 0 2.789506296733064 2086.4688019574487 280.58645049727807 2486.980909943729 444.64919912159957 1.5006 1.9544 4.3204 12.393588102586282 -31.031624940582763 -6.2434 1.37457573667756 0
CAR 0.0 0 2.7415090931143795 2069.947442950016 237.41726633188543 2429.2961698438316 379.7770446865504 1.5496 1.899 4.5119 14.68506347980928 -34.592385529498095 -6.1851 1.3058166515910923 0
CAR 0.0 0 2.764407592521482 1330.2704710283879 200.20733666106472 1526.5382589639544 312.59895186766244 1.5683 1.9824 4.1753 25.09131848587277 -22.717146856589636 -6.7242 1.3699820769311981 0
