CAR 0.0 0 4.461406338961595 1561.5245572683125 327.14812203762347 1652.639488964934 413.9667346731749 1.7 2.0096 4.0382 46.2951 12.1536 -6.8888 3.11655435550722 0
CAR 0.0 0 -0.3304816039095446 1147.0123217535074 187.3324082266689 1234.242638416625 262.89941002822195 3.1128 3.0226 6.773 72.9264 30.9305 -5.828 -1.7158531596828857 0
CAR 0.0 0 -1.3248710404569422 359.17605899364645 432.76052553665403 647.1091256131364 745.3656286135266 3.8081 2.9722 2.9156 17.82601961037078 30.240113161263345 -7.0351 -2.0473228625974484 0
CAR 0.0 0 2.117901441986179 294.13686808414906 182.78666766194985 585.9254416034082 309.86041771260193 3.6974 3.5688 12.6738 46.058638738142754 56.86729057834776 -5.9176 1.0438170666986544 0
CAR 0.0 0 2.6722950934353933 1074.2985893866958 194.64573018716123 1257.464519406889 322.52190251654713 1.7 1.967 4.5895 26.26980039666276 -16.109597335866383 -6.577 1.317956906484731 0
CAR 0.0 0 -0.28425990464006823 3366.8632275561804 181.73827416661706 6011.255174485443 728.5661673455638 4.6414 3.6368 14.786 -1.5504674461207202 -66.30465149066991 -6.1579 -1.763346625374898 0
CAR 0.0 0 2.6477283685833033 1766.5855978896345 181.4925380011823 2052.911539684407 399.80120495850264 3.4115 2.7462 2.4608 16.746 -27.21339998889042 -5.8128 1.2258169406910011 0
CAR 0.0 0 2.6736791622293157 1463.3224305173178 275.6438936735956 1738.6310273624115 431.53048117316064 1.5441 1.9368 4.2225 17.8426 -20.5992 -6.7047 1.3186377821279618 0
CAR 0.0 0 -1.1458251463076232 276.3678408108657 247.9529883972602 733.9530768674942 480.35132589926343 3.8144 4.294 14.4415 32.9921 41.8438 -6.7673 -2.120489226164379 0
CAR 0.0 0 2.329438849010306 655.3037627279684 198.3605200202929 781.2067876360961 326.96980289960834 1.7 1.7559 4.4079 29.436058399450708 -6.4852607064867565 -6.7373 1.1063704983859333 0
CAR 0.0 0 2.976082163095455 2707.613099403373 202.9600579446073 3365.7002720053338 412.0663939343001 2.3829 2.6598 6.0028 8.725510230658852 -48.306279247280756 -5.6352 1.5041920817351715 0
CAR 0.0 0 -2.8984012033630737 -1383.6740391993458 701.35826400393 -552.817225790433 1193.9378874696008 1.7 2.0602 4.2454 15.67663053723566 11.942818468121692 -8.3962 -2.122798748936369 0
CAR 0.0 0 2.676432703981537 1566.249559769906 307.93285511098367 1934.9086101883381 512.17636324145 1.7 1.9879 4.7683 14.6432 -20.4419 -6.6494 1.333552304766139 0
CAR 0.0 0 2.6483532537986703 1883.398981764902 307.9786984134827 2260.0126150514184 482.00143166718715 1.5135 1.9357 4.3357 13.2682 -26.6938 -6.6523 1.2644279727318088 0
CAR 0.0 0 2.649239520519182 2196.6357041494757 270.09949437894767 2745.011541784661 490.9682955967961 2.0943 2.4031 5.4998 11.1554 -33.9905 -6.4152 1.2290361204144005 0
CAR 0.0 0 -0.3387870358597804 3310.3996170188097 400.0235469096982 4002.3205774438557 619.1980490185219 1.7 1.8668 4.13 1.8845229263865593 -46.58626126447991 -6.915 -1.7722570175861114 0
WHEELER 0.0 0 4.343828884039545 734.8746398350554 126.405803536277 780.6442418255007 199.96715559347223 1.7185 0.8392 1.6951 38.74723482750993 -9.812689124451135 -6.3427 2.984313267049473 0
WHEELER 0.0 0 2.4912692924631195 854.3065421751492 341.27577147308284 890.6578395137512 409.98642898806133 1.8147 0.6832 1.1965 38.2 33.4102 -7.757 1.3265631903688766 0
CAR 0.0 0 -0.5353471829578313 1743.124420460889 472.21177137935024 2252.9719920835546 780.784968532173 1.7 1.727 4.1102 8.506562359799224 -17.012551464746416 -6.8135 -1.8046014804023776 0
CAR 0.0 0 2.891646149077823 2527.26073255916 265.5803753522063 2990.9959157327908 430.40282696952676 1.7 1.956 4.407 9.813523375670481 -41.11113745282256 -6.175 1.4450837886021748 0
