CAR 0.0 0 1.7653003253117134 -22595.754434996972 1572.160351692148 -3492.824590953194 7333.186389369454 1.7 2.0096 4.0382 8.966732506153798 18.59963913352121 -6.8888 2.966945122707715 0
CAR 0.0 0 2.704524582759481 1326.8330505231402 200.48981733666557 1522.9727566020501 313.07844895194904 1.5683 1.9824 4.1753 25.085257188890612 -22.6067883200059 -6.7242 1.310780564343317 0
CAR 0.0 0 4.311739494758542 1705.0773672479568 328.89293457501566 1849.9299147948188 448.01952632299157 1.9963 2.2756 5.9988 45.14665604514414 7.8578216817541096 -6.704 2.9549434400728405 0
CAR 0.0 0 2.6980235615634003 1375.098093191848 208.0309174446325 1631.4111104087908 349.38185144019667 1.6094 1.8776 4.9449 21.369379415503502 -21.32763295254737 -6.2139 1.3087788871307455 0
CAR 0.0 0 4.02155256697149 1104.833013789779 529.225162217576 1262.3668844582658 746.1045778416888 1.7 1.4338 4.1609 20.822887267782193 19.627324424829773 -7.0814 2.9399563745571107 0
CAR 0.0 0 1.067978795537608 309.99562702714906 111.21647360238876 383.96734240076967 197.88796128810628 1.7874 1.6906 4.6429 46.92076385383046 1.378674169800303 -6.9019 -0.08927396792144165 0
CAR 0.0 0 0.6796487451140762 208.83914316710877 184.64170846693204 326.151585673609 307.4224051678054 1.7663 1.8436 4.3075 34.98710881122552 2.8959820289651708 -6.9886 -0.16024467354076596 0
CAR 0.0 0 4.324262823312374 1582.141905605322 292.44599959932685 1691.998682663833 402.9653303374988 2.2503 2.304 6.2856 49.10732244506191 11.211980055185032 -6.5162 2.9615002461240043 0
PEDESTRIAN 0.0 0 3.1231384238240167 633.0877893821099 127.25442797410862 670.0535398455133 194.51906273297112 1.7016 0.7772 0.6957 39.76039855803574 -6.9210578759475405 -6.3348 1.7939184524963823 0
CAR 0.0 0 4.205863929042065 1528.9794000698366 391.4732574693028 1637.3038244942506 512.7954231269767 1.6266 1.8999 4.4696 35.84977881780337 13.341258735955883 -7.0385 2.912226530722881 0
CAR 0.0 0 -1.1013560088554506 197.230729756153 429.7204712233594 417.39854507649073 554.8457429015247 1.5083 1.8983 4.1522 22.8689 40.2448 -8.1788 -1.665276828536639 0
CAR 0.0 0 4.0972346312168035 1421.3254090246414 504.1177641301807 1563.5303574268853 692.4772199395466 1.612 1.9008 4.2774 25.344164032492728 15.192507730392204 -7.288 2.9047828057548273 0
CAR 0.0 0 4.174412967039803 1365.2428267698356 394.51743658512 1456.9702078096273 509.35053235950124 1.5468 1.6772 4.4837 34.950353677477054 17.08149055795182 -7.2852 2.9115326316912644 0
CAR 0.0 0 4.47091119616775 1741.2365283990669 226.65192390317569 1822.2593979914773 291.895715519794 2.5066 2.4248 2.2189 73.6098 3.1222000000000003 -5.8096 3.044321239284324 0
