CAR 0.0 0 4.344903967151634 1562.1115484454626 326.8836799325608 1653.173877588369 413.5568425000493 1.7 2.0096 4.0382 46.363001143363796 12.13339965985348 -6.8888 2.9997781404841044 0
CAR 0.0 0 -0.1956203900974216 1115.2738859985816 185.05340057489187 1202.8341554481 259.1558002732698 3.1128 3.0226 6.773 73.47820929172524 32.801331502282686 -5.828 -1.5785158727392246 0
CAR 0.0 0 2.687698742856475 1564.1277744298159 181.3328213446196 1832.5495042794018 404.405067430299 3.4115 2.7462 2.4608 17.91726505330374 -22.892234164168755 -5.8128 1.2852302956391666 0
CAR 0.0 0 2.0950859175605685 104.9461706622767 311.8805875771054 301.7407385743588 510.7112141811251 1.5441 1.9368 4.2225 22.50061632301669 2.916643065344514 -6.7047 1.6123337036745093 0
CAR 0.0 0 -1.141151257326126 317.23939446975317 261.97039416591065 796.4325613568013 525.3844948696722 3.8144 4.294 14.4415 30.90199871340841 38.24231792533977 -6.7673 -2.127491551481048 0
CAR 0.0 0 2.45463899216654 717.5084668673514 334.28163902728863 947.2491029074315 575.6369317900727 1.7 1.9879 4.7683 17.71512807139669 -5.50163235174381 -6.6494 1.3797729182380674 0
CAR 0.0 0 2.630881667401101 1535.6863874564744 311.74172722930325 1863.6740503553176 493.3662252970314 1.5135 1.9357 4.3357 15.131720572651915 -19.920695275175238 -6.6523 1.2908234282716162 0
CAR 0.0 0 2.7281044556229217 2046.9918272532989 274.21092821475685 2576.6358324254697 502.43719163396963 2.0943 2.4031 5.4998 11.880421384191775 -30.50856315833301 -6.4152 1.3212931812686342 0
CAR 0.0 0 2.71372914847536 1698.4510733408783 123.7476356724348 2420.7619292508098 481.2786653352156 4.1983 3.0119 9.4432 15.960837169928102 -28.61438741685949 -5.5448 1.281112685800008 0
WHEELER 0.0 0 4.006363561043775 802.5681327569679 166.39179759257598 851.8197017430738 246.5736535931381 1.7142 0.8998 1.2689 33.4645 -10.3208 -6.5743 2.679422543851173 0
WHEELER 0.0 0 2.5444456999538674 647.2158158859584 181.10274294178075 714.8317977986409 268.75949569947323 1.6462 1.1594 1.9268 33.153603951175995 -6.4291476240539716 -6.7353 1.2913770127670434 0
CAR 0.0 0 4.412459453630052 1721.29015929944 330.53356163784593 1829.3160441626287 411.75996557758236 1.5535 1.9759 4.0961 48.81392929223526 7.209547264368214 -6.8684 3.047210286189498 0
CAR 0.0 0 2.7492926730949643 2476.6119687662167 267.930313938332 2937.9468985524595 435.315704728935 1.7 1.956 4.407 10.04076281162855 -39.696624089532705 -6.175 1.3063805397873733 0
