CAR 0.0 0 4.461406338961595 1561.5245572683125 327.14812203762347 1652.639488964934 413.9667346731749 1.7 2.0096 4.0382 46.2951 12.1536 -6.8888 3.11655435550722 0
CAR 0.0 0 -0.3304816039095446 1147.0123217535074 187.3324082266689 1234.242638416625 262.89941002822195 3.1128 3.0226 6.773 72.9264 30.9305 -5.828 -1.7158531596828857 0
CAR 0.0 0 -1.3418084054765222 327.85379371351337 417.9481202483167 608.4982955376557 715.4620969438166 3.8081 2.9722 2.9156 18.373584844652964 31.45693721760239 -7.0351 -2.0473228625974484 0
CAR 0.0 0 2.1480698028063476 342.7712612411926 187.71901386159414 635.1132242965797 321.246052124992 3.6974 3.5688 12.6738 45.15010320787332 53.47562742283459 -5.9176 1.0438170666986544 0
CAR 0.0 0 2.6794700444583013 1112.2741892975992 194.7006463104226 1300.1691140848845 322.1082344501495 1.7 1.967 4.5895 26.01189841461971 -17.02616646362165 -6.577 1.317956906484731 0
CAR 0.0 0 -0.28764809171974304 3233.1737649526644 179.4870756855763 5785.600764374138 730.5170613517197 4.6414 3.6368 14.786 -0.39041352887265646 -63.001534586445814 -6.1579 -1.763346625374898 0
CAR 0.0 0 2.647728368565121 1766.5855977557583 181.49253801073684 2052.9115395509534 399.80120498048495 3.4115 2.7462 2.4608 16.746 -27.2133999849826 -5.8128 1.2258169406910011 0
CAR 0.0 0 2.6736791622293157 1463.3224305173178 275.6438936735956 1738.6310273624115 431.53048117316064 1.5441 1.9368 4.2225 17.8426 -20.5992 -6.7047 1.3186377821279618 0
CAR 0.0 0 -1.1458251463076232 276.3678408108657 247.9529883972602 733.9530768674942 480.35132589926343 3.8144 4.294 14.4415 32.9921 41.8438 -6.7673 -2.120489226164379 0
CAR 0.0 0 2.3480258143688353 703.4134032265237 200.28095909815602 833.3701024774749 329.468538355295 1.7 1.7559 4.4079 28.92014819263661 -7.506361551263871 -6.7373 1.1063704983859333 0
CAR 0.0 0 2.9763526518998753 2710.836399467316 202.63800253453613 3368.34635164238 411.27234643168293 2.3829 2.6598 6.0028 8.72150463039569 -48.4492704590851 -5.6352 1.5041920817351715 0
CAR 0.0 0 -1.1054754525017956 1444.903132220867 780.5160987458414 1697.579153116657 1173.9396722772026 1.7 2.0602 4.2454 16.457864222687185 14.234701419481542 -8.3962 -2.122798748936369 0
CAR 0.0 0 2.676432703981537 1566.249559769906 307.93285511098367 1934.9086101883381 512.17636324145 1.7 1.9879 4.7683 14.6432 -20.4419 -6.6494 1.333552304766139 0
CAR 0.0 0 2.6483532537986703 1883.398981764902 307.9786984134827 2260.0126150514184 482.00143166718715 1.5135 1.9357 4.3357 13.2682 -26.6938 -6.6523 1.2644279727318088 0
CAR 0.0 0 2.649239520519182 2196.6357041494757 270.09949437894767 2745.011541784661 490.9682955967961 2.0943 2.4031 5.4998 11.1554 -33.9905 -6.4152 1.2290361204144005 0
CAR 0.0 0 -0.348410459916511 3179.2549861017274 411.42447747136976 3872.828254757472 641.5041754632772 1.7 1.8668 4.13 2.4848401948900594 -43.04462262523049 -6.915 -1.7722570175861114 0
WHEELER 0.0 0 4.344479444027787 724.6247879108829 124.01571377165331 769.8894009801736 196.8098619990588 1.7185 0.8392 1.6951 39.269075487082944 -9.627769816693611 -6.3427 2.984313267049473 0
WHEELER 0.0 0 2.4963183710220855 881.9311525827779 347.1337612056477 918.7579839290681 417.334115511495 1.8147 0.6832 1.1965 37.752637834598495 32.24825984818218 -7.757 1.3265631903688766 0
CAR 0.0 0 -0.5764896915632365 1549.2689903979503 481.57017372793894 2022.5718399270368 802.4163863921445 1.7 1.727 4.1102 9.1343 -14.2366 -6.8135 -1.8046014804023776 0
CAR 0.0 0 2.8916461020250486 2527.2596237150997 265.58035656458253 2990.994637109367 430.40281139378703 1.7 1.956 4.407 9.813531714704071 -41.11111513837111 -6.175 1.4450837886021748 0
