CAR 0.0 0 2.929382723086578 1218.8373840623049 194.67900757617204 1366.3819766972333 311.8802707852608 1.7 1.937 4.0135 31.56161217160524 -24.96401170640268 -6.2264 1.5510382525586681 0
CAR 0.0 0 -1.2157874298201086 233.93841630593897 451.647658082431 482.1072797398578 594.6436151642641 1.7 1.9714 4.0628 12.158283814873625 28.7867768924042 -7.4038 -1.8201623861801035 0
CAR 0.0 0 -1.0501489354746816 418.44862264867857 450.39106160312895 614.8115813188299 566.6410915440438 1.4656 1.3758 3.7786 14.964046331470161 27.374857485970402 -7.4477 -1.8465701910156123 0
CAR 0.0 0 -1.0240484895523414 252.82812317119402 325.1243663454811 543.9539413617399 494.93735940360244 3.0074 3.0141 6.0193 16.81594180938378 35.493623801783215 -6.7457 -1.8040050303749324 0
CAR 0.0 0 0.04643719095937504 3138.496438765892 146.8388891731933 5306.158203137908 682.272667263758 4.1862 3.2286 10.2919 15.979123444363701 -58.54747241635853 -4.2942 -1.4315679485436985 0
CAR 0.0 0 2.920445994111203 1405.6492184530127 277.1378373968417 1635.1117974776835 438.9735688350851 1.7 1.9624 4.2616 24.511479103228346 -26.960464470019424 -6.4566 1.5798550217274272 0
WHEELER 0.0 0 2.8807238477159878 1525.0496918975489 344.7064689882463 1649.8204565461149 479.96202142154965 1.7 0.8106 1.621 21.17324802697134 -26.570130349342186 -6.3809 1.5635222017560881 0
CAR 0.0 0 3.022780191721695 1778.1628170935046 306.31712785405574 2111.709752576243 497.6693310978399 1.752 1.7066 4.5021 21.488136603968364 -32.90644274085818 -6.3051 1.6546732152024497 0
CAR 0.0 0 3.037646294131786 1734.302854043518 282.9168667939788 2031.7354004538033 443.42216954957934 1.6356 1.9585 4.5139 24.22542869922897 -34.02959221505033 -6.5383 1.6564487319189027 0
CAR 0.0 0 0.032312396029899215 3633.1018606392645 303.49656318128024 4523.6255929677645 592.6682620793356 3.3072 3.0001 3.4972 16.404469907244422 -64.0834883666773 -5.7424 -1.4301053464269944 0
CAR 0.0 0 1.784651923659134 1264.1821390402279 -329.4446114601707 1348.7648531380717 -267.63885184651855 1.7479 2.1574 4.4141 -67.4879 8.6671 -7.1261 -0.010319424834180245 0
CAR 0.0 0 3.0173768419651132 2133.2144370506144 303.1326147232705 2522.163396860361 470.1490252296091 1.5888 1.9932 4.2218 21.850170602651918 -40.572824936955946 -6.2836 1.6104035849024376 0
