CAR 0.0 0 4.48658735306617 1555.2769459582103 325.6528044937439 1644.9953251225156 411.7651940401747 1.7 2.0096 4.0382 46.50627874947812 12.335956147709089 -6.8888 3.141592653589793 0
CAR 0.0 0 -0.18907910576165388 1137.8273248467005 186.77704734359244 1225.25637862106 262.01877043399634 3.1128 3.0226 6.773 73.00157987896031 31.444318362899395 -5.828 -1.5736332775196553 0
CAR 0.0 0 2.3200866822390633 197.97788173172412 212.0321628400971 459.6922090957598 497.59260150544236 3.4115 2.7462 2.4608 21.66120588223378 0.9432176286214633 -5.8128 1.5499082763629763 0
CAR 0.0 0 -2.2926777692949605 -1368.4659165576468 186.45635907191303 -98.43695807289062 865.9843793282671 3.8144 4.294 14.4415 24.848650610665082 12.126243999148743 -6.7673 -1.4026213979002733 0
CAR 0.0 0 1.3618494393334486 -809.8133477882953 424.3121141697776 -104.13893504491936 912.0400743477632 2.0943 2.4031 5.4998 16.165367843545443 7.575930603510608 -6.4152 1.9163671683040928 0
CAR 0.0 0 2.611631962778164 910.93563949083 300.929116897482 1158.7992269204758 520.9005858651349 1.7 1.956 4.407 17.219283091510494 -8.471414841454491 -6.175 1.4159194911996396 0
CAR 0.0 0 2.6307582664029536 574.9389851306105 125.92513420422402 910.7916242056314 564.2292910004658 4.1983 3.0119 9.4432 21.118517604013334 -4.8605957155636315 -5.5448 1.469097665841714 0
WHEELER 0.0 0 4.209529292749804 805.5261607615092 165.74282786264678 854.6286856685327 245.68995461415705 1.7142 0.8998 1.2689 33.53660080298684 -10.421076994071868 -6.5743 2.88090798914154 0
CAR 0.0 0 -1.7804486589602486 1710.6318544301091 349.9850831423487 1827.9867752207517 441.30408268139047 1.5535 1.9759 4.0961 44.54635730058039 8.056856428776339 -6.8684 -3.131880613887544 0
CAR 0.0 0 2.703039734267276 1548.4885456681775 223.92700536166615 2000.5761459557361 491.67345716371534 2.613 2.2684 5.5662 14.808258145823961 -20.564366353464795 -5.7562 1.3271023573237875 0
CAR 0.0 0 2.6667915025136804 1398.029878337406 252.0532691581959 1665.4714288011774 410.4770545793728 1.651 1.9856 4.1758 18.47468542346005 -19.40567681455013 -6.3514 1.307161541996138 0
CAR 0.0 0 1.4005680389193638 1834.5266934037897 224.15513679890427 1889.5955197713756 256.8939525793109 1.56 1.9152 4.172 105.81864486367533 -7.150939732772811 -7.1881 -0.04190840405596502 0
CAR 0.0 0 -1.4267481459927582 228.44845579950552 445.42960805305626 437.4060076747569 568.109784837058 1.5269 1.9408 4.1155 23.82377885913577 40.6099886419518 -8.831 -2.013284002215193 0
CAR 0.0 0 -0.6641300717020204 768.3024563281143 465.8440173151674 939.1704523787644 611.6566774276963 1.585 1.9239 4.1682 25.333619701051525 27.59306578751156 -8.1024 -1.6760802364999923 0
CAR 0.0 0 2.7998799149875007 2203.916352540221 276.4625704060844 2614.19988235845 435.9017169226845 1.5006 1.9544 4.3204 11.863951966318155 -33.840227149840885 -6.2434 1.37457573667756 0
CAR 0.0 0 2.816771133951878 2139.553294438614 235.4891706286071 2504.573315567103 375.5425725810464 1.5496 1.899 4.5119 14.336806420533819 -36.44983284745993 -6.1851 1.3756298216708658 0
CAR 0.0 0 2.764576809256177 1330.9999312777263 200.11660507693327 1527.2707871767902 312.4492823702233 1.5683 1.9824 4.1753 25.0959198289853 -22.743061875547383 -6.7242 1.3699820769311981 0
