CAR 0.0 0 2.845883428557944 981.9172693523561 196.6954248934667 1097.6318768340104 317.224769499012 1.7 1.937 4.0135 31.322039020454895 -18.986620340677156 -6.2264 1.5161316675187817 0
CAR 0.0 0 -1.2014917443441475 280.85853663803914 511.7736842757658 566.8125507799584 692.5411491466306 1.7 1.9714 4.0628 10.755397102347558 23.591494102682503 -7.4038 -1.8201623861801035 0
CAR 0.0 0 -1.028527308963505 498.87948496174704 502.39372589508656 716.334143742292 644.4981800167733 1.4656 1.3758 3.7786 13.808122726695952 22.48992743310642 -7.4477 -1.8465701910156123 0
CAR 0.0 0 -1.0120765723058998 276.0799394299054 340.1434808777954 583.7410670504862 525.2820202623254 3.0074 3.0141 6.0193 16.119478334242302 32.64168650534336 -6.7457 -1.8040050303749324 0
CAR 0.0 0 2.6988791171579756 637.2458243755518 245.52050676904554 762.5365588027981 389.8947599453117 1.5329 1.947 4.1625 26.5937533992855 -11.893076324584046 -6.1782 1.5482138769844158 0
CAR 0.0 0 0.06546132644684244 3448.916897921616 127.64798730719704 5392.385296659054 560.8788327021426 4.1862 3.2286 10.2919 18.426980630590652 -70.88875348580542 -4.2942 -1.4315679485436985 0
CAR 0.0 0 2.920460380578085 1405.5862218689458 277.1056492315676 1635.0141488970273 438.9217804009004 1.7 1.9624 4.2616 24.51397514020725 -26.960168285347795 -6.4566 1.5798550217274272 0
WHEELER 0.0 0 2.8807368075002535 1525.091541863812 344.6972857599827 1649.8636742797546 479.94931607660044 1.7 0.8106 1.621 21.17372020204452 -26.57112898449957 -6.3809 1.5635222017560881 0
CAR 0.0 0 3.0227872638150557 1778.1658960396226 306.30626273217854 2111.702417199498 497.6505837760932 1.752 1.7066 4.5021 21.488839176671952 -32.90699498394624 -6.3051 1.6546732152024497 0
CAR 0.0 0 3.0386031851829345 1720.4840148199303 278.9852565447133 2011.7273079935962 437.12972296956667 1.6356 1.9585 4.5139 24.536806872798206 -33.926306830803235 -6.5383 1.6564487319189027 0
CAR 0.0 0 1.784651923659134 1264.1821390402279 -329.4446114601707 1348.7648531380717 -267.63885184651855 1.7479 2.1574 4.4141 -67.4879 8.6671 -7.1261 -0.010319424834180245 0
CAR 0.0 0 3.014225166670792 2106.798725875238 305.2215335271916 2493.5306230384967 473.87066993297725 1.5888 1.9932 4.2218 21.72513150825358 -39.88841306084655 -6.2836 1.6104035849024376 0
PEDESTRIAN 0.0 0 2.2697987300208595 47.446453457467406 173.42834172799786 106.55199313240658 248.96266655957479 1.651 0.5088 0.9606 37.845498634098526 4.8004669423127115 -6.6051 1.9174778364964447 0
