CAR 0.0 0 -0.03384107058816643 1150.2991768257482 198.23658153207882 1269.1003855256392 266.1737878106765 2.7763 2.7552 7.2016 63.0682983000773 37.80569990511622 -5.1699 -1.416192480697106 0
CAR 0.0 0 -1.69326228655898 1484.7720133785658 330.37941377398914 1603.3232136867593 415.0221292953719 1.7 1.9575 4.0881 41.89979953294952 14.185702169749575 -6.4594 -3.02834391244896 0
CAR 0.0 0 -0.7969873958260478 1088.5639125460982 561.0542335417765 1232.4017934761973 674.1479023441472 0.9948 1.2858 2.4998 18.59748277820055 13.389025211573458 -7.372 -1.880150826000462 0
PEDESTRIAN 0.0 0 -0.013568268293907115 3385.3306990802253 934.0569111392899 3871.829477573108 1170.71882981089 1.7 0.9483 0.6324 7.0434 -35.0259 -6.4597 -1.3017621272550564 0
CAR 0.0 0 2.4768975209509057 -1267.3792582713904 194.16650114733616 391.10201823716505 1357.312228930687 4.449 3.1064 14.302 15.163396914385489 -5.437987436367759 -5.4278 2.7764838213238345 0
CAR 0.0 0 -1.0332462997820837 349.7454059788247 416.4822002356772 559.7259087917867 529.4719934106524 1.5443 1.9623 4.0978 15.641108508148363 31.058049677281446 -7.4616 -1.8023740043592795 0
PEDESTRIAN 0.0 0 -1.3843156089216022 1122.5336041493554 373.6308579588012 1164.0959087614294 445.1888621623233 1.7091 0.758 0.7219 30.554533475939518 21.344431807707377 -6.9127 -2.611545737766429 0
PEDESTRIAN 0.0 0 -1.6840713931980635 1155.2290716714638 373.7899849024717 1197.4359028027463 447.42226796296 1.7376 0.7422 0.7187 30.660913403680066 20.368041373449522 -6.8157 -2.9193361529274826 0
CAR 0.0 0 2.9749904259099247 1472.0745508513685 227.0955830668078 1676.693793792476 352.55693187331354 1.543 1.9551 4.1131 28.158015655284494 -29.9684191685301 -6.1946 1.5853587630622612 0
CAR 0.0 0 2.980676851319296 1302.6515388337464 202.72008537015955 1462.720386104529 315.3764393598845 1.5805 1.9518 4.1417 31.607373507242542 -27.17630526099703 -6.3762 1.5941815710532377 0
PEDESTRIAN 0.0 0 2.958987076840991 906.4412721866465 125.58931568678639 935.0323525590276 193.27231985362997 1.7 0.7538 0.7055 40.57254669163805 -17.057782818589114 -5.7704 1.5594767795872573 0
CAR 0.0 0 -1.6022678997630513 1584.4400344277506 281.6677055668149 1673.0163717817225 340.3297502348713 1.5918 1.9068 4.1122 56.475014922093486 15.455602357171397 -6.2509 -2.9850087367004488 0
