CAR 0.0 0 2.732529081820856 1336.6199172037761 202.12076808490573 1535.0246249184504 315.5072756189796 1.5683 1.9824 4.1753 24.842125987629437 -22.72702695701392 -6.7242 1.33882426606999 0
CAR 0.0 0 4.357969384014161 1702.839921481079 328.5091833726291 1847.0025233673375 447.37640819742626 1.9963 2.2756 5.9988 45.190304062750926 7.915448193888064 -6.704 3.0012018670575786 0
CAR 0.0 0 2.7029706759890253 1388.7670910309992 207.35390436568895 1646.311614718697 348.01731193849537 1.6094 1.8776 4.9449 21.34408450185709 -21.691775995782688 -6.2139 1.3114097922132018 0
PEDESTRIAN 0.0 0 2.7270139403278355 638.597198087565 127.07045499496344 675.4288707708199 194.23880271546875 1.7016 0.7772 0.6957 39.75985658821907 -7.078227545543336 -6.3348 1.3955368288674803 0
CAR 0.0 0 -1.544059621848604 248.66668825312382 421.4627623665526 457.4174938117628 541.7655475481928 1.5083 1.8983 4.1522 23.93326286992878 39.98025710108812 -8.1788 -2.18213576590055 0
CAR 0.0 0 1.4170961395372794 425.8398455852115 16.69203107080191 479.25721816419986 66.72202703924242 2.001 2.2034 6.0581 83.39930839102222 -3.4652792147976523 -6.8553 -0.06338274536302377 0
CAR 0.0 0 -1.2901629674919999 405.9199261633841 424.57389614627465 598.6213418050351 544.34131314552 1.4958 1.977 4.1388 25.350099636062637 36.83360009460008 -8.1989 -2.09854158769705 0
CAR 0.0 0 4.392023743028202 1708.0966889430626 206.0332340219596 1867.891288575571 332.7501530909838 3.4934 3.115 10.3352 63.26479802518277 5.0191 -5.0918 2.9686603356601298 0
CAR 0.0 0 -1.6596957688459435 140.676272246216 381.5900942120412 334.83433274707136 481.50830694854477 1.508 2.0028 4.001 26.0277 46.1866 -8.2196 -2.1681369818205787 0
CAR 0.0 0 4.391394218646928 1725.171275854398 254.6068781007159 1821.5750336537085 337.22110826493576 2.4532 2.2469 1.9737 57.1937 6.1447 -5.6178 2.985525566570448 0
CAR 0.0 0 4.132280496482286 1139.9088445370026 487.8400099848408 1309.41655497168 681.1433973391187 1.7 1.989 4.2817 23.512214236767353 19.490391242703662 -7.1172 3.0019663134302466 0
CAR 0.0 0 4.19949021261532 1465.64438525676 339.47922028870545 1647.948489306494 548.457727316817 3.0024 3.0029 5.9984 33.88309501935886 14.17177377403687 -6.3697 2.9029100946281097 0
CAR 0.0 0 -0.48257936882336305 1843.4190490199578 411.70732003319716 2642.624281134179 826.5658829944324 2.0449 2.1484 6.0265 7.659891749173076 -19.24044719795485 -6.4734 -1.7881553908449699 0
