CAR 0.0 0 2.9198934693861895 1697.3377739267592 310.3328727405465 2017.653149471035 505.5916915857895 1.752 1.7066 4.5021 21.275104333368546 -31.15012512478119 -6.3051 1.56412138454581 0
CAR 0.0 0 2.9185513987328466 1617.6161940174939 280.7782315750443 1891.7831389487694 441.16153370733696 1.6356 1.9585 4.5139 24.447855148993703 -31.587219180205047 -6.5383 1.5496668587214586 0
CAR 0.0 0 -1.3042136754494011 357.3491506040306 687.306792607686 770.3801597515743 997.5285818190067 1.4933 1.9845 4.3346 7.902440303978258 15.05509364462522 -7.4122 -1.9026421715458148 0
CAR 0.0 0 1.5869298574700117 340.1314519428439 35.621285528064796 484.59592974271976 151.45374235663402 3.1128 2.997 6.1486 54.22127912994463 0.38219683920225833 -5.7625 0.2318881001883831 0
CAR 0.0 0 -0.0406422256415786 1147.6755517865022 198.3027161934256 1266.7198685389587 266.3345699173532 2.7763 2.7552 7.2016 62.903800000000004 37.8616 -5.1699 -1.422524184228078 0
PEDESTRIAN 0.0 0 3.0622110283120714 1262.4996980518492 333.77732967463004 1317.041120471448 417.0319216095472 2.0834 0.8594 1.2954 35.50559304547509 19.468706833967996 -6.4178 1.774178811100657 0
CAR 0.0 0 -1.58328051562441 1482.8148258447773 330.4981017573107 1601.5083506105418 415.21580357027204 1.7 1.9575 4.0881 41.83174266394453 14.22035845246749 -6.4594 -2.9179901321681756 0
PEDESTRIAN 0.0 0 2.9527682603338383 1549.526272134232 365.8821907048101 1610.7386453573101 456.67944504754496 2.0136 0.8864 0.9253 35.71238882267621 11.475230849637715 -6.2865 1.6361990662420665 0
CAR 0.0 0 -0.1113174176603633 2479.184440568138 445.6072366779983 3225.2735962662864 761.1733423561553 2.0012 2.0683 4.7145 14.58010459860379 -39.65499479046238 -6.5857 -1.474434501546051 0
CAR 0.0 0 -1.25772230233921 1107.732148379176 -370.4813436432124 1174.1964158657227 -309.45394512355057 1.7 2.0312 4.764 -73.73756660539142 2.2567176480417355 -9.2203 -3.117640778232648 0
CAR 0.0 0 -1.1271430919586658 1294.3699777742095 -547.675930410652 1454.0511085556038 -417.63131885530504 1.7 2.2594 5.3028 -43.44017262932664 1.9939465873466182 -8.5573 -3.034503354714758 0
CAR 0.0 0 -0.5712943931905641 804.4334438449415 596.3683448706687 1049.3672835166112 974.9113126030135 1.5714 2.065 4.0061 12.595605513383939 -14.840590761086697 -6.7698 -1.4355806157044786 0
