CAR 0.0 0 -0.035367176512882015 1147.8934379421905 202.7090228187191 1270.2456800559983 277.64223539178624 3.0887 3.0353 7.0662 63.123609711765425 37.845949785135225 -5.5641 -1.4114024759719594 0
CAR 0.0 0 2.970844063405621 920.80058215648 150.87382239580447 1254.0739547128067 550.616199059885 3.3784 3.4486 11.6024 24.004194304192524 -17.981677533522625 -5.4833 1.7027764913188659 0
CAR 0.0 0 -1.706982128738986 1600.256446995423 302.0901145288067 1745.0922531483034 422.9088778069849 2.5061 2.2666 5.3185 43.373098592671184 11.027955761986465 -5.9066 -3.0663557118638796 0
CAR 0.0 0 2.825498223618954 539.8581961024712 185.03229484958678 808.0749498211351 487.7429947097073 3.5225 3.6418 4.7722 23.168800027912088 -11.978807594075525 -5.4368 1.6958926219504107 0
CAR 0.0 0 -1.7477935511790192 1532.5225999509262 312.58492635468247 1641.4921477843 389.13630305275893 1.7 1.9666 4.1398 46.47301230575346 14.221102206854578 -6.3811 -3.1019631316146827 0
CAR 0.0 0 -0.16271900276763596 1126.016629883572 402.1820712071384 1586.535745326274 829.3201573646494 3.5244 2.84 10.3328 19.816345035504884 10.09784783700736 -6.2138 -1.3260116434701703 0
CAR 0.0 0 2.5773894617533593 114.03458032534228 266.74769670671134 559.5755857558435 686.0272838602755 3.0142 2.9998 6.4302 18.286016001298623 -8.394058363138626 -5.5653 1.8980329288638318 0
WHEELER 0.0 0 -1.1470077338262157 809.1143016685576 174.4235163851631 834.2330863987567 240.27475632969976 1.455 0.6025 0.8913 36.6809674909862 -14.184787013977601 -6.2896 -2.470962799178619 0
CAR 0.0 0 -1.7230037202268313 1783.5616364727478 329.8323835244469 1900.983821833334 422.85254414845565 1.661 1.8473 4.112 42.71556348705308 6.722676404710029 -5.6812 -3.093492692234448 0
WHEELER 0.0 0 -1.7221271428220253 1511.2560512639059 342.4378810405212 1563.0070428993765 411.5914581524732 1.7 0.7138 1.6517 41.138589167784374 14.168877375825785 -6.5238 -3.0527780599336807 0
CAR 0.0 0 2.9524459448236433 1347.1174475174007 192.85523753737286 1510.6477590690315 307.88019578523733 1.7 1.937 4.0135 31.785600000000002 -28.3542 -6.2264 1.554161860999463 0
CAR 0.0 0 2.964416224093943 1646.4880733948094 282.33927488336644 1872.2067867998787 417.1819147751753 1.4668 1.6524 3.5756 24.512646719572288 -31.758358062586794 -6.3814 1.5891353586757677 0
CAR 0.0 0 -1.1863588598054027 212.15323819648432 428.79189019710435 446.03963919754665 558.6377664247872 1.7 1.9714 4.0628 12.759453554722608 31.312853680264983 -7.4038 -1.7780935580836401 0
CAR 0.0 0 -0.79078569113881 588.3456217143085 423.47976766815293 781.6199361328139 539.0095028959631 1.5178 1.8289 3.9952 18.363099722143218 25.846337858754648 -7.2359 -1.752359764013713 0
CAR 0.0 0 3.038840838555532 1909.8396391096715 242.8012093739712 2354.945710689098 486.1964067871018 2.5358 2.0016 5.2596 21.69391571418321 -36.123281055060325 -5.713 1.635284630061744 0
