CAR 0.0 0 -0.061076496795245294 1151.1785950124645 202.28241954401423 1272.7841094542484 276.7601027064236 3.0887 3.0353 7.0662 63.56940297734865 37.9239003686214 -5.5641 -1.438074103094086 0
CAR 0.0 0 -1.6907753940705632 1782.1596494550627 330.796871691676 1900.2006167234697 424.4003221389562 1.661 1.8473 4.112 42.47942231186023 6.717904758573272 -5.6812 -3.0605060248003833 0
CAR 0.0 0 2.9601084004212224 1345.7964331497164 192.0533773086602 1508.646090109163 306.6680138911276 1.7 1.937 4.0135 31.88399971823635 -28.356498390429476 -6.2264 1.5613408777075723 0
CAR 0.0 0 -1.2043276467971435 204.94190020670274 429.12025914435367 439.7000755831898 559.198959510505 1.7 1.9714 4.0628 12.64289915628298 31.386998331205135 -7.4038 -1.7860664048787567 0
CAR 0.0 0 -1.0172578136573822 392.3682661003607 439.29491204656364 584.7792163311052 550.4064743357145 1.4656 1.3758 3.7786 15.121704599857292 28.746301276101544 -7.4477 -1.7992607011529442 0
CAR 0.0 0 -1.0295128142722383 228.66756139491392 324.4577092042891 521.7878817029464 493.88773690150015 3.0074 3.0141 6.0193 16.45473757706248 36.01649986671277 -6.7457 -1.7806193478024308 0
CAR 0.0 0 2.95368527405929 1404.4013104925118 228.8574110380888 1601.5326163101602 356.4641343851264 1.5329 1.947 4.1625 27.922445342245158 -28.257982501802942 -6.1782 1.5742731399333625 0
CAR 0.0 0 -1.3661762053575246 100.52599487944434 398.6168228856026 313.46267733443693 500.0331025177282 1.5121 1.9339 4.1099 12.842993927594621 38.11809946841182 -7.6011 -1.800105966354912 0
CAR 0.0 0 -1.6222554861968372 1755.625912185621 270.45471978119406 1896.771386234002 390.7885565351806 3.3377 3.0755 3.0748 54.40790455555957 8.656006104850439 -5.9795 -3.0152364718177616 0
PEDESTRIAN 0.0 0 2.983900900698263 628.3459146709594 127.0557839020869 670.4460553268635 201.5245254474808 1.8579 0.9295 0.9471 41.54850128688231 -9.2898036626677 -6.0836 1.6602932387710603 0
CAR 0.0 0 -1.584418840569781 1751.1117861246723 195.44875725390875 1919.811206008421 341.1078863446351 4.1862 3.2286 10.2919 60.369794753827804 9.387704118839894 -4.2942 -3.0134491712793317 0
CAR 0.0 0 -1.4328624166008415 72.91017432180541 339.2342914284053 247.11764830234475 415.55988367618653 1.5206 1.9327 4.0484 15.312099999999997 47.811902978880084 -7.4583 -1.835460922297258 0
CAR 0.0 0 -1.1667867697654908 220.42320750660883 336.85953540635455 384.687873020835 418.82585744783177 1.7 1.6238 4.0308 17.927741224836918 43.78221576355091 -7.2916 -1.8444774247416449 0
CAR 0.0 0 -4.349712968339439 -828580.2822847975 -3139.497575657429 8301.547429073426 193057.5028557523 3.0787 2.5188 6.5832 -1.7465733716925778 9.271753176722523 -6.1665 -3.015140983484847 0
CAR 0.0 0 -4.285256047432681 -391255.8353033861 -50747.17259142564 225455.82022835113 98677.67820956623 3.0689 2.4464 5.1914 4.006272295936602 10.06414657458071 -6.1649 -3.017174681854824 0
CAR 0.0 0 -1.6987641628489896 1396.5405108954576 362.0687107386063 1540.4787454027003 477.240344620362 1.7878 1.7256 4.0012 31.38784600960544 12.810658251789546 -5.943 -2.9930536358724553 0
CAR 0.0 0 -1.670672412878388 1615.7159414125886 336.6076473943091 1733.5281030096878 420.3856655110988 1.5431 1.914 4.1258 42.329794316819815 10.699523691570116 -6.2228 -3.0202848208643336 0
