CAR 0.0 0 2.7045374995051956 1327.0728684954179 200.51274146500253 1523.2546676029565 313.1113911017853 1.5683 1.9824 4.1753 25.081100928608162 -22.61109904013171 -6.7242 1.310780564343317 0
CAR 0.0 0 4.31174528034141 1704.8674459433385 328.8447049064521 1849.6457384841788 447.9374255290944 1.9963 2.2756 5.9988 45.153398436593534 7.86289885510069 -6.704 2.9549434400728405 0
CAR 0.0 0 2.698552400593087 1378.850957573165 207.98401826758334 1635.6476726938272 349.2460284656814 1.6094 1.8776 4.9449 21.34960359889392 -21.417183487450387 -6.2139 1.3087788871307455 0
PEDESTRIAN 0.0 0 3.124309448666734 635.6257030826733 127.09145751221001 672.5170284084595 194.28860871924795 1.7016 0.7772 0.6957 39.77483959886393 -6.995848060124924 -6.3348 1.7939184524963823 0
CAR 0.0 0 -1.1013560088554506 197.230729756153 429.7204712233594 417.39854507649073 554.8457429015247 1.5083 1.8983 4.1522 22.8689 40.2448 -8.1788 -1.665276828536639 0
CAR 0.0 0 2.889276816805848 -72759.49535361968 -34598.23808708949 103247.57198028381 27012.474365949547 1.5434 1.7657 3.6986 3.411045555967595 19.440697182448293 -7.228 2.9569570384702204 0
CAR 0.0 0 1.3118243017285451 422.9565492713723 36.15882189695918 471.6949271435288 81.23750464940672 1.7 1.9052 4.146 76.6773503341615 -2.859172698478053 -7.0868 -0.12958560023556062 0
CAR 0.0 0 4.1508985000374885 1424.4394614745743 478.1926454760169 1548.3398994972874 635.9510869081273 1.5569 1.7367 3.4921 26.285376011588692 15.35055570762765 -6.9154 2.936397087369468 0
CAR 0.0 0 4.930179628812944 2272.625272839799 -1067.60106559479 2999.573787883241 -642.0892735271219 1.7 1.8869 4.632 -11.916574354209095 25.558230815489768 -7.807 3.052071113850625 0
CAR 0.0 0 4.292371759649569 1456.0319851879092 314.86759556193743 1527.2565900779925 387.8225778029245 1.5094 1.9164 4.1944 48.87817069516578 15.416524141030767 -7.0487 2.952042384211039 0
