CAR 0.0 0 2.060172818325349 -104290.15550621852 -24136.382700316914 58198.60091447326 48776.50249927115 1.7 2.0096 4.0382 6.155833555350036 19.094883593993742 -6.8888 2.966945122707715 0
CAR 0.0 0 2.704525698886898 1326.8527735683876 200.49163681083084 1522.9958901505859 313.08105559860553 1.5683 1.9824 4.1753 25.084922424270186 -22.60714807813821 -6.7242 1.310780564343317 0
CAR 0.0 0 4.311739438484473 1705.062858749837 328.8902603649841 1849.910783399482 448.0150245649585 1.9963 2.2756 5.9988 45.146978969851816 7.8581899219812925 -6.704 2.9549434400728405 0
CAR 0.0 0 2.698145541654121 1375.9716302560973 208.02169665742815 1632.3990508098527 349.35315087107523 1.6094 1.8776 4.9449 21.364621320628274 -21.34834570703891 -6.2139 1.3087788871307455 0
CAR 0.0 0 3.9355318508466395 988.0251675549509 582.0953601871861 1182.0243708040489 844.6289219831957 1.7 1.4338 4.1609 17.742154620504873 20.29863957499244 -7.0814 2.9399563745571107 0
CAR 0.0 0 1.1129768090784324 333.8408523438911 96.74849219684342 401.565389426675 175.78634962300362 1.7874 1.6906 4.6429 50.486043241026884 0.8121012484921071 -6.9019 -0.10672460276006801 0
CAR 0.0 0 0.8020969356170979 238.87874502475896 160.42644975763483 342.3049337561727 269.28116144724504 1.7663 1.8436 4.3075 38.44800695365438 2.576191428225325 -6.9886 -0.14227267465869187 0
CAR 0.0 0 4.299019044270359 1574.7632434256634 301.19151972561264 1689.3386543316174 419.08701065230764 2.2503 2.304 6.2856 46.65318431859398 11.558944831130972 -6.5162 2.944044327851009 0
PEDESTRIAN 0.0 0 3.1238980348473318 634.7254912159658 127.1474125612686 671.642907917237 194.3679531770483 1.7016 0.7772 0.6957 39.77006164923157 -6.969359918417814 -6.3348 1.7939184524963823 0
CAR 0.0 0 4.188819110304538 1513.3340245257205 410.86918753481615 1627.3774781216732 544.6885426780133 1.6266 1.8999 4.4696 33.25946170919935 13.73780171331176 -7.0385 2.9122265307228816 0
CAR 0.0 0 -1.1013560088554506 197.230729756153 429.7204712233594 417.39854507649073 554.8457429015247 1.5083 1.8983 4.1522 22.8689 40.2448 -8.1788 -1.665276828536639 0
CAR 0.0 0 4.059789182426437 1377.3947812036022 541.2970528792306 1533.4392941754384 758.9338044205184 1.612 1.9008 4.2774 22.73053942739287 15.677815511105356 -7.288 2.9047828057548277 0
CAR 0.0 0 4.1540187630010745 1331.9920051491847 411.78021188592055 1432.4570356803524 537.1272931339828 1.5468 1.6772 4.4837 32.54318881618292 17.569602074026278 -7.2852 2.9115326316912644 0
CAR 0.0 0 4.470034231830426 1738.607703540461 227.6042397305872 1820.2087732858715 293.4687803049228 2.5066 2.4248 2.2189 72.92202109709928 3.331083322227066 -5.8096 3.044321239284324 0
