CAR 0.0 0 -0.035366581032891364 1147.8902758013555 202.70797405303654 1270.2412686523792 277.6402163318357 3.0887 3.0353 7.0662 63.12420638650495 37.84651620411939 -5.5641 -1.4114024759719594 0
CAR 0.0 0 2.7953063310458433 273.09448951506334 163.45013389446794 690.3015880183597 621.5492580745196 3.3784 3.4486 11.6024 22.47215589215335 -9.67292622472428 -5.4833 1.8365387988604553 0
CAR 0.0 0 -1.706986161958579 1600.2325808955932 302.09161559380215 1745.0708713619574 422.9119152388428 2.5061 2.2666 5.3185 43.372193644402195 11.028366666591593 -5.9066 -3.0663557118638796 0
CAR 0.0 0 2.108427765609362 -196.49929930014673 217.21698606234781 320.30030219155964 577.1604085885657 3.5225 3.6418 4.7722 20.6456227360412 -3.92168295542373 -5.4368 1.8704265059793321 0
CAR 0.0 0 -1.747789235802414 1532.5271424383634 312.579661512812 1641.4935273712877 389.12832292280336 1.7 1.9666 4.1398 46.47443753192232 14.221402544264457 -6.3811 -3.1019631316146827 0
CAR 0.0 0 -1.6872438721835854 -807.055772417985 195.51747148126262 19.49444487235154 643.1086268534385 3.5244 2.84 10.3328 23.507201715157443 3.4552954689746844 -6.2138 -0.9767869671261227 0
CAR 0.0 0 1.2287895264252384 -2161.572215971805 407.075037247519 -411.4131684309138 1167.2148152063526 3.0142 2.9998 6.4302 12.749902296668171 1.5184055958201008 -5.5653 2.2121432126028004 0
WHEELER 0.0 0 -1.147009871170484 809.1205173007833 174.4266383074467 834.2395737125206 240.27858813612266 1.455 0.6025 0.8913 36.68053903017714 -14.184947820344037 -6.2896 -2.470962799178619 0
CAR 0.0 0 -1.722990014800527 1783.5603966978094 329.8105132384404 1900.9700270878884 422.8177096478612 1.661 1.8473 4.112 42.72027211107809 6.723449228468311 -5.6812 -3.093492692234448 0
WHEELER 0.0 0 -1.7221257548820943 1511.2675409485726 342.43838199861085 1563.018554943318 411.59207191202466 1.7 0.7138 1.6517 41.13874842216295 14.168592320942478 -6.5238 -3.0527780599336807 0
CAR 0.0 0 2.9524459448236433 1347.1174475174007 192.85523753737286 1510.6477590690315 307.88019578523733 1.7 1.937 4.0135 31.785600000000002 -28.3542 -6.2264 1.554161860999463 0
CAR 0.0 0 2.9052877796191034 1278.6947361460384 286.49317245368945 1451.560164324394 426.6863529083205 1.4668 1.6524 3.5756 24.38265458412926 -23.94787654571095 -6.3814 1.5891353586757653 0
CAR 0.0 0 -1.1863575348255702 212.1550300185066 428.7934787715261 446.04240573277167 558.6402453466247 1.7 1.9714 4.0628 12.759413075734566 31.312661937690045 -7.4038 -1.7780935580836401 0
CAR 0.0 0 -0.4843251517934264 875.9850153281162 500.9992483240349 1091.5078632876166 658.9203663049119 1.5178 1.8289 3.9952 17.86880359300395 16.69363361871455 -7.2359 -1.5256039026078974 0
CAR 0.0 0 2.9468447198427077 1383.813017834868 252.9527592312212 1701.9380947308682 517.4770841408971 2.5358 2.0016 5.2596 21.08916575426606 -25.27927026601758 -5.713 1.6178845226730452 0
CAR 0.0 0 3.038645930485288 2074.2701730009203 252.93317830877228 2408.20336992542 400.82623343356005 1.6434 1.7018 4.5628 25.214736455147804 -42.443269775643174 -6.2183 1.6118282031938207 0
CAR 0.0 0 3.0196364413575063 2074.361294078648 306.75978297340356 2406.358508369707 459.0595418507407 1.4475 1.6209 3.887 22.015377778240595 -39.08841937131204 -6.2681 1.6174293359196659 0
CAR 0.0 0 -1.535842535764214 40.362260287533516 262.03078951128185 140.99200798843898 310.064173177343 1.7 1.5386 3.3297 21.5560738214143 72.99152975429483 -7.5647 -1.8436813340996476 0
CAR 0.0 0 -1.2052934595600933 221.13552407796385 331.52223106173057 363.3412677189348 398.01173951771676 1.4656 1.3758 3.7786 18.994870984818217 46.90684087095486 -7.4477 -1.8825397648181768 0
