CAR 0.0 0 4.461406338961595 1561.5245572683125 327.14812203762347 1652.639488964934 413.9667346731749 1.7 2.0096 4.0382 46.2951 12.1536 -6.8888 3.11655435550722 0
CAR 0.0 0 -0.3304816039095446 1147.0123217535074 187.3324082266689 1234.242638416625 262.89941002822195 3.1128 3.0226 6.773 72.9264 30.9305 -5.828 -1.7158531596828857 0
CAR 0.0 0 -1.3231674619192089 374.07631232951724 446.6119508210248 670.6851051399077 773.9232269195164 3.8081 2.9722 2.9156 17.254863759423166 29.36965577928623 -7.0351 -2.0473228625974484 0
CAR 0.0 0 2.1534808003285812 269.785190952177 179.9357107307603 560.0941897476602 303.25291670612154 3.6974 3.5688 12.6738 46.69526088001142 58.84752781174705 -5.9176 1.096248154566075 0
CAR 0.0 0 2.6653126908735683 1039.575286851645 194.58581351765162 1218.3751971295724 322.88455271174576 1.7 1.967 4.5895 26.505228008775536 -15.27727984896157 -6.577 1.317956906484731 0
CAR 0.0 0 -0.2820073776898473 3460.697643545433 183.2464965522181 6166.464239611667 726.7971054833112 4.6414 3.6368 14.786 -2.3703093955786354 -68.66944786151073 -6.1579 -1.763346625374898 0
CAR 0.0 0 2.6477283685927127 1766.5855979589162 181.49253799623784 2052.911539753471 399.80120494712656 3.4115 2.7462 2.4608 16.746 -27.213399990912738 -5.8128 1.2258169406910011 0
CAR 0.0 0 2.6736791622293157 1463.3224305173178 275.6438936735956 1738.6310273624115 431.53048117316064 1.5441 1.9368 4.2225 17.8426 -20.5992 -6.7047 1.3186377821279618 0
CAR 0.0 0 -1.1458251463076232 276.3678408108657 247.9529883972602 733.9530768674942 480.35132589926343 3.8144 4.294 14.4415 32.9921 41.8438 -6.7673 -2.120489226164379 0
CAR 0.0 0 2.312387310720336 615.9520720207223 196.8001282792509 738.5585825880333 324.94386094889995 1.7 1.7559 4.4079 29.858648981949813 -5.646189732089769 -6.7373 1.1063704983859333 0
CAR 0.0 0 2.976484889359792 2713.3605010085803 202.5601619115412 3370.97640726721 411.03472269051883 2.3829 2.6598 6.0028 8.708221216370204 -48.5282779586402 -5.6352 1.5041920817351715 0
CAR 0.0 0 -2.7911608643612653 -1159.9413654009725 701.511277923958 -409.360498550347 1191.188973449614 1.7 2.0602 4.2454 15.13391190067857 10.464818732256221 -8.3962 -2.122798748936369 0
CAR 0.0 0 2.676432703981537 1566.249559769906 307.93285511098367 1934.9086101883381 512.17636324145 1.7 1.9879 4.7683 14.6432 -20.4419 -6.6494 1.333552304766139 0
CAR 0.0 0 2.6483532537986703 1883.398981764902 307.9786984134827 2260.0126150514184 482.00143166718715 1.5135 1.9357 4.3357 13.2682 -26.6938 -6.6523 1.2644279727318088 0
CAR 0.0 0 2.649239520519182 2196.6357041494757 270.09949437894767 2745.011541784661 490.9682955967961 2.0943 2.4031 5.4998 11.1554 -33.9905 -6.4152 1.2290361204144005 0
CAR 0.0 0 -0.33466563079942735 3482.7848669814907 408.70090197265495 4216.827664260745 631.8620625799598 1.7 1.8668 4.13 0.6814052897354408 -48.846926103563945 -6.915 -1.7722570175861114 0
WHEELER 0.0 0 4.345472844115681 742.2555915139865 126.66636144872682 788.0859509046662 200.25736988098268 1.7185 0.8392 1.6951 38.6500988019845 -10.009233174721388 -6.3427 2.984313267049473 0
WHEELER 0.0 0 2.4847366369563186 817.9118736190685 333.17469893559667 854.0689969432375 399.81711895279926 1.8147 0.6832 1.1965 38.8839 35.035 -7.757 1.3265631903688766 0
CAR 0.0 0 -0.5110657503157283 1882.8149392918774 466.69316351526834 2418.5262303382888 767.6929299890814 1.7 1.727 4.1102 8.003270783440055 -19.061753810238425 -6.8135 -1.8046014804023776 0
CAR 0.0 0 2.8916461732441117 2527.261302088398 265.5803850045508 2990.996572469192 430.40283497409433 1.7 1.956 4.407 9.813519092419343 -41.11114891373829 -6.175 1.4450837886021748 0
