CAR 0.0 0 -0.10101409624286362 1149.5787400030736 202.45875451187516 1271.505396484637 277.12787385481533 3.0887 3.0353 7.0662 63.373900095868024 37.89970241954608 -5.5641 -1.477576390199944 0
CAR 0.0 0 -1.6804033520347694 1777.8424953171927 330.19074321775975 1895.7261046880765 423.4659962551576 1.661 1.8473 4.112 42.52210276185619 6.825200291511185 -5.6812 -3.0500607807103046 0
CAR 0.0 0 3.0081467138409583 1349.5579757959665 191.90447396194708 1512.8045259893531 306.4053102614321 1.7 1.937 4.0135 31.902499312746986 -28.462206659969837 -6.2264 1.6087736008161464 0
CAR 0.0 0 -1.2799736532055555 209.18047838416567 429.24299308940516 443.65148428865785 559.3641956174484 1.7 1.9714 4.0628 12.69829969720008 31.31070031412746 -7.4038 -1.8673876289855698 0
CAR 0.0 0 -1.082436429391783 380.84450096209116 442.1366317119756 575.892776688302 554.6506364821132 1.4656 1.3758 3.7786 14.819691557200667 28.662495812622883 -7.4477 -1.8503676822190267 0
CAR 0.0 0 -1.0970415093837635 236.97030614622147 324.10964002085257 528.6561869211675 493.08440865906067 3.0074 3.0141 6.0193 16.62199896646019 35.93970007965203 -6.7457 -1.8587980939027253 0
CAR 0.0 0 2.971448923034081 1401.7168771069048 230.10400403448662 1599.3112463077216 358.437099919452 1.5329 1.947 4.1625 27.801193989744814 -28.144355816891675 -6.1782 1.5933728930092512 0
CAR 0.0 0 -1.3966262741054476 117.86802133437733 396.20134311030847 327.74017270359406 496.3572772597869 1.5121 1.9339 4.1099 13.241202027456248 38.1529971560878 -7.6011 -1.8619935011827247 0
CAR 0.0 0 -1.6469340034159226 1756.6043501674949 271.463632370187 1898.734333305428 392.7096083442295 3.3377 3.0755 3.0748 54.06154051027641 8.56589694055324 -5.9795 -3.039296427617078 0
PEDESTRIAN 0.0 0 3.0103256586373313 619.2861918134525 127.4773339881261 661.9192496275224 202.13574128715365 1.8579 0.9295 0.9471 41.46399995864621 -9.049299973735664 -6.0836 1.6907205764568618 0
CAR 0.0 0 -1.6107090515543188 103.91876491171925 -38.51340356044259 319.5825141332431 103.81032330288511 4.1862 3.2286 10.2919 60.60468300048724 9.24071951090387 -4.2942 -3.054637164894795 0
CAR 0.0 0 -1.8887431274358244 1247.2847187551613 627.405553065109 1565.382421127107 935.4895474250011 1.5556 1.8854 4.2176 13.944065149545814 7.224185330712528 -6.2649 -2.959938665396593 0
CAR 0.0 0 -1.6973871587927436 1572.9172140000023 351.50850843599557 1706.6700390390677 451.9207030115845 1.5712 1.8019 4.16 35.82417421866328 10.13213590362255 -5.809 -3.029433157651531 0
CAR 0.0 0 1.4060868311637402 339.851155988186 72.16578630035622 448.02005424300063 137.47132749192636 1.7 2.482 4.675 57.020939261637125 2.024055668160633 -6.5583 0.09213218232254927 0
