WHEELER 0.0 0 2.7919550180612758 1212.9209418320286 359.79668189331215 1337.0638515317673 494.3193874520987 1.5586 0.9582 1.6776 16.7209 -12.7137 -6.8902 1.5435531208983042 0
CAR 0.0 0 2.7426256340699746 1319.208362351752 230.38998106818215 1575.548000786198 389.4577677667524 1.654 1.8689 4.1757 18.807500308731726 -17.57496432170027 -5.8865 1.3807524258153374 0
CAR 0.0 0 2.845081558085291 1728.768843223901 303.54557678739644 2093.408282456367 494.2176421495801 1.7 1.7312 4.5344 14.07026731610063 -23.628892271701837 -6.639 1.4782455116673214 0
CAR 0.0 0 2.9019264111170306 2071.041165916972 301.9217988782277 2477.4520219228825 481.60837758074416 1.7 1.6226 4.5676 12.370899097435277 -31.019509862628656 -6.7663 1.5002918376385186 0
CAR 0.0 0 -1.7541489582062333 1470.1131800698488 322.4900280819327 1532.282502145022 400.17818848416374 1.5848 1.5393 4.034 46.794458365963486 15.130763806274835 -6.9916 -3.089572603797836 0
CAR 0.0 0 2.8749361151058292 1666.7245000089176 258.03346835669623 1971.7374931786153 415.07390989832936 1.7 1.9869 4.3341 17.103288509938107 -25.45600022725083 -6.6115 1.485498200037067 0
CAR 0.0 0 2.9437661599551497 2358.815400891558 263.8811825852013 2792.7552315473245 428.18503989582734 1.7 1.9419 4.3933 11.130343512330386 -37.89054263122832 -6.2196 1.5052191833647506 0
CAR 0.0 0 -1.7202721624255133 1571.981918432901 319.4694691110991 1656.8618692905634 398.4895715454671 1.6092 1.9505 4.2191 49.038079788086065 11.741886467406271 -6.9696 -3.0728650247321747 0
CAR 0.0 0 -1.7099439197266872 1481.2254985156 290.6070269254613 1549.3586231703664 361.9599243561036 1.7 1.9624 4.4376 53.7132547803535 14.700972777052037 -6.8839 -3.0693585669112906 0
CAR 0.0 0 -0.24959718818559828 3607.574078511869 358.75868693808565 4354.56228084346 563.3713900343151 1.7 2.2097 4.6079 0.2727209891806761 -56.55521852664479 -6.7839 -1.706218546549472 0
