CAR 0.0 0 4.317824102713219 1466.7390790583056 322.5469581643952 1528.8613567887228 400.29552538655446 1.5848 1.5393 4.034 46.72409634505298 15.228186010236044 -6.9916 2.9829474981030093 0
CAR 0.0 0 4.337765103674499 1585.7269575452626 321.2859522317921 1672.9489201356332 401.05637248188793 1.6092 1.9505 4.2191 48.87432315725346 11.314309554920449 -6.9696 2.9845130209103035 0
CAR 0.0 0 -1.128497534686277 551.5790056148699 394.8411070698285 713.703681135816 503.06194688611794 1.538 1.8644 4.1936 28.751419143492186 35.57588442927692 -8.0185 -2.085935844077625 0
CAR 0.0 0 -1.3155812510236946 362.8170402477199 414.129080586231 547.7397673956542 527.2003708364842 1.5398 1.908 4.1045 26.255666986295527 39.09202921034476 -8.3962 -2.0890224003602347 0
PEDESTRIAN 0.0 0 -0.4100277479988361 3468.8000910890605 943.5497567916651 3872.6523796011047 1172.316722127689 1.7 0.4338 0.5002 -0.6519110325987543 -21.840420027479848 -6.7266 -1.7001904922863706 0
CAR 0.0 0 1.238580996549237 -515.6665556037892 212.55878797768162 63.26156483459871 663.572520348583 4.0512 3.03 2.5289 18.06200293698569 6.0654812547619255 -5.1666 1.6610060761741716 0
CAR 0.0 0 4.310042384965804 1502.3393109934393 311.1058056746549 1561.6879651388583 376.40491831616043 1.3936 1.6751 4.618 52.93 14.094597494605178 -7.3266 2.959475738275266 0
CAR 0.0 0 4.406670641921915 1610.515850812501 300.76837226893934 1689.0537523271375 373.31375463707576 1.7 1.8675 4.4489 55.08510257175486 10.137402571754862 -7.0682 3.0368570631059066 0
CAR 0.0 0 2.5555550811424808 388.6645705241354 112.87538989258513 800.9318888585613 804.3374174676919 4.1978 3.0224 13.9821 18.331577373644716 -1.8059927968985985 -5.1618 1.6047876440387834 0
CAR 0.0 0 2.7090203252961564 1372.2622129765546 182.8991367045685 1587.2865176191667 303.17000318010463 1.7 2.0375 4.4489 24.589046739900247 -23.70191059976204 -6.3555 1.2995706762302153 0
CAR 0.0 0 2.7161858050051504 1910.6163117278734 215.9478378756378 2169.7312010532123 333.4235833896603 1.5686 1.4651 4.0018 18.360025654661793 -34.3131137108551 -6.3941 1.278299556282855 0
