CAR 0.0 0 -0.03386266562376283 1150.2091883938256 198.24419393922955 1269.0260707349914 266.18959372384285 2.7763 2.7552 7.2016 63.05871606009503 37.80516505753811 -5.1699 -1.416192480697106 0
CAR 0.0 0 -1.693301830820288 1484.3297711775344 330.34446242729416 1602.8781113422237 414.971784437201 1.7 1.9575 4.0881 41.89716683115626 14.197932762359816 -6.4594 -3.02834391244896 0
CAR 0.0 0 -0.8823462085858376 562.4416817332855 420.34870110733533 680.2288029240106 487.87599777935475 0.9948 1.2858 2.4998 19.03882432868833 29.251780325959654 -7.372 -1.8232259428459983 0
PEDESTRIAN 0.0 0 -0.013568268293907115 3385.3306990802253 934.0569111392899 3871.829477573108 1170.71882981089 1.7 0.9483 0.6324 7.0434 -35.0259 -6.4597 -1.3017621272550564 0
CAR 0.0 0 3.046449866333732 1988.6447110604086 122.99052272987862 3212.916840634521 605.1583801756805 4.449 3.1064 14.302 23.11043954620549 -43.753155336369964 -5.4278 1.6069014875689158 0
CAR 0.0 0 -1.0354942451121643 345.165493416032 413.72130408257556 553.6715948377058 525.3062334964467 1.5443 1.9623 4.0978 15.717988612926515 31.430822200051537 -7.4616 -1.8023740043592795 0
PEDESTRIAN 0.0 0 -1.277689036804067 1156.32544307802 368.27806991784433 1197.653624972599 440.2980306618374 1.7376 0.7422 0.7187 31.37324167381003 20.77338116911969 -6.8157 -2.517910424968787 0
CAR 0.0 0 3.0236238630675745 1825.249777918841 186.82554010820704 2247.0009720413977 477.56836055730395 4.1117 3.1104 3.5612 22.7951942107458 -35.337414603897 -5.5624 1.612161205831872 0
PEDESTRIAN 0.0 0 -1.3815338228242247 1118.9332756028036 369.24195879372303 1159.753563311536 439.56983004817994 1.7091 0.758 0.7219 31.027840993344025 21.773451112847404 -6.9127 -2.611545737766429 0
PEDESTRIAN 0.0 0 2.9973252723137556 1294.755365778388 141.96762807456605 1338.5614109159437 210.5599553059743 1.7 0.7538 0.7055 38.73858595030889 -28.135238528080126 -5.8811 1.5594767795872573 0
