CAR 0.0 0 2.6863786161116683 1340.9540931911756 200.00966886934927 1538.1452264436566 312.1682409435515 1.5683 1.9824 4.1753 25.03691421984021 -23.00683739671929 -6.7242 1.2904051040461615 0
CAR 0.0 0 2.6468642268314224 1379.8033711375724 208.03780440295662 1636.790742866061 349.3245202695918 1.6094 1.8776 4.9449 21.338513342013634 -21.435115996476664 -6.2139 1.2570095736052027 0
CAR 0.0 0 -1.2996356040411285 220.762300262995 422.24487697198964 433.4458271550868 543.2199341237286 1.5083 1.8983 4.1522 23.603596447947464 40.43342076091942 -8.1788 -1.9008039597235955 0
CAR 0.0 0 -1.1064232998255656 392.0408427361452 425.3765818815433 586.8676055773935 545.6930777842982 1.4958 1.977 4.1388 25.150477272022567 37.038023584087306 -8.1989 -1.900855273565694 0
CAR 0.0 0 -2.650368744365792 -573.263412937265 171.17488310000164 212.080205500113 846.3796175334841 3.4934 3.115 10.3352 17.706458521079647 4.5866225554197415 -5.0918 -2.4802425623423194 0
CAR 0.0 0 -1.4563055163338274 116.06198955598134 382.26830101574507 313.3084765055067 482.7198138873428 1.508 2.0028 4.001 25.689750464173322 46.62030940283731 -8.2196 -1.921975704819857 0
CAR 0.0 0 -2.0973793959708233 29.110650912807344 394.2684135518549 368.24093205112933 729.479619598446 2.4532 2.2469 1.9737 14.211116106345095 1.8566478339354886 -5.6178 -2.470892851899053 0
WHEELER 0.0 0 2.606083150768969 1533.641568459017 334.3587457186582 1689.548320000772 471.60567466616317 1.6332 0.8894 1.834 15.21139137753966 -18.223053626276815 -6.5953 1.2795230550680976 0
CAR 0.0 0 2.6297930252112915 1394.250652611242 227.72764968694403 1658.4699482782396 383.7191197886704 1.654 1.8689 4.1757 18.57710857264905 -19.224289171973023 -5.8865 1.2547721101000144 0
CAR 0.0 0 -0.37162293706713867 2272.165142293739 441.24684372951293 3032.9440956686626 786.0259492401087 1.879 2.4204 4.7456 5.854483201238947 -24.69615389554306 -6.6157 -1.7180962022362185 0
CAR 0.0 0 2.7375559837478987 2124.2060145593077 169.17291017839295 2428.3937932740237 285.3332607096153 1.8284 1.8307 4.868 19.244173154736746 -45.23681331312221 -6.1655 1.2652991384422807 0
PEDESTRIAN 0.0 0 2.871223734160694 605.3613124616774 132.53540952053143 640.2343342023286 211.45118915324187 2.0064 0.6591 0.733 39.64866826668697 -6.052568781256518 -6.5861 1.5692703461305249 0
CAR 0.0 0 -0.4411948594807682 1949.8839019753173 434.17417546821963 2791.469765245025 877.012388686349 2.3003 2.4332 5.4943 6.673347061614686 -19.85965613717044 -6.5644 -1.7465035231078199 0
