CAR 0.0 0 -0.03536638908102585 1147.8892564957098 202.7076359865991 1270.239846650325 277.6395654948051 3.0887 3.0353 7.0662 63.124398725532195 37.84669879015699 -5.5641 -1.4114024759719594 0
CAR 0.0 0 4.630543057696734 -6991.76719952616 -3236.7077449401163 9933.773465291568 1687.8266353477607 3.3784 3.4486 11.6024 1.7369976328670296 11.870078633630602 -5.4833 2.813875872266475 0
CAR 0.0 0 -1.7069874621132952 1600.2248875110968 302.0920994708567 1745.063978815289 422.91289437426144 2.5061 2.2666 5.3185 43.37190193292485 11.028499122328036 -5.9066 -3.0663557118638796 0
CAR 0.0 0 -1.747787844787876 1532.5286066607391 312.5779644437315 1641.4939720669129 389.1257506158205 1.7 1.9666 4.1398 46.474896955787216 14.221499358494112 -6.3811 -3.1019631316146827 0
CAR 0.0 0 1.4675313091766324 321.4863723954412 41.19512658396159 498.27311657908194 191.15876585297693 3.5244 2.84 10.3328 52.7869326758522 0.007415181062517817 -6.2138 0.15849202834196596 0
WHEELER 0.0 0 -1.1470105601488823 809.1225209476794 174.42764467810477 834.2416649376341 240.27982334229503 1.455 0.6025 0.8913 36.68040091517115 -14.184999656525536 -6.2896 -2.470962799178619 0
CAR 0.0 0 -1.722985597437624 1783.559997113428 329.8034642916701 1900.9655809633198 422.806482404367 1.661 1.8473 4.112 42.721789942616375 6.723698349287399 -5.6812 -3.093492692234448 0
WHEELER 0.0 0 -1.7221253083309742 1511.2712376359477 342.4385431766978 1563.0222588245279 411.5922693828255 1.7 0.7138 1.6517 41.13879966051815 14.168500607650227 -6.5238 -3.0527780599336807 0
CAR 0.0 0 2.9524459448236433 1347.1174475174007 192.85523753737286 1510.6477590690315 307.88019578523733 1.7 1.937 4.0135 31.785600000000002 -28.3542 -6.2264 1.554161860999463 0
CAR 0.0 0 3.2321813151421432 1355.0373546727194 658.5599584593093 1628.8463510209408 940.8118632017308 1.4668 1.6524 3.5756 14.288741424138776 6.3676089458599705 -6.3814 2.1475168220047673 0
CAR 0.0 0 -1.1863571096404342 212.15560501698968 428.79398854720534 446.0432935177708 558.6410408366271 1.7 1.9714 4.0628 12.759400086052779 31.312600407618426 -7.4038 -1.7780935580836401 0
CAR 0.0 0 2.7551948346377566 531.7356688073961 285.9493616089905 682.7662400160705 473.14206424164394 1.6434 1.7018 4.5628 23.274068341042184 -10.630194876608005 -6.2183 1.733339008511602 0
CAR 0.0 0 -1.1293442138706244 281.4443775703541 368.6060572805292 430.25309897327264 456.03162060187765 1.7 1.5386 3.3297 17.287863335151826 39.261994470208066 -7.5647 -1.8436813340996476 0
CAR 0.0 0 -1.0797870656079698 391.01041567014926 435.06384516792025 581.1341862373679 544.2002443700115 1.4656 1.3758 3.7786 15.309845413709567 29.160005282845766 -7.4477 -1.8644715208031144 0
CAR 0.0 0 1.9004863793079698 -253.17512201676107 362.59741285623875 99.39235899565637 600.6061151506643 1.7252 1.6916 4.1704 19.9221052321068 -1.8589707078543354 -6.4195 2.0339959055202903 0
CAR 0.0 0 2.6030747467729243 461.000496744208 397.67240485838505 641.2177875237176 598.0987450265385 1.3809 1.6884 3.6526 19.162301752974468 -10.35982649894644 -6.5568 1.7565475108288944 0
CAR 0.0 0 1.050874775743345 244.00740241420485 154.7821965719704 382.24373357749425 255.58582643663473 1.7 1.8295 4.0434 38.140614343720955 -1.051211143930078 -6.4708 0.05206668622266619 0
