CAR 0.0 0 4.344903976449412 1562.1115683829248 326.8836709507996 1653.17389573626 413.5568285797767 1.7 2.0096 4.0382 46.363003452533675 12.133398972883942 -6.8888 2.9997781404841044 0
CAR 0.0 0 -0.19562047516948677 1115.272824424787 185.0533242624546 1202.83310397324 259.155675090965 3.1128 3.0226 6.773 73.47822805755646 32.80139512518418 -5.828 -1.5785158727392246 0
CAR 0.0 0 2.7354862812453034 1687.1248445424678 180.68157806454676 1965.6544847132297 400.13810005986784 3.4115 2.7462 2.4608 17.273511053660854 -25.568397755338868 -5.8128 1.3201315685536552 0
CAR 0.0 0 2.5140853251617443 795.926889630272 283.2720597974523 982.7577778918852 453.09835290913213 1.5441 1.9368 4.2225 21.20138613725366 -7.636267656249206 -6.7047 1.3330809744577743 0
CAR 0.0 0 -1.168527698571614 293.3425983032784 256.58467523398946 767.2201136342812 508.0565909435169 3.8144 4.294 14.4415 31.574027430600218 39.70807034921617 -6.7673 -2.144944864220243 0
CAR 0.0 0 2.572703959792192 1114.602553921451 318.2871409543966 1407.810857912335 538.8065087157188 1.7 1.9879 4.7683 16.585715768579792 -12.0951737993843 -6.6494 1.3267852944624803 0
CAR 0.0 0 2.6561722915745745 1736.101772221818 312.85917425229786 2096.3174515048804 492.4366345388572 1.5135 1.9357 4.3357 13.907254835485292 -23.56807466625766 -6.6523 1.2908234282716162 0
CAR 0.0 0 2.705571354868689 2170.768195040834 268.5968950504379 2711.6021361142843 488.49420206847816 2.0943 2.4031 5.4998 11.398363730570178 -33.596889725714455 -6.4152 1.2863865962287475 0
CAR 0.0 0 2.758383200198509 1798.0114831064577 122.15265684985043 2540.510128160244 469.08041167482304 4.1983 3.0119 9.4432 15.576691674698782 -31.356856386976247 -5.5448 1.316013958714497 0
WHEELER 0.0 0 4.006363561043775 802.5681327569679 166.39179759257598 851.8197017430738 246.5736535931381 1.7142 0.8998 1.2689 33.4645 -10.3208 -6.5743 2.679422543851173 0
CAR 0.0 0 1.4512852785731905 426.7488654949816 31.421778476649767 476.30396277985375 73.65696109985339 1.5813 1.9585 4.1006 76.6549066817857 -3.111036094286835 -6.7996 -0.004686726912031126 0
WHEELER 0.0 0 2.5962212740466013 914.7240454226429 212.50668348559876 994.6619666330879 309.40412758498286 1.6462 1.1594 1.9268 27.791843495654597 -11.596141325799199 -6.7353 1.2913770127670434 0
CAR 0.0 0 4.425143634613546 1716.2881253456533 309.8310427440124 1812.7201158673586 381.05177717609763 1.5535 1.9759 4.0961 53.93003919366798 6.701305713758203 -6.8684 3.047210286189498 0
CAR 0.0 0 2.734959466472466 2529.0143950609 266.99091033248146 2995.3704304968182 432.8461318175024 1.7 1.956 4.407 9.73565388326286 -40.96989257362238 -6.175 1.288937799628554 0
