CAR 0.0 0 2.7325291559199716 1336.606253171127 202.11846655203405 1535.0077695433472 315.50384456815834 1.5683 1.9824 4.1753 24.842466387033742 -22.726861832488567 -6.7242 1.33882426606999 0
CAR 0.0 0 4.35796943291753 1702.8428055604752 328.50966059887907 1847.0062822990635 447.3772059964092 1.9963 2.2756 5.9988 45.19025150748641 7.915373350883066 -6.704 3.0012018670575786 0
CAR 0.0 0 2.702968149840564 1388.7529832093537 207.35480135131948 1646.2964513479594 348.01906010146126 1.6094 1.8776 4.9449 21.34409232895173 -21.691384091789633 -6.2139 1.3114097922132018 0
PEDESTRIAN 0.0 0 2.7270124385782823 638.593048646275 127.0704790385326 675.4248037509227 194.23886541820661 1.7016 0.7772 0.6957 39.759878512659945 -7.078112627226126 -6.3348 1.3955368288674803 0
CAR 0.0 0 -1.5454002891015994 247.8363220519006 421.8112847047932 456.8966995338859 542.3030097780255 1.5083 1.8983 4.1522 23.900333437705626 39.966889459239916 -8.1788 -2.18213576590055 0
CAR 0.0 0 -1.2901629587555097 405.9199340194241 424.57389475781184 598.6213479472436 544.3413109619048 1.4958 1.977 4.1388 25.350099820266834 36.83360004671895 -8.1989 -2.09854158769705 0
CAR 0.0 0 4.392023744165142 1708.0966858268648 206.0332324081396 1867.8912816483792 332.75014881602635 3.4934 3.115 10.3352 63.264799024515725 5.0191 -5.0918 2.9686603356601298 0
CAR 0.0 0 -1.6596889889232984 140.68003307591303 381.58939980821464 334.8372592642042 481.5072562309536 1.508 2.0028 4.001 26.027802401615997 46.1866 -8.2196 -2.1681369818205787 0
CAR 0.0 0 4.391394218646928 1725.171275854398 254.6068781007159 1821.5750336537085 337.22110826493576 2.4532 2.2469 1.9737 57.1937 6.1447 -5.6178 2.985525566570448 0
CAR 0.0 0 3.7142667922444916 602.8289783127713 730.7593774127114 991.9509289916272 1178.0193072954978 1.7 1.989 4.2817 11.873582194059807 21.40100308468752 -7.1172 3.0019663134302466 0
CAR 0.0 0 4.106986544485065 1248.0412257365722 450.3402545364642 1526.4680536706574 829.8565172618455 3.0024 3.0029 5.9984 20.940730166091353 16.616887971095338 -6.3697 2.9546462970332885 0
CAR 0.0 0 -0.4135708549864292 2229.2535283505226 398.65893454249453 3124.534300668333 782.4144747612983 2.0449 2.1484 6.0265 6.162523472471781 -25.414399535310594 -6.4734 -1.7707207226012434 0
