CAR 0.0 0 4.486587525019804 1555.2854700182916 325.6543287281655 1645.0055144736025 411.76741098336936 1.7 2.0096 4.0382 46.5061015904369 12.335702279187872 -6.8888 3.141592653589793 0
CAR 0.0 0 -0.1888015818095412 1140.5782392493065 186.91489477568948 1227.9213634570094 262.22666987572046 3.1128 3.0226 6.773 73.00169133819453 31.295819870228144 -5.828 -1.5736332775196553 0
CAR 0.0 0 4.485280786352607 -63855.61055744827 -22409.508614801554 124707.48944178497 19871.530158909278 3.4115 2.7462 2.4608 6.441995405513825 23.949516399701306 -5.8128 2.736503943307871 0
CAR 0.0 0 1.050418439095392 348.56804540187585 53.893526597797845 535.6118536658429 257.02707487982303 3.8144 4.294 14.4415 47.57197643780748 -1.2589139417275348 -6.7673 -0.1985775661976106 0
CAR 0.0 0 4.668999621790196 4802.40912425723 -6120.656160348161 16562.136182686707 -1195.8255435204896 1.7 1.956 4.407 0.9318878414651333 21.14934746641588 -6.175 2.794729600275159 0
CAR 0.0 0 3.0906140146190078 -46285.22403661299 -10805.922517357994 62075.8098360734 16698.14826514662 4.1983 3.0119 9.4432 11.308538069408414 21.071408817292912 -5.5448 2.4814452539217515 0
WHEELER 0.0 0 4.20879211322308 804.6973647008106 166.13214158659497 853.8808932116692 246.2125432812776 1.7142 0.8998 1.2689 33.48716784424533 -10.384574361515835 -6.5743 2.88090798914154 0
CAR 0.0 0 1.1244832492396013 -11216.761860742396 774.3687912167297 -1780.1779271356568 3173.215299720332 2.613 2.2684 5.5662 10.274827207696076 15.178092727057564 -5.7562 2.321961290775206 0
CAR 0.0 0 -1.4254777042476943 230.00362946789656 446.44563329061157 439.3371207240832 569.6182846829489 1.5269 1.9408 4.1155 23.771569218204473 40.50002151706171 -8.831 -2.013284002215193 0
CAR 0.0 0 2.6501737824134763 860.2686694742958 248.73844966396422 1058.6986141144628 416.7648760238911 1.5496 1.899 4.5119 21.195971000977046 -8.912184033313045 -6.1851 1.4105364067107526 0
CAR 0.0 0 2.7655109115253866 1335.6029603352501 199.70417882394688 1532.0165115604839 311.75431092978016 1.5683 1.9824 4.1753 25.10775751875146 -22.89415213340602 -6.7242 1.3699820769311981 0
CAR 0.0 0 2.3005813742581545 266.5415402183782 324.1537493828124 434.9521799417986 524.3264882226051 1.5716 1.9048 4.1778 21.722971586857724 0.9365506835238933 -6.8777 1.5989157551100321 0
CAR 0.0 0 2.5682657995609226 930.5449172022809 330.38693713415785 1163.5044815735207 529.9394299273642 1.5502 1.9671 4.1367 17.66073753412832 -8.946926704245445 -6.7148 1.3851531646117878 0
CAR 0.0 0 -1.7746128843727478 1697.2947843177126 326.73642469522116 1839.1272428258244 444.3251229576047 1.9963 2.2756 5.9988 45.47944044491606 8.037836487043727 -6.704 -3.131880613887544 0
CAR 0.0 0 1.1051369613839457 -927.049853420856 441.36389354325667 -375.01361190023266 755.9602436391233 1.651 1.9856 4.1758 19.692144309723183 11.237311403549915 -6.9778 1.9180267801941522 0
CAR 0.0 0 0.6404424385479762 154.60289488272917 207.18146162942728 284.37504924862566 324.137625597414 1.515 1.9112 4.1456 33.93287176404908 3.845065980257332 -7.135 -0.06396857881761019 0
