CAR 0.0 0 -0.02414894018498215 1152.132705884453 202.71686589937497 1274.2738066676443 277.6008676577512 3.0887 3.0353 7.0662 63.3044 37.7007 -5.5641 -1.4008436983789376 0
CAR 0.0 0 3.057296915914866 1978.0246215158493 141.39100133647617 2827.6442287808586 466.1214635394894 3.3784 3.4486 11.6024 25.788400000000003 -44.5713 -5.4833 1.607797639799007 0
CAR 0.0 0 -0.1999606997347705 2124.3900510434596 436.10691611910624 2858.741834438678 814.2261463422324 2.4742 2.2545 5.383 14.919503248022542 -34.85195366538862 -6.8547 -1.5259892902409578 0
CAR 0.0 0 -1.7131831315578991 1598.191512696064 302.79702930204945 1743.7097223403118 424.23940525713 2.5061 2.2666 5.3185 43.152 11.0252 -5.9066 -3.07177948351002 0
CAR 0.0 0 3.0491472713970995 1762.7243332080636 164.8140912964499 2197.6447618879033 413.51635401783113 3.5225 3.6418 4.7722 25.3768 -36.3279 -5.4368 1.6209232594911147 0
CAR 0.0 0 2.454090999877601 585.6219207191149 190.16402054470595 701.1049003234314 313.2533528100363 1.6999 1.9706 4.412 32.49915838595194 -10.172465911877605 -6.344 1.251060475637077 0
WHEELER 0.0 0 -1.7557705868009565 1515.2826606321744 339.0799700814602 1555.0639808843566 404.25854537218294 1.7 0.647 0.6935 40.6043 14.103 -6.2977 -3.0892327760299634 0
CAR 0.0 0 -1.7211758752010382 1536.705329487101 311.00686308990953 1644.6240459421558 386.7278201264775 1.7 1.9666 4.1398 46.9737 14.2439 -6.3811 -3.0770070002730305 0
CAR 0.0 0 -3.37339535117349 -16181.479929474606 1203.041042605078 -3803.92431905213 2992.6394879062873 3.7838 2.9175 2.9276 5.935585206043577 11.393754051619918 -5.8292 -2.0661405078475954 0
CAR 0.0 0 -0.868432456369667 321.69202897673995 283.3740160916199 725.46612191426 483.5903148438964 3.5244 2.84 10.3328 20.150599884854408 34.16330001932449 -6.2138 -1.8215895708039374 0
CAR 0.0 0 2.9351218967773747 1581.2924196350452 317.26427857992644 1882.5037851109857 513.0078237471995 1.7885 1.936 4.1812 21.0304 -28.77519999465458 -6.3142 1.5984642161224918 0
CAR 0.0 0 -3.4224992365930382 -227817.88281698385 491.3519088894715 -2351.809220798954 32446.426721492975 4.0038 3.0233 11.3683 8.673949587280935 17.629547682558556 -5.939799999999999 -2.0156239879903772 0
CAR 0.0 0 3.0472532376886208 2220.2397478503112 214.5095857653028 2904.411565175409 498.68490706860825 3.0142 2.9998 6.4302 21.6279 -43.8758 -5.5653 1.6122570075125129 0
PEDESTRIAN 0.0 0 3.0474431941267683 1282.2199368301144 352.4219896719987 1318.0215028769683 418.20348843005996 1.7 0.5372 0.8386 35.86267586621121 19.27705055558143 -6.7322 1.7645325550078208 0
PEDESTRIAN 0.0 0 3.0193372963685787 1160.0494399595968 335.70430266151646 1200.5869051111376 400.3740952033371 1.7 0.74 0.9001 34.84279753852422 22.752506994293732 -6.5499 1.7505168928616632 0
CAR 0.0 0 3.103555380330481 2540.2877025219996 279.4067755474766 2994.5767026501953 444.722678362954 1.7728 1.9945 4.2516 22.39650000221348 -50.272300122761884 -6.13 1.6620912556300997 0
PEDESTRIAN 0.0 0 3.0551952571586125 1376.8680299855753 370.6831930559299 1412.191072367233 438.8529554805027 1.7 0.491 0.746 35.8921 16.3924 -6.8769 1.7666769358870078 0
PEDESTRIAN 0.0 0 3.0207117388179947 1217.3870341504246 350.3915268934035 1249.4321798136266 413.5929720671331 1.7 0.5608 0.655 35.59122524284114 21.317170164091287 -6.8773 1.7500539681940235 0
