CAR 0.0 0 -0.06128075084624074 1151.2782469386877 202.57080834436113 1273.2671804029808 277.3252789624927 3.0887 3.0353 7.0662 63.36971379045026 37.793397002824484 -5.5641 -1.437993474107063 0
CAR 0.0 0 -1.7314334777792628 1495.0849386175246 362.03434872640594 1696.0742065587165 539.4904155001122 2.5061 2.2666 5.3185 30.456127598138977 9.68556622012546 -5.9066 -3.0306989853775987 0
CAR 0.0 0 -1.822402545286198 1188.4078955902933 469.2752133190104 1409.530948370212 646.3024903227017 1.7 1.9666 4.1398 20.595329618374826 11.842852750188463 -6.3811 -2.9913729648151977 0
WHEELER 0.0 0 -1.8144805069368453 1090.2414962557004 462.9383408787908 1160.1239600196232 597.691852213998 1.455 0.6025 0.8913 16.877448530627248 -17.901042463100524 -6.2896 -2.945145701233959 0
CAR 0.0 0 -1.64805256052591 1776.3796492738275 330.3974923949796 1894.4479413072816 423.8064094646977 1.661 1.8473 4.112 42.44806572882653 6.847350558694759 -5.6812 -3.0174234966288638 0
CAR 0.0 0 3.013019598724799 1337.9836599638936 191.6554663018142 1499.5616013684012 306.1339774260804 1.7 1.937 4.0135 31.932708270141823 -28.169589621562327 -6.2264 1.6149400059223493 0
CAR 0.0 0 -1.2034399216702312 210.1090289269162 429.2417723770973 444.49704719262263 559.3563133591388 1.7 1.9714 4.0628 12.711596655795054 31.29690058737617 -7.4038 -1.7921101297431838 0
CAR 0.0 0 -1.029505402633653 393.06896242033946 438.0907263586098 584.7338766024641 548.6326609577337 1.4656 1.3758 3.7786 15.190581392447406 28.846325808840444 -7.4477 -1.8133342874298124 0
CAR 0.0 0 -1.052013824496809 250.38303035557354 323.46151413524365 539.64783791099 491.61479616952806 3.0074 3.0141 6.0193 16.900358040447152 35.830174867524065 -6.7457 -1.8306750808863403 0
CAR 0.0 0 -1.340208749522985 1187.3769022028844 -321.14536085319185 1281.8653379846346 -259.925701610005 1.6185 2.5772 5.2097 -66.36058277780052 5.033916191905847 -6.6119 -3.141592653589793 0
CAR 0.0 0 3.023146297431382 1683.0404071632481 222.91488148464526 1916.3002914046808 344.5930128912754 1.5329 1.947 4.1625 28.46032269135718 -35.297895361022235 -6.1782 1.6079448596805241 0
CAR 0.0 0 5.008743919691287 1333.3426071370764 -472.217168570149 1448.917656772808 -382.24799322182827 1.5559 1.9857 4.1439 -50.44317999128627 5.390582196273563 -8.682 3.1406323040528 0
CAR 0.0 0 -1.7179523059373925 1639.1944139216491 341.73685923923136 1752.4277845737056 423.6754193245053 1.5654 1.9196 4.1235 44.27316535078402 10.479562533231638 -6.5847 -3.0678153663665255 0
CAR 0.0 0 -1.696336849227582 1567.460235747315 280.5234276208925 1662.1689487935416 346.5740150039595 1.7 1.8085 4.5388 53.19019836672639 15.160616429521095 -5.9788 -3.0761246635286748 0
CAR 0.0 0 -1.226400206563249 1269.5438551019445 -507.44946130554405 1389.6071150904925 -405.6232391509623 1.5373 1.9615 4.1776 -46.25701450082728 1.7857259592143593 -8.5341 -3.1271669706908947 0
CAR 0.0 0 -1.2249859434335746 1489.352134005894 -578.2617555138407 1664.3342059861059 -449.25566127168236 1.5117 1.9409 4.126 -38.08894657321339 5.194408299711535 -8.2519 -3.109762181276535 0
CAR 0.0 0 -1.364109620209757 112.01534137072358 396.026220436938 322.2201946752501 496.1298183223864 1.5121 1.9339 4.1099 13.1523 38.2777 -7.6011 -1.8193646594160293 0
