CAR 0.0 0 -0.0353748501042328 1147.934188017247 202.72253807738338 1270.302529031158 277.6682550100994 3.0887 3.0353 7.0662 63.11592160671641 37.83865154100786 -5.5641 -1.4114024759719594 0
CAR 0.0 0 2.9588970411539313 1387.9325480023176 147.00703400577655 1981.6944221593396 513.1288460706869 3.3784 3.4486 11.6024 24.69149838086125 -28.862326499639728 -5.4833 1.5748190510601574 0
CAR 0.0 0 -1.7069301831779502 1600.5638511426525 302.07077299295435 1745.3676544147825 422.86974174178226 2.5061 2.2666 5.3185 43.384758169803284 11.022662831564507 -5.9066 -3.0663557118638796 0
CAR 0.0 0 2.919184176693249 1165.2608143274945 172.24993178482552 1483.0434747033423 444.77964075078626 3.5225 3.6418 4.7722 24.443775904245346 -22.80992262936381 -5.4368 1.5737505735929258 0
CAR 0.0 0 -1.7478491770633193 1532.4640469118228 312.6527889623753 1641.474364886413 389.23916847868406 1.7 1.9666 4.1398 46.45464837962733 14.217232387850974 -6.3811 -3.1019631316146827 0
CAR 0.0 0 -0.6467977998303343 521.8904573177383 332.1021901478889 985.4344321773569 614.5040710621638 3.5244 2.84 10.3328 18.570715463923534 22.936801071490784 -6.2138 -1.6743860068646919 0
CAR 0.0 0 1.2179931458851292 -1200.6332271266517 523.6232690403367 -397.92168801862493 928.7974148178728 1.7885 1.936 4.1812 14.043300917464572 1.031636571766311 -6.3142 2.032846802210489 0
CAR 0.0 0 2.9056688774865287 1367.5797301495743 221.9490498511115 1801.6096018378892 539.6652028158751 3.0142 2.9998 6.4302 21.12069972305982 -25.72862471795761 -5.5653 1.5668262683853147 0
WHEELER 0.0 0 -1.1469801957736194 809.0342254102443 174.38329700842144 834.1495101066756 240.22539161603652 1.455 0.6025 0.8913 36.68648811973227 -14.182715032259182 -6.2896 -2.470962799178619 0
CAR 0.0 0 2.8330220336990486 317.11314610459834 374.66990631430593 551.4232334888135 624.1035854334789 1.6332 1.7321 4.4876 18.790504018065707 -8.971596938463263 -6.3283 2.099207063643073 0
CAR 0.0 0 -1.723188990830658 1783.5699611795567 330.1266267887942 1901.1614402810735 423.3213435019114 1.661 1.8473 4.112 42.65213906857795 6.712462255531744 -5.6812 -3.093492692234448 0
WHEELER 0.0 0 -1.7221501716955054 1511.0654369389206 342.4295701227563 1562.8160576119756 411.5812758599618 1.7 0.7138 1.6517 41.135947065227754 14.173606565959954 -6.5238 -3.0527780599336807 0
CAR 0.0 0 2.9524459448236433 1347.1174475174007 192.85523753737286 1510.6477590690315 307.88019578523733 1.7 1.937 4.0135 31.785600000000002 -28.3542 -6.2264 1.554161860999463 0
CAR 0.0 0 2.996061292452824 2105.1721846867504 269.99974993818296 2384.348989223057 394.69971137568115 1.4668 1.6524 3.5756 25.267449180337458 -42.77916404450588 -6.3814 1.5716820661558255 0
CAR 0.0 0 -1.1863886123476646 212.11300764324136 428.75622261092195 445.97752348999757 558.5821090343518 1.7 1.9714 4.0628 12.76036251186066 31.317159266708387 -7.4038 -1.7780935580836401 0
CAR 0.0 0 -0.8619101766230652 419.7105529188069 351.6228063137919 580.8174937025815 433.24296928886514 1.5178 1.8289 3.9952 20.759266899541686 37.343582159809884 -7.2359 -1.7698500895992162 0
CAR 0.0 0 2.9447323965478445 2498.25339935063 233.01100896064665 3060.9329759839097 455.2471798631061 2.5358 2.0016 5.2596 22.3386482311471 -49.84972416185442 -5.713 1.495637292335533 0
