CAR 0.0 0 -0.0612807825023336 1151.27808798487 202.57081476163268 1273.267038400754 277.32529370037923 3.0887 3.0353 7.0662 63.3697022604766 37.79339950871473 -5.5641 -1.437993474107063 0
CAR 0.0 0 -1.8488465003219623 1317.9301633574476 467.3845147560843 1627.0890106627935 769.1034393300473 2.5061 2.2666 5.3185 18.822687809534674 8.22368435782415 -5.9066 -3.0306989853775987 0
WHEELER 0.0 0 -1.99519694022401 1326.1228046668082 890.1255280698648 1490.843315505119 1133.0376959777293 1.455 0.6025 0.8913 8.576252620659188 -18.199280999417418 -6.2896 -2.9424028968686495 0
CAR 0.0 0 -1.6479274804541457 1778.6702070106835 330.583736288035 1896.7438997904599 424.08635086825063 1.661 1.8473 4.112 42.45451017041449 6.795040382663842 -5.6812 -3.0174234966288638 0
CAR 0.0 0 3.013019608369375 1337.9840878222649 191.65552249838117 1499.5621204275083 306.1340591918303 1.7 1.937 4.0135 31.932701355609254 -28.16959829880715 -6.2264 1.6149400059223493 0
CAR 0.0 0 -1.203439710846065 210.10917662032497 429.2417557307946 444.497169944699 559.3562863038921 1.7 1.9714 4.0628 12.711599451831024 31.296900096280403 -7.4038 -1.7921101297431838 0
CAR 0.0 0 -1.0295056356391301 393.06819727662383 438.09018133106514 584.73286876665 548.6318641719587 1.4656 1.3758 3.7786 15.190596949922861 28.84638783887572 -7.4477 -1.8133342874298124 0
CAR 0.0 0 -1.0418397156896084 240.18050455615216 323.77820348022163 531.0572455218107 492.3772347266738 3.0074 3.0141 6.0193 16.701663283373556 35.94517077960503 -6.7457 -1.807851544514106 0
CAR 0.0 0 -1.358211444998858 1107.7960414730874 -268.40004246435177 1173.6623106544619 -224.85537622712312 1.6185 2.5772 5.2097 -86.76168004286606 5.458082277718821 -6.6119 -3.141592653589793 0
CAR 0.0 0 2.9941665184661277 1445.7914354416769 227.12688584320287 1647.9178679450024 353.37195364680167 1.5329 1.947 4.1625 28.083921821441702 -29.308892398680072 -6.1782 1.6079448596805241 0
CAR 0.0 0 4.97823838194608 1176.715398247111 -359.60492715404826 1245.6416662179322 -303.46727796539875 1.5559 1.9857 4.1439 -71.22581957366468 5.107809845202114 -8.682 3.1406323040528 0
CAR 0.0 0 -1.714654301572488 1566.3626527060092 400.1382444476437 1713.7664701057515 513.8248632338444 1.5654 1.9196 4.1235 33.3270681643159 9.379433417405114 -6.5847 -3.0154554888066953 0
CAR 0.0 0 -1.6723319867470605 1508.145278401556 309.7899427819648 1623.037945668076 392.04123033092293 1.7 1.8085 4.5388 43.36494374967212 14.05660717475148 -5.9788 -3.0237647859688446 0
CAR 0.0 0 -1.254550242812928 1161.923170301271 -383.372219606975 1237.9947692503404 -319.4244314860329 1.5117 1.9409 4.126 -62.95210517612155 2.3750273528331363 -8.2519 -3.109762181276535 0
CAR 0.0 0 -1.364109620209757 112.01534137072358 396.026220436938 322.2201946752501 496.1298183223864 1.5121 1.9339 4.1099 13.1523 38.2777 -7.6011 -1.8193646594160293 0
CAR 0.0 0 -1.6509644281856508 1629.3531346655939 328.4848950543943 1745.5395434229554 408.9929068373634 1.5404 1.9796 4.1381 44.01244615471206 10.730443851377064 -6.1749 -3.007665396882673 0
CAR 0.0 0 -1.6555347739779303 1577.202741111036 284.1362519750081 1667.3943533277318 339.8029181931743 1.4297 1.9111 4.1493 55.13356089891865 15.368254336725538 -6.1459 -3.0369523043851006 0
CAR 0.0 0 4.989499998706359 1245.402039688205 -453.94135495992464 1353.454303776025 -364.1982099001707 1.5642 1.972 4.1857 -49.777591643296816 2.1442204006878716 -7.9971 3.1144344235112906 0
CAR 0.0 0 -1.6050838486486376 1650.519069832539 267.71857652474193 1773.392646016822 347.68300059359694 2.0202 2.5494 5.842 55.81360202473096 12.483716342916775 -5.7294 -2.9992309864463906 0
CAR 0.0 0 0.6198908712792324 96.07311710274783 244.8969887277964 303.8160356748622 381.55987531728834 1.534 1.968 4.0552 28.565599360304756 -1.9965147943086976 -6.5733 0.03490658503988659 0
CAR 0.0 0 -1.77155551937219 1368.2212522945285 407.45085507271 1529.1421588022536 522.8055825574434 1.5231 1.9803 4.185 29.987009734215775 12.646211131066758 -6.7201 -3.033634914425716 0
CAR 0.0 0 -0.005930814095989424 -233.5389692877712 423.9811481960541 157.79323958667663 691.5672088961604 1.7 1.9759 4.002 17.834040900918897 -3.455799210946864 -6.5901 0.033126002704215646 0
