CAR 0.0 0 2.7325292283487235 1336.592897424032 202.1162169460555 1534.9912944835298 315.50049093345973 1.5683 1.9824 4.1753 24.842799110907496 -22.72670043129035 -6.7242 1.33882426606999 0
CAR 0.0 0 4.357969480718204 1702.8456246177593 328.5101270660008 1847.009956487503 447.37798580933924 1.9963 2.2756 5.9988 45.190200137269606 7.915300195483171 -6.704 3.0012018670575786 0
CAR 0.0 0 2.7029650282181525 1388.7356447229947 207.35592498919252 1646.27783766697 348.02124509395077 1.6094 1.8776 4.9449 21.344099979556336 -21.690900868824325 -6.2139 1.3114097922132018 0
PEDESTRIAN 0.0 0 2.727010970672323 638.5889927644299 127.0705025399797 675.4208284321429 194.23892670715495 1.7016 0.7772 0.6957 39.759899942735345 -7.078000300156268 -6.3348 1.3955368288674803 0
CAR 0.0 0 -1.5469454458675962 246.88023649076604 422.2141950773941 456.2982517481993 542.9244921794311 1.5083 1.8983 4.1522 23.862391436123968 39.951393497776074 -8.1788 -2.18213576590055 0
CAR 0.0 0 -1.2901629502537744 405.9199416643679 424.5738934066579 598.6213539244072 544.3413088369648 1.4958 1.977 4.1388 25.35009999952135 36.83360000012441 -8.1989 -2.09854158769705 0
CAR 0.0 0 4.392023513628001 1708.0973176975765 206.0335596420544 1867.8926862744852 332.75101564866145 3.4934 3.115 10.3352 63.26459639064227 5.0191 -5.0918 2.9686603356601298 0
CAR 0.0 0 -1.659689147098939 140.67994533558883 381.5894160086911 334.83719098841243 481.5072807442412 1.508 2.0028 4.001 26.02780001257531 46.1866 -8.2196 -2.1681369818205787 0
CAR 0.0 0 4.391394218646928 1725.171275854398 254.6068781007159 1821.5750336537085 337.22110826493576 2.4532 2.2469 1.9737 57.1937 6.1447 -5.6178 2.985525566570448 0
CAR 0.0 0 1.7304616008510922 -12840.91113668056 1382.3740165951597 -3400.6906572479315 3971.7080047911827 1.7028 1.988 4.1224 11.291027111837586 21.619488310348476 -7.5202 2.9486114755928803 0
CAR 0.0 0 4.097806084777943 1284.4932424599672 567.3253597456815 1475.556674643659 840.4006098742805 1.7 1.9526 4.3411 19.312931799310935 16.557521332570804 -6.8415 2.9914358996827604 0
