CAR 0.0 0 2.7045374310032333 1327.0715902683216 200.51261887214375 1523.2531646932084 313.11121488461134 1.5683 1.9824 4.1753 25.08112312388605 -22.611076097684816 -6.7242 1.310780564343317 0
CAR 0.0 0 4.311745246215635 1704.8685816140724 328.8449699055029 1849.6472789696002 447.93787693379863 1.9963 2.2756 5.9988 45.15336106858156 7.862871490105045 -6.704 2.9549434400728405 0
CAR 0.0 0 2.6985500731440295 1378.834457846714 207.98423495197966 1635.629058768225 349.24664361087014 1.6094 1.8776 4.9449 21.349689618437925 -21.416788810080426 -6.2139 1.3087788871307455 0
CAR 0.0 0 4.994436123949113 2765.002206044283 -1828.1928619398614 4228.099996753749 -902.703418036906 1.6266 1.8999 4.4696 -6.458310191629823 21.65407913584576 -7.7168 3.066131485704348 0
PEDESTRIAN 0.0 0 3.124447124871426 635.9209209875258 127.07126991678892 672.8033950861159 194.26020739701764 1.7016 0.7772 0.6957 39.77675247971006 -7.004596266807016 -6.3348 1.7939184524963823 0
CAR 0.0 0 -1.1013560088554506 197.230729756153 429.7204712233594 417.39854507649073 554.8457429015247 1.5083 1.8983 4.1522 22.8689 40.2448 -8.1788 -1.665276828536639 0
CAR 0.0 0 1.2195632132690708 377.767519687663 58.39875575965881 435.5425109620799 113.33472770656506 1.7 1.9602 4.1068 64.90804702325559 -0.6627188618402395 -7.0007 -0.14463527124728018 0
CAR 0.0 0 4.017388436772172 1203.5066173587368 554.0753920178236 1465.5654277312772 971.437603253327 2.4175 2.2088 5.2336 16.9262015733436 16.886911884124512 -6.4546 2.9515114068619233 0
CAR 0.0 0 3.921618117025367 892.6137758006535 623.1943859405025 1128.456300334607 923.8690018861992 1.7 1.618 4.0482 15.7955971562399 20.675872357551295 -7.0709 2.9963607527627105 0
CAR 0.0 0 4.169234062922173 1281.1478482996797 446.4875048943892 1408.4083773441635 603.5699190799518 1.7 1.8869 4.632 29.001207606545073 18.00041372567154 -7.4704 2.9672919740036114 0
CAR 0.0 0 4.299255901600364 1553.1251565921987 383.1517384202942 1647.5966305579157 482.4139007847728 1.5434 1.7657 3.6986 38.973857828636476 12.716335829752026 -7.228 2.9918583113847093 0
CAR 0.0 0 -0.025414570440626824 -89.76014616355238 355.8980174827712 162.7797583250964 585.4322878653626 1.7 1.9052 4.146 21.736617449061125 5.0573306132640825 -7.0868 -0.12958560023556054 0
