CAR 0.0 0 1.3878577456901797 390.23496012749246 68.49360075042156 454.36624385489347 126.27681713112526 1.5683 1.9824 4.1753 58.65747891277073 -1.1595031525364483 -6.7242 0.042138958016026705 0
CAR 0.0 0 2.570276288577525 703.3312617102531 282.3117930006781 837.7023404287213 365.9970180270211 1.6094 1.8776 4.9449 37.023632694240874 36.22977971236477 -6.2139 1.3949195604692837 0
CAR 0.0 0 -0.20262772502629312 4057.0223146177477 140.11758249814324 5460.330250099843 391.26960150100314 3.4934 3.115 10.3352 -4.11942046907447 -97.56716320534164 -5.0918 -1.7195019127797606 0
CAR 0.0 0 -3.8404510152559332 -83739.06772767035 -33672.55823250503 110258.69219252428 28276.323253015886 1.508 2.0028 4.001 8.774745199887183 24.553043082048333 -8.2196 -2.664729782644987 0
WHEELER 0.0 0 2.797907090834106 1511.5412885369592 336.60077946914186 1666.3715731128843 474.944799099941 1.6332 0.8894 1.834 15.22964470308912 -17.747868519783164 -6.5953 1.476332299180062 0
CAR 0.0 0 2.8877043825816804 1398.3185264532938 226.65909453099172 1662.0354487464758 381.81563140257185 1.654 1.8689 4.1757 18.634650050240825 -19.37211218052765 -5.8865 1.511283360273906 0
CAR 0.0 0 2.4374609657860518 745.6693256286428 166.83461743988494 887.2196552069785 301.87743085378287 1.8284 1.8307 4.868 29.079703792603873 -8.680645468398431 -6.1655 1.1428345103900839 0
CAR 0.0 0 2.765720109137966 1768.0062869039186 303.51962112681787 2139.1567707650597 493.5624679985533 1.7 1.7312 4.5344 13.838 -24.3783 -6.639 1.394397955834217 0
PEDESTRIAN 0.0 0 2.817915370427857 1496.073646808886 340.3215568698834 1539.6459927512792 413.44520381547716 1.7 0.84 1.0688 40.763462970421045 14.784103456645383 -6.3875 1.4902160803572406 0
CAR 0.0 0 2.7231167562949214 2004.4798665439077 307.22737531795195 2407.2554072380644 491.8170422692235 1.7 1.6226 4.5676 12.534762856004589 -29.243820996027093 -6.7663 1.329991552531325 0
CAR 0.0 0 -0.9681449019445301 1288.3985947231765 701.3562378840496 1557.170372983017 1135.449058443018 2.0921 2.2958 4.814 16.318007360902396 15.731267051047976 -7.8814 -1.9760403883960245 0
CAR 0.0 0 -1.5314709428979725 208.15613222672275 435.17572918125626 422.6823227388561 567.9740755098675 1.7 1.8129 4.0976 22.98466977749557 40.17010182039732 -8.412 -2.098775480781578 0
CAR 0.0 0 -1.3135440512860446 491.3197550365673 462.4545969513673 687.805386526901 605.5987544905507 1.5898 1.7895 4.1594 23.45763845607624 32.9009039990496 -8.2277 -2.153667325235009 0
CAR 0.0 0 4.46620573092384 1499.6131660119872 302.1960410951905 1556.016574913649 370.2509564500681 1.5848 1.5393 4.034 52.30832453618018 14.287868931170914 -6.9916 3.1114880352422976 0
CAR 0.0 0 -1.327216497428675 297.29223488757134 365.83277153652267 450.1196920644729 444.87259204515254 1.2805 1.5163 4.0841 30.133182184682266 45.64295801331463 -8.3229 -2.075159319442891 0
