CAR 0.0 0 -0.04295483630830921 1147.3373673007045 202.70774357255843 1269.7169794441036 277.6471693850512 3.0887 3.0353 7.0662 63.10008818902045 37.86509852016674 -5.5641 -1.418903573797595 0
CAR 0.0 0 -1.7850849729241451 1771.9935953652518 359.33561540061686 1907.0754687988485 470.6449344081576 1.661 1.8473 4.112 36.917064250813816 6.040667413133566 -5.6812 -3.135605278161685 0
CAR 0.0 0 2.94857484156548 1348.8343185506392 191.25344416320303 1511.5736166086656 305.4184273335099 1.7 1.937 4.0135 31.982902489063484 -28.473502944503437 -6.2264 1.5487642730096802 0
CAR 0.0 0 -1.2835719729881658 213.17557082452865 428.3258320356241 446.6394255033354 557.9006906750361 1.7 1.9714 4.0628 12.79350379019236 31.34589896548743 -7.4038 -1.877003294840088 0
CAR 0.0 0 -1.1050995728241597 391.40458956110643 439.8369172973591 584.2085749507872 551.2087721920806 1.4656 1.3758 3.7786 15.081498986946219 28.711399121739305 -7.4477 -1.8856458483840466 0
CAR 0.0 0 -1.1436231581925216 246.43413978009582 323.2051016673837 535.8316722605465 491.1466975428062 3.0074 3.0141 6.0193 16.852154038243974 35.94276494903039 -6.7457 -1.917786575270122 0
CAR 0.0 0 2.946078650960817 1401.906007941468 229.3661884627916 1599.0143110326896 357.28244386693075 1.5329 1.947 4.1625 27.873172794758563 -28.178700001000173 -6.1782 1.5674036341292166 0
CAR 0.0 0 -1.4415836924261234 121.35614680081694 395.6985119881696 330.6025254256196 495.5936486556204 1.5121 1.9339 4.1099 13.32301099798732 38.16237785492337 -7.6011 -1.9132188092271625 0
CAR 0.0 0 -1.6431244985397384 1758.7281480822705 277.26337117748415 1906.5223689359048 403.8329747935495 3.3377 3.0755 3.0748 52.061226600024476 8.157262358697567 -5.9795 -3.031595390596638 0
PEDESTRIAN 0.0 0 2.9153743625675728 624.1568792161769 127.76407230336986 666.5923132439824 202.4803450972292 1.8579 0.9295 0.9471 41.4159966653744 -9.189797483494155 -6.0836 1.594447662458931 0
CAR 0.0 0 -1.6568645184072996 84.05774052473907 -35.38963074567968 312.46063876945345 114.21801162398448 4.1862 3.2286 10.2919 58.02064198966143 8.71349964195392 -4.2942 -3.062835902477131 0
CAR 0.0 0 -1.4653592323180544 75.43453454544348 339.2287339404177 249.47215169571191 415.53911559184695 1.5206 1.9327 4.0484 15.364101300662906 47.76159874209934 -7.4583 -1.8734535741965284 0
CAR 0.0 0 -1.3040904845406054 226.83770105129284 336.188114353685 390.1854848786886 417.81529016654974 1.7 1.6238 4.0308 18.111403938624203 43.782700295209736 -7.2916 -1.9923975746503848 0
CAR 0.0 0 2.927712768759034 1404.1623638528724 279.22486083507584 1634.8623278840348 442.3936181038983 1.7 1.9624 4.2616 24.353116091477556 -26.862789745435528 -6.4566 1.58896339585535 0
WHEELER 0.0 0 2.8886406118133463 1526.7781616765142 344.53459039197634 1651.6688061576297 479.7176372715466 1.7 0.8106 1.621 21.181515214244666 -26.605703785508247 -6.3809 1.5710430576065737 0
