CAR 0.0 0 2.915112549977122 1135.306556153394 194.74706482985005 1271.5109879423235 312.77554749648294 1.7 1.937 4.0135 31.552173070873195 -22.8415477934768 -6.2264 1.5510382525586681 0
CAR 0.0 0 -1.2103027012494567 248.46558794898417 469.7240871703175 508.0607523412926 623.5913111697 1.7 1.9714 4.0628 11.69734285924596 27.043359655862805 -7.4038 -1.8201623861801035 0
CAR 0.0 0 -1.0481797894766656 434.50209188434116 464.05420055921405 637.0575177458929 586.8756448165431 1.4656 1.3758 3.7786 14.564178100240955 26.029249026125306 -7.4477 -1.8465701910156123 0
CAR 0.0 0 -1.0179751869776192 260.90503890000764 328.600410685393 555.556769644972 501.8710812416225 3.0074 3.0141 6.0193 16.692615825708234 34.75653830674233 -6.7457 -1.8040050303749324 0
CAR 0.0 0 2.8279690896798417 963.6640627161303 240.61667289380614 1096.8696198383602 379.1946617618903 1.5329 1.947 4.1625 26.93649462122925 -18.085884295189118 -6.1782 1.5482138769844158 0
CAR 0.0 0 0.054920451533634784 3261.2654704137317 138.2135300249272 5325.323489694598 627.2904419012054 4.1862 3.2286 10.2919 16.986974494854476 -63.283610141736446 -4.2942 -1.4315679485436985 0
CAR 0.0 0 2.9204515039067838 1405.625721981984 277.1256436788126 1635.0752402638657 438.9539459535179 1.7 1.9624 4.2616 24.51242444941659 -26.960360035293093 -6.4566 1.5798550217274272 0
WHEELER 0.0 0 2.8807300226639105 1525.0754465995597 344.70350533996003 1649.8478756244344 479.9578357337237 1.7 0.8106 1.621 21.173392967056103 -26.570671201159026 -6.3809 1.5635222017560881 0
CAR 0.0 0 3.022784023387536 1778.1644852030804 306.3112411110392 2111.705778162695 497.65917374485065 1.752 1.7066 4.5021 21.488517254329402 -32.90674194200359 -6.3051 1.6546732152024497 0
CAR 0.0 0 3.037291597904356 1725.4791066466876 281.93267668101385 2020.382141931334 441.90260414500887 1.6356 1.9585 4.5139 24.305481034728405 -33.886276398112614 -6.5383 1.6564487319189027 0
CAR 0.0 0 0.040119673095447395 3800.829743843189 294.30739885286425 4691.98684018116 571.1123029303556 3.3072 3.0001 3.4972 16.83990735043722 -68.84412396774809 -5.7424 -1.4301053464269944 0
CAR 0.0 0 1.784651923659134 1264.1821390402279 -329.4446114601707 1348.7648531380717 -267.63885184651855 1.7479 2.1574 4.4141 -67.4879 8.6671 -7.1261 -0.010319424834180245 0
CAR 0.0 0 3.014975464138063 2120.4288261055535 305.87049867373315 2510.3725323081076 474.7917905528869 1.5888 1.9932 4.2218 21.674238232891554 -40.12884334927844 -6.2836 1.6104035849024376 0
