CAR 0.0 0 2.707499830410769 851.1127828940777 194.73284559762297 948.7191989132025 315.4422794070867 1.7 1.937 4.0135 31.549568579594755 -15.843566754973399 -6.2264 1.411411912399122 0
CAR 0.0 0 -1.2027434071784642 297.63317420653823 541.3652210760814 602.5285222972352 742.5004197922692 1.7 1.9714 4.0628 10.130711211518564 21.621931033141113 -7.4038 -1.8201623861801035 0
CAR 0.0 0 -1.0064970457914972 563.3600900720078 532.4785980581868 790.2331138974099 690.6353921230548 1.4656 1.3758 3.7786 13.45028004213046 19.984661422514534 -7.4477 -1.8465701910156123 0
CAR 0.0 0 -0.9964876163703217 297.663780441398 347.756787091461 612.3612626607112 540.7833885663 3.0074 3.0141 6.0193 15.944694188281815 31.175198101112784 -6.7457 -1.8040050303749324 0
CAR 0.0 0 2.638135127969436 532.580740500724 247.946961494096 677.2176219513487 394.6308772375009 1.5329 1.947 4.1625 26.414247150299325 -10.158149810385089 -6.1782 1.5482138769844158 0
CAR 0.0 0 2.9204655469866148 1405.5694684065443 277.09533901494007 1634.986916866693 438.905155673349 1.7 1.9624 4.2616 24.514773163678324 -26.96014560281228 -6.4566 1.5798550217274272 0
WHEELER 0.0 0 2.8807388276595907 1525.0951249494217 344.69514027795725 1649.8669584441154 479.94639089401136 1.7 0.8106 1.621 21.173834282016383 -26.571251764714994 -6.3809 1.5635222017560881 0
CAR 0.0 0 3.0227881326714607 1778.1662743280363 306.3049278783945 2111.701516027015 497.64828055181 1.752 1.7066 4.5021 21.488925495175398 -32.90706283324129 -6.3051 1.6546732152024497 0
CAR 0.0 0 3.0363572085079653 1732.7192229762327 284.6902808423727 2031.5389803791813 446.35011907487956 1.6356 1.9585 4.5139 24.09094669275211 -33.90528954571576 -6.5383 1.6564487319189027 0
CAR 0.0 0 1.784651923659134 1264.1821390402279 -329.4446114601707 1348.7648531380717 -267.63885184651855 1.7479 2.1574 4.4141 -67.4879 8.6671 -7.1261 -0.010319424834180245 0
CAR 0.0 0 3.013405353077653 2097.5713568631445 305.37353096818595 2482.829042750869 474.2208690000819 1.5888 1.9932 4.2218 21.72023701204208 -39.68797412313318 -6.2836 1.6104035849024376 0
PEDESTRIAN 0.0 0 3.2516980796101573 1840.8313915887327 410.2032759976711 1889.0293210607454 490.13050861513483 1.651 0.5088 0.9606 37.640709100680674 5.443205058241037 -6.6051 1.9174778364964447 0
