CAR 0.0 0 -0.02414894018498215 1152.132705884453 202.71686589937497 1274.2738066676443 277.6008676577512 3.0887 3.0353 7.0662 63.3044 37.7007 -5.5641 -1.4008436983789376 0
CAR 0.0 0 3.057296915914866 1978.0246215158493 141.39100133647617 2827.6442287808586 466.1214635394894 3.3784 3.4486 11.6024 25.788400000000003 -44.5713 -5.4833 1.607797639799007 0
CAR 0.0 0 -0.17415634615999753 2316.6795004058868 424.8127727255654 3096.4779894780904 786.1185520784413 2.4742 2.2545 5.383 15.216108443440197 -38.44360144662811 -6.8547 -1.5259892902409578 0
CAR 0.0 0 -1.7131831315578991 1598.191512696064 302.79702930204945 1743.7097223403118 424.23940525713 2.5061 2.2666 5.3185 43.152 11.0252 -5.9066 -3.07177948351002 0
CAR 0.0 0 3.0491472713970995 1762.7243332080636 164.8140912964499 2197.6447618879033 413.51635401783113 3.5225 3.6418 4.7722 25.3768 -36.3279 -5.4368 1.6209232594911147 0
CAR 0.0 0 2.389363284151231 506.767290268053 183.0450463833411 631.8121901860251 302.82806100035833 1.6999 1.9706 4.412 33.36892477427115 -8.378840062995645 -6.344 1.2161538905971905 0
WHEELER 0.0 0 -1.7557710422495068 1515.2815256357662 339.0803798683902 1555.0629086481517 404.2590841458493 1.7 0.647 0.6935 40.604197607707384 14.103 -6.2977 -3.0892327760299634 0
CAR 0.0 0 -1.7211758752010382 1536.705329487101 311.00686308990953 1644.6240459421558 386.7278201264775 1.7 1.9666 4.1398 46.9737 14.2439 -6.3811 -3.0770070002730305 0
CAR 0.0 0 -3.5499653571577934 -62088.7274317882 1806.1276886318167 -4878.196863215042 11814.382006072443 3.7838 2.9175 2.9276 4.079371992004128 10.28089119046712 -5.8292 -2.2232201405270846 0
CAR 0.0 0 -0.8684324549239114 321.6920306299112 283.37401600134706 725.4661230272743 483.5903145811729 3.5244 2.84 10.3328 20.150599922959557 34.16330001292943 -6.2138 -1.8215895708039374 0
CAR 0.0 0 2.935121896791554 1581.2924197274465 317.26427857908254 1882.5037852217022 513.0078237446588 1.7885 1.936 4.1812 21.0304 -28.77519999642354 -6.3142 1.5984642161224918 0
CAR 0.0 0 -0.31578372160530743 -28031.490032187496 -26374.51086711923 157046.9960538832 8496.54520611371 4.0038 3.0233 11.3683 7.719829215827135 16.156397689417634 -5.939799999999999 -1.9981706954704341 0
CAR 0.0 0 3.0472532376886208 2220.2397478503112 214.5095857653028 2904.411565175409 498.68490706860825 3.0142 2.9998 6.4302 21.6279 -43.8758 -5.5653 1.6122570075125129 0
PEDESTRIAN 0.0 0 3.044989840329416 1260.0582147718337 349.5418536170236 1295.3038094670237 414.6030895015331 1.7 0.5372 0.8386 35.83777169758727 19.98853326407984 -6.7322 1.7645325550078208 0
PEDESTRIAN 0.0 0 3.0193432798184485 1148.6948466407193 332.5046775909495 1188.5752510690584 396.26002354929193 1.7 0.74 0.9001 35.11240846842152 23.328083080089943 -6.5499 1.7505168928616632 0
CAR 0.0 0 3.103555380232562 2540.2877008182804 279.4067755686977 2994.5767006990004 444.72267841806837 1.7728 1.9945 4.2516 22.39650000148096 -50.272300082135686 -6.13 1.6620912556300997 0
PEDESTRIAN 0.0 0 3.0551952571586125 1376.8680299855753 370.6831930559299 1412.191072367233 438.8529554805027 1.7 0.491 0.746 35.8921 16.3924 -6.8769 1.7666769358870078 0
PEDESTRIAN 0.0 0 3.020652682834542 1206.2366284273332 347.32425420355816 1237.7642531468239 409.7437510512121 1.7 0.5608 0.655 35.826768109916735 21.8374720920693 -6.8773 1.7500539681940235 0
