CAR 0.0 0 -0.04295547236137787 1147.3350439199362 202.70800075162586 1269.7151246035526 277.64770601227326 3.0887 3.0353 7.0662 63.09980588698619 37.86506314969335 -5.5641 -1.418903573797595 0
CAR 0.0 0 -1.7131680658750605 1780.3848283585507 329.9530256816599 1898.0179487572873 423.0683100534633 1.661 1.8473 4.112 42.6249125659769 6.782385073703418 -5.6812 -3.0832454006018555 0
CAR 0.0 0 2.9485754657850247 1348.836140437557 191.2529644321308 1511.5753715473386 305.4176781463988 1.7 1.937 4.0135 31.98296198181618 -28.47357332302761 -6.2264 1.5487642730096802 0
CAR 0.0 0 -1.2835650001279262 213.18050866737389 428.32535550777715 446.64358813319615 557.8999121964158 1.7 1.9714 4.0628 12.793594382086878 31.345874238918235 -7.4038 -1.877003294840088 0
CAR 0.0 0 -1.1051004521224486 391.40400750065453 439.83724405418394 584.2082300126748 551.2092559624174 1.4656 1.3758 3.7786 15.081474773277767 28.711378129849543 -7.4477 -1.8856458483840466 0
CAR 0.0 0 -1.14427148443835 245.91858508222427 323.2313598463467 535.4107465675442 491.2058476825773 3.0074 3.0141 6.0193 16.841307836112964 35.94673946132482 -6.7457 -1.917786575270122 0
CAR 0.0 0 2.9461124924244126 1402.185628589216 229.37213352050404 1599.3405083916366 357.28907277473576 1.5329 1.947 4.1625 27.872524712820013 -28.1850098947116 -6.1782 1.5674036341292166 0
CAR 0.0 0 -1.4388055557544157 122.93685276523782 395.5828830704312 331.9788984259654 495.4138503462045 1.5121 1.9339 4.1099 13.354828502354444 38.151129766813575 -7.6011 -1.9132188092271625 0
CAR 0.0 0 -1.638054212391654 1763.6101682526958 270.77363750914714 1905.0830834570847 391.292374520845 3.3377 3.0755 3.0748 54.5143108395027 8.42818798969226 -5.9795 -3.031595390596638 0
PEDESTRIAN 0.0 0 2.9153727356670163 624.1543510550066 127.76449977540378 666.5899878206792 202.4809219562925 1.8579 0.9295 0.9471 41.41591696228236 -9.189737334823523 -6.0836 1.594447662458931 0
CAR 0.0 0 -1.6142838245937305 115.49376813166202 -38.292186883473605 328.914789497583 104.09622383474114 4.1862 3.2286 10.2919 60.54854073634388 8.826500512091304 -4.2942 -3.062835902477131 0
CAR 0.0 0 -1.465355952654479 75.43604447217295 339.22873058851053 249.47356001874832 415.53910313005974 1.5206 1.9327 4.0484 15.364132412579654 47.76156865305747 -7.4583 -1.8734535741965284 0
CAR 0.0 0 -1.3040852195546004 226.84088032817738 336.18774640814723 390.1881863313014 417.81473836723114 1.7 1.6238 4.0308 18.11149807828639 43.7827073512129 -7.2916 -1.9923975746503848 0
CAR 0.0 0 2.9881426755749594 1831.179254614984 268.76352762713276 2127.1812860382793 420.90033655341136 1.7 1.9624 4.2616 24.980340446366146 -36.64560038812886 -6.4566 1.58896339585535 0
WHEELER 0.0 0 2.890129734398074 1536.0795554931929 344.55170456037405 1661.9030853309882 479.6759534999681 1.7 0.8106 1.621 21.174936034095428 -26.771372288425397 -6.3809 1.5710430576065737 0
CAR 0.0 0 -1.6809387941983513 1426.3334096306844 331.60376760134795 1593.6815017812494 463.69658202751623 2.3964 2.4699 4.5843 35.826758310412096 13.26511239811504 -6.1273 -2.996611774829779 0
