CAR 0.0 0 1.6690572092593075 368.4994044575088 46.84456829834343 447.60734237549946 102.18088067183943 1.7 1.937 4.0135 63.48170318689819 3.158261802947135 -6.2264 0.2769478986028073 0
CAR 0.0 0 -2.488217931522274 -1914.307531838006 559.7471522383123 -318.2063018523589 1364.6028565536026 3.0074 3.0141 6.0193 11.809202420574415 0.23485463363553816 -6.7457 -1.6819056695430228 0
CAR 0.0 0 2.9205208061158876 1405.3971345646462 276.98653266070977 1634.7048256164417 438.7296702576568 1.7 1.9624 4.2616 24.52319546921459 -26.960000427903672 -6.4566 1.5798550217274272 0
WHEELER 0.0 0 2.8807341147648735 1525.1342977480176 344.7116862324231 1649.9151065776066 479.9684843286652 1.7 0.8106 1.621 21.172913949604666 -26.571497014276623 -6.3809 1.5635222017560881 0
CAR 0.0 0 3.0227898680405936 1778.1670298847628 306.3022617711991 2111.699716116347 497.6436803229426 1.752 1.7066 4.5021 21.4890979011325 -32.90719835021839 -6.3051 1.6546732152024497 0
CAR 0.0 0 3.036292487096105 1728.0057564751496 283.9613946880373 2025.2760433393507 445.20367879153537 1.6356 1.9585 4.5139 24.148776931241287 -33.83922478518346 -6.5383 1.6564487319189027 0
CAR 0.0 0 1.784651923659134 1264.1821390402279 -329.4446114601707 1348.7648531380717 -267.63885184651855 1.7479 2.1574 4.4141 -67.4879 8.6671 -7.1261 -0.010319424834180245 0
CAR 0.0 0 3.013939511208197 2111.3210057076412 306.47736337781225 2500.3532233009932 475.8903558560452 1.5888 1.9932 4.2218 21.63918794796975 -39.90187856215732 -6.2836 1.6104035849024376 0
PEDESTRIAN 0.0 0 3.2245094481415095 1513.2831708521192 379.0742451873594 1552.4956202620685 449.58696011661505 1.651 0.5088 0.7486 36.1982 12.7417 -6.6371 1.9174778364964447 0
CAR 0.0 0 -1.2493034479013492 108.47190098505332 387.6932085328608 328.1801179151115 487.8863566087897 1.4933 1.9845 4.3346 13.249087861449988 38.33932267290771 -7.4122 -1.7143042624112637 0
CAR 0.0 0 -1.1365713781332454 1575.3030317879657 270.1957741821802 1658.499979688699 325.1512575183763 1.7 1.9861 4.2709 62.71682571744739 17.43847901647401 -6.5167 -2.525856650466217 0
CAR 0.0 0 3.22384063988974 2713.669311868781 287.0899032913352 3140.1782414154354 425.990464078402 1.5642 1.9836 4.1622 24.08308734706558 -57.09685430739996 -6.6467 1.7737371163127353 0
CAR 0.0 0 2.5665962285325934 594.1386325743599 314.5592879173445 750.0456307077052 393.48077102300897 1.7 1.9565 4.7638 27.210338580572646 37.42504717955328 -6.9364 1.4784007069046419 0
CAR 0.0 0 -0.43834669816584015 1132.0538480947632 559.6771360469958 1468.6004860990897 927.2028058501294 1.6932 1.9814 4.11 12.948542779551072 -18.695821889602474 -6.6873 -1.488012699298425 0
CAR 0.0 0 2.1429776386125807 630.1345751960457 127.80187079870811 790.4289432414864 331.925086311706 3.1128 2.997 6.1486 32.380370812535894 -11.851005455147117 -5.7625 0.8741734486663909 0
