CAR 0.0 0 2.6492371559615773 2196.6329956308336 270.1046103044532 2745.006832145104 490.9738978161132 2.0943 2.4031 5.4998 11.155402564129238 -33.9905 -6.4153 1.2290361204144005 0
CAR 0.0 0 -1.661752185736096 342.72388201274805 631.6002254220163 668.3287908840889 908.3895681501447 1.7 1.9463 4.1292 14.760412626319477 27.633707494182477 -8.0915 -2.2538824274090894 0
CAR 0.0 0 4.461406338961595 1561.5245572683125 327.14812203762347 1652.639488964934 413.9667346731749 1.7 2.0096 4.0382 46.2951 12.1536 -6.8888 3.11655435550722 0
CAR 0.0 0 -0.3304816039095446 1147.0123217535074 187.3324082266689 1234.242638416625 262.89941002822195 3.1128 3.0226 6.773 72.9264 30.9305 -5.828 -1.7158531596828857 0
CAR 0.0 0 -1.5624492054061958 87.71072280493456 268.0789807534535 270.27354457027286 425.93788994741703 3.8081 2.9722 2.9156 28.95937133098898 51.811190799822036 -7.0351 -2.0473228625974484 0
CAR 0.0 0 -0.8380251391131095 6135.06959405626 -185736.24773079547 392458.4154478939 -2063.323246831445 1.7 1.8429 4.4747 1.8713734869425904 21.53990839255109 -8.0644 -2.835582519880901 0
CAR 0.0 0 -1.2460336172435862 377.04061802098045 372.883914928497 654.1505548940377 572.1449230656001 2.7252 2.5328 6.0568 25.006135380353033 35.890149389730844 -7.5934 -2.087168948178386 0
CAR 0.0 0 2.676432703981537 1566.249559769906 307.93285511098367 1934.9086101883381 512.17636324145 1.7 1.9879 4.7683 14.6432 -20.4419 -6.6494 1.333552304766139 0
CAR 0.0 0 1.14011732115797 -433.7643963931186 125.45293597683154 158.25654631858734 581.9394576178273 3.6974 3.5688 12.6738 26.754902184975904 7.022093227228263 -5.9176 1.3768735764903348 0
CAR 0.0 0 2.730861330003135 1453.3418119407 191.12481039417517 1678.0836796968101 311.78742136396556 1.7 1.967 4.5895 24.054208779121254 -25.917090559635792 -6.577 1.317956906484731 0
CAR 0.0 0 -0.4274778347586998 2023.140769097623 332.06796430028163 2740.9456706662027 851.9693967259041 4.7316 3.5763 2.8352 6.79786854177425 -20.567469597390286 -6.2046 -1.760237016252805 0
CAR 0.0 0 -0.5706327955995574 1144.908378909904 237.42034569189082 3225.8634377406092 1589.9279502134782 4.6414 3.6368 14.786 8.537529939904623 -11.914073354994194 -6.1579 -1.7627479880796337 0
CAR 0.0 0 2.6477283604518282 1766.5855380178937 181.49254227412575 2052.9114800015054 399.80121478939714 3.4115 2.7462 2.4608 16.746 -27.213398241248356 -5.8128 1.2258169406910011 0
CAR 0.0 0 2.6736791622293157 1463.3224305173178 275.6438936735956 1738.6310273624115 431.53048117316064 1.5441 1.9368 4.2225 17.8426 -20.5992 -6.7047 1.3186377821279618 0
CAR 0.0 0 -1.1458251463076232 276.3678408108657 247.9529883972602 733.9530768674942 480.35132589926343 3.8144 4.294 14.4415 32.9921 41.8438 -6.7673 -2.120489226164379 0
CAR 0.0 0 2.128960248308656 851.4002463231548 341.05407953634284 984.7777461340096 438.57026688314556 1.5576 1.9781 4.7888 34.870130440480914 30.314814355424865 -7.1594 0.9572483201475798 0
CAR 0.0 0 2.5875622518503776 1149.063065502629 205.29563549661967 1330.0690661543283 331.95204092182 1.7 1.7559 4.4079 25.498994490728236 -17.632192435664756 -6.7373 1.2285587300409573 0
CAR 0.0 0 2.979447063495604 2744.8586538036107 198.62306437425454 3394.1757358418063 401.57606611545515 2.3829 2.6598 6.0028 8.71485951734509 -50.11080869053198 -5.6352 1.5041920817351715 0
CAR 0.0 0 2.6483533841741425 1883.3967939615115 307.9780962090429 2260.0094004541083 482.0004347351584 1.5135 1.9357 4.3357 13.268243052505861 -26.6938 -6.6523 1.2644279727318088 0
CAR 0.0 0 2.8917525117224443 2528.291479495438 265.45726623785686 2991.9452440633204 430.1712530583088 1.7 1.956 4.407 9.81239014222037 -41.14993284845492 -6.175 1.4450837886021748 0
