CAR 0.0 0 2.7325291397584257 1336.6092333705967 202.11896852879994 1535.0114457894765 315.50459289843945 1.5683 1.9824 4.1753 24.842392143684204 -22.726897847233886 -6.7242 1.33882426606999 0
CAR 0.0 0 4.357969422251383 1702.842176522916 328.50955651254816 1847.005462449969 447.3770319909202 1.9963 2.2756 5.9988 45.19026297013535 7.9153896746348416 -6.704 3.0012018670575786 0
CAR 0.0 0 2.702968700817692 1388.7560602367248 207.35460571161354 1646.2997586007766 348.018678813013 1.6094 1.8776 4.9449 21.344090621810896 -21.691469568858558 -6.2139 1.3114097922132018 0
PEDESTRIAN 0.0 0 2.727012766121395 638.5939536671299 127.07047379446966 675.4256907951153 194.2388517423207 1.7016 0.7772 0.6957 39.75987373079516 -7.0781376916671475 -6.3348 1.3955368288674803 0
CAR 0.0 0 -1.5450227367082063 248.0687294547771 421.71093989725523 457.04078363066634 542.1483146533689 1.5083 1.8983 4.1522 23.909741265271563 39.970859937026184 -8.1788 -2.18213576590055 0
CAR 0.0 0 -1.2901629606563128 405.91993231018114 424.5738950599006 598.6213466108798 544.3413114369952 1.4958 1.977 4.1388 25.35009978018942 36.83360005713647 -8.1989 -2.09854158769705 0
CAR 0.0 0 4.392023743917677 1708.0966865051319 206.0332327594014 1867.8912831561418 332.7501497465075 3.4934 3.115 10.3352 63.264798807002336 5.0191 -5.0918 2.9686603356601298 0
CAR 0.0 0 -1.6596898091365988 140.67957810213275 381.58948381510515 334.83690522295024 481.5073833435819 1.508 2.0028 4.001 26.02779001334877 46.1866 -8.2196 -2.1681369818205787 0
CAR 0.0 0 4.391394218646928 1725.171275854398 254.6068781007159 1821.5750336537085 337.22110826493576 2.4532 2.2469 1.9737 57.1937 6.1447 -5.6178 2.985525566570448 0
CAR 0.0 0 3.89890608812207 848.6795230026278 639.5066789395179 1132.7717955244827 975.6405685754788 1.7 1.989 4.2817 15.106354048182627 20.64899567671384 -7.1172 3.0019663134302466 0
CAR 0.0 0 4.148581860502075 1336.1954470241164 408.79404593871703 1578.5059370457795 717.5970191151699 3.0024 3.0029 5.9984 24.680346797166905 15.875905995569173 -6.3697 2.9378115221590155 0
CAR 0.0 0 -0.4270992681836179 2118.1193983086914 403.3313356123999 2989.9951851050596 797.2405802824154 2.0449 2.1484 6.0265 6.583978674328314 -23.528542851621957 -6.4734 -1.7707207226012434 0
