CAR 0.0 0 -0.016680731416115924 1146.5541641169802 202.26530342231942 1268.3778100711538 276.7883647956047 3.0887 3.0353 7.0662 63.377127570539386 38.08674634760865 -5.5641 -1.3929679825469414 0
CAR 0.0 0 3.09604589773536 1853.4486057377676 143.63469803607236 2660.8189593617712 479.41473117463937 3.3784 3.4486 11.6024 25.393391518367153 -40.93775999508419 -5.4833 1.6575297392573518 0
CAR 0.0 0 -1.6998818939955738 1590.9341521618692 302.7957074305058 1736.8387505081675 424.31660226382076 2.5061 2.2666 5.3185 42.99173142225494 11.17977806543689 -5.9066 -3.0575834777366406 0
CAR 0.0 0 3.0794619085677235 1717.6253496123156 168.04739841397688 2149.948725053895 421.72834052362214 3.5225 3.6418 4.7722 25.00490741769495 -35.0415587830641 -5.4368 1.6574552326525247 0
CAR 0.0 0 -1.6969849865556352 1534.428280785056 310.3733961450296 1642.0703286551925 385.78752116451193 1.7 1.9666 4.1398 47.07853974405127 14.348739744051274 -6.3811 -3.0529654951011866 0
CAR 0.0 0 -0.7789330418283931 324.07881937344456 289.0801783815133 739.8103957236116 498.431248520435 3.5244 2.84 10.3328 19.597254929441313 32.881083696871926 -6.2138 -1.727750514297035 0
CAR 0.0 0 2.945123142004972 1544.732193426671 317.1946160374368 1838.3244260847348 513.3269692043133 1.7885 1.936 4.1812 21.054941416014476 -28.089929569001534 -6.3142 1.613923014294209 0
CAR 0.0 0 3.061646224365202 2174.5590079291687 215.3028122444112 2848.176784654959 501.783986769943 3.0142 2.9998 6.4302 21.563428276237822 -42.78932925135921 -5.5653 1.6301165965656204 0
CAR 0.0 0 3.1460727614022135 2539.404069452126 278.1277058471139 2991.609875512068 442.6003469377516 1.7728 1.9945 4.2516 22.493137313717487 -50.37927027795355 -6.13 1.7040956439614174 0
CAR 0.0 0 2.9511033793664545 1439.0138503603748 274.44490585129745 1649.3182896270728 435.9928915421652 1.7553 1.5689 4.1046 24.493129242884685 -27.427984240013593 -6.4088 1.6052376305312825 0
WHEELER 0.0 0 -1.5956778296960532 808.2646311084212 172.1551089223674 833.3533544856483 237.91997598833788 1.4549 0.6025 0.8913 36.7522 -14.1642 -6.2465 -2.9220305006185083 0
CAR 0.0 0 3.050702319537285 1886.3613101684614 302.69430975340117 2230.9128924460206 480.1199732649076 1.6332 1.7321 4.4876 21.9708313890917 -35.477182485820435 -6.3283 1.6668272518319063 0
WHEELER 0.0 0 -1.746088819305295 1514.5697220410366 342.58235845018214 1566.3271561677018 411.76846965190515 1.7 0.7138 1.6517 41.1845 14.0867 -6.5238 -3.077139203314816 0
WHEELER 0.0 0 3.08534480943748 1562.9373881644678 235.2057339908079 1641.2609357667952 320.4121942524109 1.52 0.5676 1.6613 30.578105942868557 -32.21502511985618 -6.6281 1.685891769256303 0
