CAR 0.0 0 -0.06128047647365675 1151.279624639313 202.57075272393325 1273.2684111790982 277.3251512247949 3.0887 3.0353 7.0662 63.369813724302944 37.79337528349762 -5.5641 -1.437993474107063 0
CAR 0.0 0 -1.6815119570531665 1582.2514991205694 312.75138127248755 1736.736025774343 442.9616531291001 2.5061 2.2666 5.3185 40.48960689440327 10.721694870042523 -5.9066 -3.0306989853775987 0
CAR 0.0 0 -1.702478936635123 1467.4984085474732 342.0698652460481 1596.0009876032957 434.69542440971316 1.7 1.9666 4.1398 38.732522859639275 13.571350524240636 -6.3811 -3.0262847080785336 0
CAR 0.0 0 1.6348413230537784 438.22893959538766 -32.24125878759347 518.9306382747267 34.339818086500514 3.5244 2.84 10.3328 106.45931726584374 9.390691894774974 -6.2138 0.06357411080289209 0
WHEELER 0.0 0 -1.7198595243806896 940.2277891594333 298.4708395877074 980.0748082282028 393.5378399792123 1.455 0.6025 0.8913 24.75705497903465 -16.570865326035285 -6.2896 -2.945145701233959 0
CAR 0.0 0 -1.6517158681636477 1777.0537721086962 330.70672841225587 1895.2706852928384 424.2944664342122 1.661 1.8473 4.112 42.39548483146919 6.823145031567226 -5.6812 -3.020962222908735 0
CAR 0.0 0 3.013019515132141 1337.9799515886004 191.65497922953372 1499.5571025303043 306.133268738225 1.7 1.937 4.0135 31.93276820053711 -28.169514413194072 -6.2264 1.6149400059223493 0
CAR 0.0 0 -1.2034417489513487 210.1077488216325 429.24191665583527 444.49598326177016 559.3565478554835 1.7 1.9714 4.0628 12.711572421685341 31.2969048438553 -7.4038 -1.7921101297431838 0
CAR 0.0 0 -1.0295033831024971 393.0755942681045 438.09545035269514 584.7426119612604 548.6395670628675 1.4656 1.3758 3.7786 15.190446550989218 28.84578817531302 -7.4477 -1.8133342874298124 0
CAR 0.0 0 1.4439100652044603 424.71381025905356 11.141863116911793 478.8210010339348 50.64044848648703 1.7 1.8295 4.0434 86.1072658525834 6.669688217769863 -6.4708 -0.05946880055420704 0
CAR 0.0 0 -1.0505360172926412 243.98106163712768 323.67608561375783 534.2773987737984 492.12510246474505 3.0074 3.0141 6.0193 16.774375797430853 35.89955770963072 -6.7457 -1.8212771541448316 0
CAR 0.0 0 4.9410981231203195 1326.79494533931 -358.3297744153211 1432.9510366379984 -285.8174427597995 1.5152 1.971 4.0119 -51.77749728012941 6.0331798314498295 -6.0728 3.141592653589793 0
CAR 0.0 0 -1.3196438245138533 1392.5452568718551 -432.9592585124626 1565.0597168442928 -328.986106997301 1.6185 2.5772 5.2097 -44.57808998560352 6.042702414224173 -6.6119 -3.141592653589793 0
CAR 0.0 0 3.0606969051504267 2135.7286077223744 215.02707827602035 2421.638009046533 328.2426919550541 1.5329 1.947 4.1625 29.228138012943326 -47.74353857740988 -6.1782 1.6079448596805244 0
CAR 0.0 0 -1.2487878134645696 1356.409078222395 -538.556269195784 1505.730985075232 -419.4262574728969 1.5153 1.9251 4.1636 -39.88828030392225 2.3034280130427147 -7.8343 -3.141592653589793 0
WHEELER 0.0 0 -1.9035265494032638 1282.3959934692523 506.8158348494112 1366.6087360465299 624.0764742285805 1.6612 0.7676 1.4656 21.8405 11.9329 -6.9541 -3.071714846133773 0
