CAR 0.0 0 2.9418043982780375 1301.633197463119 194.55650075999793 1460.2125952013846 310.9099588270879 1.7 1.937 4.0135 31.577725052748324 -27.096374585143646 -6.2264 1.5510382525586681 0
CAR 0.0 0 -1.22395861359791 219.1789824953047 435.91494089695516 457.5154864794706 569.7898846353753 1.7 1.9714 4.0628 12.56734510618403 30.485843224205354 -7.4038 -1.8201623861801035 0
CAR 0.0 0 -1.0636678402753978 395.03023923242574 441.0991410561148 588.2318362026579 553.046966346323 1.4656 1.3758 3.7786 15.072836654723906 28.541321467751974 -7.4477 -1.8465701910156123 0
CAR 0.0 0 -1.026931640178204 248.71150224720526 323.0331951880592 537.6188760489933 490.77290308927576 3.0074 3.0141 6.0193 16.904381641564164 35.93524527439072 -6.7457 -1.8040050303749324 0
CAR 0.0 0 2.8968531545169696 1249.392641578611 236.95641335447144 1427.709124000851 370.643322930784 1.5329 1.947 4.1625 27.189746563994085 -24.420739138539858 -6.1782 1.5482138769844158 0
CAR 0.0 0 0.03020784425756351 2991.7821785944197 166.69557665852352 5457.942791985026 806.9417669776656 4.1862 3.2286 10.2919 14.068470470445755 -52.0499638818933 -4.2942 -1.4315679485436985 0
CAR 0.0 0 2.920437929696849 1405.691816557555 277.15743137074986 1635.1762605922404 439.0050492978422 1.7 1.9624 4.2616 24.509957936776175 -26.960734320944205 -6.4566 1.5798550217274272 0
WHEELER 0.0 0 2.880709607003728 1524.9768637833618 344.7100409787502 1649.7414501491123 479.96735752886536 1.7 0.8106 1.621 21.173098719562557 -26.56873283754468 -6.3809 1.5635222017560881 0
CAR 0.0 0 3.022770245940616 1778.1586048397269 306.33242985379985 2111.720233656174 497.6957328326665 1.752 1.7066 4.5021 21.48714712761172 -32.9056674905888 -6.3051 1.6546732152024497 0
CAR 0.0 0 3.0399745061820274 1726.6465168896991 277.8873895509853 2017.9694037493591 435.26952623674447 1.6356 1.9585 4.5139 24.61998995268802 -34.119216574065746 -6.5383 1.6564487319189027 0
CAR 0.0 0 0.01699565148318727 3495.582110655401 336.4443475038664 4457.708723945043 661.5608580417796 3.3072 3.0001 3.4972 14.812297060691208 -57.63492070957607 -5.7424 -1.4301053464269944 0
CAR 0.0 0 1.784651923659134 1264.1821390402279 -329.4446114601707 1348.7648531380717 -267.63885184651855 1.7479 2.1574 4.4141 -67.4879 8.6671 -7.1261 -0.010319424834180245 0
CAR 0.0 0 3.0227140858982233 2205.4679725764972 303.3037892397331 2607.356785752107 469.6516647259483 1.5888 1.9932 4.2218 21.797771841869494 -42.07479079270966 -6.2836 1.6104035849024376 0
