CAR 0.0 0 2.779590890331246 1299.598994933967 203.03072292012698 1494.9155397573647 317.3552887936348 1.5683 1.9824 4.1753 25.005693313970447 -21.71976616616859 -6.7242 1.3916168193079952 0
CAR 0.0 0 4.41499693228087 1700.5774422029888 325.7406188823543 1842.2194002207457 442.50217700494153 1.9963 2.2756 5.9988 45.75911785139531 7.911421613815172 -6.704 3.0566068809084705 0
CAR 0.0 0 2.7683939393171317 1378.5267258927101 209.07231106865797 1636.4040965368263 351.12331989125863 1.6094 1.8776 4.9449 21.251494072875136 -21.33048775569421 -6.2139 1.3795353276698106 0
PEDESTRIAN 0.0 0 2.907294735655956 631.2623131379358 127.24427930540917 668.2610356844795 194.51979291293202 1.7016 0.7772 0.6957 39.77391603141078 -6.871263529449703 -6.3348 1.5787143958338035 0
CAR 0.0 0 -1.1303818736098639 199.7854951327071 428.49914638239005 418.88606015959067 552.9540185913839 1.5083 1.8983 4.1522 22.97428401896022 40.29859705333914 -8.1788 -1.6986471999023898 0
CAR 0.0 0 -0.9253161975705005 379.96317303424934 430.6009283543414 579.1711069692165 553.7656595407657 1.4958 1.977 4.1388 24.646294955908733 36.88445817388432 -8.1989 -1.702920799359803 0
CAR 0.0 0 4.491164430638378 1695.0505279054678 204.4192423539184 1849.211773011591 328.91937570182614 3.4934 3.115 10.3352 63.916128220154526 5.461616125096775 -5.0918 3.0676513757056805 0
CAR 0.0 0 -1.2754231886865168 87.20305460712498 382.3008430293943 287.61257595141814 483.02252851656857 1.508 2.0028 4.001 25.360236410699518 47.21167252437913 -8.2196 -1.689088395475315 0
CAR 0.0 0 4.46701775918721 1731.1277382149174 256.0095576562229 1828.8353942735039 339.4004746238115 2.4532 2.2469 1.9737 56.793447100935474 6.00071057921447 -5.6178 3.061520652592247 0
WHEELER 0.0 0 2.7499647284160122 1549.215116160416 335.1567720297757 1706.840751266847 472.57669103677216 1.6332 0.8894 1.834 15.089347144420955 -18.45488367904438 -6.5953 1.4215450432629269 0
CAR 0.0 0 2.809602322814694 1973.358039829396 220.66961457102704 2302.68081480459 363.0139279760604 1.654 1.8689 4.1757 15.534379842282974 -32.2475273707784 -5.8865 1.3731739099134217 0
CAR 0.0 0 4.330319345564549 1464.2137973148588 288.6262838037013 1561.5200037428476 396.4321728936604 2.4848 2.6187 6.0302 51.52656705952857 14.782836226528167 -7.0671 2.9806292048917222 0
