CAR 0.0 0 2.9198038258548547 1696.777015134867 310.36084835759743 2016.998502122718 505.6469859828776 1.752 1.7066 4.5021 21.27364075464013 -31.13810847875007 -6.3051 1.56412138454581 0
CAR 0.0 0 2.91845068519108 1616.8337744570788 280.78214757344136 1890.8604069647888 441.17630915032987 1.6356 1.9585 4.5139 24.447936216266147 -31.570048938939944 -6.5383 1.5496668587214586 0
CAR 0.0 0 -1.3023444921962422 285.63001434701846 565.3529443041258 619.6441394514582 773.8660011672517 1.4933 1.9845 4.3346 9.613487614742711 20.613560959735267 -7.4122 -1.9026421715458148 0
CAR 0.0 0 1.5969399276208343 338.8226154112979 56.820297816042306 502.87624690298645 192.2188063537522 3.1128 2.997 6.1486 47.08168114655491 -1.749277129520678 -5.7625 0.30415304109006946 0
CAR 0.0 0 -0.0406422256415786 1147.6755517865022 198.3027161934256 1266.7198685389587 266.3345699173532 2.7763 2.7552 7.2016 62.903800000000004 37.8616 -5.1699 -1.422524184228078 0
PEDESTRIAN 0.0 0 3.0661521833284833 1305.4842906426825 339.7789741506962 1361.7015614444347 425.1791994511354 2.0834 0.8594 1.2954 35.42619073842749 18.06602526649208 -6.4178 1.774178811100657 0
CAR 0.0 0 -1.2346046480226371 1199.4357788534571 -445.4847444017511 1294.1554967066327 -361.3181520537793 1.7 2.0312 4.764 -58.384000156769545 2.8271603552047333 -9.2203 -3.117640778232648 0
CAR 0.0 0 -1.732466112864768 1488.8958504746195 330.46421880527043 1607.3370427006994 415.124267149853 1.7 1.9575 4.0881 41.974131282001395 14.088824458679024 -6.4594 -3.068088447839688 0
CAR 0.0 0 -0.8538071986004989 916.2436087484992 619.0948969369766 1204.9359764852893 859.4889605167263 1.4978 1.9686 4.1877 14.009576972634438 12.15827332862089 -7.4222 -1.8208960933044709 0
PEDESTRIAN 0.0 0 2.958275782073553 1609.8041867022032 371.346977102264 1673.1821240927136 463.88398537092127 2.0136 0.8864 0.9253 36.03330584038522 10.094638751575033 -6.2865 1.6361990662420665 0
CAR 0.0 0 -3.2812352362569204 -33921.133275226966 2129.8495476563617 -4499.234281347484 11409.992111784786 1.54 2.0491 4.191 3.5006734821065515 9.711150672776423 -7.5175 -2.08154288640891 0
CAR 0.0 0 -0.19572659470903297 1895.8482516421504 482.92004272954944 2514.801975111249 845.7908378884255 2.0012 2.0683 4.7145 13.739053858221133 -29.61339066739513 -6.5857 -1.474434501546051 0
CAR 0.0 0 -1.10185908614349 1522.9975536394886 -739.8351040275073 1802.8374509558757 -526.4813656538224 1.7 2.2594 5.3028 -31.526 3.2232 -8.5573 -3.034503354714758 0
