CAR 0.0 0 -0.04295481559351466 1147.3374429680282 202.7077351968089 1269.717039852125 277.6471519083023 3.0887 3.0353 7.0662 63.10009738299898 37.865099672108045 -5.5641 -1.418903573797595 0
CAR 0.0 0 -1.6626614075724655 1751.2595769125517 409.7232284175634 1917.18642422198 555.6553786866466 1.661 1.8473 4.112 29.749740414091235 5.204666885110962 -5.6812 -2.978588396251402 0
CAR 0.0 0 2.9485748212359093 1348.8342592155377 191.2534597870558 1511.5735594539158 305.4184517329951 1.7 1.937 4.0135 31.982900551510706 -28.473500652424168 -6.2264 1.5487642730096802 0
CAR 0.0 0 -1.2835699770484568 213.17741357192213 428.3265342622699 446.64160635326283 557.9017793346387 1.7 1.9714 4.0628 12.793500839806487 31.345798210211292 -7.4038 -1.877003294840088 0
CAR 0.0 0 -1.1050892708530746 391.41362891228476 439.83540141901375 584.2159559318026 551.2064941531053 1.4656 1.3758 3.7786 15.081702896670159 28.711399805400635 -7.4477 -1.8856458483840466 0
CAR 0.0 0 -1.1450913488528844 245.26821083094688 323.2655511520576 534.8811502913161 491.2826166554122 3.0074 3.0141 6.0193 16.827549315918038 35.95155945944685 -6.7457 -1.917786575270122 0
CAR 0.0 0 2.9460780349424773 1401.9027293583292 229.3664009553554 1599.0106831846415 357.28280696556186 1.5329 1.947 4.1625 27.87315278287514 -28.178614545790303 -6.1782 1.5674036341292166 0
CAR 0.0 0 -1.4348828901345316 125.17502979645181 395.4205748937695 333.92891863254096 495.16139264807094 1.5121 1.9339 4.1099 13.399866056437764 38.13498618000562 -7.6011 -1.9132188092271625 0
CAR 0.0 0 -1.6558514730638296 1746.4830830732392 293.4754488248859 1910.1345050776167 435.4803516730437 3.3377 3.0755 3.0748 46.741439818173376 7.569880397074337 -5.9795 -3.031595390596638 0
PEDESTRIAN 0.0 0 2.915374415551981 624.1569615528493 127.76405838154119 666.5923889779339 202.48032631019203 1.8579 0.9295 0.9471 41.41599926113507 -9.189799442408793 -6.0836 1.594447662458931 0
CAR 0.0 0 -1.7825802351128988 12.40416014752826 -28.292500501019926 277.88668059593107 139.2085535322854 4.1862 3.2286 10.2919 52.67061858462081 8.288463416293656 -4.2942 -3.0453826099571875 0
CAR 0.0 0 -1.4653510099195908 75.43826007990697 339.2283641265088 249.47536793837048 415.5385684802385 1.5206 1.9327 4.0484 15.364202013751779 47.76159972133784 -7.4583 -1.8734535741965284 0
CAR 0.0 0 -1.3040848376193612 226.8411362923092 336.1877572164295 390.18843142661956 417.8147526455501 1.7 1.6238 4.0308 18.111502433263116 43.78270006541067 -7.2916 -1.9923975746503848 0
CAR 0.0 0 2.9280265526531393 1404.157914060641 278.8142621303303 1634.5604185651666 441.7235249676531 1.7 1.9624 4.2616 24.384267870355078 -26.87568906310443 -6.4566 1.58896339585535 0
WHEELER 0.0 0 2.8884272691350414 1525.3872170301763 344.5158714859328 1650.1333325269957 479.7020273502485 1.7 0.8106 1.621 21.183374940609987 -26.581384903158607 -6.3809 1.5710430576065737 0
CAR 0.0 0 -1.2334572733173135 1406.135060869443 -500.026500279246 1531.4515708781114 -399.53493723565697 1.7 2.1523 2.7864 -44.41648797689142 5.403995134844673 -8.1915 -3.1008202234568545 0
CAR 0.0 0 5.019824625998783 1441.360212973273 -611.2582123186852 1736.2355491373803 -407.49680308842346 1.9873 2.3714 8.8966 -38.4090790819203 5.375691697022931 -8.0597 3.141592653589793 0
