CAR 0.0 0 4.486587369637678 1555.2777680432418 325.65295151255106 1644.99630782015 411.7654078747014 1.7 2.0096 4.0382 46.506261659893994 12.335931663888054 -6.8888 3.141592653589793 0
CAR 0.0 0 -0.18907155730296088 1137.9012185182694 186.78068022562385 1225.3279010131264 262.02421761307386 3.1128 3.0226 6.773 73.00163868929387 31.440340871699767 -5.828 -1.5736332775196553 0
CAR 0.0 0 2.2383861680756247 142.6603609405804 215.04583745802668 415.3926017847074 504.79568136516446 3.4115 2.7462 2.4608 21.612271015947677 1.5839886661127427 -5.8128 1.5499082763629763 0
CAR 0.0 0 -2.2177791433570366 -1261.588583249362 183.18523553837923 -68.39570701180301 843.0093989369634 3.8144 4.294 14.4415 25.06115200354278 11.661483611827455 -6.7673 -1.3677148128603869 0
CAR 0.0 0 1.289420230628233 -1002.512030630932 443.33220073824975 -192.1371581538723 966.2037312528277 2.0943 2.4031 5.4998 15.794591318525804 8.369809408248221 -6.4152 1.9512737533439788 0
CAR 0.0 0 2.6123896316392132 872.7921199413465 303.1800046120597 1116.1208870046712 525.7459973874337 1.7 1.956 4.407 17.273809961132752 -7.845927075315923 -6.175 1.4333727837195829 0
CAR 0.0 0 2.625047465553716 540.195406035385 126.641976674409 869.3928047530355 569.4238090267067 4.1983 3.0119 9.4432 21.16648837367812 -4.259631087934856 -5.5448 1.4865535970320674 0
WHEELER 0.0 0 4.209506690601937 805.5011786586409 165.75487200789414 854.6062035461473 245.70611627294656 1.7142 0.8998 1.2689 33.53506490092069 -10.41996252565283 -6.5743 2.88090798914154 0
CAR 0.0 0 -1.780437313233584 1710.3436599828924 349.90892514071993 1827.6213776174955 441.1912935856139 1.5535 1.9759 4.0961 44.556218560012276 8.063440352355812 -6.8684 -3.131880613887544 0
CAR 0.0 0 2.697339853580041 1507.2386935886193 224.3609682496109 1950.86452228865 493.84643824600124 2.613 2.2684 5.5662 15.001390235600448 -19.76114988800747 -5.7562 1.3271023573237872 0
CAR 0.0 0 2.6630363114665716 1372.4701006495204 251.95164429021509 1636.34378329025 410.66841171869606 1.651 1.9856 4.1758 18.63478898796262 -18.89669360790748 -6.3514 1.307161541996138 0
CAR 0.0 0 1.401443222995508 1833.2226467557684 222.54352345398692 1887.4045764852685 254.73048794171834 1.56 1.9152 4.172 107.31993845568445 -7.36449512695885 -7.1881 -0.04190840405596502 0
CAR 0.0 0 -1.426712872843435 228.49392473622555 445.4620591077711 437.46400369895406 568.1579873281819 1.5269 1.9408 4.1155 23.822065816588378 40.606547031303535 -8.831 -2.013284002215193 0
CAR 0.0 0 -0.6424753405781187 789.9086568621151 472.5853466742936 961.2967213416719 622.149734306607 1.585 1.9239 4.1682 25.056101762486524 26.954178590092344 -8.1024 -1.6586260786855003 0
CAR 0.0 0 2.7974541714916095 2177.2623309105293 277.72615262072736 2585.8688942443737 438.4421237014269 1.5006 1.9544 4.3204 11.969557951505392 -33.16050577459495 -6.2434 1.37457573667756 0
CAR 0.0 0 2.780936788465141 2117.3861292592032 234.64361452447815 2478.5816676740965 374.42929663534727 1.5496 1.899 4.5119 14.54513669767677 -36.028143827876406 -6.1851 1.3407232366309791 0
CAR 0.0 0 2.764476638187082 1330.4261969083602 200.14749221245881 1526.663146615373 312.50397805089244 1.5683 1.9824 4.1753 25.09665538385586 -22.725906449938964 -6.7242 1.3699820769311981 0
