CAR 0.0 0 2.782017302254255 1314.9905772760408 202.6443641865185 1511.5926470774398 316.57408194946146 1.5683 1.9824 4.1753 24.938801269566937 -22.1375547424464 -6.7242 1.391616819307995 0
CAR 0.0 0 4.2783564805535175 1684.736686303663 417.7900726595768 1898.09145715814 617.2044112398435 1.9963 2.2756 5.9988 31.168484183880295 9.96796779131904 -6.704 2.9867937108286977 0
CAR 0.0 0 2.768397054857956 1378.5384404547456 209.07034141899732 1636.415439487169 351.1197563202619 1.6094 1.8776 4.9449 21.251599618400657 -21.33089851490205 -6.2139 1.3795353276698106 0
PEDESTRIAN 0.0 0 2.907298073403468 631.2706767942177 127.244080932748 668.2692086390269 194.51947229488462 1.7016 0.7772 0.6957 39.773900057752684 -6.871499148121819 -6.3348 1.5787143958338035 0
CAR 0.0 0 -1.1303016114748679 199.84044538376264 428.49183148353256 418.929598912269 552.9423126679386 1.5083 1.8983 4.1522 22.975296339958273 40.29820143037294 -8.1788 -1.6986471999023898 0
CAR 0.0 0 -0.925279856108667 379.9933877515848 430.59392942058395 579.1936960710864 553.7546877506676 1.4958 1.977 4.1388 24.64709709985241 36.8844002095697 -8.1989 -1.702920799359803 0
CAR 0.0 0 4.4416327183906406 1682.5515949716712 218.96973788742716 1863.1030389119846 370.23417454886544 3.4934 3.115 10.3352 54.643280976079055 6.972799080557629 -5.0918 3.032744790665794 0
CAR 0.0 0 -1.2753096347980488 87.26444100220787 382.3000269496284 287.666749300164 483.02078908681773 1.508 2.0028 4.001 25.36099724919207 47.21050422398449 -8.2196 -1.689088395475315 0
CAR 0.0 0 4.446905637739344 1713.0256371958556 282.8037972762875 1828.4858244789837 383.54280895442656 2.4532 2.2469 1.9737 47.64981301314261 7.7566017782375924 -5.6178 3.061520652592247 0
WHEELER 0.0 0 2.7272114597337467 1515.635557829361 335.27576197267285 1670.3006769202273 473.05426765995827 1.6332 0.8894 1.834 15.26794663628466 -17.874637660964627 -6.5953 1.404089182858187 0
CAR 0.0 0 2.7469481116429946 1386.4516969822057 227.93184022400084 1649.7993260489625 384.1892595637458 1.654 1.8689 4.1757 18.606858382834737 -19.054981013368028 -5.8865 1.3731739099134215 0
