CAR 0.0 0 -0.061280091219506616 1151.2815591116555 202.57067462554932 1273.2701393502794 277.3249718643265 3.0887 3.0353 7.0662 63.369954044831964 37.7933447866504 -5.5641 -1.437993474107063 0
CAR 0.0 0 -1.6739026010281375 1594.8507452973638 304.66687679851356 1742.0638905638698 427.741425779808 2.5061 2.2666 5.3185 42.62203816730739 10.9732000800412 -5.9066 -3.0306989853775987 0
CAR 0.0 0 -1.68578191779559 1497.510681497213 325.06097556195016 1614.948376000697 408.31354841065183 1.7 1.9666 4.1398 42.7497983321211 14.09368907051061 -6.3811 -3.0262847080785336 0
CAR 0.0 0 1.6146149375683714 432.29352204818724 -25.611661600906253 520.2028007022532 47.48786332213847 3.5244 2.84 10.3328 97.92899041832713 7.684027854478512 -6.2138 0.06357411080289209 0
WHEELER 0.0 0 -1.6906322475771542 915.0207484512375 262.3052404373649 949.8000584720186 348.72563476974074 1.455 0.6025 0.8913 27.415645118517666 -16.29001279446958 -6.2896 -2.945145701233959 0
CAR 0.0 0 -1.642982739318158 1780.1814183482988 330.78045800292074 1898.3012445853644 424.38883023036425 1.661 1.8473 4.112 42.44293927056431 6.758044093892797 -5.6812 -3.0125143155129455 0
CAR 0.0 0 3.013019397756447 1337.9747445497533 191.65429531707343 1499.5507855824076 306.1322736491524 1.7 1.937 4.0135 31.932852350848016 -28.16940881056054 -6.2264 1.6149400059223493 0
CAR 0.0 0 -1.2034443147074552 210.1059513798418 429.2421192427669 444.49448935841053 559.3568771202301 1.7 1.9714 4.0628 12.711538393745814 31.29691082052274 -7.4038 -1.7921101297431838 0
CAR 0.0 0 -1.029500547408365 393.0849066052193 438.1020836904156 584.7548779809031 548.6492645117773 1.4656 1.3758 3.7786 15.190257215500349 28.845033265746515 -7.4477 -1.8133342874298124 0
CAR 0.0 0 1.479935017196366 408.3799730606725 23.053508224070892 468.7262696291212 66.99552762944589 1.7 1.8295 4.0434 78.22513627067715 5.504796408982109 -6.4708 0.010344369525566149 0
CAR 0.0 0 -1.0395901902967588 238.66873941690739 323.6981153579781 529.6197922259161 492.2343310106758 3.0074 3.0141 6.0193 16.681833197680366 35.98495543798671 -6.7457 -1.8038238616248885 0
CAR 0.0 0 -1.296479881914596 1191.9067658262632 -396.2021611300393 1288.0828045698988 -303.98585227092076 2.0674 2.0854 4.1222 -54.728725971908254 1.7537668458231455 -7.0917 -3.141592653589793 0
CAR 0.0 0 4.9508859365595494 1409.1843178487798 -404.935393496136 1543.972533943646 -315.44339114810714 1.5152 1.971 4.0119 -44.07230652095221 5.923457285711376 -6.0728 3.141592653589793 0
CAR 0.0 0 -1.3066230177348215 1508.5061344898045 -510.4800912552652 1741.7435033042173 -373.36479556144593 1.6185 2.5772 5.2097 -36.65348703645168 6.006159198301535 -6.6119 -3.141592653589793 0
CAR 0.0 0 3.0714322483306686 2321.1353408541454 212.7307255210037 2627.17031279232 323.03647920706686 1.5329 1.947 4.1625 29.461385397522967 -53.15169849180984 -6.1782 1.6079448596805244 0
WHEELER 0.0 0 -1.8233965422286034 1390.3005534677131 430.4951382051904 1459.0956428280674 523.5397641594841 1.6612 0.7676 1.4656 28.6226 12.7116 -6.8051 -3.071714846133773 0
CAR 0.0 0 -1.2208827324622422 1597.0342209088328 -732.2913155542259 1859.0479710814236 -535.3285673727975 1.5153 1.9251 4.1636 -28.584856751897725 3.002 -7.8343 -3.141592653589793 0
