CAR 0.0 0 1.2152808596610474 -184103.32322542078 1761.0549718126053 -3813.7199818981426 60549.24777333697 1.7 1.7312 4.5344 7.681249995790547 17.673627226333714 -6.639 2.4432401952345764 0
CAR 0.0 0 1.9035399712175836 -145.42495021250048 440.2384222246433 165.79414124883988 776.5166708823557 1.7 1.6226 4.5676 16.577131483933965 4.218101856799551 -6.7663 1.8542281662993085 0
CAR 0.0 0 4.403684200956128 1462.9736497918846 322.12213167706136 1524.891893502603 399.7072781004091 1.5848 1.5393 4.034 46.75319838310456 15.339606478426193 -6.9916 3.069053712392528 0
CAR 0.0 0 3.278353873174039 1148.0964346858132 620.3734722779338 1395.254654088054 966.7551892809436 1.7 1.9869 4.3341 15.938876785639504 17.499864268751644 -6.6115 2.2551246243769314 0
CAR 0.0 0 2.630258939317068 926.1948498820161 289.98225236606686 1164.975031099774 497.87885662915835 1.7 1.9419 4.3933 17.94795055689555 -9.008211902330379 -6.2196 1.4169696632090807 0
CAR 0.0 0 4.391203052233829 1588.4520226689265 322.2963962248515 1676.4340077697705 402.5417326372014 1.6092 1.9505 4.2191 48.689889588414786 11.238184187937144 -6.9696 3.0382744574726663 0
PEDESTRIAN 0.0 0 2.8769948568714137 3508.7618240639154 887.0627702785663 3895.0570804640524 1105.7522557095392 1.7 0.4338 0.5002 -0.6081041576629301 -23.318940529955675 -6.6847 1.5691033539586565 0
CAR 0.0 0 -1.1652693214973429 467.45764369435506 366.69026913113436 624.2048387766424 461.94144204275204 1.538 1.8644 4.1936 30.61958192289314 39.805846374978394 -8.0185 -2.090382009642339 0
CAR 0.0 0 4.395136868329571 1617.4868252804988 291.24914728512715 1686.0022081399966 358.8867373845661 1.7 1.6327 4.26 57.23139076606518 9.889445123304426 -6.9467 3.018173924975409 0
CAR 0.0 0 4.92200339528249 3011.3229040513384 -1588.1196832062058 4299.068168102345 -873.3230810591294 1.4725 1.8602 4.2231 -6.31286105673192 25.599897652816622 -7.9832 3.0362626271209514 0
