CAR 0.0 0 2.686377796077774 1340.9501541912468 200.01005596316284 1538.1411939141092 312.1688888271496 1.5683 1.9824 4.1753 25.036900516457106 -23.006704990176466 -6.7242 1.2904051040461615 0
CAR 0.0 0 2.64686408059928 1379.8031847592154 208.03795658310918 1636.7906876502777 349.32478470837134 1.6094 1.8776 4.9449 21.338500484574908 -21.435100580983605 -6.2139 1.2570095736052027 0
CAR 0.0 0 -1.2996403351013455 220.75927061237996 422.24578385117945 433.4437201597142 543.2213419261255 1.5083 1.8983 4.1522 23.603503502938647 40.433400754025655 -8.1788 -1.9008039597235955 0
CAR 0.0 0 -1.1064257344083694 392.03909144102903 425.3773418503228 586.8664879529002 545.6942495974632 1.4958 1.977 4.1388 25.150402806479157 37.038000856561624 -8.1989 -1.900855273565694 0
CAR 0.0 0 -0.511069013181692 1520.9033934512665 244.15429464138433 3209.9987787013183 1120.845516038623 3.4934 3.115 10.3352 7.154525429489123 -15.265048457553092 -5.0918 -1.8170174465844746 0
CAR 0.0 0 -1.456312987932705 116.05774076790938 382.2683056931943 313.30469239897417 482.71985828579847 1.508 2.0028 4.001 25.689701832832192 46.62039670955877 -8.2196 -1.921975704819857 0
WHEELER 0.0 0 2.6060826477179604 1533.6389099424027 334.3588825937571 1689.5454797135772 471.60589057888353 1.6332 0.8894 1.834 15.211399686836781 -18.223001947678124 -6.5953 1.2795230550680976 0
CAR 0.0 0 2.6297930763177098 1394.251341755694 227.7277059718101 1658.4707879738028 383.7192064558401 1.654 1.8689 4.1757 18.577100311354098 -19.224299606731762 -5.8865 1.2547721101000144 0
CAR 0.0 0 2.7096223413417353 1685.2567554645452 171.2378915004497 1945.8920174050445 295.3161373154279 1.8284 1.8307 4.868 22.35949412117614 -32.093027671275095 -6.1655 1.2652991384422807 0
CAR 0.0 0 -0.25494632718453847 3394.247765230686 318.71269931144946 4271.392871775378 573.547020237526 2.3003 2.4332 5.4943 1.482196961426419 -53.92770828666378 -6.5644 -1.7115969380679334 0
PEDESTRIAN 0.0 0 2.742551672833417 407.0463641615434 138.45332178598295 447.1019038720772 221.04946129357526 2.0064 0.6591 0.733 39.82935212970432 -0.7665955042358499 -6.5861 1.5692703461305249 0
CAR 0.0 0 -0.5014846499660275 2112.7708413860923 473.7322367980752 2625.1003492265118 823.5398560171213 2.8092 3.0165 1.8689 6.150831034382961 -19.583842153027916 -6.4515 -1.8076810156497036 0
