CAR 0.0 0 -0.042957800469192176 1147.3265398472663 202.70894208143199 1269.7083354920649 277.64967018401444 3.0887 3.0353 7.0662 63.09877261694817 37.86493368817358 -5.5641 -1.418903573797595 0
CAR 0.0 0 -1.7128250286937559 1780.8715920505012 329.4926832019388 1898.2174109248417 422.3313410373226 1.661 1.8473 4.112 42.73438962852338 6.788487386406499 -5.6812 -3.0832454006018555 0
CAR 0.0 0 2.9485777504946444 1348.8428087765335 191.2512085554604 1511.5817948395706 305.4149360285023 1.7 1.937 4.0135 31.98317973468857 -28.473830919543115 -6.2264 1.5487642730096802 0
CAR 0.0 0 -1.2835394789769126 213.198581799114 428.3236113539483 446.65882389702176 557.8970628663436 1.7 1.9714 4.0628 12.793925962730771 31.345783735769146 -7.4038 -1.877003294840088 0
CAR 0.0 0 -1.105103670509569 391.40187705678454 439.838440041236 584.2069674788755 551.211026647237 1.4656 1.3758 3.7786 15.081386147426418 28.711301296217112 -7.4477 -1.8856458483840466 0
CAR 0.0 0 -1.1445393657840426 245.70548591524098 323.24190517825184 535.2363666344105 491.22967701007235 3.0074 3.0141 6.0193 16.836849145153508 35.948437246429364 -6.7457 -1.917786575270122 0
CAR 0.0 0 2.9458943198491125 1400.751823452365 229.39891368138638 1597.7077805425195 357.344536144127 1.5329 1.947 4.1625 27.870245553490037 -28.15033199555621 -6.1782 1.5674036341292166 0
CAR 0.0 0 -1.4374239859836284 123.72340026850294 395.52245970937525 332.6617780373929 495.3201165975107 1.5121 1.9339 4.1099 13.37081043385676 38.145926804622874 -7.6011 -1.9132188092271625 0
CAR 0.0 0 -1.6379662953963132 1765.0656066287172 270.851143962841 1906.6171344524619 391.42135534416883 3.3377 3.0755 3.0748 54.52644721058743 8.385507103583683 -5.9795 -3.031595390596638 0
PEDESTRIAN 0.0 0 2.915366780805584 624.1450974969638 127.76606440525467 666.5814763262379 202.4830333713622 1.8579 0.9295 0.9471 41.415625236375554 -9.189517181187878 -6.0836 1.594447662458931 0
CAR 0.0 0 -1.6160563602924571 113.72661058390788 -38.18211233204153 327.8464976497337 104.49809606710474 4.1862 3.2286 10.2919 60.4428048250899 8.838978634944368 -4.2942 -3.062835902477131 0
CAR 0.0 0 -1.4653439475533374 75.44157154546517 339.22871831888375 249.47871517277989 415.5390575137992 1.5206 1.9327 4.0484 15.364246297532993 47.76145851233046 -7.4583 -1.8734535741965284 0
CAR 0.0 0 -1.304065949315962 226.85251688346185 336.1863996801611 390.19807399455254 417.81271871214295 1.7 1.6238 4.0308 18.111842644321854 43.78273317729915 -7.2916 -1.9923975746503848 0
CAR 0.0 0 3.0248294915203378 2233.8846075336064 257.8720905079434 2581.200183686185 399.2839385717039 1.7 1.9624 4.2616 25.730599801458748 -46.99558359079647 -6.4566 1.58896339585535 0
WHEELER 0.0 0 2.912165659495339 1675.7113381864103 342.24300410473893 1814.5469214205802 475.5842370336174 1.7 0.8106 1.621 21.215818020568815 -29.36174272411475 -6.3809 1.5710430576065737 0
CAR 0.0 0 -1.6015981468738778 1600.195797100402 256.9052597818864 1703.2346625070345 332.84410861923044 2.3964 2.4699 4.5843 61.55262502865024 15.84341424479226 -6.1273 -2.996611774829779 0
