CAR 0.0 0 -0.042957022202389394 1147.329382676192 202.70862740416115 1269.7106050255338 277.6490135803247 3.0887 3.0353 7.0662 63.09911802628518 37.86497696555129 -5.5641 -1.418903573797595 0
CAR 0.0 0 -1.7128147071770612 1781.8107666323879 329.6328525202132 1899.1957199040892 422.5476492808819 1.661 1.8473 4.112 42.72313880246534 6.764745488562481 -5.6812 -3.0832454006018555 0
CAR 0.0 0 2.948576986750285 1348.8405796432576 191.25179552062505 1511.5796476233547 305.4158526800316 1.7 1.937 4.0135 31.983106942608554 -28.473744808228197 -6.2264 1.5487642730096802 0
CAR 0.0 0 -1.283548010272464 213.19254020245444 428.3241944005691 446.6537307912531 557.8980153576806 1.7 1.9714 4.0628 12.793815119440865 31.345813989847535 -7.4038 -1.877003294840088 0
CAR 0.0 0 -1.105102594639856 391.40258923956833 439.83804023666886 584.207389529257 551.2104347277318 1.4656 1.3758 3.7786 15.081415773947494 28.711326980745902 -7.4477 -1.8856458483840466 0
CAR 0.0 0 -1.144494717643981 245.74105052535236 323.2402151633626 535.2655596708746 491.22584081530243 3.0074 3.0141 6.0193 16.837587907847894 35.94814134857819 -6.7457 -1.917786575270122 0
CAR 0.0 0 2.9460058358724117 1401.5074948700344 229.38933588533789 1598.571467337113 357.32239091984934 1.5329 1.947 4.1625 27.871002878828406 -28.16842285289747 -6.1782 1.5674036341292166 0
CAR 0.0 0 -1.437718321131533 123.55582287538316 395.5355538022964 332.51644055463674 495.34041318766066 1.5121 1.9339 4.1099 13.367394180707928 38.14700510879277 -7.6011 -1.9132188092271625 0
CAR 0.0 0 -1.6381004911382633 1763.6404267178418 270.84334453929154 1905.1813352716417 391.4255782841261 3.3377 3.0755 3.0748 54.48916069342891 8.423007096333139 -5.9795 -3.031595390596638 0
PEDESTRIAN 0.0 0 2.9153687714677217 624.1481908619799 127.76554136636696 666.5843216266911 202.4823275480784 1.8579 0.9295 0.9471 41.41572275672198 -9.189590775813226 -6.0836 1.594447662458931 0
CAR 0.0 0 -1.6153071016142224 115.24550072143732 -38.17419318690778 329.01833829700223 104.47024661155858 4.1862 3.2286 10.2919 60.45219682711924 8.792165588815134 -4.2942 -3.062835902477131 0
CAR 0.0 0 -1.4653479611035327 75.43972372583943 339.2287224208842 249.47699169374587 415.5390727642975 1.5206 1.9327 4.0484 15.364208223330067 47.76149533475754 -7.4583 -1.8734535741965284 0
CAR 0.0 0 -1.3040723910401266 226.84862694512358 336.18684987270836 390.1947686855501 417.81339385467606 1.7 1.6238 4.0308 18.111727460176457 43.78272454395933 -7.2916 -1.9923975746503848 0
CAR 0.0 0 3.018868213095723 2135.2243478130426 257.12065662041425 2466.9201985322966 399.0924119252763 1.7 1.9624 4.2616 25.83930257140969 -44.646390693706756 -6.4566 1.58896339585535 0
WHEELER 0.0 0 2.9033535537274906 1624.0076245735763 344.7918071997489 1758.6316371187363 479.38789962876956 1.7 0.8106 1.621 21.108218513025957 -28.341766908714554 -6.3809 1.5710430576065737 0
CAR 0.0 0 -1.612131475497631 1572.607461232722 267.1929738035567 1684.3027998271602 350.2551804930568 2.3964 2.4699 4.5843 56.313166148938045 15.447953183089675 -6.1273 -2.996611774829779 0
