CAR 0.0 0 -0.06107649898169587 1151.1785869685818 202.28242043081906 1272.7841030246982 276.76010455561214 3.0887 3.0353 7.0662 63.56940199205422 37.923900246633465 -5.5641 -1.438074103094086 0
CAR 0.0 0 -1.6563233527739223 1774.0484488424652 330.0810272416181 1892.0377284151498 423.319261877539 1.661 1.8473 4.112 42.468736287828605 6.905117898024827 -5.6812 -3.0256472974037822 0
CAR 0.0 0 2.9601084034836083 1345.7964521182719 192.0533765575344 1508.6461110813766 306.6680125659063 1.7 1.937 4.0135 31.883999811480436 -28.356498923084892 -6.2264 1.5613408777075723 0
CAR 0.0 0 -1.204327638613135 204.9419034384245 429.1202534817506 439.7000744808369 559.198950609768 1.7 1.9714 4.0628 12.642899435494378 31.38699887096677 -7.4038 -1.7860664048787567 0
CAR 0.0 0 -1.0172578834558825 392.36820857153214 439.2949262438504 584.7791719334085 550.4064955191471 1.4656 1.3758 3.7786 15.121703077625828 28.74630085380107 -7.4477 -1.7992607011529442 0
CAR 0.0 0 -1.0295169926850036 228.66445754818275 324.45801713914057 521.785546377651 493.88839596004317 3.0074 3.0141 6.0193 16.454662080018952 36.016496661893605 -6.7457 -1.7806193478024308 0
CAR 0.0 0 2.9536876888760584 1404.3937786940126 228.8529676344723 1601.5208397902172 356.457267665397 1.5329 1.947 4.1625 27.922883299609264 -28.257987700338465 -6.1782 1.5742731399333625 0
CAR 0.0 0 -1.3661760438912047 100.5260832409723 398.61681058958834 313.4627500352544 500.03308378714337 1.5121 1.9339 4.1099 12.842995937136648 38.11809964433037 -7.6011 -1.800105966354912 0
CAR 0.0 0 -1.6222554865150902 1755.6259687240129 270.45472810490133 1896.7714509936604 390.78857172552546 3.3377 3.0755 3.0748 54.40790304798755 8.656004097064141 -5.9795 -3.0152364718177616 0
PEDESTRIAN 0.0 0 2.9839008808295127 628.3458691312204 127.0557860211771 670.4460124606035 201.5245285200169 1.8579 0.9295 0.9471 41.548500861014155 -9.289802450580527 -6.0836 1.6602932387710603 0
CAR 0.0 0 -1.5844188365638217 1751.1118380611883 195.44875737144417 1919.8112523986201 341.1078850678543 4.1862 3.2286 10.2919 60.369796489944356 9.387702755791588 -4.2942 -3.0134491712793317 0
CAR 0.0 0 -1.432862403801166 72.91018049073475 339.2342933398313 247.11765543410158 415.55988637482034 1.5206 1.9327 4.0484 15.312099999999997 47.811902455119906 -7.4583 -1.835460922297258 0
CAR 0.0 0 -1.165695954262183 221.1002572845785 336.8240770091302 385.29225275640505 418.77060393317373 1.7 1.6238 4.0308 17.94427885994819 43.77541054659996 -7.2916 -1.8444774247416449 0
CAR 0.0 0 -1.7589990118141339 1285.0522064501388 412.8108157231063 1465.889147385931 562.7661626187925 1.7878 1.7256 4.0012 24.175489879341963 12.040626366737541 -5.943 -2.991835734671374 0
CAR 0.0 0 -1.7041368116648299 1567.8533393243317 376.4788962160163 1710.1710122220395 482.4423200486424 1.5431 1.914 4.1258 34.574100233249354 9.771548733784885 -6.2228 -3.0202848208643336 0
