CAR 0.0 0 -0.01668057936203815 1146.556235844626 202.26547116039447 1268.37999998287 276.78866650367826 3.0887 3.0353 7.0662 63.37710044825766 38.086602379403466 -5.5641 -1.3929679825469414 0
CAR 0.0 0 3.0647135097977927 1552.2593907915202 145.8932216900857 2226.8765166469057 501.29775213825803 3.3784 3.4486 11.6024 24.919985597650584 -32.96795843567262 -5.4833 1.6575297392573527 0
CAR 0.0 0 -1.6999438812683973 1590.0195921287605 302.7266489450419 1735.916973907283 424.1988071167465 2.5061 2.2666 5.3185 42.988476119968155 11.203867685516164 -5.9066 -3.0575834777366406 0
CAR 0.0 0 3.03714866738781 1365.547139529793 171.19540840967557 1727.9810219668339 437.41388061469746 3.5225 3.6418 4.7722 24.590537293125667 -27.06018771070682 -5.4368 1.6574552326525247 0
CAR 0.0 0 -1.6969850421728099 1534.4291272134922 310.37363165912245 1642.0712780131746 385.78787066190165 1.7 1.9666 4.1398 47.07850064618161 14.34870064618161 -6.3811 -3.0529654951011866 0
CAR 0.0 0 -0.7650136039886043 396.06470747383395 308.31508398079563 837.287601609254 548.9791012171995 3.5244 2.84 10.3328 18.884186933117597 28.16087166110058 -6.2138 -1.7452594699376975 0
CAR 0.0 0 2.3623597746211895 46.142150504597865 403.4621467918842 376.00826041084485 682.9763073235479 1.7885 1.936 4.1812 17.52800438494048 -6.625434331322709 -6.3142 1.9630246212166982 0
CAR 0.0 0 2.9576906488876453 1802.157821063872 220.78675221350989 2378.5020698398907 524.9770920339685 3.0142 2.9998 6.4302 21.147584205967856 -34.445403267283666 -5.5653 1.5603140248623895 0
CAR 0.0 0 3.137155507443723 2407.3700967882096 281.8152983967193 2843.053206817321 450.29015473838433 1.7728 1.9945 4.2516 22.284648476016862 -47.07546180117478 -6.13 1.7040956439614177 0
CAR 0.0 0 1.348908919292839 -1014.3803373933379 427.47378005935263 -422.63967565821986 724.8973362655349 1.7553 1.5689 4.1046 17.416306512313394 3.6793685615723533 -6.4088 2.2342920685285934 0
WHEELER 0.0 0 -1.5989848536547047 811.7667571194709 175.75618652251333 837.0015250524318 241.91047914805338 1.455 0.6025 0.8913 36.49889385413722 -14.253099591724487 -6.2896 -2.9220305006185083 0
CAR 0.0 0 2.9076552606460537 1095.0564633506908 330.0756665769849 1288.4879092327028 536.354251372831 1.6332 1.7321 4.4876 20.71278356571223 -19.648413208280815 -6.3283 1.6842805443518494 0
CAR 0.0 0 -1.6713514146609498 1781.7748640593575 327.085685282583 1897.692582250364 418.49558471752334 1.661 1.8473 4.112 43.280977353841 6.854263216481656 -5.6812 -3.043391217708986 0
WHEELER 0.0 0 1.6798376670707502 508.3459465178299 132.36179114871874 546.2251132940912 198.27727424064324 1.52 0.5676 1.6613 42.2323 -5.7004 -6.2267 0.4118440051264233 0
