CAR 0.0 0 4.461406338961595 1561.5245572683125 327.14812203762347 1652.639488964934 413.9667346731749 1.7 2.0096 4.0382 46.2951 12.1536 -6.8888 3.11655435550722 0
CAR 0.0 0 -0.3304816039095446 1147.0123217535074 187.3324082266689 1234.242638416625 262.89941002822195 3.1128 3.0226 6.773 72.9264 30.9305 -5.828 -1.7158531596828857 0
CAR 0.0 0 -1.433331286739047 183.02963481708744 323.1225576654431 403.6399555374437 529.0810036438568 3.8081 2.9722 2.9156 23.802357205293102 41.51655250926774 -7.0351 -2.0473228625974484 0
CAR 0.0 0 -0.8910434992572716 1095.817467857959 589.559433003695 1395.3293733629496 1053.721804066321 2.7252 2.5328 6.0568 17.358512604219925 17.871850771003203 -7.5934 -1.8951827304590099 0
CAR 0.0 0 2.4388826115284097 671.8274114830386 241.68003922077418 997.8161606383081 468.23112137879593 3.6974 3.5688 12.6738 34.471536941340126 32.09861735876055 -5.9176 1.253608499433535 0
CAR 0.0 0 2.7166599763281503 1337.5922730376344 191.82155240160515 1549.9029948362977 314.4349497028686 1.7 1.967 4.5895 24.79526118074229 -22.852213800578493 -6.577 1.317956906484731 0
CAR 0.0 0 -0.34053039473745716 2468.165659737873 208.4422813812454 5317.628562020655 1027.3793532980683 4.6414 3.6368 14.786 3.3372233218325213 -38.03884929196694 -6.1579 -1.763346625374898 0
CAR 0.0 0 2.647728367997711 1766.5855935779396 181.49253830890066 2052.9115353863117 399.8012056664797 3.4115 2.7462 2.4608 16.746 -27.213399863033054 -5.8128 1.2258169406910011 0
CAR 0.0 0 2.6736791622293157 1463.3224305173178 275.6438936735956 1738.6310273624115 431.53048117316064 1.5441 1.9368 4.2225 17.8426 -20.5992 -6.7047 1.3186377821279618 0
CAR 0.0 0 -1.1458251463076232 276.3678408108657 247.9529883972602 733.9530768674942 480.35132589926343 3.8144 4.294 14.4415 32.9921 41.8438 -6.7673 -2.120489226164379 0
CAR 0.0 0 2.6281958022632033 1005.0162024392959 204.9295635300633 1167.9287577879713 333.1926879192823 1.7 1.7559 4.4079 26.497414774045634 -14.208498483922915 -6.7373 1.2983719001207306 0
CAR 0.0 0 2.979106347051717 2749.9951791107205 199.80440451960595 3403.816577319104 404.0271564767077 2.3829 2.6598 6.0028 8.608342038922787 -50.00785758398376 -5.6352 1.5041920817351715 0
CAR 0.0 0 -1.2660859000194216 548.9139809425299 492.17504940112934 763.1154676150005 659.5209732177354 1.7 2.0602 4.2454 22.43058563650818 30.514659553094354 -8.3962 -2.122798748936369 0
CAR 0.0 0 2.676432703981537 1566.249559769906 307.93285511098367 1934.9086101883381 512.17636324145 1.7 1.9879 4.7683 14.6432 -20.4419 -6.6494 1.333552304766139 0
CAR 0.0 0 2.6483532537986703 1883.398981764902 307.9786984134827 2260.0126150514184 482.00143166718715 1.5135 1.9357 4.3357 13.2682 -26.6938 -6.6523 1.2644279727318088 0
CAR 0.0 0 2.649239520519182 2196.6357041494757 270.09949437894767 2745.011541784661 490.9682955967961 2.0943 2.4031 5.4998 11.1554 -33.9905 -6.4152 1.2290361204144005 0
WHEELER 0.0 0 2.541081134213668 1159.5411582778734 398.3132541785643 1200.8642456350767 481.45890050931007 1.8147 0.6832 1.1965 34.947 22.8745 -7.757 1.3265631903688766 0
CAR 0.0 0 -0.41764178026084187 1846.5370485551446 506.01196058574646 2423.1248580210263 841.9384700281811 1.7 1.8668 4.13 7.3643 -17.6047 -6.915 -1.6850434461201005 0
CAR 0.0 0 2.8917466454787477 2528.5621094596927 265.50075298424696 2992.3234918149205 430.2431421472043 1.7 1.956 4.407 9.808521924723177 -41.150384042027 -6.175 1.4450837886021748 0
