CAR 0.0 0 2.9437258030574975 1307.8734517114665 193.2976928901891 1466.511720281953 308.9260436828271 1.7 1.937 4.0135 31.730370466492293 -27.310790826486315 -6.2264 1.5510382525586681 0
CAR 0.0 0 -1.228594083232601 214.73253070261921 434.0965397841354 452.17232753593714 566.954316766218 1.7 1.9714 4.0628 12.578426115178551 30.732910278862338 -7.4038 -1.8201623861801035 0
CAR 0.0 0 -1.0627010556683862 395.52709695616477 440.586672200446 588.3937868190712 552.2899836032132 1.4656 1.3758 3.7786 15.104731245639439 28.58024715081405 -7.4477 -1.8465701910156123 0
CAR 0.0 0 -1.0301476650321364 245.12521831846922 321.88044990651764 532.9611300313826 488.4984055459912 3.0074 3.0141 6.0193 16.9309785954481 36.20447914533839 -6.7457 -1.8040050303749324 0
CAR 0.0 0 2.8990681744183346 1260.1541024925057 236.5767965081305 1439.9553995377737 369.9422534823164 1.5329 1.947 4.1625 27.222015503742334 -24.673479958375125 -6.1782 1.5482138769844158 0
CAR 0.0 0 0.027790122873567302 2951.118356188052 167.85399178838247 5418.412334952839 817.9221836412156 4.1862 3.2286 10.2919 13.962038182916377 -51.06925659329198 -4.2942 -1.4315679485436985 0
CAR 0.0 0 2.920436885403341 1405.6988429356895 277.1602900178713 1635.186624036002 439.0096334822429 1.7 1.9624 4.2616 24.509735647595452 -26.96079079311859 -6.4566 1.5798550217274272 0
WHEELER 0.0 0 2.8807070256634066 1524.9601636016334 344.7098386017836 1649.7230205985823 479.96720035010395 1.7 0.8106 1.621 21.173119828534013 -26.568440385883076 -6.3809 1.5635222017560881 0
CAR 0.0 0 3.022768136400056 1778.157876147468 306.3357061486945 2111.7226874002254 497.7013836042911 1.752 1.7066 4.5021 21.486935187463846 -32.90550493848452 -6.3051 1.6546732152024497 0
CAR 0.0 0 3.0402614363651495 1728.8222959136967 277.80890299346396 2020.4608672089325 435.11821662059623 1.6356 1.9585 4.5139 24.62511435049914 -34.17154965393485 -6.5383 1.6564487319189027 0
CAR 0.0 0 0.01459077170460965 3460.6448540683937 339.8232201881734 4425.536511290436 669.1352574371134 3.3072 3.0001 3.4972 14.678073530847952 -56.66740449931649 -5.7424 -1.4301053464269944 0
CAR 0.0 0 1.784651923659134 1264.1821390402279 -329.4446114601707 1348.7648531380717 -267.63885184651855 1.7479 2.1574 4.4141 -67.4879 8.6671 -7.1261 -0.010319424834180245 0
CAR 0.0 0 3.0241367032642783 2206.674152554287 300.59946675853126 2605.4211759134905 465.20169284868484 1.5888 1.9932 4.2218 21.98095870636858 -42.29117168983192 -6.2836 1.6104035849024376 0
