CAR 0.0 0 4.317824921845216 1466.7516436175697 322.5483756903454 1528.8746027849002 400.29748847261163 1.5848 1.5393 4.034 46.72399936673918 15.227814813687939 -6.9916 2.9829474981030093 0
CAR 0.0 0 4.60711644902438 4042.8918870046473 -2788.9135187180727 8299.961327743331 -943.1738329142876 1.7 1.9419 4.3933 -0.8157812472570853 23.049962671786208 -6.2196 2.7596768429523926 0
CAR 0.0 0 4.337766178832984 1585.7179204047413 321.2826006708293 1672.9373683391245 401.0514476857899 1.6092 1.9505 4.2191 48.87493759882479 11.314563079819079 -6.9696 2.9845130209103035 0
CAR 0.0 0 -1.2296404509498775 547.9556445750086 389.3176029447027 707.671368682036 494.80632747714884 1.538 1.8644 4.1936 29.242811342341305 36.07667216540382 -8.0185 -2.190655599197284 0
CAR 0.0 0 -1.3148014621013893 363.5119613431285 414.06808606300353 548.3211675070514 527.1028325439124 1.5398 1.908 4.1045 26.267977739633814 39.083145340501275 -8.3962 -2.0890224003602347 0
PEDESTRIAN 0.0 0 -0.4100229163700895 3468.8911447832793 943.5582362813518 3872.757412146216 1172.3262976858568 1.7 0.4338 0.5002 -0.6522042666828595 -21.840952335401223 -6.7266 -1.7001904922863706 0
CAR 0.0 0 2.6551102359054735 978.7313362959003 149.27626768841844 1242.0905197479842 460.81737910225354 4.0512 3.03 2.5289 18.516608701792208 -10.38170437490103 -5.1666 1.3468468108151925 0
CAR 0.0 0 4.310042119986977 1502.3361156432886 311.10556892676925 1561.6846451835413 376.40460650238424 1.3936 1.6751 4.618 52.93 14.094701835077299 -7.3266 2.959475738275266 0
CAR 0.0 0 4.406670633183932 1610.5189765770222 300.7689603610695 1689.0574605730324 373.3145971192155 1.7 1.8675 4.4489 55.085 10.1373 -7.0682 3.0368570631059066 0
CAR 0.0 0 2.7088253908273052 1248.4125944895804 100.57053432146701 2165.848769353732 606.9798565756826 4.1978 3.0224 13.9821 16.53985451154016 -18.328797784931258 -5.1618 1.32551214874668 0
CAR 0.0 0 2.778208621364175 1986.4100002275386 180.3391634825865 2259.4687080426966 290.936402212435 1.7 2.0375 4.4489 20.34789886594244 -40.941352781797576 -6.3555 1.3170186509596595 0
CAR 0.0 0 2.8513915124331026 2790.133365837449 202.76634311982335 3111.059773106003 302.6160087666169 1.5686 1.4651 4.0018 12.335890965438491 -61.771838235064045 -6.3941 1.3655130147574221 0
