CAR 0.0 0 4.3178240843403595 1466.7387972417678 322.54692637001244 1528.8610596879532 400.2954813555571 1.5848 1.5393 4.034 46.724098520238 15.228194336027045 -6.9916 2.9829474981030093 0
CAR 0.0 0 4.3377650795589116 1585.727160247662 321.28602740707225 1672.9491792420497 401.05648294487844 1.6092 1.9505 4.2191 48.87430937557328 11.314303868457763 -6.9696 2.9845130209103035 0
CAR 0.0 0 -1.0642376840556071 603.3504569616425 416.01950787936363 770.0006813944347 534.6688126357503 1.538 1.8644 4.1936 27.404405067279413 33.06912802783491 -8.0185 -2.033575966517795 0
CAR 0.0 0 -1.3166760989876107 361.85532284964233 414.2275918915699 546.9428394326876 527.3564343788775 1.5398 1.908 4.1045 26.23750592623657 39.103161386582656 -8.3962 -2.0890224003602347 0
PEDESTRIAN 0.0 0 -0.41002785618734294 3468.798052291668 943.5495669261799 3872.650027802806 1172.3165077199335 1.7 0.4338 0.5002 -0.6519044667106211 -21.840408108421137 -6.7266 -1.7001904922863706 0
CAR 0.0 0 0.8572504064490192 -1201.787447475885 282.50452285098424 -251.75129508865558 860.5569369602781 4.0512 3.03 2.5289 15.550650250731124 8.61571846309343 -5.1666 1.7308219043398554 0
CAR 0.0 0 4.310042381186804 1502.3392654228023 311.105802298264 1561.6879177911578 376.4049138692135 1.3936 1.6751 4.618 52.93 14.094598982660575 -7.3266 2.959475738275266 0
CAR 0.0 0 4.406670641791784 1610.5158973627972 300.76838102707256 1689.053807551993 373.31376718369694 1.7 1.8675 4.4489 55.08510104420618 10.137401044206184 -7.0682 3.0368570631059066 0
CAR 0.0 0 2.3117055986955446 -67.42324798752462 130.58411925091417 534.995851498347 984.682019671471 4.1978 3.0224 13.9821 16.924866900692138 0.9780549711880777 -5.1618 1.7618995106464996 0
CAR 0.0 0 2.7185424629699115 1309.9591025716738 183.23989240848096 1518.471931449836 304.5554370317209 1.7 2.0375 4.4489 24.977194355974078 -22.080165354747876 -6.3555 1.317021307830867 0
CAR 0.0 0 2.701125800549982 1738.831784604727 218.75582365378781 1982.455266432251 339.91090604249314 1.5686 1.4651 4.0018 19.34354077538987 -29.71934256609525 -6.3941 1.2782995562828545 0
