CAR 0.0 0 -0.033841092595422895 1150.2990851138518 198.23658929032834 1269.1003097872635 266.17380391926105 2.7763 2.7552 7.2016 63.06828853326593 37.80569935996672 -5.1699 -1.416192480697106 0
CAR 0.0 0 -1.693262326859256 1484.7715625554167 330.37937814475566 1603.32275994984 415.0220779734392 1.7 1.9575 4.0881 41.899796849537 14.185714635925125 -6.4594 -3.02834391244896 0
CAR 0.0 0 -0.9036153499496522 683.1691497596538 466.60537601363313 811.7560647085655 548.0687682027324 0.9948 1.2858 2.4998 18.131893021130345 23.533917144087823 -7.372 -1.8795423812285856 0
PEDESTRIAN 0.0 0 -0.013568268293907115 3385.3306990802253 934.0569111392899 3871.829477573108 1170.71882981089 1.7 0.9483 0.6324 7.0434 -35.0259 -6.4597 -1.3017621272550564 0
CAR 0.0 0 2.251711799236945 -635.4211800504443 163.57250423380304 465.11084883517714 1057.338457093945 4.449 3.1064 14.302 17.609279503427743 -6.066790923201781 -5.4278 2.1653900333780105 0
CAR 0.0 0 -1.033093113169177 349.179178554135 415.6891049385281 558.6751185590613 528.2700726939868 1.5443 1.9623 4.0978 15.674667471878578 31.15235880937511 -7.4616 -1.8023740043592795 0
CAR 0.0 0 1.7663350231151496 -1699.2059353109657 434.9761373161707 -354.9571999940315 1139.1923399440268 4.1117 3.1104 3.5612 11.848776066113743 -0.4687805961602107 -5.5624 2.6419651216427327 0
PEDESTRIAN 0.0 0 -1.3842819964970083 1121.9910363515755 373.4149629407976 1163.5122980775561 444.91403136703184 1.7091 0.758 0.7219 30.570255049430166 21.372558652154172 -6.9127 -2.611545737766429 0
PEDESTRIAN 0.0 0 -1.6841394531670284 1153.8933448823896 373.4472695733842 1196.0279226385865 446.98563259858304 1.7376 0.7422 0.7187 30.677029986379885 20.420635118402277 -6.8157 -2.9193361529274826 0
CAR 0.0 0 3.0001160127197606 1684.111166134308 223.82435649243746 1916.5064932863618 345.5034468522456 1.543 1.9551 4.1131 28.44353656950165 -35.309378129803164 -6.1946 1.5853587630622612 0
CAR 0.0 0 2.9633828652880982 1303.7130325793737 202.7132291919007 1463.9208067019836 315.3565362318336 1.5805 1.9518 4.1417 31.60812984910192 -27.204123253030026 -6.3762 1.5767309329786068 0
PEDESTRIAN 0.0 0 2.968438684747575 994.5201707549145 130.99190240695899 1026.7497226372736 199.33736370187216 1.7 0.7538 0.7055 39.8625 -19.5621 -5.7976 1.5594767795872573 0
CAR 0.0 0 -1.656823859439737 1601.6163129060585 261.071744228055 1683.7243180610844 314.14035992260955 1.5918 1.9068 4.1122 61.29255484418698 16.180395585297642 -5.8654 -3.054821906780222 0
