CAR 0.0 0 -0.0610765014233583 1151.1785779857823 202.28242142113572 1272.784095844663 276.76010662064624 3.0887 3.0353 7.0662 63.56940089175196 37.92390011040657 -5.5641 -1.438074103094086 0
CAR 0.0 0 -1.657217387525305 1774.6614445369196 330.1532511125142 1892.6651659691636 423.4298264208393 1.661 1.8473 4.112 42.465656290631706 6.890296416787738 -5.6812 -3.02656068591045 0
CAR 0.0 0 2.9601084069034496 1345.7964733009187 192.0533757187339 1508.6461345015575 306.66801108599924 1.7 1.937 4.0135 31.883999915608378 -28.356499517914145 -6.2264 1.5613408777075723 0
CAR 0.0 0 -1.2043276299328123 204.9419066421258 429.1202470177586 439.70007278001856 559.1989404524902 1.7 1.9714 4.0628 12.64289974729654 31.38699949439619 -7.4038 -1.7860664048787567 0
CAR 0.0 0 -1.0172579614015778 392.3681443276839 439.29494209830744 584.7791223534168 550.4065191752037 1.4656 1.3758 3.7786 15.121701377712938 28.74630038220786 -7.4477 -1.7992607011529442 0
CAR 0.0 0 -1.0295208155895066 228.66198246991732 324.4587990970194 521.7843829216939 493.8900034566528 3.0074 3.0141 6.0193 16.454562327690276 36.016398048718 -6.7457 -1.7806193478024308 0
CAR 0.0 0 2.953690782377688 1404.3841379054018 228.8472768463802 1601.5057635594321 356.44847325075926 1.5329 1.947 4.1625 27.923444219243343 -28.257994485135825 -6.1782 1.5742731399333625 0
CAR 0.0 0 -1.3661758635778738 100.52618191642856 398.61679685833167 313.46283122201675 500.03306287024594 1.5121 1.9339 4.1099 12.842998181241086 38.118099840782904 -7.6011 -1.800105966354912 0
CAR 0.0 0 -1.6222554868403258 1755.6260325308692 270.45473745085303 1896.7715240321313 390.78858877704573 3.3377 3.0755 3.0748 54.40790136444523 8.656001834256095 -5.9795 -3.0152364718177616 0
PEDESTRIAN 0.0 0 2.9839008586415927 628.3458182758851 127.05578838761699 670.4459645908071 201.52453195119287 1.8579 0.9295 0.9471 41.548500385436824 -9.28980109701331 -6.0836 1.6602932387710603 0
CAR 0.0 0 -1.58441883209027 1751.1118960599565 195.44875750269878 1919.811304203683 341.107883642042 4.1862 3.2286 10.2919 60.369798428707924 9.387701233642405 -4.2942 -3.0134491712793317 0
CAR 0.0 0 -1.432862370769423 72.9101964107085 339.23429827259156 247.11767383881633 415.55989333910486 1.5206 1.9327 4.0484 15.312099999999997 47.81190110346752 -7.4583 -1.835460922297258 0
CAR 0.0 0 -1.1635178999907079 222.45546300025222 336.7535076076947 386.50232389689495 418.6606004063972 1.7 1.6238 4.0308 17.977369051171404 43.76170161835049 -7.2916 -1.8444774247416449 0
CAR 0.0 0 -2.1328349848789245 796.4927112825476 612.8146352322293 1155.0773704282856 944.828239929759 1.7878 1.7256 4.0012 10.206176471910176 10.60975509084682 -5.943 -3.03878652158698 0
CAR 0.0 0 -1.8463357665756608 1367.8682020946512 526.4806231455151 1611.7763810876124 738.544727268892 1.5431 1.914 4.1258 18.97590094284591 8.009649855660868 -6.2228 -3.0202848208643336 0
