CAR 0.0 0 -0.06107646309512216 1151.178718994171 202.28240587554288 1272.784208553982 276.76007420456966 3.0887 3.0353 7.0662 63.56941816385918 37.92390224884216 -5.5641 -1.438074103094086 0
CAR 0.0 0 -1.7085011423448173 1778.3100793498197 330.50768006397743 1896.3559125652828 423.9677582192084 1.661 1.8473 4.112 42.463525101269475 6.804872578730158 -5.6812 -3.078007174963612 0
CAR 0.0 0 2.960108353220126 1345.7961407841296 192.05338888589233 1508.645766860846 306.6680343169924 1.7 1.937 4.0135 31.88399828104939 -28.356490180521064 -6.2264 1.5613408777075723 0
CAR 0.0 0 -1.2043303734395983 204.93955427265823 429.119550760375 439.697430687066 559.1978637134421 1.7 1.9714 4.0628 12.642894852750233 31.387107098355024 -7.4038 -1.7860664048787567 0
CAR 0.0 0 -1.0172567378426636 392.3691528012647 439.2946932215274 584.7799006398445 550.4061478321315 1.4656 1.3758 3.7786 15.121728062269462 28.746307785090504 -7.4477 -1.7992607011529442 0
CAR 0.0 0 -1.0295209526325284 228.66121059923893 324.4578900514277 521.7825181747857 493.8881793103593 3.0074 3.0141 6.0193 16.45461622387911 36.016573754582254 -6.7457 -1.7806193478024308 0
CAR 0.0 0 2.9539270527936416 1403.652409228611 228.41362725754172 1600.360522619673 355.7783977998169 1.5329 1.947 4.1625 27.966242886054822 -28.25858122596846 -6.1782 1.5742731399333625 0
CAR 0.0 0 -1.3661786940689196 100.52463294712206 398.6170124062967 313.46155678355825 500.0333912156503 1.5121 1.9339 4.1099 12.842962954182028 38.11809675694922 -7.6011 -1.800105966354912 0
CAR 0.0 0 -1.622255319198164 1755.6286359169399 270.4548637319654 1896.7742558204336 390.7887957597639 3.3377 3.0755 3.0748 54.40792779202311 8.655926011584697 -5.9795 -3.0152364718177616 0
PEDESTRIAN 0.0 0 2.9839012069383055 628.3466165825415 127.0557512401945 670.4467160316765 201.52447808997013 1.8579 0.9295 0.9471 41.548507850860574 -9.289822344773192 -6.0836 1.6602932387710603 0
CAR 0.0 0 -1.5844189023143485 1751.1109856182093 195.44875544231598 1919.8104909882961 341.1079060238781 4.1862 3.2286 10.2919 60.36976799476845 9.387725127734972 -4.2942 -3.0134491712793317 0
CAR 0.0 0 -1.4328598961986454 72.9113890572068 339.2346678108004 247.11905262981543 415.56041506921775 1.5206 1.9327 4.0484 15.312099999999997 47.81179984444498 -7.4583 -1.835460922297258 0
CAR 0.0 0 -1.171733238503979 217.36580859946014 337.01972606627896 381.95887739254766 419.0754902349066 1.7 1.6238 4.0308 17.853138133148413 43.81289648922725 -7.2916 -1.8444774247416449 0
CAR 0.0 0 -1.69928448520013 1314.163985486117 350.167310397742 1555.642643534449 562.6833927888398 3.0787 2.5188 6.5832 28.851894728225524 12.556828738925839 -6.1665 -2.96775302699739 0
