CAR 0.0 0 -0.10101769060732413 1149.5381754493046 202.4560785193736 1271.463342396091 277.12315969594863 3.0887 3.0353 7.0662 63.37400103008383 37.902242886629104 -5.5641 -1.477576390199944 0
CAR 0.0 0 -4.223723247900632 -4599.433144165 634.240015540643 -1463.654212132041 1610.752579663468 2.5061 2.2666 5.3185 10.067351025119457 7.258174144687407 -5.9066 -3.0306989853775987 0
WHEELER 0.0 0 -2.225117736868685 1847.0154764261392 2128.0270695574573 2472.5940708021562 2721.2527519287196 1.455 0.6025 0.8913 2.4701429059665614 -18.050854662094608 -6.2896 -2.9424028968686495 0
CAR 0.0 0 -1.6803949456940783 1777.846992694781 330.1782416623752 1895.7231801370472 423.44603735126276 1.661 1.8473 4.112 42.524882127737335 6.825543235856787 -5.6812 -3.0500607807103046 0
CAR 0.0 0 3.0081773599504062 1349.834563743496 191.91042082341664 1513.1209857494227 306.4117887234139 1.7 1.937 4.0135 31.901777859759417 -28.469199431248928 -6.2264 1.6087736008161464 0
CAR 0.0 0 -1.2800037197950833 209.1582739502949 429.2430235403314 443.6312653172892 559.3643860824376 1.7 1.9714 4.0628 12.697981690793275 31.311030159960886 -7.4038 -1.8673876289855698 0
CAR 0.0 0 -1.0828236513653837 380.5483210248089 442.2345986721746 575.6788424962624 554.7965566732804 1.4656 1.3758 3.7786 14.810826239659523 28.658097594619278 -7.4477 -1.8503676822190267 0
CAR 0.0 0 -1.0971852014487578 236.85898181495008 324.11655063233735 528.5669879016106 493.0996996575313 3.0074 3.0141 6.0193 16.61958373222835 35.940330720759164 -6.7457 -1.8587980939027253 0
CAR 0.0 0 -1.37231460436579 1075.9031884958954 -239.2109891540953 1128.2633621663163 -204.67312979714285 1.6185 2.5772 5.2097 -104.66474879288019 6.785534492081628 -6.6119 -3.141592653589793 0
CAR 0.0 0 2.970869822211017 1398.1452324627198 230.21325153168362 1595.2719707154442 358.64185615134693 1.5329 1.947 4.1625 27.791422797136892 -28.05649804847907 -6.1782 1.5933728930092512 0
CAR 0.0 0 -1.835717819990248 1442.066223136082 504.75212762274083 1654.757280290029 687.5832670646316 1.5654 1.9196 4.1235 22.205704635824024 8.094524866241507 -6.5847 -3.042597375258589 0
CAR 0.0 0 -1.722193602623826 1387.2393849179807 367.061232824047 1544.4657890563892 485.1507204842653 1.7 1.8085 4.5388 30.89031255684984 12.676095268144275 -5.9788 -3.012181942750872 0
CAR 0.0 0 -1.3963844719014573 118.00875957563625 396.205554135397 327.8729076086444 496.36274695525856 1.5121 1.9339 4.1099 13.243339140686585 38.1499994280808 -7.6011 -1.8619935011827247 0
CAR 0.0 0 -1.6967003849859021 1558.9629350245089 386.48270872051046 1711.832507250635 499.91233942499895 1.5404 1.9796 4.1381 32.78344426745602 9.422252255191012 -6.1749 -3.0046735330137135 0
CAR 0.0 0 -1.601283332660252 1520.8418586638138 308.57043510909716 1626.7616500383933 375.5514596169821 1.4297 1.9111 4.1493 46.381565243963145 14.64829528353101 -6.1459 -2.958895519046368 0
CAR 0.0 0 4.960258573177558 1107.8076381343126 -351.12396164750794 1173.6909997566975 -293.706970452267 1.5642 1.972 4.1857 -69.26356534944603 1.344482245806482 -7.9971 3.1144344235112906 0
CAR 0.0 0 -1.5958898897057943 1615.2533715168522 294.667331011868 1763.1657733197278 394.8149554127603 2.0202 2.5494 5.842 46.013932603142315 11.166262857441838 -5.7294 -2.967103170777797 0
CAR 0.0 0 1.1982632243265339 278.0278414067872 123.35986093700993 396.9738988890452 200.75701568897824 1.534 1.968 4.0552 44.888070055405976 0.43229610756678105 -6.5733 0.07008840815225842 0
CAR 0.0 0 -1.9020207279523695 1110.5193088785734 539.590420344083 1366.3180383510883 745.7307430349371 1.5231 1.9803 4.185 17.258922976591606 11.171207019924632 -6.7201 -2.9987256717045128 0
CAR 0.0 0 0.8394741061353796 160.3503129589346 199.1869681391221 335.66710817193825 320.0020006528991 1.7 1.9759 4.002 32.91194269455236 -1.3098637434753866 -6.5901 0.06375231354408799 0
CAR 0.0 0 -1.5944487091451494 1671.0502490646427 221.50837752478935 1802.9278846253592 321.97476692532155 3.123 2.9994 5.9995 61.51124977380387 12.876018399614644 -4.9167 -3.011582061012967 0
CAR 0.0 0 -1.6030608830719346 1784.732207691492 237.7208014271708 1894.2478095340673 328.57499337942767 3.3377 3.0755 3.0748 71.11615932156161 10.39650483778423 -5.9795 -3.0219017413592746 0
PEDESTRIAN 0.0 0 3.010326779789931 619.2866647163946 127.4767613197969 661.9195985202368 202.134987278471 1.8579 0.9295 0.9471 41.464104493908074 -9.0493 -6.0836 1.6907205764568618 0
CAR 0.0 0 -1.6437617978497574 1777.0081507065975 180.36443943811943 1908.7564591067355 290.39153615907276 4.1862 3.2286 10.2919 77.54848972433206 11.340325438627836 -4.2942 -3.0895712949356837 0
