CAR 0.0 0 -0.016680580246000387 1146.5562238006733 202.265470185252 1268.379987251857 276.78866474970346 3.0887 3.0353 7.0662 63.37710060593234 38.08660321635884 -5.5641 -1.3929679825469414 0
CAR 0.0 0 3.0692926863479517 1590.609034313688 145.72518998717817 2283.697013528983 498.8923149264458 3.3784 3.4486 11.6024 24.962358168737403 -33.94196203465665 -5.4833 1.657529739257353 0
CAR 0.0 0 -1.699944034622801 1590.0173492598135 302.72648126585807 1735.9147146776263 424.1985213562045 2.5061 2.2666 5.3185 42.988467720164934 11.203926668910622 -5.9066 -3.0575834777366406 0
CAR 0.0 0 3.0436081700391187 1411.735942659225 171.0795713917664 1784.3227665464512 436.0043579496099 3.5225 3.6418 4.7722 24.611977794996122 -28.05847542906496 -5.4368 1.6574552326525247 0
CAR 0.0 0 -1.6969850418494807 1534.4291222927966 310.3736302899659 1642.0712724941006 385.78786863010527 1.7 1.9666 4.1398 47.078500873476045 14.348700873476046 -6.3811 -3.0529654951011866 0
CAR 0.0 0 -0.7718798765927823 379.4394557024412 304.2863702757879 815.8689676093229 538.2047059702151 3.5244 2.84 10.3328 19.003944391093082 29.098894528262168 -6.2138 -1.7452594699376975 0
CAR 0.0 0 2.5807256216723733 271.9560034031612 381.39411950550704 532.3761963229499 640.4546728441443 1.7885 1.936 4.1812 18.371723328381794 -8.676222052102872 -6.3142 1.893201744123348 0
CAR 0.0 0 2.9646794564607433 1866.1972081322315 219.62754168382637 2459.78113857712 520.4249309836154 3.0142 2.9998 6.4302 21.234586166756234 -35.842976297813436 -5.5653 1.5603140248623895 0
CAR 0.0 0 3.1384391556371702 2424.9494981043235 281.2347842660428 2862.7649359051643 449.11426324747003 1.7728 1.9945 4.2516 22.3185643904497 -47.51652052611325 -6.13 1.7040956439614177 0
CAR 0.0 0 1.5311915867309012 -706.9723018086829 400.23459340657513 -222.46042745366125 672.3543969432147 1.7553 1.5689 4.1046 18.37163439369325 1.7617041551678603 -6.4088 2.231772326028287 0
WHEELER 0.0 0 -1.5989848751584783 811.7667517780555 175.75620236422492 837.0015211352752 241.9104987748392 1.455 0.6025 0.8913 36.49889169232899 -14.253099448113508 -6.2896 -2.9220305006185083 0
CAR 0.0 0 2.9439212834629522 1214.5430820744575 326.5995245572395 1434.2678822152263 528.8687553712894 1.6332 1.7321 4.4876 20.847138109546105 -21.820067759113574 -6.3283 1.6842805443518494 0
CAR 0.0 0 -1.6697095181486687 1780.8667314487132 324.34401419403827 1895.2442029486272 414.15187404962825 1.661 1.8473 4.112 43.878676420083444 6.971078435711954 -5.6812 -3.043391217708986 0
WHEELER 0.0 0 2.002075934432532 543.3549261007313 147.0858392589038 581.2805072173228 217.24098799073656 1.52 0.5676 1.6613 39.6727 -7.1156 -6.2184 0.7434864056566456 0
