CAR 0.0 0 4.486586176476944 1555.1987098721108 325.6382507958322 1644.9015512868841 411.7439884565334 1.7 2.0096 4.0382 46.50802803470353 12.338282417756554 -6.8888 3.141592653589793 0
CAR 0.0 0 -0.1892252965908816 1136.4551538204946 186.7148824970893 1223.93320082524 261.9279924384253 3.1128 3.0226 6.773 72.99626763625794 31.517118336267757 -5.828 -1.5736332775196553 0
CAR 0.0 0 2.6408670300191384 987.3202759311844 186.4892629764017 1203.7333998108681 428.70159920532626 3.4115 2.7462 2.4608 20.513723050320845 -11.253544009111105 -5.8128 1.3401917289466796 0
CAR 0.0 0 4.820359078559851 3829.2889399857986 -1762.6234399500886 6083.724145571834 -827.0418113824242 1.5441 1.9368 4.2225 -2.1485664144864325 27.77698212037742 -6.7047 3.0033763290108344 0
CAR 0.0 0 -0.7967670387898831 631.3563915700045 324.11244591165615 1141.8727839155758 758.5217861979675 3.8144 4.294 14.4415 25.023237752524985 25.591165786939968 -6.7673 -1.8563860098311233 0
CAR 0.0 0 1.3116066408995328 -17605.264061029655 1300.0480658561198 -2717.4124737472857 6041.018728686378 1.7 1.9879 4.7683 9.012280153210527 16.93198653301913 -6.6494 2.48849691086868 0
CAR 0.0 0 2.601595530105147 989.3767362152533 286.2089787968034 1312.8658149227074 550.5292987695964 2.0943 2.4031 5.4998 17.16478844756566 -10.335271640226912 -6.4152 1.3753151001858517 0
CAR 0.0 0 2.767010353286329 1808.3539871538273 283.3189698882016 2197.5920655602113 473.43445681708624 1.7 1.956 4.407 13.401490659322354 -24.68631091014105 -6.175 1.3810129061597534 0
CAR 0.0 0 2.700189193620062 1180.5309253206694 120.14605161854175 1716.2744192962323 501.57593658948423 4.1983 3.0119 9.4432 19.158827660922878 -16.877600692308107 -5.5448 1.3294501386490067 0
WHEELER 0.0 0 4.209963186144899 806.1423578948846 165.54149088202388 855.2013317943728 245.41820938985632 1.7142 0.8998 1.2689 33.561008520738724 -10.444717704196487 -6.5743 2.88090798914154 0
CAR 0.0 0 -1.7782716348626655 1706.8607402157927 345.8402849971894 1821.5006976152545 435.0360760821669 1.5535 1.9759 4.0961 45.293450262764225 8.067509146583674 -6.8684 -3.131880613887544 0
CAR 0.0 0 1.1285762561136041 -762.4694627995913 504.74722076308603 -221.23380623194697 857.131740104172 1.458 1.9719 4.1782 16.856895833096832 8.640104009421192 -6.9509 1.7310755217937903 0
CAR 0.0 0 2.8219750098257874 2247.44189456535 214.96988872827757 2818.7481188704114 452.0234176444856 2.613 2.2684 5.5662 11.31589853718754 -35.70346431598726 -5.7562 1.3794834946982695 0
CAR 0.0 0 2.7753674359814 1874.4928442388825 246.77472978101812 2197.137845643489 394.89842211868256 1.651 1.9856 4.1758 15.854133702191985 -29.87573326136745 -6.3514 1.3595214195559684 0
CAR 0.0 0 1.3637479018973118 414.0939880824891 50.70924671864147 466.17399993498617 97.01009105711071 1.56 1.9152 4.172 70.93057413210259 -2.253781666161518 -7.1881 -0.04190840405596502 0
CAR 0.0 0 2.8288032417041196 2186.6838249303546 242.36053985498424 2531.1947576459183 377.06965412454736 1.5628 1.9342 4.1602 14.20122359563813 -37.76578787317985 -6.3567 1.3875062325942802 0
CAR 0.0 0 -1.4277995589570835 227.17338092666205 444.6003727239133 435.82418753874816 566.8794307331667 1.5269 1.9408 4.1155 23.866525599920195 40.70028578215464 -8.831 -2.013284002215193 0
CAR 0.0 0 1.2175840907351194 517.4094334154403 -8.399565232114437 561.7857773787612 25.821236201850905 1.5777 1.9548 4.1609 89.05413846269252 -8.954189760207345 -5.6064 -0.33771358048320094 0
CAR 0.0 0 -1.0960395004110919 476.8178598376767 369.3881820776764 633.9890527421325 466.8467115021578 1.585 1.9239 4.1682 30.67377038372795 39.5297670453931 -8.1024 -2.0251795724592183 0
