CAR 0.0 0 2.7045374591852385 1327.0721161362146 200.51266930735076 1523.253782996456 313.11128738108096 1.5683 1.9824 4.1753 25.0811139926556 -22.61108553630373 -6.7242 1.310780564343317 0
CAR 0.0 0 4.311745260255125 1704.868114394082 328.84486088371375 1849.64664520697 447.9376912238761 1.9963 2.2756 5.9988 45.15337644193847 7.862882748179072 -6.704 2.9549434400728405 0
CAR 0.0 0 2.698551030674055 1378.8412459123008 207.98414580699222 1635.636716627045 349.2463905371734 1.6094 1.8776 4.9449 21.3496542296366 -21.416951182006432 -6.2139 1.3087788871307455 0
PEDESTRIAN 0.0 0 3.124302720763417 635.6122177582977 127.09264852604954 672.5039908490515 194.29025442616853 1.7016 0.7772 0.6957 39.77470172177587 -6.9954400899589375 -6.3348 1.7939184524963823 0
CAR 0.0 0 -1.1013560088554506 197.230729756153 429.7204712233594 417.39854507649073 554.8457429015247 1.5083 1.8983 4.1522 22.8689 40.2448 -8.1788 -1.665276828536639 0
CAR 0.0 0 1.2727049699946702 400.1149679887447 42.34833211952447 452.4840790013747 90.6117266176286 1.7 1.9602 4.1068 72.37379353305255 -1.7121110536257214 -7.0007 -0.14463527124728018 0
CAR 0.0 0 1.756623851750784 -11677.223214495663 934.6644512564519 -2262.1296767955128 3343.7765381667436 2.4175 2.2088 5.2336 11.02536122609664 17.920982200721202 -6.4546 2.9686575942845708 0
CAR 0.0 0 1.7481940268048357 -26999.499336077097 1657.9656749224964 -4385.438233800939 7735.019425623602 1.7 1.618 4.0482 10.047835284425396 21.740027188735876 -7.0709 2.9963607527627105 0
CAR 0.0 0 4.091623725799874 1147.8692498285036 518.999054177993 1319.7765580905293 732.4760760264229 1.7 1.8869 4.632 22.690183391028537 19.131411560126658 -7.4704 2.9848405164716985 0
CAR 0.0 0 4.267138668347868 1520.2540151022433 420.6294554949842 1624.291059054892 539.6890729955346 1.5434 1.7657 3.6986 33.73776513169865 13.622436289879435 -7.228 2.9918583113847093 0
CAR 0.0 0 4.931152471116683 2278.7554849715443 -1265.954140179094 3127.426355081722 -727.0116116325328 1.6266 1.8999 4.4696 -10.374558423463316 22.30396557886236 -7.7168 3.0155654836300347 0
CAR 0.0 0 0.4935084935968216 138.20440324063236 233.98103343648293 286.16711006390324 378.3223761536456 1.7 1.9052 4.146 30.236616048395057 3.628861698633564 -7.0868 -0.12958560023556065 0
