CAR 0.0 0 2.686388252848934 1341.0003844941364 200.0051197259197 1538.1926167841427 312.16062700623576 1.5683 1.9824 4.1753 25.037075266169126 -23.008393478708918 -6.7242 1.2904051040461615 0
CAR 0.0 0 2.64686594538187 1379.8055614976247 208.036015947907 1636.7913917735116 349.32141252947883 1.6094 1.8776 4.9449 21.338664446546773 -21.43529716404288 -6.2139 1.2570095736052027 0
PEDESTRIAN 0.0 0 2.8967514664091736 629.5111641200732 127.52960326869373 666.5892933117278 194.90279473948277 1.7016 0.7772 0.6957 39.73157644675992 -6.8145308197633225 -6.3348 1.5692703461305249 0
CAR 0.0 0 -1.2995800059031926 220.797904223653 422.23421942722115 433.47058832956697 543.2033898626596 1.5083 1.8983 4.1522 23.604688765979216 40.433655888024035 -8.1788 -1.9008039597235955 0
CAR 0.0 0 -1.1063946889432952 392.06142381756626 425.367650755811 586.8807398580739 545.6793067316763 1.4958 1.977 4.1388 25.151352413752587 37.03829068488637 -8.1989 -1.900855273565694 0
CAR 0.0 0 -3.873692136013047 -521.5026460064073 72.30264766259117 0.11656506426570136 398.766167062513 3.4934 3.115 10.3352 31.18896588560011 10.132349688263078 -5.0918 -3.0736016069725527 0
CAR 0.0 0 -1.456217712389853 116.11192235955181 382.26824604518254 313.3529482776704 482.7192921057754 1.508 2.0028 4.001 25.690321994495392 46.61928334767458 -8.2196 -1.921975704819857 0
CAR 0.0 0 -3.8123296832310016 -427.22558115222375 203.58976047686832 -126.86865252844059 402.30485243432855 2.4532 2.2469 1.9737 26.601498303898378 9.800225128784819 -5.6178 -3.0817580900970687 0
WHEELER 0.0 0 2.606089062619136 1533.6728119590612 334.35713713118724 1689.5816996895744 471.60313721126056 1.6332 0.8894 1.834 15.211293724150925 -18.22366096889721 -6.5953 1.2795230550680976 0
CAR 0.0 0 2.6297924245903754 1394.242553588672 227.72698821111626 1658.4600799385223 383.71810125156605 1.654 1.8689 4.1757 18.577205661901665 -19.22416653951243 -5.8865 1.2547721101000144 0
