CAR 0.0 0 -0.061278459983830746 1151.2897500779814 202.57034394030305 1273.2774567952083 277.32421241418433 3.0887 3.0353 7.0662 63.370548195542625 37.7932156556988 -5.5641 -1.437993474107063 0
CAR 0.0 0 -1.6723355756195961 1597.4353693808318 302.9857048582768 1743.1468058774917 424.59698469980907 2.5061 2.2666 5.3185 43.08875693632828 11.028825364450299 -5.9066 -3.0306989853775987 0
CAR 0.0 0 -1.7079940615972273 1526.4599048165724 312.8187232476538 1635.7862559994658 389.52871389471164 1.7 1.9666 4.1398 46.26615478619148 14.34749139667448 -6.3811 -3.0611965285073874 0
CAR 0.0 0 1.574798068291817 410.0872704432706 -13.29822121553026 513.3506800753795 72.56102787652762 3.5244 2.84 10.3328 84.97492513094015 5.645359292560713 -6.2138 0.06357411080289209 0
WHEELER 0.0 0 -1.6544507678209421 880.4594107317952 219.72220433636807 909.8508813766589 296.04032359927095 1.455 0.6025 0.8913 31.294701406147574 -15.780431652450144 -6.2896 -2.945145701233959 0
CAR 0.0 0 -1.6559933345943267 1779.425900197234 330.78692942178066 1897.5832034240182 424.4047586540865 1.661 1.8473 4.112 42.426280786036905 6.772935567527999 -5.6812 -3.025440707670676 0
CAR 0.0 0 3.0130189007545694 1337.95269692486 191.65139949817996 1499.5240384238693 306.12806025173217 1.7 1.937 4.0135 31.933208663408767 -28.168961663730396 -6.2264 1.6149400059223493 0
CAR 0.0 0 -1.203455178841749 210.09834055091943 429.24297704740394 444.4881637909064 559.3582713116277 1.7 1.9714 4.0628 12.711394311304185 31.296936127162873 -7.4038 -1.7921101297431838 0
CAR 0.0 0 -1.0294885403794884 393.12434159008825 438.13017363529553 584.8068204840334 548.690330381056 1.4656 1.3758 3.7786 15.189455523673367 28.84183679775632 -7.4477 -1.8133342874298124 0
CAR 0.0 0 1.4118324020732174 376.57570430869254 45.063206710440326 449.02767185245557 97.51531162524812 1.7 1.8295 4.0434 66.81724788801033 3.869023625643703 -6.4708 0.01034436952556616 0
CAR 0.0 0 -1.0794492503558484 248.6589476668563 323.3175016491872 537.940304489316 491.34585035425187 3.0074 3.0141 6.0193 16.881769415863694 35.8850575106573 -6.7457 -1.856183739184718 0
CAR 0.0 0 4.994244327831675 1207.4479676050073 -419.1529789592096 1299.5858109326189 -342.5746644026493 1.5029 1.9094 4.1841 -54.62447835729227 2.112168543638549 -7.9847 3.129067075297349 0
CAR 0.0 0 -1.2643642894476836 1396.595511292666 -550.9566870525534 1574.8274816398764 -394.40780226861955 2.0674 2.0854 4.1222 -36.77458034996529 2.4462893108572525 -7.0917 -3.141592653589793 0
