CAR 0.0 0 -0.03384110945637664 1150.2990148483975 198.23659523434375 1269.1002517599895 266.1738162609207 2.7763 2.7552 7.2016 63.068281050383874 37.805698942298214 -5.1699 -1.416192480697106 0
CAR 0.0 0 -1.6932623577354833 1484.7712171555233 330.37935084728053 1603.3224123175485 415.0220386529429 1.7 1.9575 4.0881 41.89979479362963 14.185724186935957 -6.4594 -3.02834391244896 0
CAR 0.0 0 -0.9032369450614975 632.1453405821035 450.21664137479695 757.4847862772534 526.6341013859824 0.9948 1.2858 2.4998 18.305791218059035 25.52148702088491 -7.372 -1.8627001717581149 0
PEDESTRIAN 0.0 0 -0.013568268293907115 3385.3306990802253 934.0569111392899 3871.829477573108 1170.71882981089 1.7 0.9483 0.6324 7.0434 -35.0259 -6.4597 -1.3017621272550564 0
CAR 0.0 0 2.4638353962405803 -304.1619353611492 150.8035384077488 543.1376730024281 945.1546541199378 4.449 3.1064 14.302 18.823372882796697 -7.232515767889051 -5.4278 2.043213774238733 0
CAR 0.0 0 -1.0338486045037527 348.57971602475703 415.81617796355386 558.2100022560687 528.4666301844463 1.5443 1.9623 4.0978 15.658605485359328 31.148371437321508 -7.4616 -1.8023740043592795 0
CAR 0.0 0 1.8471528623284832 -1145.6976595914207 353.3686187527448 -175.00741283458294 928.0857066048001 4.1117 3.1104 3.5612 14.111235143155124 -0.7765190977766689 -5.5624 2.6071641609321183 0
PEDESTRIAN 0.0 0 -1.384531190003984 1121.600205594153 373.5766117850965 1163.1423876962076 445.1233440284183 1.7091 0.758 0.7219 30.542793554084977 21.367519340854454 -6.9127 -2.611545737766429 0
PEDESTRIAN 0.0 0 -1.6842404653533203 1154.138780534804 373.64447214555037 1196.3083521949916 447.23926836332737 1.7376 0.7422 0.7187 30.657585735032427 20.400740773096217 -6.8157 -2.9193361529274826 0
CAR 0.0 0 3.0236695191020213 1741.767887468434 222.4434529714114 1980.962398501889 342.83386388174904 1.543 1.9551 4.1131 28.5749736994444 -36.841827842092634 -6.1946 1.6028120555822047 0
CAR 0.0 0 3.0365224757077964 1326.3238310585912 202.50581427725936 1489.4448302276328 314.8393863196426 1.5805 1.9518 4.1417 31.631579532234557 -27.800595170311972 -6.3762 1.6465414777258498 0
PEDESTRIAN 0.0 0 2.9696626228493472 1008.1087656651466 131.8885940479589 1040.9391829139322 200.40489405633372 1.7 0.7538 0.7055 39.7152 -19.9385 -5.7976 1.5594767795872573 0
