CAR 0.0 0 -0.035366409000181065 1147.8893622705991 202.70767106827145 1270.2399942136458 277.6396330331427 3.0887 3.0353 7.0662 63.12437876615455 37.84667984286517 -5.5641 -1.4114024759719594 0
CAR 0.0 0 1.2131896905492845 -1939.3460779991096 232.16269403381713 -102.83144590249374 1020.2132611313601 3.3784 3.4486 11.6024 16.83814923504541 2.3210778269738412 -5.4833 2.1855604715808115 0
CAR 0.0 0 -1.7069873271929186 1600.225685870376 302.09204925789135 1745.06469406979 422.91279276723276 2.5061 2.2666 5.3185 43.37193220436599 11.028485377150556 -5.9066 -3.0663557118638796 0
CAR 0.0 0 3.3937610201155657 1119.599252793243 487.97273825060574 1664.425371565833 1054.3436669519767 3.5225 3.6418 4.7722 12.93241840960344 7.174157742268716 -5.4368 2.3067457888219085 0
CAR 0.0 0 -1.7477879891348154 1532.528454716925 312.5781405503584 1641.4939259203943 389.12601754661443 1.7 1.9666 4.1398 46.474849280520516 14.221489311901907 -6.3811 -3.1019631316146827 0
CAR 0.0 0 0.6464464788631298 111.1497459225079 113.93404400226609 432.9579141710586 376.0975255651006 3.5244 2.84 10.3328 33.959413764784884 -2.0634059930955413 -6.2138 -0.2430932827245528 0
WHEELER 0.0 0 -1.147010488652267 809.1223130248845 174.4275402448335 834.2414479266569 240.2796951622641 1.455 0.6025 0.8913 36.680415247621525 -14.184994277388824 -6.2896 -2.470962799178619 0
CAR 0.0 0 -1.7229860558219456 1783.5600385777066 329.8041957519361 1900.9660423316013 422.80764743754224 1.661 1.8473 4.112 42.72163243442558 6.72367249755846 -5.6812 -3.093492692234448 0
WHEELER 0.0 0 -1.7221253546661144 1511.2708540586307 342.4385264524657 1563.0218745007614 411.59224889277255 1.7 0.7138 1.6517 41.13879434390336 14.168510124041683 -6.5238 -3.0527780599336807 0
CAR 0.0 0 2.9524459448236433 1347.1174475174007 192.85523753737286 1510.6477590690315 307.88019578523733 1.7 1.937 4.0135 31.785600000000002 -28.3542 -6.2264 1.554161860999463 0
CAR 0.0 0 2.793310585126629 405.0957084869856 320.2808725351017 571.3489028146463 486.0189164379176 1.4668 1.6524 3.5756 22.550457536467334 -8.802400310397765 -6.3814 1.9032612407529907 0
CAR 0.0 0 -1.186357153753148 212.1555453611365 428.79393565819834 446.04320141045713 558.640958304868 1.7 1.9714 4.0628 12.759401433724854 31.312606791328257 -7.4038 -1.7780935580836401 0
CAR 0.0 0 -0.09231806067263792 1501.1439239228687 583.1701127511658 1719.492656553998 791.4072076964496 1.5178 1.8289 3.9952 20.67290414899976 6.61011848823607 -7.2359 -1.2636244297121286 0
CAR 0.0 0 2.6489402409298206 206.9133028510278 311.80014527070125 529.5537046336387 666.8090995870773 2.5358 2.0016 5.2596 17.91683490155328 -8.616686230459337 -5.713 1.9668617778742497 0
CAR 0.0 0 2.8986092849918377 1569.2841189266833 260.6843002216208 1821.3650902983616 419.18291172803043 1.6434 1.7018 4.5628 24.755651320100128 -30.495108667142613 -6.2183 1.5245750128184474 0
CAR 0.0 0 3.0298846978789573 1186.4687652500584 333.47637424252906 1376.8088762446955 510.4953902704055 1.4475 1.6209 3.887 20.881572642342476 -21.17099708537772 -6.2681 1.7762315119036107 0
CAR 0.0 0 -1.2173102751551577 185.58493428125038 309.2530576830761 306.74399967114476 373.5256481162367 1.7 1.5386 3.3297 20.130389314095474 53.14160913703621 -7.5647 -1.8436813340996476 0
CAR 0.0 0 -1.0960199944834548 318.40273989045056 388.9635327312312 487.8977829674258 477.93825620653195 1.4656 1.3758 3.7786 16.70923732017378 35.47474987296925 -7.4477 -1.8476331797782903 0
CAR 0.0 0 3.0173294581677457 1064.5806431408423 280.5158136206652 1216.436969024804 448.93813636545536 1.7252 1.6916 4.1704 24.269978309881584 -19.693969339241505 -6.4195 1.754678639386262 0
CAR 0.0 0 2.9231404045493212 1768.1499395745352 335.6710354315684 2045.8194286300923 488.94337079028793 1.3809 1.6884 3.6526 21.584866914098125 -32.49203728841428 -6.5568 1.5646349799172121 0
