CAR 0.0 0 -0.06127868257123725 1151.2886323882133 202.57038906362476 1273.2764583007495 277.32431604414865 3.0887 3.0353 7.0662 63.37046712096292 37.79323327620727 -5.5641 -1.437993474107063 0
CAR 0.0 0 -1.672354423865836 1597.1428717794429 302.9625682692298 1742.851183074315 424.5573598927015 2.5061 2.2666 5.3185 43.087985772616946 11.036578092311846 -5.9066 -3.0306989853775987 0
CAR 0.0 0 -1.6735924320874476 1525.9716562162102 313.4474602576451 1635.6744179820118 390.4818752130522 1.7 1.9666 4.1398 46.09880670735023 14.310075282884291 -6.3811 -3.0262847080785336 0
CAR 0.0 0 1.5783887726489394 411.66875548536365 -14.389976180755056 513.6041547817603 70.31974638498853 3.5244 2.84 10.3328 85.98594254534295 5.825627767170322 -6.2138 0.06357411080289209 0
WHEELER 0.0 0 -1.656190998312463 884.0400156194999 222.1948571174997 913.7461436632435 299.0902358500264 1.455 0.6025 0.8913 31.042036189221477 -15.8481865741388 -6.2896 -2.945145701233959 0
CAR 0.0 0 -1.6559590694980257 1779.238028653772 330.70142956801095 1897.3543464376648 424.2698055443811 1.661 1.8473 4.112 42.44078443461587 6.779628237534611 -5.6812 -3.025440707670676 0
CAR 0.0 0 3.013018968573232 1337.9557054026736 191.65179464302472 1499.5276881662355 306.1286351844968 1.7 1.937 4.0135 31.933160042931526 -28.169022678958804 -6.2264 1.6149400059223493 0
CAR 0.0 0 -1.2034536963706193 210.0993790861695 429.24285999574715 444.4890269456913 559.3580810673011 1.7 1.9714 4.0628 12.711413972011728 31.29693267395643 -7.4038 -1.7921101297431838 0
CAR 0.0 0 -1.0294901787954938 393.11896009421764 438.1263403664616 584.7997321924613 548.6847263217297 1.4656 1.3758 3.7786 15.189564918193167 28.84227297044645 -7.4477 -1.8133342874298124 0
CAR 0.0 0 1.4175460024897244 378.0902358984551 43.15735244260802 449.57186275366814 94.86594540162545 1.7 1.8295 4.0434 67.6707748466025 4.04428094819721 -6.4708 0.01034436952556624 0
CAR 0.0 0 -1.0770365099943375 250.87971450328354 323.5722067459265 540.2291912086079 491.83166020231863 3.0074 3.0141 6.0193 16.900427407577855 35.80199339179824 -6.7457 -1.856183739184718 0
CAR 0.0 0 4.99284092758673 1205.2922046434542 -415.8835172492384 1296.2796402325034 -340.3253180408513 1.5029 1.9094 4.1841 -55.148765015777016 2.1728990081431734 -7.9847 3.129067075297349 0
CAR 0.0 0 -1.2673471390448832 1370.4583717111198 -531.6156972491967 1537.1841964787143 -383.60901241144444 2.0674 2.0854 4.1222 -38.309231320852845 2.344789242584511 -7.0917 -3.141592653589793 0
