CAR 0.0 0 -0.06107650207822668 1151.178575576542 202.28242168674444 1272.7840939189346 276.7601071745006 3.0887 3.0353 7.0662 63.56940059664435 37.92390007386971 -5.5641 -1.438074103094086 0
CAR 0.0 0 -1.6564938588062839 1772.7083462869944 330.124694752604 1890.7826164511018 423.39879363525176 1.661 1.8473 4.112 42.432190280190525 6.930455346802939 -5.6812 -3.0256472974037822 0
CAR 0.0 0 2.9601084078206714 1345.7964789822306 192.05337549376247 1508.646140782989 306.6680106890793 1.7 1.937 4.0135 31.88399994353611 -28.356499677450888 -6.2264 1.5613408777075723 0
CAR 0.0 0 -1.2043276276071841 204.94190749918226 429.12024528331676 439.70007232130433 559.1989377270692 1.7 1.9714 4.0628 12.642899830923733 31.386999661715606 -7.4038 -1.7860664048787567 0
CAR 0.0 0 -1.0172579823070795 392.36812709710074 439.2949463505674 584.7791090557672 550.4065255198993 1.4656 1.3758 3.7786 15.12170092178619 28.746300255723757 -7.4477 -1.7992607011529442 0
CAR 0.0 0 -1.0295247209344849 228.65907126121775 324.4590728741829 521.7821729383339 493.89059126389674 3.0074 3.0141 6.0193 16.4544926263129 36.01639773728569 -6.7457 -1.7806193478024308 0
CAR 0.0 0 2.9536916142130876 1404.381545579909 228.8457466277846 1601.5017096938382 356.44610849153224 1.5329 1.947 4.1625 27.923595050395463 -28.257996310164625 -6.1782 1.5742731399333625 0
CAR 0.0 0 -1.3661758152167716 100.52620838177103 398.61679317552705 313.46285299678823 500.03305726021006 1.5121 1.9339 4.1099 12.842998783123248 38.11809989347264 -7.6011 -1.800105966354912 0
CAR 0.0 0 -1.6222554869273926 1755.6260496478735 270.4547399577674 1896.7715436253845 390.78859335084235 3.3377 3.0755 3.0748 54.40790091290916 8.656001227245577 -5.9795 -3.0152364718177616 0
PEDESTRIAN 0.0 0 2.9839008526906596 628.3458046361814 127.05578902231008 670.4459517518428 201.5245328714545 1.8579 0.9295 0.9471 41.54850025788416 -9.289800733978531 -6.0836 1.6602932387710603 0
CAR 0.0 0 -1.5844188308904368 1751.1119116155717 195.4487575379021 1919.8113180981088 341.1078832596308 4.1862 3.2286 10.2919 60.369798948695845 9.387700825392939 -4.2942 -3.0134491712793317 0
CAR 0.0 0 -1.4328607660488442 72.91096982275583 339.23453791217764 247.11856796260122 415.560231672678 1.5206 1.9327 4.0484 15.312099999999997 47.81183543858684 -7.4583 -1.835460922297258 0
CAR 0.0 0 -1.1624339560945425 223.1313021294582 336.7181057458982 387.1056651046826 418.6054407085827 1.7 1.6238 4.0308 17.993897476974315 43.75490105022771 -7.2916 -1.8444774247416449 0
CAR 0.0 0 -4.281274534824078 -460702.2595194092 -87805.88180221638 350266.9117232977 125187.56874686798 1.7878 1.7256 4.0012 3.1834640278631197 9.85925444343039 -5.943 -3.03878652158698 0
CAR 0.0 0 -2.034828208240252 1121.2522056338432 695.440666545603 1498.8192321402332 1078.2518892761398 1.5431 1.914 4.1258 11.18882316518066 7.103439660143504 -6.2228 -3.0202848208643336 0
