WHEELER 0.0 0 2.8606225813837813 1483.3398190764099 336.47494158078473 1635.5696448801152 475.0305297922427 1.6332 0.8894 1.834 15.388928787746352 -17.27396798222088 -6.5953 1.5435531208983042 0
CAR 0.0 0 2.926252437565709 1363.5401028125648 227.36900405514507 1623.173349417245 383.56458460563414 1.654 1.8689 4.1757 18.78217251544976 -18.628668566512307 -5.8865 1.55528535101477 0
CAR 0.0 0 1.3749624063298387 1818.8494870670916 195.12848040879842 1868.9877773855371 227.76426911876564 1.8284 1.8307 4.868 118.11865839264179 -8.336838585603829 -6.1655 -0.08181825378715425 0
CAR 0.0 0 2.8490518842422587 1750.0095651815282 301.0807195199314 2115.3290598163917 489.54681291625786 1.7 1.7312 4.5344 14.071426352431871 -24.190430673960748 -6.639 1.4782455116673214 0
CAR 0.0 0 2.901926532170166 2071.0421412328874 301.9217207927643 2477.453046307892 481.60822786345136 1.7 1.6226 4.5676 12.370896668068138 -31.01953640914144 -6.7663 1.5002918376385186 0
CAR 0.0 0 -1.7543539130636248 1468.6128752054115 322.46460258508336 1530.745527188817 400.155634438869 1.5848 1.5393 4.034 46.77434838035345 15.174356565671719 -6.9916 -3.089572603797836 0
CAR 0.0 0 2.909737465455366 1666.0726387214245 258.0869461269446 1971.0564564156757 415.1732647871938 1.7 1.9869 4.3341 17.103868900171737 -25.437935107803693 -6.6115 1.5204047850769535 0
CAR 0.0 0 2.9439043582696636 2360.2256436167754 263.758878825027 2794.1517537286213 427.95018808895037 1.7 1.9419 4.3933 11.127220431902469 -37.93593341048114 -6.2196 1.5052191833647506 0
CAR 0.0 0 -1.720302914675119 1572.106054003748 319.53810565503954 1657.0299470489701 398.59098540865074 1.6092 1.9505 4.2191 49.024185399929486 11.738526046060883 -6.9696 -3.0728650247321747 0
CAR 0.0 0 -1.7099622385920714 1481.2760863787273 290.6402963272962 1549.4233514942657 362.0092959390743 1.7 1.9624 4.4376 53.70446455881356 14.699148089421861 -6.8839 -3.0693585669112906 0
CAR 0.0 0 -0.2825253455375316 3146.07846211703 403.9751411015545 3925.4335952175948 655.4410068224101 1.7 2.2097 4.6079 2.438067160960904 -42.25838716634175 -6.7839 -1.706218546549472 0
