CAR 0.0 0 2.781632509126422 1309.2806663147871 202.170188689575 1504.9317273047595 315.90029132431346 1.5683 1.9824 4.1753 25.02921854485076 -22.029509697813708 -6.7242 1.3916168193079952 0
CAR 0.0 0 4.415271800219453 1704.1117549152125 326.0098621291532 1846.572187583263 442.91733740695935 1.9963 2.2756 5.9988 45.76292716293324 7.8103040293776855 -6.704 3.0566068809084705 0
CAR 0.0 0 2.7683843025650914 1378.4904924727855 209.078403243191 1636.3690123307365 351.1343421583212 1.6094 1.8776 4.9449 21.25116762848389 -21.32921730828406 -6.2139 1.3795353276698106 0
PEDESTRIAN 0.0 0 2.907284411673592 631.2364447825073 127.24489286173616 668.2357571624407 194.52078456787854 1.7016 0.7772 0.6957 39.77396543673676 -6.870534778575569 -6.3348 1.5787143958338035 0
CAR 0.0 0 -1.1306301770918301 199.61551929509454 428.5217730321025 418.7513848099431 552.9902281679078 1.5083 1.8983 4.1522 22.97115298606876 40.29982068548957 -8.1788 -1.6986471999023898 0
CAR 0.0 0 -0.9254286177874175 379.8697118686071 430.622577441394 579.1012343722588 553.7995978674196 1.4958 1.977 4.1388 24.64381398487662 36.8846374531603 -8.1989 -1.702920799359803 0
CAR 0.0 0 4.491029249513533 1694.2317006974156 204.47793612382716 1848.35397631224 329.11468763309233 3.4934 3.115 10.3352 63.84492006277701 5.502762423215914 -5.0918 3.0676513757056805 0
CAR 0.0 0 -1.2757744811135474 87.01318472843204 382.303367179207 287.4450167555195 483.02790862365237 1.508 2.0028 4.001 25.357883194328515 47.215285989841 -8.2196 -1.689088395475315 0
CAR 0.0 0 4.467022089446449 1731.1965947642086 256.01311648290954 1828.9104929998157 339.4051107452587 2.4532 2.2469 1.9737 56.79376841187138 5.998388971812174 -5.6178 3.061520652592247 0
WHEELER 0.0 0 2.7987252646340823 1760.7443544130842 330.4693627493765 1934.7820130143484 464.07614789979556 1.6332 0.8894 1.834 14.117516777190712 -22.391127474001287 -6.5953 1.4390167614857496 0
CAR 0.0 0 2.766441582468636 2387.2225187450094 214.44355454826558 2752.2186805821752 346.4992267569514 1.654 1.8689 4.1757 13.135152785837425 -43.040468422956906 -5.8865 1.303371357613911 0
