CAR 0.0 0 2.781172018165085 1310.0480404418086 202.85585345488175 1506.305886435489 316.9613349526072 1.5683 1.9824 4.1753 24.951062905206243 -21.996469606705073 -6.7242 1.391616819307995 0
CAR 0.0 0 4.386379183207696 1686.0795892605136 338.95072139304614 1835.2236247303947 466.38677712995417 1.9963 2.2756 5.9988 42.74327880686904 8.65985697746113 -6.704 3.0391535883885274 0
CAR 0.0 0 2.7683969272872897 1378.5379607801617 209.07042206997124 1636.414975029508 351.1199022371438 1.6094 1.8776 4.9449 21.251595296609953 -21.330881695474435 -6.2139 1.3795353276698106 0
PEDESTRIAN 0.0 0 2.9072979367339475 631.2703343267539 127.24408905553312 668.2688739802373 194.5194854232639 1.7016 0.7772 0.6957 39.773900711828794 -6.871489500203708 -6.3348 1.5787143958338035 0
CAR 0.0 0 -1.1303048978001073 199.83819538484389 428.49213100107363 418.92781616462116 552.9427919798787 1.5083 1.8983 4.1522 22.975254888277036 40.29821763001428 -8.1788 -1.6986471999023898 0
CAR 0.0 0 -0.9252813441304073 379.99215057326455 430.5942160011981 579.192771130495 553.7551370038792 1.4958 1.977 4.1388 24.647064254327002 36.88440258304442 -8.1989 -1.702920799359803 0
CAR 0.0 0 4.489874123224745 1697.029053257955 206.06718245727757 1854.786487397479 333.3288153641556 3.4934 3.115 10.3352 62.845508076658774 5.507399582693287 -5.0918 3.0676513757056805 0
CAR 0.0 0 -1.2753142842641827 87.26192742272127 382.30006036554954 287.6645310705757 483.020860310983 1.508 2.0028 4.001 25.360966095008045 47.21055206258079 -8.2196 -1.689088395475315 0
CAR 0.0 0 4.465447234515229 1734.4195306630393 258.7985274174066 1834.2698742931698 343.8804647892715 2.4532 2.2469 1.9737 55.81103275674753 6.02797278814522 -5.6178 3.061520652592247 0
WHEELER 0.0 0 2.7087684951192688 1511.8984975743886 335.7521471167887 1666.419433605567 473.75490567393064 1.6332 0.8894 1.834 15.266516790865287 -17.790320283588294 -6.5953 1.3865627055574403 0
CAR 0.0 0 2.7310946326058287 1408.3671232878978 229.761436232004 1676.5594173042798 387.01628681171695 1.654 1.8689 4.1757 18.34244239682729 -19.383316830022917 -5.8865 1.3557232750747947 0
CAR 0.0 0 4.873230141811351 4451.772176972178 -10116.353661374986 25229.246366284435 -1080.5211877838453 2.4848 2.6187 6.0302 0.7716672249329801 23.522475774605674 -7.0671 2.9806292048917222 0
CAR 0.0 0 4.91372201251387 -10771.190638539463 -15935.22347747671 36373.293364229314 2784.8222972068297 2.5812 2.5835 7.1008 7.202409021077737 22.166959532933056 -7.1588 2.960535275938103 0
