CAR 0.0 0 4.317826909774306 1466.7821370613533 322.5518159377927 1528.906750051804 400.3022527677776 1.5848 1.5393 4.034 46.72376401038174 15.226913957981376 -6.9916 2.9829474981030093 0
CAR 0.0 0 1.1181992047570637 -68365.1157984615 -23487.472710661877 81280.24213014483 22234.96315515895 1.7 1.9419 4.3933 7.632359958042043 18.343117501474687 -6.2196 2.2709846523939796 0
CAR 0.0 0 4.337768788055255 1585.6959892602465 321.27446717731567 1672.9093348492936 401.03949635656187 1.6092 1.9505 4.2191 48.8764287850945 11.315178358578182 -6.9696 2.9845130209103035 0
CAR 0.0 0 -1.2295134577302536 547.5982420796538 388.97739403388516 707.1804100545862 494.3002334268931 1.538 1.8644 4.1936 29.272085702962947 36.11092675021248 -8.0185 -2.190655599197284 0
CAR 0.0 0 -1.3137723836895023 364.77219928562243 414.33720699229315 549.5808384167527 527.4933663910646 1.5398 1.908 4.1045 26.25972360871065 39.035981201964844 -8.3962 -2.0890224003602347 0
PEDESTRIAN 0.0 0 -0.4100109065560398 3469.1174936436237 943.5793153633574 3873.0185114601204 1172.350101460106 1.7 0.4338 0.5002 -0.6529331979976711 -21.842275563888645 -6.7266 -1.7001904922863706 0
CAR 0.0 0 2.7611414572810924 1497.673814244834 151.24975249600917 1826.042598728294 446.4568872080461 4.0512 3.03 2.5289 16.0434628056184 -19.51597783416276 -5.1666 1.364300103335136 0
CAR 0.0 0 4.310042148618953 1502.3364609124683 311.10559450823877 1561.6850039167552 376.40464019499404 1.3936 1.6751 4.618 52.93 14.094690560702592 -7.3266 2.959475738275266 0
CAR 0.0 0 4.406670633183932 1610.5189765770222 300.7689603610695 1689.0574605730324 373.3145971192155 1.7 1.8675 4.4489 55.085 10.1373 -7.0682 3.0368570631059066 0
CAR 0.0 0 2.756912465920448 1652.9813428656103 103.81004133019036 2813.7951307823596 578.8205266523378 4.1978 3.0224 13.9821 14.099069490496127 -27.514575729501402 -5.1618 1.3255121487466808 0
CAR 0.0 0 2.8553130195865952 2905.97796178836 201.72316123517254 3233.552921258148 299.6100829973404 1.5686 1.465 4.0018 11.3721 -65.8516 -6.3981 1.3655130147574221 0
