CAR 0.0 0 2.780600701209597 1304.4929624837011 202.62685385400232 1500.003691382156 316.6682104236027 1.5683 1.9824 4.1753 25.014258721157493 -21.87367349035942 -6.7242 1.3916168193079947 0
CAR 0.0 0 4.432115751091292 1702.314233638249 326.5507420277613 1844.8783682082433 443.9076804528794 1.9963 2.2756 5.9988 45.61052229582864 7.879781754979687 -6.704 3.074060173428414 0
CAR 0.0 0 2.7683964395353247 1378.536126801675 209.0707304293423 1636.4131992306448 351.1204601330552 1.6094 1.8776 4.9449 21.251578772784807 -21.33081738850079 -6.2139 1.3795353276698106 0
PEDESTRIAN 0.0 0 2.9072974141937475 631.2690249448509 127.24412011199534 668.2675944538391 194.51953561799448 1.7016 0.7772 0.6957 39.77390321260684 -6.871452612597909 -6.3348 1.5787143958338035 0
CAR 0.0 0 -1.1303174627962251 199.82959274995434 428.49327617426883 418.92100002003684 552.9446245788645 1.5083 1.8983 4.1522 22.97509640296862 40.29827956731276 -8.1788 -1.6986471999023898 0
CAR 0.0 0 -0.925287033440967 379.98742035426204 430.5953117109263 579.1892347209184 553.7568546755449 1.4958 1.977 4.1388 24.646938673576873 36.88441165772755 -8.1989 -1.702920799359803 0
CAR 0.0 0 4.4909507667440085 1694.4567294771052 204.58970925549121 1848.838472354792 329.4090330953406 3.4934 3.115 10.3352 63.77463829322515 5.501841396587786 -5.0918 3.0676513757056805 0
CAR 0.0 0 -1.275332061107687 87.25231705101402 382.30018812732266 287.6560499352986 483.02113262809553 1.508 2.0028 4.001 25.36084698088972 47.210734967458514 -8.2196 -1.689088395475315 0
CAR 0.0 0 4.467033149715082 1731.109923712515 255.98436428155512 1828.7989332804914 339.3598348026108 2.4532 2.2469 1.9737 56.802780592816276 6.000024749680184 -5.6178 3.061520652592247 0
WHEELER 0.0 0 2.743404463693637 1509.2630266515532 335.6416355613224 1663.5022465173342 473.62484278664454 1.6332 0.8894 1.834 15.28597755826617 -17.75010999328928 -6.5953 1.4215450432629269 0
CAR 0.0 0 2.7745399420976975 1600.1230420260429 225.7584143078867 1889.8008491809649 377.23432465100217 1.654 1.8689 4.1757 17.506397917444758 -23.593601418963633 -5.8865 1.3731739099134215 0
CAR 0.0 0 4.1279285485486055 1128.5941762646517 439.86587435880716 1347.0453183875863 702.3567924900469 2.4848 2.6187 6.0302 24.54251951573038 19.38434693464978 -7.0671 2.9806292048917222 0
CAR 0.0 0 4.218278613072772 1243.1041903431505 383.6702295655869 1415.602970871708 601.2585909031005 2.5812 2.5835 7.1008 30.67568458849381 18.46956475229724 -7.1588 2.99544186097799 0
