CAR 0.0 0 2.68644172827733 1341.2573149018822 199.97987064700354 1538.455642928695 312.1183680622696 1.5683 1.9824 4.1753 25.037969240177294 -23.01703134587259 -6.7242 1.2904051040461615 0
CAR 0.0 0 -2.8096753961049306 -346.4719566936519 347.4566195159049 79.95798818185558 700.1365335542964 1.9963 2.2756 5.9988 19.773445584620003 6.192771564637358 -6.704 -2.608214120753328 0
CAR 0.0 0 2.6468754846405727 1379.8177197571383 208.02608858670274 1636.7949937063095 349.30416218861575 1.6094 1.8776 4.9449 21.339503233167108 -21.436302831625216 -6.2139 1.2570095736052027 0
PEDESTRIAN 0.0 0 2.8989367976778837 634.8100484374422 127.35878415003769 671.760011546378 194.6411799411506 1.7016 0.7772 0.6957 39.729869114178875 -6.965101926156467 -6.3348 1.5692703461305249 0
CAR 0.0 0 -1.2992714698668002 220.9954956460674 422.17507159932677 433.60800912165547 543.1115742355295 1.5083 1.8983 4.1522 23.610752262097535 40.434961086918136 -8.1788 -1.9008039597235955 0
CAR 0.0 0 -1.106235904969164 392.1756476205214 425.318082427443 586.9536358984437 545.6028782866715 1.4958 1.977 4.1388 25.15621035652081 37.039773370891396 -8.1989 -1.900855273565694 0
CAR 0.0 0 4.359212842534779 1651.3835781139715 248.97906090299276 1887.5221659766707 464.0443751566287 3.4934 3.115 10.3352 41.5472719828434 9.255484247199313 -5.0918 2.982746359896171 0
CAR 0.0 0 -1.4557304624124718 116.38909284523376 382.2679409098644 313.5998059754975 482.716395764785 1.508 2.0028 4.001 25.693494579574377 46.6135876790916 -8.2196 -1.921975704819857 0
CAR 0.0 0 4.341219877690734 1675.9406952539923 329.28301982837866 1821.3424658592646 461.6822952316612 2.4532 2.2469 1.9737 37.04799323717238 9.91873847515675 -5.6178 2.9919877068431986 0
WHEELER 0.0 0 2.6061218741925236 1533.846239040506 334.34820813902536 1689.766983661026 471.58905226525064 1.6332 0.8894 1.834 15.210751647956457 -18.22703234790501 -6.5953 1.2795230550680976 0
CAR 0.0 0 2.629789090389295 1394.197595730362 227.7233163661238 1658.4053006675986 383.7124473753097 1.654 1.8689 4.1757 18.57774461000692 -19.223485796105166 -5.8865 1.2547721101000144 0
CAR 0.0 0 -3.080247755101422 -431.6716751887178 280.5470462922559 -25.056650532484213 567.11212811529 2.3003 2.4332 5.4943 24.197194977160763 8.588539965316588 -6.725 -2.619223977338165 0
