CAR 0.0 0 4.3449062975866575 1562.1165456720014 326.88142869873053 1653.1784262616602 413.5533534564352 1.7 2.0096 4.0382 46.36357993152138 12.133227472507631 -6.8888 2.9997781404841044 0
CAR 0.0 0 -0.19564171507838446 1115.0078421594208 185.0342755331735 1202.5706405672556 259.1244280698247 3.1128 3.0226 6.773 73.48291290446976 32.81727843726351 -5.828 -1.5785158727392246 0
CAR 0.0 0 5.036267869471465 5343.56015531132 -14285.563585797105 28825.69016910928 -1244.6531905543404 3.8081 2.9722 2.9156 1.2439524739608587 21.233135696707954 -7.0351 3.0882466766243977 0
CAR 0.0 0 1.229316687519982 314.5514280443731 104.08001908508756 398.5865299940601 188.25744156113012 1.7 1.967 4.5895 46.335589355369095 1.0398754897303195 -6.577 0.04253714186679287 0
CAR 0.0 0 2.7440006420326117 1777.1731925489319 179.97638109511612 2062.5193915851996 396.5725528495373 3.4115 2.7462 2.4608 16.808666842108433 -27.603348789531033 -5.8128 1.320131568553655 0
CAR 0.0 0 2.671667630141603 1453.7150370895554 272.388255387726 1724.8120137532003 426.2776969588086 1.5441 1.9368 4.2225 18.116432478674092 -20.592132268245155 -6.7047 1.3156383118550217 0
CAR 0.0 0 -1.1875391139741165 288.77488550126657 255.18070210872338 760.6449109407155 503.5446574702034 3.8144 4.294 14.4415 31.77440345676002 40.07441068149601 -6.7673 -2.1623981769175518 0
CAR 0.0 0 1.3196443780351816 381.81316976492144 54.73904475497449 435.99164542707626 111.47995665567161 1.7 1.7559 4.4079 63.53659379881823 -0.7697669914917777 -6.7373 -0.052280317947200325 0
CAR 0.0 0 2.670456673103617 1568.2963518110844 307.19902851890026 1936.475132414267 510.80495375668994 1.7 1.9879 4.7683 14.669975331454175 -20.518086480754445 -6.6494 1.3267852944624794 0
CAR 0.0 0 2.7082977534166104 1894.4854198372382 312.27280925469324 2277.7959594387203 489.18625624661405 1.5135 1.9357 4.3357 12.991584982284913 -26.607259444988806 -6.6523 1.3257352487004692 0
CAR 0.0 0 2.7426304408530644 2193.515890597937 267.5190799440209 2736.1354541420446 485.8561016542134 2.0943 2.4031 5.4998 11.309388066309111 -34.18722305109463 -6.4152 1.3212931812686366 0
CAR 0.0 0 -0.3084599139133335 3359.1257208244024 297.3824460925828 4413.141131509935 607.3061385698285 2.7252 2.5328 6.0568 1.2386502433799245 -51.24030418540915 -6.1749 -1.7657681287947185 0
CAR 0.0 0 2.7642001335267326 1877.2373539522912 122.4032208862336 2642.5863650425117 465.00880342971277 4.1983 3.0119 9.4432 15.079478200847927 -33.37053077600227 -5.5448 1.3160139587144968 0
CAR 0.0 0 -0.9490365827253979 -37485.13986026829 -33245.629358344195 98213.85555934314 14847.685425767304 3.8072 3.3433 7.7358 10.238016274913885 24.293374506436727 -6.4136 -2.7708010472381397 0
WHEELER 0.0 0 4.006363561043775 802.5681327569679 166.39179759257598 851.8197017430738 246.5736535931381 1.7142 0.8998 1.2689 33.4645 -10.3208 -6.5743 2.679422543851173 0
CAR 0.0 0 -0.4080674338418677 2767.157549440411 441.91172156255107 3428.6728986206463 690.4764544741821 1.5356 1.9913 4.1053 4.33639360395258 -33.82527078378091 -6.8917 -1.7996717894500955 0
CAR 0.0 0 2.7522187010168597 2536.539075053998 268.25161738129304 3005.9911782203303 434.9391384500761 1.7 1.956 4.407 9.62680211090128 -40.976374982203964 -6.175 1.306380539787374 0
