CAR 0.0 0 -0.06107641336159442 1151.1789019623136 202.28238570406 1272.784354802125 276.7600321424676 3.0887 3.0353 7.0662 63.569440575623986 37.9239050236116 -5.5641 -1.438074103094086 0
CAR 0.0 0 -1.708499622628492 1777.7258964441892 330.40753203374896 1895.739938578859 423.8124284543678 1.661 1.8473 4.112 42.47317681355644 6.820033244287018 -5.6812 -3.078007174963612 0
CAR 0.0 0 2.960108283562216 1345.7957093203163 192.0534059712023 1508.645289821273 306.6680644608332 1.7 1.937 4.0135 31.883996160095005 -28.356478064601742 -6.2264 1.5613408777075723 0
CAR 0.0 0 -1.2043310268073748 204.93906823789487 429.1195366131011 439.69697752233776 559.19784465125 1.7 1.9714 4.0628 12.642888501734738 31.38711585677259 -7.4038 -1.7860664048787567 0
CAR 0.0 0 -1.0172551501947091 392.3704613635867 439.2943702871051 584.7809105190047 550.4056659895214 1.4656 1.3758 3.7786 15.121762687344269 28.74631739084749 -7.4477 -1.7992607011529442 0
CAR 0.0 0 -1.0295189236929332 228.66256010628538 324.45752429673433 521.7832314786498 493.8874250724026 3.0074 3.0141 6.0193 16.45466614486407 36.01661667079994 -6.7457 -1.7806193478024308 0
CAR 0.0 0 2.953889948945596 1403.767602877404 228.48175380644236 1600.5406842812451 355.88365103835946 1.5329 1.947 4.1625 27.959511794722907 -28.25849450223847 -6.1782 1.5742731399333625 0
CAR 0.0 0 -1.366182366841624 100.52262304738709 398.61729209532865 313.45990310767945 500.0338172675829 1.5121 1.9339 4.1099 12.842917244613869 38.118092755459756 -7.6011 -1.800105966354912 0
CAR 0.0 0 -1.6222554353933623 1755.6246121586819 270.4544670839481 1896.7698374965346 390.7880897759865 3.3377 3.0755 3.0748 54.40796208365018 8.656056237982297 -5.9795 -3.0152364718177616 0
PEDESTRIAN 0.0 0 2.9839016588762233 628.3476524406049 127.0557030388457 670.4476910781664 201.52440820131008 1.8579 0.9295 0.9471 41.54851753776901 -9.289849915224844 -6.0836 1.6602932387710603 0
CAR 0.0 0 -1.5844189934351218 1751.109804256045 195.4487527688248 1919.8094357842 341.1079350658839 4.1862 3.2286 10.2919 60.36972850460754 9.387756131988008 -4.2942 -3.0134491712793317 0
CAR 0.0 0 -1.4328598714424392 72.91140098875913 339.2346715077584 247.11906642360563 415.56042028874447 1.5206 1.9327 4.0484 15.312099999999997 47.8117988314244 -7.4583 -1.835460922297258 0
CAR 0.0 0 -1.1739621611559508 215.994595786578 337.0911159444731 380.7347427920678 419.18679945473934 1.7 1.6238 4.0308 17.819758642455103 43.82672490640016 -7.2916 -1.8444774247416449 0
CAR 0.0 0 -1.6553292843322043 1481.0568000915387 289.90554150135773 1647.7562124637332 430.37684964925757 3.0787 2.5188 6.5832 43.31519049354282 14.01259331697046 -6.1665 -3.0026489821200855 0
