CAR 0.0 0 -0.04064077741764649 1141.7057032721889 203.39970261267706 1265.3152392589045 279.0837340246033 3.0887 3.0353 7.0662 62.37392879300033 37.75009201262789 -5.5641 -1.4149697506383534 0
CAR 0.0 0 2.9476541231385296 1346.949593537878 194.87522947179465 1511.7389973237764 310.96949205545457 1.7 1.937 4.0135 31.5399934542408 -28.257574472732134 -6.2264 1.5510382525586681 0
CAR 0.0 0 -1.2228301531604964 215.90950544033936 427.99375584851276 448.8957447861979 557.3628086816095 1.7 1.9714 4.0628 12.846575566957045 31.339293218309475 -7.4038 -1.8201623861801035 0
CAR 0.0 0 -1.061549655461687 395.2018488019923 439.0332519538725 587.2150388539741 550.0066606187077 1.4656 1.3758 3.7786 15.175478074458688 28.726966300171412 -7.4477 -1.8465701910156123 0
CAR 0.0 0 -1.036925004144511 240.17447804921767 322.6454569659416 529.5822921934217 490.0967754830464 3.0074 3.0141 6.0193 16.787163005414097 36.14940020049792 -6.7457 -1.8040050303749324 0
CAR 0.0 0 2.923361728467918 1393.610254087083 232.41434943099605 1591.573512833905 362.12861545719227 1.5329 1.947 4.1625 27.57983404147337 -27.863532181197236 -6.1782 1.5482138769844158 0
CAR 0.0 0 -1.3604112330919094 115.34179750314857 394.95288265321506 324.5305225568034 494.5227431313769 1.5121 1.9339 4.1099 13.258296298691054 38.36930649302665 -7.6011 -1.8219666918375406 0
PEDESTRIAN 0.0 0 2.878841022834122 303.4760158186287 139.95406630840202 365.4826283181111 220.52683465950972 1.8579 0.9295 0.9471 39.11683954724167 -1.272855588605239 -6.0836 1.8006514064715917 0
CAR 0.0 0 -0.019714589951130845 2141.931030017183 163.23978075379154 4013.6852321943547 875.5441901156169 4.1862 3.2286 10.2919 14.159562213045238 -36.436759604532945 -4.2942 -1.4315679485436985 0
CAR 0.0 0 -1.4319677241533775 69.70303001356866 341.33455583873837 245.6264443185442 418.5782631936017 1.5206 1.9327 4.0484 15.109692986004436 47.44309122157115 -7.4583 -1.826875486489279 0
CAR 0.0 0 -1.143435148243734 209.63711892945403 337.1928770167684 374.9025195309446 419.3698414848859 1.7 1.6238 4.0308 17.68308819315645 43.93510420039305 -7.2916 -1.8037533996333603 0
CAR 0.0 0 2.920394913888674 1405.9325027202813 277.2648237900346 1635.5381143484826 439.1775208001156 1.7 1.9624 4.2616 24.50161999511159 -26.962364833711607 -6.4566 1.5798550217274272 0
WHEELER 0.0 0 2.8806538587361663 1524.4516105788616 344.66567835915305 1649.1501809000372 479.9110498959871 1.7 0.8106 1.621 21.17582165813038 -26.560575910158654 -6.3809 1.5635222017560881 0
CAR 0.0 0 3.022628365763826 1778.7360790452967 306.6695360423305 2112.7626310563246 498.2692489768906 1.752 1.7066 4.5021 21.465002169298725 -32.90185981526657 -6.3051 1.6546732152024497 0
CAR 0.0 0 3.046436143686914 1761.823858353924 273.54109030532834 2055.271400819701 427.809424899147 1.6356 1.9585 4.5139 24.949782229884658 -35.13852676016702 -6.5383 1.6564487319189027 0
CAR 0.0 0 -0.029117342738234075 2635.7642078784525 347.5272011078919 3434.2529480303247 702.2998434636626 3.3072 3.0001 3.4972 14.81067064739455 -42.11524101956961 -5.7424 -1.4301053464269944 0
CAR 0.0 0 1.784651923659134 1264.1821390402279 -329.4446114601707 1348.7648531380717 -267.63885184651855 1.7479 2.1574 4.4141 -67.4879 8.6671 -7.1261 -0.010319424834180245 0
CAR 0.0 0 3.0433299333738777 2454.610860134701 293.5758731253821 2885.910283152097 451.0988801042107 1.5888 1.9932 4.2218 22.3344 -48.2348 -6.2836 1.6104035849024376 0
