CAR 0.0 0 2.7798717698923068 1300.171425113569 202.78770089510792 1495.3608464765548 316.9692756944615 1.5683 1.9824 4.1753 25.027446492705007 -21.752495450068004 -6.7242 1.391616819307995 0
CAR 0.0 0 4.39751417384213 1699.6119987220643 325.601059623807 1840.980177250391 442.27186014828897 1.9963 2.2756 5.9988 45.77278871893742 7.937326304783548 -6.704 3.0391535883885274 0
CAR 0.0 0 2.7683947529783888 1378.529785274843 209.07179667373958 1636.4070588715197 351.12238922602586 1.6094 1.8776 4.9449 21.251521637049564 -21.33059502919914 -6.2139 1.3795353276698106 0
PEDESTRIAN 0.0 0 2.907295607347928 631.2644973858394 127.2442274985139 668.2631701287793 194.5197091804989 1.7016 0.7772 0.6957 39.77391185974461 -6.871325063409997 -6.3348 1.5787143958338035 0
CAR 0.0 0 -1.130360911527965 199.79984617785388 428.49723599620927 418.8974309030559 552.9509614214791 1.5083 1.8983 4.1522 22.97454839580073 40.29849373280145 -8.1788 -1.6986471999023898 0
CAR 0.0 0 -0.9253067063804831 379.9710640245526 430.59910048998995 579.1770064132174 553.7627941060738 1.4958 1.977 4.1388 24.646504443098934 36.8844430359761 -8.1989 -1.702920799359803 0
CAR 0.0 0 4.491064846028544 1694.7449365481764 204.49552174388174 1848.997433003263 329.14017714356993 3.4934 3.115 10.3352 63.85129175401623 5.4814056223738685 -5.0918 3.0676513757056805 0
CAR 0.0 0 -1.2753935318544924 87.21908631981054 382.30062990157404 287.6267238920334 483.02207424589625 1.508 2.0028 4.001 25.360435110595287 47.211367412099825 -8.2196 -1.689088395475315 0
CAR 0.0 0 4.467005763415873 1731.1399632514083 256.02895518943404 1828.8618955224167 339.4317902569416 2.4532 2.2469 1.9737 56.786226109001014 6.0012928262243115 -5.6178 3.061520652592247 0
WHEELER 0.0 0 2.7473398421621846 1533.7256066972766 335.5511933626645 1690.126338884145 473.2715822323578 1.6332 0.8894 1.834 15.156319920907261 -18.171954649161446 -6.5953 1.4215634689658065 0
CAR 0.0 0 2.786340998013679 1889.822775102287 220.34199039176158 2208.9649738450034 363.6858209034007 1.654 1.8689 4.1757 16.098984466496184 -30.385950440465532 -5.8865 1.3557232750747954 0
CAR 0.0 0 4.328535394271071 1421.8250620092626 304.3961452093989 1527.3736175645765 425.4226475009886 2.4848 2.6187 6.0302 46.56939646729334 15.887012466571747 -7.0671 2.9980824974116658 0
