CAR 0.0 0 2.7045374894364755 1327.0726806158118 200.51272344574906 1523.2544466984696 313.1113652005863 1.5683 1.9824 4.1753 25.081104190969725 -22.611095667947893 -6.7242 1.310780564343317 0
CAR 0.0 0 4.3117452753254515 1704.8676128691723 328.8447438571669 1849.6459649114 447.93749187851495 1.9963 2.2756 5.9988 45.153392944075414 7.862894832870809 -6.704 2.9549434400728405 0
CAR 0.0 0 2.6985520584981746 1378.8485323739217 207.98405011676755 1635.6449367415696 349.246118882283 1.6094 1.8776 4.9449 21.349616242432578 -21.417125475999132 -6.2139 1.3087788871307455 0
PEDESTRIAN 0.0 0 3.1243098531654523 635.6267827384635 127.09144482483512 672.5180855668048 194.28858407144534 1.7016 0.7772 0.6957 39.77483510725072 -6.995878136939848 -6.3348 1.7939184524963823 0
CAR 0.0 0 -1.1013560088554506 197.230729756153 429.7204712233594 417.39854507649073 554.8457429015247 1.5083 1.8983 4.1522 22.8689 40.2448 -8.1788 -1.665276828536639 0
CAR 0.0 0 1.2883400869502066 1836.8398456414325 238.74151855846677 1903.4677012904208 280.81878327674013 1.7 1.9602 4.1068 90.10624061341817 -4.206965713108533 -7.0007 -0.14463527124728018 0
CAR 0.0 0 4.977589222034332 2698.511909351023 -1924.9903074947567 4711.248771943579 -699.6075430669492 2.4175 2.2088 5.2336 -5.396904298764243 20.855028711601314 -6.4546 3.0907418822524333 0
CAR 0.0 0 4.8480492785282525 3712.014447015673 -2235.1402950577312 6264.224236750112 -970.3659381227562 1.7 1.618 4.0482 -2.5316032506078137 24.144371762007996 -7.0709 2.9789100807513336 0
CAR 0.0 0 1.808906238782394 -515564.617583119 -20075.057876428957 51633.52107221862 221043.12644094744 1.7 1.8869 4.632 7.113221342961966 21.972224244867228 -7.4704 2.9642290564940277 0
CAR 0.0 0 4.045807936992326 1345.436026244961 579.3437288489946 1500.9726859560803 802.0879449005995 1.5434 1.7657 3.6986 20.75560969187766 16.04405867528728 -7.228 2.9220557396814786 0
CAR 0.0 0 1.0895760395628473 340.2284932863087 102.64800107882478 412.885257705283 176.2140141775099 1.7 1.9052 4.146 50.950472069578524 0.5768255795342385 -7.0868 -0.12958560023556062 0
CAR 0.0 0 4.254995149790293 1561.2871489088425 342.6909760550191 1644.0143965911072 425.62018564988705 1.5569 1.7367 3.4921 44.05236972003542 12.394713220518504 -6.9154 2.9188804422123953 0
