CAR 0.0 0 -0.01668058819078544 1146.5561155532778 202.2654614209688 1268.3798728293702 276.7886489855105 3.0887 3.0353 7.0662 63.377102023064595 38.08661073866062 -5.5641 -1.3929679825469414 0
CAR 0.0 0 3.0667872488436183 1730.6966281130124 145.062347049322 2488.6733718927953 490.0140417600028 3.3784 3.4486 11.6024 25.1269042838174 -37.57328319661293 -5.4833 1.6400764467374094 0
CAR 0.0 0 -1.6999454129334892 1589.997191188612 302.72497422691276 1735.894409555956 424.1959530475716 2.5061 2.2666 5.3185 42.98839222527382 11.20445679382275 -5.9066 -3.0575834777366406 0
CAR 0.0 0 3.0642632828568344 1574.3609210931334 169.58841697087226 1979.7574779072186 428.66275470123657 3.5225 3.6418 4.7722 24.804260877752224 -31.70175411396061 -5.4368 1.6574552326525247 0
CAR 0.0 0 -1.696985038943496 1534.429078067078 310.37361798440185 1642.0712228903349 385.78785036893504 1.7 1.9666 4.1398 47.078502916329704 14.348702916329703 -6.3811 -3.0529654951011866 0
CAR 0.0 0 -0.7857638366728685 341.9503244740473 292.11196655036713 760.4524953927006 506.11074952630696 3.5244 2.84 10.3328 19.585559361572027 31.974377486452426 -6.2138 -1.7452594699376975 0
CAR 0.0 0 2.8079526836309245 930.3295590156264 335.95856486904546 1099.9102151130662 553.0830761136776 1.7885 1.936 4.1812 20.312486474341178 -16.821976367539015 -6.3142 1.6488295993340953 0
CAR 0.0 0 3.0541534777542756 2085.4179625156444 217.3339878108199 2739.145164925681 509.0244890019789 3.0142 2.9998 6.4302 21.39790375151929 -40.666142584963126 -5.5653 1.6301165965656204 0
CAR 0.0 0 3.1451777208123617 2518.3872610582166 277.6653021324744 2966.4593080561267 442.0724826551109 1.7728 1.9945 4.2516 22.538532260532108 -49.94825169980658 -6.13 1.7040956439614177 0
CAR 0.0 0 2.5012197392718436 402.1257155087005 302.98413142298295 570.5003645569496 493.4733701938124 1.7553 1.5689 4.1046 22.9374369472622 -8.706991177838763 -6.4088 1.6052376305312814 0
WHEELER 0.0 0 -1.5989850684283309 811.7667037709211 175.75634474506097 837.001485928978 241.91067517485627 1.455 0.6025 0.8913 36.49887226261726 -14.253098157379265 -6.2896 -2.9220305006185083 0
CAR 0.0 0 3.0100146624159394 1605.6706541489948 314.1196979262268 1903.5352079877698 502.75057251108234 1.6332 1.7321 4.4876 21.384414880079596 -29.41039443398298 -6.3283 1.6668272518319063 0
CAR 0.0 0 -1.6580611605329352 1799.0218635223407 308.7927329709217 1903.7199023229648 389.56726245922 1.661 1.8473 4.112 48.13514446562762 7.174844940612974 -5.6812 -3.043391217708986 0
WHEELER 0.0 0 2.4336333336365223 765.7052868925668 200.1117715406502 794.0342241058324 283.30126210745544 1.52 0.5676 1.6613 33.1653 -13.179 -6.3435 1.162358946100971 0
WHEELER 0.0 0 -1.746088819305295 1514.5697220410366 342.58235845018214 1566.3271561677018 411.76846965190515 1.7 0.7138 1.6517 41.1845 14.0867 -6.5238 -3.077139203314816 0
