CAR 0.0 0 2.354557458047964 566.2641291876257 172.99914814856993 676.5293568720302 284.6084068718026 1.7 1.937 4.0135 34.22351019595044 -9.463739317440737 -6.2264 1.1321592320800284 0
CAR 0.0 0 -1.2332925752492723 331.1859761820709 652.2393721877191 709.7148459904299 940.9921560603977 1.7 1.9714 4.0628 8.122695154614025 16.376632676549413 -7.4038 -1.8201623861801035 0
CAR 0.0 0 -0.9590867038684716 756.9493905039124 620.0220975484369 1008.3007243454292 830.1054343913162 1.4656 1.3758 3.7786 12.634274444194375 14.306059468733029 -7.4477 -1.8465701910156123 0
CAR 0.0 0 -0.9549374561456151 382.41686666533377 385.8094720010345 733.7195116086008 621.0967207308668 3.0074 3.0141 6.0193 14.865699642431109 25.307438753108638 -6.7457 -1.8040050303749324 0
CAR 0.0 0 1.457904599074886 -157.9138789864233 266.7566818822444 126.55313701752435 430.7204195361031 1.5329 1.947 4.1625 25.117700900516656 0.03504918062560769 -6.1782 1.4784007069046419 0
CAR 0.0 0 2.920478657464928 1405.5216156819702 277.06804068635466 1634.9106886237653 438.86117633320254 1.7 1.9624 4.2616 24.51688789801265 -26.96001187231892 -6.4566 1.5798550217274272 0
WHEELER 0.0 0 2.880743858484728 1525.0915560668964 344.68676442195476 1649.860469693104 479.9350934953935 1.7 0.8106 1.621 21.17429031938106 -26.57141779276762 -6.3809 1.5635222017560881 0
CAR 0.0 0 3.0227893074870575 1778.1667858271364 306.3031229688908 2111.7002975173864 497.64516627354527 1.752 1.7066 4.5021 21.489042210836278 -32.90715457574142 -6.3051 1.6546732152024497 0
CAR 0.0 0 3.037561960390036 1724.5949676753353 281.3495071705265 2018.7907569255735 440.95630693018063 1.6356 1.9585 4.5139 24.35091593134692 -33.89643204675268 -6.5383 1.6564487319189027 0
CAR 0.0 0 1.784651923659134 1264.1821390402279 -329.4446114601707 1348.7648531380717 -267.63885184651855 1.7479 2.1574 4.4141 -67.4879 8.6671 -7.1261 -0.010319424834180245 0
CAR 0.0 0 3.0137907000145625 2106.5891723312407 306.03112007422897 2494.24215239729 475.20635586856633 1.5888 1.9932 4.2218 21.671443046510486 -39.832575479082664 -6.2836 1.6104035849024376 0
PEDESTRIAN 0.0 0 3.2450432701070255 1746.912979630396 400.9358019919334 1793.2598674390492 478.57075046272536 1.651 0.5088 0.9606 37.2387087622265 7.3787877191610765 -6.6051 1.9174778364964447 0
CAR 0.0 0 -1.3780355307019159 36.988093584461076 323.42084034750457 212.87144270455684 394.2691691878054 1.4933 1.9845 4.3346 15.652199009399073 51.62403846439231 -7.4122 -1.7143042624112637 0
