CAR 0.0 0 -0.042990295283720226 1147.207853499014 202.72207953398234 1269.613584398139 277.6770831136179 3.0887 3.0353 7.0662 63.084354503842064 37.863127199275915 -5.5641 -1.418903573797595 0
CAR 0.0 0 -1.713059360353394 1780.690631294351 329.83244916907637 1898.2405558408004 422.8739231741038 1.661 1.8473 4.112 42.657165339787845 6.780397021831956 -5.6812 -3.0832454006018555 0
CAR 0.0 0 2.948609625692354 1348.9358487517234 191.22670970537084 1511.6714145235333 305.3766770056882 1.7 1.937 4.0135 31.986218230686482 -28.477425383930647 -6.2264 1.5487642730096802 0
CAR 0.0 0 -1.2831834614496673 213.45074696501544 428.29927589888257 446.8714024072948 557.8573078025618 1.7 1.9714 4.0628 12.798552795487028 31.344520859559182 -7.4038 -1.877003294840088 0
CAR 0.0 0 -1.105147795180533 391.3728383094143 439.8550142374138 584.1899137635369 551.2355626638148 1.4656 1.3758 3.7786 15.080165033249186 28.71022917383097 -7.4477 -1.8856458483840466 0
CAR 0.0 0 -1.144422296815395 245.79074864310675 323.22743252735205 535.2928593816769 491.1995004052601 3.0074 3.0141 6.0193 16.839412922222305 35.94960118669164 -6.7457 -1.917786575270122 0
CAR 0.0 0 2.9465426539382844 1401.4897995418748 228.69518723524993 1598.0671773422011 356.2384834739572 1.5329 1.947 4.1625 27.939058203264153 -28.19626000424686 -6.1782 1.5674036341292166 0
CAR 0.0 0 -1.4339350773221315 125.70342507103824 395.3355143536547 334.3564627714458 495.0326116372724 1.5121 1.9339 4.1099 13.412750945431023 38.13762792488902 -7.6011 -1.9132188092271625 0
CAR 0.0 0 -1.6382359166907359 1762.4206824140676 270.8655456587289 1903.980634941116 391.4845436934442 3.3377 3.0755 3.0748 54.446496820014055 8.453270115648218 -5.9795 -3.031595390596638 0
PEDESTRIAN 0.0 0 2.9152836632934855 624.0159604347759 127.78789944210963 666.4626956988471 202.5124990067325 1.8579 0.9295 0.9471 41.41155453341703 -9.18644519783999 -6.0836 1.594447662458931 0
CAR 0.0 0 -1.6163775154207964 112.63134853159366 -38.217265957664395 326.92855106562257 104.42696729594498 4.1862 3.2286 10.2919 60.459393064283404 8.883104964479838 -4.2942 -3.062835902477131 0
CAR 0.0 0 -1.4644344955708772 75.86044112261756 339.227784239811 249.86939649166573 415.53559445371263 1.5206 1.9327 4.0484 15.372877630843703 47.75311210276624 -7.4583 -1.8734535741965284 0
CAR 0.0 0 -1.3037940356368867 227.01682041711288 336.16750778720365 390.337769046765 417.78438133264547 1.7 1.6238 4.0308 18.116698425310204 43.78307387523938 -7.2916 -1.9923975746503848 0
CAR 0.0 0 -1.27914524802545 1478.71479717091 -502.69714860569195 1656.9497506452637 -373.3598300085769 1.8166 2.1601 4.1544 -38.88351867208679 5.721948326835479 -6.9374 -3.1212033226472595 0
