CAR 0.0 0 2.361739958008139 593.4567601809309 176.4043508526855 701.110705090184 289.5637203916765 1.7 1.937 4.0135 33.78160732052264 -10.120962395661113 -6.2264 1.1321592320800284 0
CAR 0.0 0 -1.2317750611493485 326.38652368164304 641.2350965445942 697.8447074705358 920.4791810951083 1.7 1.9714 4.0628 8.274659656010291 16.8143859186329 -7.4038 -1.8201623861801035 0
CAR 0.0 0 -0.9624687839213087 738.4985224289625 611.5333185062226 987.4577903902095 816.2245784726057 1.4656 1.3758 3.7786 12.70840550584309 14.766160093376518 -7.4477 -1.8465701910156123 0
CAR 0.0 0 -0.9574736537631755 374.3972133708783 381.4474516819466 721.386477786775 611.6458144160738 3.0074 3.0141 6.0193 15.000150512108279 25.877248564671927 -6.7457 -1.8040050303749324 0
CAR 0.0 0 1.6443550776156008 -84.95017495821833 262.9257448567522 182.5942917997792 423.8859859162742 1.5329 1.947 4.1625 25.384110108461623 -0.8721889078851355 -6.1782 1.4784007069046419 0
CAR 0.0 0 2.920477320892397 1405.5256355503896 277.0706409779773 1634.9173138326883 438.86537128086036 1.7 1.9624 4.2616 24.516686693920395 -26.960013263101725 -6.4566 1.5798550217274272 0
WHEELER 0.0 0 2.8807432260608135 1525.0930938295462 344.6880817723743 1649.8625641768338 479.9368635384666 1.7 0.8106 1.621 21.174217999835612 -26.571409104546152 -6.3809 1.5635222017560881 0
CAR 0.0 0 3.022789246010708 1778.166759061146 306.3032174171203 2111.700361280127 497.64532923898184 1.752 1.7066 4.5021 21.489036103252566 -32.9071497749718 -6.3051 1.6546732152024497 0
CAR 0.0 0 3.037314920928669 1725.7165535560396 281.93740859337686 2020.6671158534998 441.90782574452794 1.6356 1.9585 4.5139 24.304997885027344 -33.89124226166732 -6.5383 1.6564487319189027 0
CAR 0.0 0 1.784651923659134 1264.1821390402279 -329.4446114601707 1348.7648531380717 -267.63885184651855 1.7479 2.1574 4.4141 -67.4879 8.6671 -7.1261 -0.010319424834180245 0
CAR 0.0 0 3.0137764513930128 2105.489116078771 305.88777703016154 2492.7748858920822 474.9821267624458 1.5888 1.9932 4.2218 21.681577950966936 -39.81895979397185 -6.2836 1.6104035849024376 0
PEDESTRIAN 0.0 0 3.2455921700311485 1753.7332979665073 401.53740834085136 1800.2016856325179 479.3176442426396 1.651 0.5088 0.9606 37.27853433720314 7.2363569672178105 -6.6051 1.9174778364964447 0
CAR 0.0 0 -1.3738056900438484 38.70974871349808 322.59057591612185 213.83850099343726 393.0773116979154 1.4933 1.9845 4.3346 15.74912334034263 51.78698331357453 -7.4122 -1.7143042624112637 0
