CAR 0.0 0 2.6492370994415557 2196.634426467159 270.10490822249034 2745.0091162395147 490.9744664121377 2.0943 2.4031 5.4998 11.155378093279237 -33.9905 -6.4153 1.2290361204144005 0
CAR 0.0 0 -1.5082696433639198 279.5269557216532 462.99633114320466 515.7981734672593 619.1624505092217 1.7 1.9463 4.1292 21.097766632219052 35.824700803037494 -8.0915 -2.14916267228943 0
CAR 0.0 0 4.461406338961595 1561.5245572683125 327.14812203762347 1652.639488964934 413.9667346731749 1.7 2.0096 4.0382 46.2951 12.1536 -6.8888 3.11655435550722 0
CAR 0.0 0 -0.3304816039095446 1147.0123217535074 187.3324082266689 1234.242638416625 262.89941002822195 3.1128 3.0226 6.773 72.9264 30.9305 -5.828 -1.7158531596828857 0
CAR 0.0 0 -1.5910354512961755 68.76325666253557 242.16067294922357 229.9718285260886 377.979718183564 3.8081 2.9722 2.9156 32.8493 58.1495 -7.0351 -2.0473228625974484 0
CAR 0.0 0 -2.089897685784594 257.3576534588331 725.3317794140256 673.4833474299819 1110.458280495893 1.7 1.8429 4.4747 12.019822842924022 25.77312954608914 -8.0644 -2.573783132081752 0
CAR 0.0 0 -1.3276722234750848 253.73782359210222 315.500087273816 497.68436481245516 464.35518065257446 2.7252 2.5328 6.0568 29.6171562129305 44.73430423433806 -7.5934 -2.1046222406983297 0
CAR 0.0 0 2.676432703981537 1566.249559769906 307.93285511098367 1934.9086101883381 512.17636324145 1.7 1.9879 4.7683 14.6432 -20.4419 -6.6494 1.333552304766139 0
CAR 0.0 0 2.596162560561515 630.8884386597333 123.69455688443416 1027.3186744063757 523.0602270083756 3.6974 3.5688 12.6738 23.842946263181226 -6.781458203114351 -5.9176 1.3768735764903348 0
CAR 0.0 0 2.740566135439109 1542.8125624271495 190.39166087326888 1776.6458698577105 309.43172912448796 1.7 1.967 4.5895 23.488403486819582 -28.36463173964263 -6.577 1.317956906484731 0
CAR 0.0 0 -0.9865135981322783 1320.9375901627309 722.0603313018051 1555.586217054014 1098.1320682488727 1.6227 1.9598 4.2128 15.818299890475389 15.60461949552175 -7.5208 -2.000954485858571 0
CAR 0.0 0 -0.6635943031852991 1086.3685437520858 372.2139293705435 1652.040117866099 991.6750619423345 4.7316 3.5763 2.8352 9.26990335712801 -8.184645848329025 -6.2046 -1.7776903087727487 0
CAR 0.0 0 -1.467344841764123 -453.64143256386194 252.11140139022984 854.0710034919714 2096.8635914229644 4.6414 3.6368 14.786 11.24372889131135 0.369494267800782 -6.1579 -1.7976519154382036 0
CAR 0.0 0 2.6477283108648626 1766.585172911057 181.4925683311744 2052.9111160462294 399.8012747396646 3.4115 2.7462 2.4608 16.746 -27.213387583867206 -5.8128 1.2258169406910011 0
CAR 0.0 0 2.6736791622293157 1463.3224305173178 275.6438936735956 1738.6310273624115 431.53048117316064 1.5441 1.9368 4.2225 17.8426 -20.5992 -6.7047 1.3186377821279618 0
CAR 0.0 0 -1.1458251463076232 276.3678408108657 247.9529883972602 733.9530768674942 480.35132589926343 3.8144 4.294 14.4415 32.9921 41.8438 -6.7673 -2.120489226164379 0
CAR 0.0 0 2.1884808274489016 1362.5190784513507 433.33513012066726 1484.601533129208 582.6843893930846 1.5576 1.9781 4.7888 29.912058548267034 16.52250445611092 -7.1594 0.9572483201475798 0
CAR 0.0 0 2.5839731815769054 1123.3601140966573 204.08353016941456 1300.3869248376902 330.3300974726796 1.7 1.7559 4.4079 25.80062501252295 -17.081857859707114 -6.7373 1.2285587300409573 0
CAR 0.0 0 2.979326814018399 2737.4296701800604 198.28048956202707 3384.640188688682 401.01996120775175 2.3829 2.6598 6.0028 8.788648010725492 -49.985725587704486 -5.6352 1.5041920817351715 0
CAR 0.0 0 2.6483526768800942 1883.4086629762958 307.98136321814354 2260.0268399307265 482.0058431799806 1.5135 1.9357 4.3357 13.26800949058797 -26.6938 -6.6523 1.2644279727318088 0
CAR 0.0 0 2.8920851290930756 2520.3153969632253 263.8196575185307 2980.200694497303 427.43141401713444 1.7 1.956 4.407 9.943768116626206 -41.18251772524953 -6.175 1.4450837886021748 0
