CAR 0.0 0 -0.035366562563597936 1147.890177725343 202.70794152481295 1270.2411318295553 277.6401537092976 3.0887 3.0353 7.0662 63.12422489300723 37.84653377220721 -5.5641 -1.4114024759719594 0
CAR 0.0 0 2.747827703777141 210.1643298735281 164.5072927687502 658.6383461006923 627.7450873114678 3.3784 3.4486 11.6024 22.35435395298719 -9.044772330588602 -5.4833 1.8365387988604551 0
CAR 0.0 0 -1.7069862870561892 1600.23184065483 302.0916621514132 1745.0702081759862 422.91200944911714 2.5061 2.2666 5.3185 43.372165576468205 11.028379411235381 -5.9066 -3.0663557118638796 0
CAR 0.0 0 2.0315621342074164 -270.2270131704563 221.45384038774958 275.6009457080594 588.7246194390206 3.5225 3.6418 4.7722 20.357294584938128 -3.308863870347224 -5.4368 1.9402291367467166 0
CAR 0.0 0 -1.7477891019604506 1532.5272833242843 312.5794982227017 1641.493570159418 389.12807541809985 1.7 1.9666 4.1398 46.474481736829276 14.221411859548972 -6.3811 -3.1019631316146827 0
CAR 0.0 0 -1.5826082600236804 -746.1387631136598 191.9484126097505 45.13141530622374 629.6925582244337 3.5244 2.84 10.3328 23.838524769079164 3.1280695777645793 -6.2138 -0.9243870757908238 0
CAR 0.0 0 1.1844995543226677 -2439.53548301243 419.50276213668997 -505.11098395962 1217.436024508047 3.0142 2.9998 6.4302 12.420946166017393 2.2262032313477786 -5.5653 2.2121432126028004 0
WHEELER 0.0 0 -1.147009937462654 809.1207100873504 174.42673513825306 834.239774925674 240.27870698498594 1.455 0.6025 0.8913 36.68052574100899 -14.184952807924692 -6.2896 -2.470962799178619 0
CAR 0.0 0 -1.7229895897573682 1783.5603582492981 329.8098349813387 1900.9695992766895 422.81662934723056 1.661 1.8473 4.112 42.720418154002004 6.723473198409579 -5.6812 -3.093492692234448 0
WHEELER 0.0 0 -1.7221257119089493 1511.2678966927308 342.4383975092986 1563.0189113797626 411.5920909152771 1.7 0.7138 1.6517 41.13875335299729 14.168583495072683 -6.5238 -3.0527780599336807 0
CAR 0.0 0 2.9524459448236433 1347.1174475174007 192.85523753737286 1510.6477590690315 307.88019578523733 1.7 1.937 4.0135 31.785600000000002 -28.3542 -6.2264 1.554161860999463 0
CAR 0.0 0 2.8989016419946982 1248.8063199078292 286.9764221723188 1417.2596805769474 427.68352018333053 1.4668 1.6524 3.5756 24.361866916797215 -23.331045307558608 -6.3814 1.5891353586757648 0
CAR 0.0 0 -1.186357493899783 212.1550853643495 428.79352783942704 446.042491185544 558.640321915632 1.7 1.9714 4.0628 12.759411825425248 31.312656015172227 -7.4038 -1.7780935580836401 0
CAR 0.0 0 -0.4236785379130723 904.1438004272236 505.0526422783186 1119.6956064519763 665.2954553503325 1.5178 1.8289 3.9952 17.998505552905055 16.144904778980916 -7.2359 -1.4732743454062576 0
CAR 0.0 0 2.9385559487010697 1343.6059866036521 253.92991634904945 1651.2391837015666 520.3214328434539 2.5358 2.0016 5.2596 21.031752266822906 -24.498330021226202 -5.713 1.617841990084924 0
CAR 0.0 0 3.0370292259214127 2051.4580752835973 252.89417486410528 2381.5117118235808 401.01032337814775 1.6434 1.7018 4.5628 25.226936503130407 -41.90645648485156 -6.2183 1.6118282031938207 0
CAR 0.0 0 3.0337168924241595 2053.272708901367 309.8515113939445 2384.84458510941 464.1402427184184 1.4475 1.6209 3.887 21.82356874249237 -38.46694133626249 -6.2681 1.634881918690839 0
CAR 0.0 0 -1.5367073997354217 40.240978296903165 264.189880307022 142.1585715149497 312.96266653412135 1.7 1.5386 3.3297 21.268518887335198 72.04556491210545 -7.5647 -1.8436813340996476 0
CAR 0.0 0 -1.1903783904028236 232.10194632466985 333.8914289810533 375.03162329652935 401.2211452678581 1.4656 1.3758 3.7786 19.030560106403097 46.179563129268594 -7.4477 -1.8825397648181768 0
