CAR 0.0 0 -0.035372263474541255 1147.9204517850626 202.71798226266995 1270.28336609434 277.6594840677273 3.0887 3.0353 7.0662 63.11851293387609 37.841111451398945 -5.5641 -1.4114024759719594 0
CAR 0.0 0 2.9665016103797504 1322.8502464482833 146.53977992707777 1879.7993628975967 514.5933998131078 3.3784 3.4486 11.6024 24.719825428665363 -27.320144487623256 -5.4833 1.5922377791586124 0
CAR 0.0 0 -1.7069476848833993 1600.4602880863047 302.0772936369755 1745.274876292534 422.88293482552206 2.5061 2.2666 5.3185 43.38082862072791 11.02444586048037 -5.9066 -3.0663557118638796 0
CAR 0.0 0 2.920675883865293 1090.9970710686875 172.82455603290214 1391.8215410941166 447.932795237773 3.5225 3.6418 4.7722 24.372506720865644 -21.271598729434583 -5.4368 1.5911852566819995 0
CAR 0.0 0 -1.747830423288472 1532.483787541034 312.62991011745515 1641.4803602571712 389.204488265985 1.7 1.9666 4.1398 46.46083806609806 14.218536733710655 -6.3811 -3.1019631316146827 0
CAR 0.0 0 -0.5959480129583801 581.3407424003971 343.95328908317794 1056.388314754802 648.8521931342476 3.5244 2.84 10.3328 18.362299621760442 20.76270518253839 -6.2138 -1.6394998720185687 0
CAR 0.0 0 2.927850455375613 1220.834657196074 223.79676702641171 1605.8192206614808 548.316213219033 3.0142 2.9998 6.4302 20.99721930788273 -22.878645613612907 -5.5653 1.6195245702559264 0
WHEELER 0.0 0 -1.1469894771198959 809.0612133128429 174.39685173551388 834.1776775875998 240.2420284964462 1.455 0.6025 0.8913 36.68462738932668 -14.183413410666759 -6.2896 -2.470962799178619 0
CAR 0.0 0 2.3160836987903393 -74.20456137195525 421.25553675224626 288.5899748981867 714.5837093749898 1.6332 1.7321 4.4876 16.98289826399274 -5.661066627168934 -6.3283 2.099207063643073 0
CAR 0.0 0 -1.7231210915288255 1783.572071820395 330.01964944079333 1901.1017709651503 423.15084931214545 1.661 1.8473 4.112 42.67528197466289 6.71606926432911 -5.6812 -3.093492692234448 0
WHEELER 0.0 0 -1.722140251996486 1511.1475386150248 342.4331498139348 1562.8983190744402 411.585661590978 1.7 0.7138 1.6517 41.1370850907239 14.171569575028121 -6.5238 -3.0527780599336807 0
CAR 0.0 0 2.9524459448236433 1347.1174475174007 192.85523753737286 1510.6477590690315 307.88019578523733 1.7 1.937 4.0135 31.785600000000002 -28.3542 -6.2264 1.554161860999463 0
CAR 0.0 0 2.9897708877811366 2029.635989433847 271.47230936600465 2300.183782692825 397.5431764195157 1.4668 1.6524 3.5756 25.182218968633805 -40.91153487332948 -6.3814 1.5716820661558255 0
CAR 0.0 0 -1.186373346740245 212.1336481801884 428.7745221876655 446.00939248239985 558.6106643720199 1.7 1.9714 4.0628 12.759896139374032 31.314950133876998 -7.4038 -1.7780935580836401 0
CAR 0.0 0 -0.8541643288861154 438.24127594549446 359.51712851233384 603.1315702331174 444.5936152016539 1.5178 1.8289 3.9952 20.44055414016492 35.775241639907975 -7.2359 -1.7698500895992162 0
CAR 0.0 0 2.940142349476191 2420.760963139647 234.0225861947702 2968.888013394592 458.7190139645204 2.5358 2.0016 5.2596 22.2719158727327 -47.9590919218016 -5.713 1.4956372923355326 0
