CAR 0.0 0 -0.04295492979785376 1147.3370258007417 202.7077813737907 1269.7167068120648 277.6472482606984 3.0887 3.0353 7.0662 63.1000466950004 37.86509332125581 -5.5641 -1.418903573797595 0
CAR 0.0 0 -1.715876567383972 1781.2612020353286 334.37673827425186 1901.409499298216 430.12619589317757 1.661 1.8473 4.112 41.70731141108568 6.615814525680168 -5.6812 -3.0832454006018555 0
CAR 0.0 0 2.94857493331631 1348.8345863401591 191.25337365006777 1511.5738745578735 305.4183172144399 1.7 1.937 4.0135 31.982911233575297 -28.4735132890548 -6.2264 1.5487642730096802 0
CAR 0.0 0 -1.283570948081322 213.1762966119577 428.3257619933242 446.6400373462302 557.9005762505733 1.7 1.9714 4.0628 12.793517105795619 31.345895331065307 -7.4038 -1.877003294840088 0
CAR 0.0 0 -1.1050997020672475 391.4045040073273 439.8369653255037 584.2085242502784 551.20884329875 1.4656 1.3758 3.7786 15.081495427912554 28.71139603625713 -7.4477 -1.8856458483840466 0
CAR 0.0 0 -1.1439301201403114 246.1899427314465 323.21749909601476 535.6322433965568 491.17463370710175 3.0074 3.0141 6.0193 16.847019240407167 35.944654889172504 -6.7457 -1.917786575270122 0
CAR 0.0 0 2.945919939264283 1400.7682755841183 229.3688652070033 1597.705788419804 357.29743983405484 1.5329 1.947 4.1625 27.873181107544656 -28.151936157879906 -6.1782 1.5674036341292166 0
CAR 0.0 0 -1.4402920647727846 122.09075660565956 395.64521930094355 331.2424745997597 495.51074536185655 1.5121 1.9339 4.1099 13.337772627246492 38.157090717983756 -7.6011 -1.9132188092271625 0
CAR 0.0 0 -1.638323089028754 1763.35090150072 271.1181971794764 1905.1590558642695 391.9563775940885 3.3377 3.0755 3.0748 54.37871487695936 8.4132214820661 -5.9795 -3.031595390596638 0
PEDESTRIAN 0.0 0 2.915374123439518 624.1565076163538 127.76413513501998 666.5919714434 202.48042988641808 1.8579 0.9295 0.9471 41.4159849502562 -9.189788642572582 -6.0836 1.594447662458931 0
CAR 0.0 0 -1.617175495487146 112.39302610406435 -38.12951560398672 326.9654274280469 104.70704617516596 4.1862 3.2286 10.2919 60.38737631041343 8.85907205620795 -4.2942 -3.062835902477131 0
CAR 0.0 0 -1.4653587501743586 75.43475651967053 339.22873344765395 249.472358733186 415.53911375984046 1.5206 1.9327 4.0484 15.364105874423252 47.761594318711744 -7.4583 -1.8734535741965284 0
CAR 0.0 0 -1.3040897106660831 226.83816835641682 336.18806027131893 390.1858819509073 417.81520906048 1.7 1.6238 4.0308 18.111417775694278 43.78270133233275 -7.2916 -1.9923975746503848 0
CAR 0.0 0 2.9460284689595655 1505.0604818532302 275.30742691162845 1750.9663135440485 434.9346345372881 1.7 1.9624 4.2616 24.60716368435198 -29.137225384612726 -6.4566 1.58896339585535 0
WHEELER 0.0 0 2.888721599180668 1527.4124518272065 344.5673047982679 1652.376415071377 479.7574384352881 1.7 0.8106 1.621 21.179356056770605 -26.61612812710195 -6.3809 1.5710430576065737 0
CAR 0.0 0 -4.178729058449202 -8839.030302294086 928.7431904268827 -2555.5591793284425 2402.7910061688517 2.3964 2.4699 4.5843 7.619522723774445 10.148879089470622 -6.1273 -2.926798604750006 0
CAR 0.0 0 -1.8810041825394501 944.7026174030397 484.10066457463887 1357.7430285547962 838.8507344255441 2.564 2.814 6.1278 15.12421707295293 11.355656412349298 -6.1856 -2.9427125468726505 0
