CAR 0.0 0 1.619596238719493 360.48482891026396 63.805192043472545 448.4515532735968 126.13688735859019 1.7 1.937 4.0135 57.12533711810403 1.6274317256859168 -6.2264 0.2769478986028073 0
CAR 0.0 0 -2.735716919265368 -2790.0736023208174 547.0811918465828 -775.9540063706824 1342.847801631984 3.0074 3.0141 6.0193 12.382296747451964 5.35659631289998 -6.7457 -1.6819056695430228 0
CAR 0.0 0 2.9205127889756777 1405.4206826410482 277.0020079560009 1634.7438081933626 438.75463863592955 1.7 1.9624 4.2616 24.52199773309362 -26.960000781877696 -6.4566 1.5798550217274272 0
WHEELER 0.0 0 2.8807369877003604 1525.123562472446 344.7047912631608 1649.901189076815 479.95923867829873 1.7 0.8106 1.621 21.17329406456463 -26.57149454440178 -6.3809 1.5635222017560881 0
CAR 0.0 0 3.022789850564392 1778.1670222758542 306.3022886204892 2111.6997342424966 497.64372664994255 1.752 1.7066 4.5021 21.4890961648899 -32.90719698547233 -6.3051 1.6546732152024497 0
CAR 0.0 0 3.0375308271842387 1729.6367405634633 282.28263844256975 2025.6233520207188 442.4319337429889 1.6356 1.9585 4.5139 24.276465381869937 -33.95965516093973 -6.5383 1.6564487319189027 0
CAR 0.0 0 1.784651923659134 1264.1821390402279 -329.4446114601707 1348.7648531380717 -267.63885184651855 1.7479 2.1574 4.4141 -67.4879 8.6671 -7.1261 -0.010319424834180245 0
CAR 0.0 0 3.014096107943054 2116.052520078914 306.9071264525042 2506.4464534520507 476.54736716725114 1.5888 1.9932 4.2218 21.608078831126946 -39.97210556963556 -6.2836 1.6104035849024376 0
PEDESTRIAN 0.0 0 3.2279981282667696 1544.2387718213638 380.9961344326751 1586.7068510528204 453.7305285412445 1.651 0.5088 0.9606 36.28125601085485 11.9405223668346 -6.6051 1.9174778364964447 0
CAR 0.0 0 -1.2906506351306901 82.22098469057116 369.2487482534974 289.9808068121734 460.5618689311725 1.4933 1.9845 4.3346 13.729566041119252 41.62959938596705 -7.4122 -1.7143042624112637 0
CAR 0.0 0 -1.262561648725618 1589.6775177072896 262.81763997192627 1668.3651838704986 314.41027233087175 1.7 1.9861 4.2709 66.54003366068446 17.898722709226128 -6.5167 -2.658500129137382 0
CAR 0.0 0 3.2330395136986088 2861.3545645629165 279.60247753293885 3297.4702071392394 412.9493751233182 1.5642 1.9836 4.1622 24.608417449061125 -61.765484768278064 -6.6467 1.7737371163127353 0
CAR 0.0 0 2.603941752859283 736.6792137260712 346.65180722327364 904.275825515268 441.5347516800547 1.7 1.9565 4.7638 26.1955 29.402 -6.9364 1.4784007069046419 0
CAR 0.0 0 -1.0873303688580038 196.99309759048163 598.2087493291123 566.4176015936814 1014.9237701643087 1.6932 1.9814 4.11 12.5127 -10.0572 -6.6873 -1.557825869378199 0
