CAR 0.0 0 2.78067478448732 1307.3703894972255 203.01498795892894 1503.4753869149652 317.2407352706913 1.5683 1.9824 4.1753 24.952978707960238 -21.91678930294089 -6.7242 1.391616819307995 0
CAR 0.0 0 4.395325086684473 1706.6220365600414 330.08971750042207 1852.6749820811651 450.12325031716836 1.9963 2.2756 5.9988 44.91563582303638 7.842766708989237 -6.704 3.0391535883885274 0
CAR 0.0 0 2.76839672320602 1378.537193421027 209.07055109132088 1636.4142320135327 351.1201356676217 1.6094 1.8776 4.9449 21.25158838283355 -21.330854788627327 -6.2139 1.3795353276698106 0
PEDESTRIAN 0.0 0 2.9072977180968245 631.2697864649779 127.24410204994571 668.2683386103768 194.5195064253674 1.7016 0.7772 0.6957 39.7739017581858 -6.871474065965192 -6.3348 1.5787143958338035 0
CAR 0.0 0 -1.1303101551249566 199.83459594300982 428.49261015490697 418.92496421018654 552.9435587604584 1.5083 1.8983 4.1522 22.975188576029375 40.298243545359476 -8.1788 -1.6986471999023898 0
CAR 0.0 0 -0.9252837246006909 379.99017139448836 430.59467445903863 579.1912914551417 553.7558556977189 1.4958 1.977 4.1388 24.647011709760648 36.88440638000605 -8.1989 -1.702920799359803 0
CAR 0.0 0 4.490935186701393 1695.558026149613 204.72924036434253 1850.4179751180654 329.74086809283006 3.4934 3.115 10.3352 63.716960402171466 5.464352861651858 -5.0918 3.0676513757056805 0
CAR 0.0 0 -1.2753217222821192 87.25790632524594 382.30011382264735 287.66098245923575 483.02097425180466 1.508 2.0028 4.001 25.360916256161822 47.210628592283584 -8.2196 -1.689088395475315 0
CAR 0.0 0 4.466913481366889 1731.2394789198445 256.17897966339547 1829.0721116567038 339.6739191203908 2.4532 2.2469 1.9737 56.730563170361854 6.00561009667582 -5.6178 3.061520652592247 0
WHEELER 0.0 0 2.7437801803251523 1511.6913153147382 335.5781303976757 1666.1235766905124 473.5135411399818 1.6332 0.8894 1.834 15.275628593134511 -17.794261701454623 -6.5953 1.4214897385773124 0
CAR 0.0 0 2.780310747799553 1504.2232130015543 227.03650132779708 1782.6443633211404 380.8700309093766 1.654 1.8689 4.1757 17.984555868308828 -21.507196790577535 -5.8865 1.3906245479892845 0
CAR 0.0 0 3.826790060937865 702.1603907137624 594.4842868867634 1126.9397010629182 1101.0672932920925 2.4848 2.6187 6.0302 14.394260746411353 21.116697906605705 -7.0671 2.9806292048917222 0
CAR 0.0 0 4.027729134978388 1007.6140448430687 477.08710835271506 1287.9311347970715 829.8050998574605 2.5812 2.5835 7.1008 20.903419979298697 20.04764972845668 -7.1588 2.960535275938103 0
