CAR 0.0 0 4.317824077436637 1466.738691347386 322.5469144230679 1528.8609480504235 400.29546481062596 1.5848 1.5393 4.034 46.72409933757794 15.228197464497224 -6.9916 2.9829474981030093 0
CAR 0.0 0 4.337765070497319 1585.7272364144417 321.28605565468575 1672.9492766030205 401.0565244520864 1.6092 1.9505 4.2191 48.87430419701723 11.314301731732384 -6.9696 2.9845130209103035 0
CAR 0.0 0 -0.9407746474463883 683.7492860676672 444.8132292802399 854.2145459207832 578.3426002257768 1.538 1.8644 4.1936 25.890938070914466 29.93973122019475 -8.0185 -1.9288562113981356 0
CAR 0.0 0 -1.3155744611222246 362.81581383489 414.121072643996 547.7343507386876 527.1884164975146 1.5398 1.908 4.1045 26.256298574902555 39.0927093099064 -8.3962 -2.0890224003602347 0
PEDESTRIAN 0.0 0 -0.4100278968397879 3468.7972862025717 943.5494955832025 3872.649144101954 1172.3164271550656 1.7 0.4338 0.5002 -0.6519019995423759 -21.840403629769877 -6.7266 -1.7001904922863706 0
CAR 0.0 0 1.2397884722777923 -2034.8181004243309 380.5506936806573 -509.5016210876993 1141.4027189274727 4.0512 3.03 2.5289 12.923768370321008 9.645272282818645 -5.1666 2.2370306867982794 0
CAR 0.0 0 4.31004237975977 1502.339248214322 311.105801023264 1561.687899911619 376.4049121899478 1.3936 1.6751 4.618 52.93 14.094599544583218 -7.3266 2.959475738275266 0
CAR 0.0 0 4.40667064174265 1610.5159149389708 300.76838433391447 1689.053828403454 373.3137719209729 1.7 1.8675 4.4489 55.085100467443795 10.137400467443799 -7.0682 3.0368570631059066 0
CAR 0.0 0 1.9256822691741666 -715.395694336577 146.90003715230392 298.0224675730674 1189.326086376475 4.1978 3.0224 13.9821 15.911793943983325 3.3987300672640908 -5.1618 1.9713973489188164 0
CAR 0.0 0 2.7152139817737395 1287.5316871263954 183.70612808932643 1493.9678764445464 305.61665929054044 1.7 2.0375 4.4489 25.0764939802892 -21.47493322556122 -6.3555 1.317021307830867 0
CAR 0.0 0 2.689462587631763 1616.9674946963269 219.4157151063303 1847.6631312454635 342.43148850712873 1.5686 1.4651 4.0018 20.124769015231866 -26.7166017990641 -6.3941 1.2782995562828545 0
