CAR 0.0 0 -0.02414894018498215 1152.132705884453 202.71686589937497 1274.2738066676443 277.6008676577512 3.0887 3.0353 7.0662 63.3044 37.7007 -5.5641 -1.4008436983789376 0
CAR 0.0 0 3.057296915914866 1978.0246215158493 141.39100133647617 2827.6442287808586 466.1214635394894 3.3784 3.4486 11.6024 25.788400000000003 -44.5713 -5.4833 1.607797639799007 0
CAR 0.0 0 -1.2373644119570546 -29.228157305880522 532.0433700279959 479.90918420586166 1076.6332887623155 2.4742 2.2545 5.383 13.121770234693548 -8.609641702722834 -6.8547 -1.5608906634734623 0
CAR 0.0 0 -1.7131831315578991 1598.191512696064 302.79702930204945 1743.7097223403118 424.23940525713 2.5061 2.2666 5.3185 43.152 11.0252 -5.9066 -3.07177948351002 0
CAR 0.0 0 3.0491472713970995 1762.7243332080636 164.8140912964499 2197.6447618879033 413.51635401783113 3.5225 3.6418 4.7722 25.3768 -36.3279 -5.4368 1.6209232594911147 0
CAR 0.0 0 3.094090663326925 1129.8417121502196 203.11138911816303 1274.0684228855243 328.5430375587848 1.6999 1.9706 4.412 30.973230009887228 -22.647036518782606 -6.344 1.7397526661954892 0
WHEELER 0.0 0 -1.7557705868009565 1515.2826606321744 339.0799700814602 1555.0639808843566 404.25854537218294 1.7 0.647 0.6935 40.6043 14.103 -6.2977 -3.0892327760299634 0
CAR 0.0 0 -1.7211758752010382 1536.705329487101 311.00686308990953 1644.6240459421558 386.7278201264775 1.7 1.9666 4.1398 46.9737 14.2439 -6.3811 -3.0770070002730305 0
CAR 0.0 0 2.54738762340006 304.91924568876675 209.33396911631536 650.7676807836275 343.200765121732 3.6584 3.5656 12.2161 28.20424514152367 49.73098973973136 -5.4541 1.4900742960989517 0
CAR 0.0 0 -1.1414085492137631 275.11647017615843 380.73296879741906 561.1635279589182 681.0776528176659 3.7838 2.9175 2.9276 10.355744942368194 22.733565320556515 -5.8292 -1.8217944125683911 0
CAR 0.0 0 -0.8684325409874625 321.6919322192529 283.3740213751515 725.4660567713004 483.59033022068104 3.5244 2.84 10.3328 20.150597654620828 34.16330039361699 -6.2138 -1.8215895708039374 0
CAR 0.0 0 2.9351218959473035 1581.2924142257557 317.2642786293293 1882.5037786294483 513.007823895932 1.7885 1.936 4.1812 21.0304 -28.775199891096918 -6.3142 1.5984642161224918 0
CAR 0.0 0 -3.254255468639709 -32698.402205807313 385.83899680315426 -3117.8711595642485 3209.7875294105747 4.0038 3.0233 11.3683 11.699955898980749 29.580770421805898 -5.939799999999999 -1.8236377702710016 0
CAR 0.0 0 3.0472532376886208 2220.2397478503112 214.5095857653028 2904.411565175409 498.68490706860825 3.0142 2.9998 6.4302 21.6279 -43.8758 -5.5653 1.6122570075125129 0
PEDESTRIAN 0.0 0 3.0654991641167606 1444.9612271312294 370.39346684547115 1484.4687824518276 440.5746464636504 1.7 0.5372 0.8386 36.499554956981896 14.651596327084713 -6.7322 1.7645325550078208 0
PEDESTRIAN 0.0 0 3.029923596842082 1293.536653718017 359.63722845165375 1339.4659291405937 430.9621353491484 1.7 0.74 0.9001 34.008535361218904 17.903895164745798 -6.5499 1.7505168928616632 0
PEDESTRIAN 0.0 0 3.045069017569652 1362.090656592457 356.9748369180014 1398.2828132827065 424.81270470291656 1.7 0.5608 0.655 35.792496487933214 16.81735773781905 -6.5399 1.7500539681940235 0
CAR 0.0 0 3.1035553857844542 2540.287797171235 279.40677433622005 2994.576810998818 444.72267524717654 1.7728 1.9945 4.2516 22.396500045330605 -50.27230238292862 -6.13 1.6620912556300997 0
PEDESTRIAN 0.0 0 3.0831868890716496 1544.2042760343666 370.63342618709794 1583.4118389024015 443.0174636947939 1.7 0.491 0.746 36.690764235460186 12.13262480602248 -6.427 1.7666769358870078 0
