CAR 0.0 0 4.344903966313606 1562.11154664846 326.8836807421047 1653.1738759526634 413.5568437547111 1.7 2.0096 4.0382 46.36300093523374 12.133399721771406 -6.8888 2.9997781404841044 0
CAR 0.0 0 -0.19562038242971047 1115.27398168039 185.05340745308692 1202.8342502196679 259.15581155620583 3.1128 3.0226 6.773 73.4782076003237 32.80132576782451 -5.828 -1.5785158727392246 0
CAR 0.0 0 2.68456981780387 1537.9533160641374 181.64258023095888 1804.3547877316792 405.6507033709855 3.4115 2.7462 2.4608 18.037306466415902 -22.318927684011154 -5.8128 1.2852302956391666 0
CAR 0.0 0 1.8081513049347149 -89.78055540382012 325.7580970037252 159.34083851636922 537.2384085605343 1.5441 1.9368 4.2225 22.340824925139515 5.081664171067184 -6.7047 1.699600179014649 0
CAR 0.0 0 -1.133419942958509 331.86772566049814 263.58620164087137 809.9743433376677 530.3763614955637 3.8144 4.294 14.4415 30.791752263388737 37.68957121401294 -6.7673 -2.127491551481048 0
CAR 0.0 0 2.4086290498612133 650.4863891836512 339.81179393653065 873.3520484592801 587.329870928196 1.7 1.9879 4.7683 17.7342200352586 -4.463535248445962 -6.6494 1.3797729182380674 0
CAR 0.0 0 2.6201363402384406 1467.521397257967 312.29959660119835 1785.2439328464334 495.2994532548265 1.5135 1.9357 4.3357 15.492358660681383 -18.653175224471862 -6.6523 1.2908234282716162 0
CAR 0.0 0 2.707407760844155 2011.0424319689503 274.74276476450433 2535.045564634666 504.28400331099175 2.0943 2.4031 5.4998 12.073566653442189 -29.735470677032612 -6.4152 1.3038398887486906 0
CAR 0.0 0 2.7117182319620516 1674.9560114487854 123.61028100495574 2389.6006766193027 482.27867045199093 4.1983 3.0119 9.4432 16.109868181935465 -28.05279943994012 -5.5448 1.281112685800008 0
WHEELER 0.0 0 4.006363561043775 802.5681327569679 166.39179759257598 851.8197017430738 246.5736535931381 1.7142 0.8998 1.2689 33.4645 -10.3208 -6.5743 2.679422543851173 0
WHEELER 0.0 0 2.541680816050139 614.6141820288494 173.24764168018476 680.1486505537065 258.3511364114625 1.6462 1.1594 1.9268 34.42710165615968 -5.821604515128663 -6.7353 1.2913770127670434 0
CAR 0.0 0 4.410205640305805 1717.2661732204915 333.2828744182545 1826.32951820031 415.933260432948 1.5535 1.9759 4.0961 48.11912457575464 7.417461670616512 -6.8684 3.047210286189498 0
CAR 0.0 0 2.7828005135416523 2465.043875271679 269.6144502543421 2927.719465813536 438.4575053720584 1.7 1.956 4.407 10.037882862065691 -39.23959026743623 -6.175 1.341265955550009 0
