CAR 0.0 0 4.34490400896169 1562.1116380998271 326.88363954356385 1653.1739591954276 413.5567799036575 1.7 2.0096 4.0382 46.363011527192484 12.133396570702677 -6.8888 2.9997781404841044 0
CAR 0.0 0 -0.19562077264824174 1115.269112344238 185.05305741528602 1202.8294272058604 259.1552373571185 3.1128 3.0226 6.773 73.47829367753774 32.80161760046681 -5.828 -1.5785158727392246 0
CAR 0.0 0 2.742564058873713 1761.9527105986654 180.17521871128253 2046.2638980720662 397.33089585279106 3.4115 2.7462 2.4608 16.881429359463382 -27.247711735800518 -5.8128 1.320131568553655 0
CAR 0.0 0 2.651314626099164 1260.836358141551 279.75364140023726 1511.3484745180967 441.02614354024564 1.5441 1.9368 4.2225 18.797018938175054 -16.378266129525407 -6.7047 1.3330809744577743 0
CAR 0.0 0 -1.1811966564969292 298.14996994819995 255.55728270312736 767.7826160297811 504.44733690760324 3.8144 4.294 14.4415 31.820368258005452 39.82833427275818 -6.7673 -2.162398176917552 0
CAR 0.0 0 2.644142647136132 1415.9231131521415 310.76749367740564 1760.2291340240747 519.852369160343 1.7 1.9879 4.7683 15.346489722874843 -17.58668015015598 -6.6494 1.3267852944624803 0
CAR 0.0 0 2.6713574146933894 1872.9381749641593 312.0908821398232 2252.846343480945 489.1793193955671 1.5135 1.9357 4.3357 13.130160943721204 -26.207260550293753 -6.6523 1.2908234282716164 0
CAR 0.0 0 2.7080141855867925 2199.722922485488 267.7797133376549 2743.9409724645548 486.24838122206495 2.0943 2.4031 5.4998 11.255947786481055 -34.292237939219625 -6.4152 1.2863865962287475 0
CAR 0.0 0 2.763250529021621 1865.060818758769 122.47373281100107 2627.5455696470294 466.0295282333048 4.1983 3.0119 9.4432 15.143703644539801 -33.04065844311089 -5.5448 1.3160139587144968 0
CAR 0.0 0 4.837189750504471 1920.3959322577684 -1016.5896224731541 2955.7355177490354 -374.898420285387 3.8072 3.3433 7.7358 -13.76674823315373 25.617159974303558 -6.4136 3.006238776863091 0
WHEELER 0.0 0 4.006363561043775 802.5681327569679 166.39179759257598 851.8197017430738 246.5736535931381 1.7142 0.8998 1.2689 33.4645 -10.3208 -6.5743 2.679422543851173 0
CAR 0.0 0 1.3669410984800345 405.02833914747055 61.42349760237855 465.44826217546745 115.55721455653429 1.5813 1.9585 4.1006 62.01575034826002 -1.7588878622964415 -6.7996 -0.004686726912031126 0
WHEELER 0.0 0 2.6544117538710488 1230.5207847802958 222.30128786558217 1333.4509956423403 320.09147014394733 1.6462 1.1594 1.9268 24.7603 -18.3973 -6.7353 1.2913770127670434 0
CAR 0.0 0 4.4415481777822 1735.4435704564712 287.45415488983923 1821.8276590238029 348.21947559703074 1.5535 1.9759 4.0961 61.3958 5.0446 -6.8684 3.047210286189498 0
CAR 0.0 0 2.734772238120973 2539.117782291015 268.55085357448974 3009.406088282418 435.42379602246723 1.7 1.956 4.407 9.595773393672225 -40.99542821272788 -6.175 1.288937799628555 0
