CAR 0.0 0 2.6865067941104686 1341.5700561408596 199.94913664895228 1538.7757940855658 312.0669306009094 1.5683 1.9824 4.1753 25.039057709767462 -23.0275482045607 -6.7242 1.2904051040461615 0
CAR 0.0 0 -3.230424596125845 -443.1639040735985 293.546654713943 -32.551631615762595 581.1527882431944 1.9963 2.2756 5.9988 23.603440365116505 8.493448630982105 -6.704 -2.765293753432818 0
CAR 0.0 0 2.646887097094059 1379.8325206259656 208.0140035013892 1636.799378456301 349.28316272021306 1.6094 1.8776 4.9449 21.340524411581992 -21.437527178492747 -6.2139 1.2570095736052027 0
PEDESTRIAN 0.0 0 2.90008878690732 637.7242884162745 127.28710434573583 674.6074458887244 194.52614810471917 1.7016 0.7772 0.6957 39.724751983832284 -7.047385428789174 -6.3348 1.5692703461305249 0
CAR 0.0 0 -1.298896052133093 221.23594430350482 422.1030910088465 433.7752445071919 542.9998442077459 1.5083 1.8983 4.1522 23.618134248146923 40.436550098248006 -8.1788 -1.9008039597235955 0
CAR 0.0 0 -1.1060426763125975 392.314657581511 425.25775542534035 587.0423536546264 545.5098653486061 1.4958 1.977 4.1388 25.16212464509329 37.04157846306664 -8.1989 -1.900855273565694 0
CAR 0.0 0 4.353410808882301 1668.7479863190142 238.9947000146438 1888.117756755873 431.11659033446665 3.4934 3.115 10.3352 45.384700297591834 8.38882025567014 -5.0918 2.96498784415421 0
CAR 0.0 0 -1.4551376109725287 116.72651431341107 382.2675694433703 313.9003268681529 482.7128698230236 1.508 2.0028 4.001 25.697357033978314 46.606653503859555 -8.2196 -1.921975704819857 0
CAR 0.0 0 4.32180424462436 1689.6722950893022 309.13618635824986 1821.9863315331727 427.6207953594323 2.4532 2.2469 1.9737 40.99194192902598 9.167392269415387 -5.6178 2.957081121803312 0
WHEELER 0.0 0 2.6061618008641996 1534.057268036136 334.3373278264067 1689.9924324354301 471.57189205642726 1.6332 0.8894 1.834 15.210092700056352 -18.23113567112704 -6.5953 1.2795230550680976 0
CAR 0.0 0 2.629784997186239 1394.1425983236336 227.71884255430606 1658.338306660677 383.70556198435594 1.654 1.8689 4.1757 18.578402559786227 -19.22265192050571 -5.8865 1.2547721101000144 0
CAR 0.0 0 -3.459052199082846 -387.9065670605674 230.99690242033844 -40.38517635289921 464.6839777848807 2.3003 2.4332 5.4943 28.385050818148095 9.739918379065502 -6.725 -2.9335069681929986 0
