CAR 0.0 0 -0.03384138521948499 1150.297865648652 198.2366924494037 1269.0993027171692 266.1740181102193 2.7763 2.7552 7.2016 63.068158667149206 37.80569211129093 -5.1699 -1.416192480697106 0
CAR 0.0 0 -1.69326286272003 1484.765568118656 330.37890439532066 1603.3167267693427 415.0213955638043 1.7 1.9575 4.0881 41.899761169072676 14.185880394609951 -6.4594 -3.02834391244896 0
CAR 0.0 0 -0.8649816063330378 568.9115719348215 420.6025816308193 686.4846966111996 488.1829925428667 0.9948 1.2858 2.4998 19.12922377974717 29.115461756011715 -7.372 -1.8104115818108806 0
PEDESTRIAN 0.0 0 -0.013568268293907115 3385.3306990802253 934.0569111392899 3871.829477573108 1170.71882981089 1.7 0.9483 0.6324 7.0434 -35.0259 -6.4597 -1.3017621272550564 0
CAR 0.0 0 2.8348797247061963 705.5239440485382 126.40349864293206 1016.1717443790416 735.6549054512582 4.449 3.1064 14.302 21.70689022236799 -14.473623714361624 -5.4278 1.6941678493973105 0
CAR 0.0 0 -1.0326040229911266 349.49477315013155 415.5257690514183 558.8554246988807 528.0201083502477 1.5443 1.9623 4.0978 15.688290477346097 31.164847805862472 -7.4616 -1.8023740043592795 0
CAR 0.0 0 2.4784709196073065 52.10766435456336 216.2840815674422 442.4165584975695 584.8151129655741 4.1117 3.1104 3.5612 20.491392966906623 -6.267064909416299 -5.5624 1.873947619641542 0
PEDESTRIAN 0.0 0 -1.384597386153956 1122.8021250857087 374.0456276267091 1164.4337758531447 445.7203039865903 1.7091 0.758 0.7219 30.50919568453243 21.306052848720636 -6.9127 -2.611545737766429 0
PEDESTRIAN 0.0 0 -1.6845595406660239 1153.2368208591522 373.73559431180735 1195.4097961451814 447.3611102768915 1.7376 0.7422 0.7187 30.62888956232821 20.411704247047822 -6.8157 -2.9193361529274826 0
CAR 0.0 0 3.0583442125178246 2192.115672513015 215.70898424966447 2483.225982744568 328.3471196191105 1.543 1.9551 4.1131 29.22100992354799 -49.27509945495692 -6.1946 1.602812055582205 0
PEDESTRIAN 0.0 0 2.981639926868175 1129.4263489283555 137.46098114369204 1167.3461194606627 206.80718581672787 1.7 0.7538 0.7055 38.8435 -23.3073 -5.7976 1.5594767795872573 0
CAR 0.0 0 3.0267598585769946 1525.5714377323443 200.68678836626904 1713.630376781028 310.3069639302925 1.5805 1.9518 4.1417 31.841962564305966 -33.17626792723917 -6.3762 1.6116454910625055 0
