CAR 0.0 0 2.686382011415483 1340.9704026272634 200.00806610678686 1538.1619231212956 312.16555838317146 1.5683 1.9824 4.1753 25.03697095922737 -23.00738563112527 -6.7242 1.2904051040461615 0
CAR 0.0 0 2.646864832309242 1379.8041428422116 208.03717429691986 1636.7909714883997 349.32342535414614 1.6094 1.8776 4.9449 21.338566578735424 -21.43517982492125 -6.2139 1.2570095736052027 0
PEDESTRIAN 0.0 0 2.895622344639049 627.1712181684225 127.698707464829 664.3211899869472 195.13968946933247 1.7016 0.7772 0.6957 39.71481205403635 -6.745352908819853 -6.3348 1.5692703461305249 0
CAR 0.0 0 -1.2996160152900558 220.7748444473868 422.2411220569954 433.4545511263585 543.2141051574174 1.5083 1.8983 4.1522 23.60398129034733 40.43350360023597 -8.1788 -1.9008039597235955 0
CAR 0.0 0 -1.1064132194942 392.0480939458217 425.3734352381871 586.8722330904609 545.6882259108597 1.4958 1.977 4.1388 25.150785599481985 37.038117688285475 -8.1989 -1.900855273565694 0
CAR 0.0 0 -3.649742537540762 -667.999559406424 103.32854893519182 -1.3899852206178016 524.9403330906525 3.4934 3.115 10.3352 25.97671742512872 9.110802095914242 -5.0918 -2.8816397629435233 0
CAR 0.0 0 -1.4562745805376358 116.0795817920651 382.26828164862036 313.3241447164649 482.71963005419076 1.508 2.0028 4.001 25.689951824120104 46.61994790598406 -8.2196 -1.921975704819857 0
CAR 0.0 0 -3.436153501488196 -437.04329892325046 269.3540130207817 -78.8087249261684 515.1418459293166 2.4532 2.2469 1.9737 21.54278937272814 7.897988678203924 -5.6178 -2.872318579857749 0
WHEELER 0.0 0 2.6060852336486087 1533.6525761218827 334.35817898349285 1689.5600802868614 471.6047806736314 1.6332 0.8894 1.834 15.211356972573906 -18.223267603511257 -6.5953 1.2795230550680976 0
CAR 0.0 0 2.629792813602804 1394.2477991838289 227.72741663742994 1658.466471488891 383.71876094016875 1.654 1.8689 4.1757 18.57714277885996 -19.224245966451313 -5.8865 1.2547721101000144 0
CAR 0.0 0 -2.246141471951492 -4.2226100817363275 462.4809972838073 400.97232693404595 988.9343416034831 2.3003 2.4332 5.4943 13.501870365758268 1.86435446118275 -6.725 -2.5668082715451543 0
