CAR 0.0 0 -0.04295482938360995 1147.3373925953526 202.7077407726492 1269.7169996377559 277.6471635427907 3.0887 3.0353 7.0662 63.10009126245325 37.86509890524641 -5.5641 -1.418903573797595 0
CAR 0.0 0 -1.7908033486048418 1767.8646698487605 367.585591572215 1907.978719384898 484.27205518540006 1.661 1.8473 4.112 35.5299025743192 5.893567703269786 -5.6812 -3.135605278161685 0
CAR 0.0 0 2.948574834769558 1348.8342987156525 191.2534493860625 1511.5735975025439 305.4184354899543 1.7 1.937 4.0135 31.982901841363663 -28.473502178289813 -6.2264 1.5487642730096802 0
CAR 0.0 0 -1.2835698783371257 213.17747334192993 428.3265077234207 446.64164193207506 557.9017373609148 1.7 1.9714 4.0628 12.793502803915016 31.345800071087424 -7.4038 -1.877003294840088 0
CAR 0.0 0 -1.1050895323786167 391.41340340038926 439.8354440287909 584.2157745181131 551.2065580342603 1.4656 1.3758 3.7786 15.081697577759517 28.711399350278796 -7.4477 -1.8856458483840466 0
CAR 0.0 0 -1.143758179389521 246.3270781298057 323.2110148384104 535.7448562874778 491.1599073167458 3.0074 3.0141 6.0193 16.849866350065405 35.94350768534445 -6.7457 -1.917786575270122 0
CAR 0.0 0 2.946078399746632 1401.9037984723718 229.36612057097832 1599.0117189396242 357.28235881469305 1.5329 1.947 4.1625 27.87317996213013 -28.178650992541513 -6.1782 1.5674036341292166 0
CAR 0.0 0 -1.4356877823819165 124.71524827835208 395.45403889673673 333.52840148202705 495.21343126125134 1.5121 1.9339 4.1099 13.39060320096335 38.138287794392916 -7.6011 -1.9132188092271625 0
CAR 0.0 0 -1.6448364336535046 1757.0825440680026 279.45084708421496 1907.010865627749 408.07634248285757 3.3377 3.0755 3.0748 51.27982309163457 8.070901778091407 -5.9795 -3.031595390596638 0
PEDESTRIAN 0.0 0 2.915374380279604 624.156906740305 127.76406764947535 666.5923385609026 202.48033881695585 1.8579 0.9295 0.9471 41.41599753310494 -9.189798138334984 -6.0836 1.594447662458931 0
CAR 0.0 0 -1.672763119164647 73.94705215749285 -34.42592480433995 307.33974332956103 117.58936588329934 4.1862 3.2286 10.2919 57.229479272975624 8.665949361720138 -4.2942 -3.062835902477131 0
CAR 0.0 0 -1.4653518987262888 75.4378577930674 339.22840668405473 249.47502252265858 415.53863130649574 1.5206 1.9327 4.0484 15.364190964777082 47.76159906952943 -7.4583 -1.8734535741965284 0
CAR 0.0 0 -1.3040848607919662 226.84112170157593 336.18775795080893 390.1884183773565 417.8147537924466 1.7 1.6238 4.0308 18.111502077321273 43.782700218390765 -7.2916 -1.9923975746503848 0
CAR 0.0 0 2.926443530471219 1396.6778461153183 279.2679694668614 1626.0428213915573 442.54421022158715 1.7 1.9624 4.2616 24.35333455507721 -26.704674502816975 -6.4566 1.58896339585535 0
WHEELER 0.0 0 2.8886030846415087 1526.527517300477 344.5298889188375 1651.3917116360772 479.7130287876013 1.7 0.8106 1.621 21.18192237651695 -26.601358034860677 -6.3809 1.5710430576065737 0
