CAR 0.0 0 4.365370321768117 1548.5061063463752 338.4872821013663 1643.210418873842 431.4872756453472 1.7 2.0096 4.0382 43.741583543989336 12.619349221244631 -6.8888 3.0305542597368387 0
CAR 0.0 0 1.4868628980638896 445.1918381761117 -28.22036725494442 529.6734917442419 44.93283538810607 3.8144 4.294 14.4415 108.88878206176504 -7.033852648505711 -6.7673 -0.07055447025630554 0
WHEELER 0.0 0 4.147562709176128 936.8569278978738 292.40660650437076 1014.19224154471 413.66410959298895 1.7142 0.8998 1.2689 20.82614791336485 -9.198822406863819 -6.5743 2.923203751278585 0
CAR 0.0 0 4.73087239418947 4253.66165256174 -2534.3446356170884 8464.9143037501 -914.2966603454254 1.5496 1.899 4.5119 -0.27192005633745087 25.158467979645902 -6.1851 2.908759720465137 0
CAR 0.0 0 2.713521524344743 1334.9122628105622 201.62059656075627 1532.7522894655158 314.74719771738853 1.5683 1.9824 4.1753 24.907306145948464 -22.723234802119602 -6.7242 1.3196352731250365 0
CAR 0.0 0 4.467422596082769 1707.2909748887632 331.58282846911095 1854.62439515068 452.77503205085355 1.9963 2.2756 5.9988 44.6088045117561 7.861811199298213 -6.704 3.112194976680202 0
CAR 0.0 0 1.3739668226707984 1839.8530005688583 244.527782963667 1905.7032288764929 283.8358084377113 1.515 1.9112 4.1456 89.08180270311169 -4.145112141497139 -7.135 -0.05687467264143218 0
CAR 0.0 0 4.892732006371309 -24359.962177088084 -16064.598222547675 35372.35397871477 7590.5974558483 1.7 1.9258 4.0952 5.246184526452869 19.679284085435338 -6.9836 2.8692159429930832 0
CAR 0.0 0 2.779441241577441 2088.3698491724076 198.4837294217324 2423.089146070299 322.8795029563463 1.6094 1.8776 4.9449 17.275267866285652 -40.21445499303825 -6.2139 1.322635398892886 0
CAR 0.0 0 4.2467515398467865 1430.6112013536547 326.8036733828754 1513.7678827847817 418.7748715216821 1.7 1.9566 4.2746 43.031645526428676 15.934988472513897 -6.7401 2.9225855571353128 0
