CAR 0.0 0 2.763806161732278 1302.1293576236808 201.43934895963443 1496.4870544818818 314.84308874771006 1.5683 1.9824 4.1753 25.15740855561962 -21.90429113373638 -6.7242 1.3741635267880512 0
CAR 0.0 0 4.397865215086795 1704.02113509562 325.9253210646572 1846.400878552685 442.76912443923635 1.9963 2.2756 5.9988 45.78011813783826 7.810801545138234 -6.704 3.0391535883885274 0
CAR 0.0 0 2.768304959669275 1378.1922374745184 209.12855132068967 1636.0802065199105 351.225075691649 1.6094 1.8776 4.9449 21.248481072683433 -21.31876194148515 -6.2139 1.3795353276698106 0
PEDESTRIAN 0.0 0 2.9071994150696003 631.0235448288593 127.24994252890313 668.0277117793738 194.52894604073657 1.7016 0.7772 0.6957 39.774372023988576 -6.86453737666092 -6.3348 1.5787143958338035 0
CAR 0.0 0 -1.1326770508617732 198.21556568703397 428.70812316763306 417.6422744289629 553.2884728185667 1.5083 1.8983 4.1522 22.945384502299472 40.30989019226199 -8.1788 -1.6986471999023898 0
CAR 0.0 0 -0.9263548875763621 379.1000155299896 430.8008535892931 578.5258447073967 554.0790970798104 1.4958 1.977 4.1388 24.623396228941544 36.886112875677135 -8.1989 -1.702920799359803 0
CAR 0.0 0 4.490982686897951 1692.317204994351 204.3168895723713 1845.7689042756701 328.7600051687413 3.4934 3.115 10.3352 63.88829740803162 5.5747651449512405 -5.0918 3.0676513757056805 0
CAR 0.0 0 -1.278670045876898 85.450238912716 382.32414465865514 286.06575514969575 483.0721959263612 1.508 2.0028 4.001 25.33851682786901 47.2450238847001 -8.2196 -1.689088395475315 0
CAR 0.0 0 4.46679352115158 1729.1374831208732 256.05196504341245 1826.7665499533546 339.502527607665 2.4532 2.2469 1.9737 56.727853622685416 6.075465464527673 -5.6178 3.061520652592247 0
CAR 0.0 0 4.839248634687773 4212.807742624628 -3206.881924849395 8321.924625902759 -1169.2159364042313 1.7028 1.988 4.1224 -1.2202219906403866 24.027665508927626 -7.5202 2.9486114755928803 0
CAR 0.0 0 4.983664615852544 -52536.595090119015 -48766.02228789595 115822.67016737931 24925.730763690317 1.7 1.9526 4.3411 6.465094993799141 18.74632207981294 -6.8415 3.0743717585367114 0
