CAR 0.0 0 -0.03384164866122141 1150.2967677980093 198.23678532063806 1269.0983960800327 266.17421094040225 2.7763 2.7552 7.2016 63.06804175261663 37.80568558552761 -5.1699 -1.416192480697106 0
CAR 0.0 0 -1.6932633451410113 1484.7601715280632 330.37847789448836 1603.3112952984854 415.0207812133399 1.7 1.9575 4.0881 41.89972904703104 14.186029622134777 -6.4594 -3.02834391244896 0
CAR 0.0 0 -0.8438565393135689 553.6999120227238 422.81177122484775 672.8245606162426 491.1035627978954 0.9948 1.2858 2.4998 18.736343370435286 29.167496333163577 -7.372 -1.775525625662608 0
PEDESTRIAN 0.0 0 -0.013568268293907115 3385.3306990802253 934.0569111392899 3871.829477573108 1170.71882981089 1.7 0.9483 0.6324 7.0434 -35.0259 -6.4597 -1.3017621272550564 0
CAR 0.0 0 2.885248320969251 902.7521462154864 123.77591765717982 1282.0308507734023 706.4998146072166 4.449 3.1064 14.302 22.13304154765482 -17.382380305006738 -5.4278 1.6592613048013087 0
CAR 0.0 0 -1.033364700919197 349.0163614564855 415.79366061404147 558.5956968713556 528.4298695590156 1.5443 1.9623 4.0978 15.666561181321423 31.143737238932047 -7.4616 -1.8023740043592795 0
CAR 0.0 0 2.6001266274384274 305.64477596720104 202.37153134076024 615.6890917470328 548.4058547715142 4.1117 3.1104 3.5612 21.47955779377046 -8.93017459776742 -5.5624 1.6819620543193132 0
PEDESTRIAN 0.0 0 -1.3842483907341725 1121.7668913289401 373.3029091190487 1163.267562505607 444.7711355612936 1.7091 0.758 0.7219 30.579556733464816 21.38601818535916 -6.9127 -2.611545737766429 0
PEDESTRIAN 0.0 0 -1.684553342939136 1152.4393992020466 373.47524917391837 1194.5602413461343 447.0284249665377 1.7376 0.7422 0.7187 30.645324277761812 20.447375112600835 -6.8157 -2.9193361529274826 0
CAR 0.0 0 -1.600288572164574 1717.4135910581413 254.2970279757261 1795.1895608141754 304.54685667753284 1.5772 1.9628 4.1479 67.14605057930487 13.013568357970438 -5.7409 -3.013776834973142 0
CAR 0.0 0 3.067373309514112 2362.020998921607 214.53574054394005 2672.2675541775625 325.0128384493066 1.543 1.9551 4.1131 29.326137225329607 -54.144227696763885 -6.1946 1.602812055582205 0
