CAR 0.0 0 2.5499727273902164 921.080902366128 205.83221822587035 1077.2511028613046 326.15798889511393 1.5683 1.9824 4.1753 27.256654706889346 -12.388709448826981 -6.7242 1.2376894956321425 0
CAR 0.0 0 2.607892080406115 698.3021143769303 216.5837209745862 864.1723514722269 374.3025318824892 1.6094 1.8776 4.9449 24.597063997969286 -6.636251596997146 -6.2139 1.3949195604692837 0
CAR 0.0 0 -1.56143454948919 331.84917211575583 510.5432545413795 580.9540298036034 680.9131024188982 1.5083 1.8983 4.1522 19.492865907175368 32.857066974090465 -8.1788 -2.222366393346322 0
CAR 0.0 0 -1.3015427129062802 538.8154280122825 489.2487630618573 748.5598870332276 643.6495831217297 1.4958 1.977 4.1388 22.287496451214448 30.704982820677277 -8.1989 -2.156452532970008 0
CAR 0.0 0 -0.22949381927199353 3475.464484751034 176.71848041833144 5282.478587907816 565.0473072425211 3.4934 3.115 10.3352 -0.3137972419002164 -61.8602579855347 -5.0918 -1.7195019127797606 0
CAR 0.0 0 -1.569777577641705 168.99866953564666 407.85563589171966 376.0677475055189 520.1029783601814 1.508 2.0028 4.001 24.245700215280053 42.907218763040255 -8.2196 -2.106224422006801 0
WHEELER 0.0 0 2.7990425076499825 1514.1445174334895 335.53524343118477 1668.7802100953643 473.4308363621933 1.6332 0.8894 1.834 15.264191571410844 -17.837977004099667 -6.5953 1.476332299180062 0
CAR 0.0 0 2.8364147663522603 1397.5355470700522 225.16005607992068 1659.6590166859837 379.2464152503572 1.654 1.8689 4.1757 18.754025883926385 -19.449395834796892 -5.8865 1.4589234827140756 0
CAR 0.0 0 2.76378371235403 1502.3242105490967 170.6385772145665 1740.923219221274 297.0337521637307 1.8284 1.8307 4.868 23.72837601631762 -27.189212335761052 -6.1655 1.334706625471706 0
CAR 0.0 0 2.765720109137966 1768.0062869039186 303.51962112681787 2139.1567707650597 493.5624679985533 1.7 1.7312 4.5344 13.838 -24.3783 -6.639 1.394397955834217 0
PEDESTRIAN 0.0 0 2.83593220422999 1818.753465505747 383.86290027246866 1884.7550131249816 465.04617159764985 1.7 0.84 1.0688 40.1558 6.8929 -6.6552 1.4902160803572406 0
CAR 0.0 0 2.7225885554104474 1998.8140872686365 307.27444396771693 2400.740253663 491.98463319224646 1.7 1.6226 4.5676 12.56793055296071 -29.127076331321373 -6.7663 1.329991552531325 0
CAR 0.0 0 -0.2877730248155952 3066.8018371857806 386.9370010736539 3804.074183965452 622.11690572397 1.7 1.8024 4.8041 3.279341494291932 -43.15523404174745 -6.8769 -1.7141218927926827 0
CAR 0.0 0 -1.2832105227491488 340.8778211137233 376.41295587688165 559.8470792170338 516.5466745575225 2.0921 2.2958 4.814 26.592886484040744 39.41910864144084 -7.8814 -2.0802228104013043 0
CAR 0.0 0 -0.5028908669967376 2536.427786417424 441.54394379929295 3319.5731525673787 753.9841244638943 1.7 2.0578 4.8188 4.825252737024503 -29.040087288205182 -6.6853 -1.8746001757889328 0
CAR 0.0 0 -1.6529233255078923 96.03230463749325 339.1336780339441 265.7149874434294 426.02645072760316 1.7 1.8129 4.0976 29.93860200302064 53.28370425600226 -8.412 -2.098775480781578 0
