CAR 0.0 0 -0.040578231832210765 1141.9231128529711 203.37320278918742 1265.485392693461 279.02865697344316 3.0887 3.0353 7.0662 62.40158744763015 37.75440718011482 -5.5641 -1.4149697506383534 0
CAR 0.0 0 -2.2242494136965996 -253.86076998919518 377.75341517515346 160.26252480822214 657.2926983217886 1.661 1.8473 4.112 17.028288460304335 -4.108599675083072 -5.6812 -2.168241817566461 0
CAR 0.0 0 3.0232596019593645 1354.518159167511 193.11504637862208 1519.1837159913152 308.20740966845625 1.7 1.937 4.0135 31.75404578103781 -28.535978963104185 -6.2264 1.6242341597410155 0
CAR 0.0 0 -1.2502356466613067 200.7265255581267 428.55764843540595 435.4548008823564 558.3439433130961 1.7 1.9714 4.0628 12.6058617336538 31.508849729577797 -7.4038 -1.826574111919186 0
CAR 0.0 0 -1.070203383526467 383.1020975779445 439.93829734640116 576.6954358044156 551.402121403195 1.4656 1.3758 3.7786 14.95674267568607 28.82869912940445 -7.4477 -1.8424388529812492 0
CAR 0.0 0 -1.0439082067076444 244.0562625636104 322.5818459668135 532.9259333746601 489.9215235358024 3.0074 3.0141 6.0193 16.85879780477555 36.09531672178262 -6.7457 -1.8157902456131392 0
CAR 0.0 0 2.9770965353462238 1400.7566091084661 231.07523126609584 1598.882436752327 359.9647830578502 1.5329 1.947 4.1625 27.707121075758955 -28.082810000016668 -6.1782 1.5999076178923881 0
CAR 0.0 0 -1.3605373930600906 115.26846524006197 394.9489233940208 324.46009544966887 494.51728339181534 1.5121 1.9339 4.1099 13.257261650977515 38.371121525317136 -7.6011 -1.8219666918375406 0
CAR 0.0 0 -1.6725986938044977 1685.561577614635 364.64450716155903 1919.8720829165632 580.1394475053113 3.3377 3.0755 3.0748 31.67677376706731 6.019563946110925 -5.9795 -2.9906272296697853 0
PEDESTRIAN 0.0 0 3.120991636831865 618.6556367293671 126.8913783314538 661.2183617252526 201.371420336425 1.8579 0.9295 0.9471 41.57027799008127 -9.018568476068136 -6.0836 1.8006514064715926 0
CAR 0.0 0 -3.5073121849816022 -316.18191050461735 2.2469585659331175 142.54200363572815 255.37804039238898 4.1862 3.2286 10.2919 37.48515371782433 6.8177076877748775 -4.2942 -2.999648394416116 0
CAR 0.0 0 -1.4320701045663946 69.65846785172575 341.35091144235264 245.59655544333333 418.6018871299871 1.5206 1.9327 4.0484 15.107734211236187 47.440639699502526 -7.4583 -1.826875486489279 0
CAR 0.0 0 -1.143655957990616 209.5039575921237 337.2006534283827 374.7842453114971 419.38187832838463 1.7 1.6238 4.0308 17.679790936079087 43.936277229881874 -7.2916 -1.8037533996333603 0
CAR 0.0 0 2.952364612295998 1402.1444943328781 276.84039825222567 1630.7580582697008 438.5262553997087 1.7 1.9624 4.2616 24.53589837309564 -26.8960899190562 -6.4566 1.6121176661405914 0
WHEELER 0.0 0 2.9520213897993006 1544.1728786241736 345.19940347312075 1671.004215246983 480.4950848556329 1.7 0.8106 1.621 21.134930236445687 -26.897799939696505 -6.3809 1.632072091436402 0
CAR 0.0 0 -2.794670078640383 -472.7686203574428 286.03637925488283 51.70494892317879 605.6018012515215 2.4731 2.3456 5.5455 20.439529666406337 -0.26643157241937887 -5.965 -2.393317886289344 0
CAR 0.0 0 3.072827495058609 1872.65561815407 300.0179850734886 2219.1447810504546 485.704867354703 1.752 1.7066 4.502 21.852694533685057 -35.107396039475915 -6.3051 1.6906731672187092 0
