CAR 0.0 0 4.344904534617457 1562.1127652777138 326.8831317536442 1653.1749851983618 413.55599291187264 1.7 2.0096 4.0382 46.36314207802882 12.13335773230954 -6.8888 2.9997781404841044 0
CAR 0.0 0 -0.19562558237663819 1115.2090975579702 185.04874317385304 1202.7699832361577 259.1481603313778 3.1128 3.0226 6.773 73.47935461938592 32.805214574025314 -5.828 -1.5785158727392246 0
CAR 0.0 0 1.2868772707395923 369.9860881332483 60.44886986345791 433.4784555724036 122.33777082968855 1.7 1.967 4.5895 59.46548144475493 -0.439310589117778 -6.577 -0.062182613252866906 0
CAR 0.0 0 2.726243094343051 1777.7824103127946 180.49312474102408 2063.8193394831137 397.5705036576293 3.4115 2.7462 2.4608 16.76247917218534 -27.562581721288204 -5.8128 1.3026809337150287 0
CAR 0.0 0 2.672265463381966 1460.2688845429782 272.8575563009435 1732.66711520107 426.9665112235612 1.5441 1.9368 4.2225 18.044668671834163 -20.698511801635878 -6.7047 1.315638311855022 0
CAR 0.0 0 -1.1620872510471294 300.5156337156249 255.59145599248512 769.4291146069243 504.47264682681333 3.8144 4.294 14.4415 31.843135249641573 39.778622686769616 -6.7673 -2.1449448642202427 0
CAR 0.0 0 1.3775722100728534 417.44906914540053 25.307783911427308 462.13219448527985 69.3155391438433 1.7 1.7559 4.4079 78.79829949135546 -2.637409667044228 -6.7373 -0.08718951402995222 0
CAR 0.0 0 2.670588756112794 1569.5256644527412 307.2593572472394 1937.9941510798405 510.89462494000867 1.7 1.9879 4.7683 14.659721780564068 -20.537494553656416 -6.6494 1.32678529446248 0
CAR 0.0 0 2.6987322946578276 1895.2732342727716 313.8834455288142 2280.6123860062185 491.9355073316177 1.5135 1.9357 4.3357 12.90959782896851 -26.51094335137667 -6.6523 1.3170072877489005 0
CAR 0.0 0 2.7426873086963033 2196.9718161554993 267.86506050678014 2740.8868810499316 486.47701509388514 2.0943 2.4031 5.4998 11.269135243566781 -34.22509515359237 -6.4152 1.3212931812686357 0
CAR 0.0 0 -0.2869235455476129 3790.9928695170374 272.62693299998017 4830.432122647851 536.0326429755107 2.7252 2.5328 6.0568 -1.2996197905859095 -65.66439486637502 -6.1749 -1.7657681287947185 0
CAR 0.0 0 2.7463059345474505 1878.9278390405575 123.11432806883408 2648.6393044450924 467.4906144486635 4.1983 3.0119 9.4432 14.986277110745522 -33.296954945745526 -5.5448 1.2985633238758703 0
CAR 0.0 0 5.043312151761677 3796.0261959679538 -33955.21163694837 81283.49691903261 -731.5855662935282 3.8072 3.3433 7.7358 0.6272225587157454 23.156742363894068 -6.4136 3.128411824502694 0
WHEELER 0.0 0 4.006363561043775 802.5681327569679 166.39179759257598 851.8197017430738 246.5736535931381 1.7142 0.8998 1.2689 33.4645 -10.3208 -6.5743 2.679422543851173 0
CAR 0.0 0 1.4381453046306012 459.8597108509024 143.8473156228372 554.7260712261802 234.53089672086827 1.5813 1.9585 4.1006 39.41073363947242 -2.776202959655448 -6.7996 0.22220607584723173 0
CAR 0.0 0 5.011257877876425 2571.999524563979 -1473.7876569822008 3623.396572855947 -558.5664625625395 3.853 3.0824 3.0601 -7.8491911294585535 23.385185963693598 -6.7871 3.1406039583987275 0
CAR 0.0 0 2.7697765477187954 2535.9322829641205 267.9239168686636 3004.747627129567 434.37373925185256 1.7 1.956 4.407 9.645999284083617 -41.00456203013846 -6.175 1.3238232411917104 0
