CAR 0.0 0 4.344913134960043 1562.1312074530642 326.8748236192034 1653.1917719234702 413.54311670694875 1.7 2.0096 4.0382 46.36527815735033 12.132722256576189 -6.8888 2.9997781404841044 0
CAR 0.0 0 -0.19570430642119097 1114.2276723075126 184.97818954959754 1201.79786412617 259.0324303043125 3.1128 3.0226 6.773 73.4967138030326 32.864068435508166 -5.828 -1.5785158727392246 0
CAR 0.0 0 -0.41519600987905525 -108500.57940521382 -71016.7771967682 166494.47423932608 24854.722014583764 3.8081 2.9722 2.9156 6.284301284621288 21.204872090113266 -7.0351 -2.7586485498164985 0
CAR 0.0 0 1.6341342883977115 391.95667265879587 151.40448049137345 494.33631649222565 261.23827957987487 1.7 1.967 4.5895 36.449195334331016 -0.9935998144761191 -6.577 0.4963227473853184 0
CAR 0.0 0 2.7600313250698116 1789.826620777612 183.58519003636073 2080.724628857089 403.3422258946159 3.4115 2.7462 2.4608 16.440931162056295 -27.504643641235653 -5.8128 1.3375848610735979 0
CAR 0.0 0 2.706604201845324 1461.4145105429034 273.864335075542 1734.8684016532416 428.6138487991322 1.5441 1.9368 4.2225 17.97103596029387 -20.66331103028786 -6.7047 1.3505448968949083 0
CAR 0.0 0 -1.1674125218927638 288.6110995056328 252.97341179039566 754.9213595841246 496.24789743518454 3.8144 4.294 14.4415 32.182436397478256 40.5333441306234 -6.7673 -2.1449474830704642 0
CAR 0.0 0 1.2241130022713143 336.503844957235 97.34970938626745 407.0910080962128 174.23726766838948 1.7 1.7559 4.4079 49.39363482710904 0.6565925137583175 -6.7373 1.7347234759768074e-17 0
CAR 0.0 0 2.687745896082961 1568.7555651120676 307.537927986302 1937.4080005707713 511.41501185456394 1.7 1.9879 4.7683 14.649513542058111 -20.508650030559853 -6.6494 1.3442412450683325 0
CAR 0.0 0 2.743115958760007 1885.283671712822 310.8511655301364 2265.5559612403435 486.8827809825647 1.5135 1.9357 4.3357 13.115943680206989 -26.529336272567235 -6.6523 1.3606471207830029 0
CAR 0.0 0 2.7952884947884753 2203.7977642052647 268.2998765977099 2749.7728324305704 487.2056034315028 2.0943 2.4031 5.4998 11.202721561651103 -34.32524366202015 -6.4152 1.373653058828467 0
WHEELER 0.0 0 4.006363561043775 802.5681327569679 166.39179759257598 851.8197017430738 246.5736535931381 1.7142 0.8998 1.2689 33.4645 -10.3208 -6.5743 2.679422543851173 0
CAR 0.0 0 -0.3444672291587223 2793.751283577682 325.4452769275423 3831.212678286192 695.4531849986002 2.7252 2.5328 6.0568 3.953286673715158 -36.93214719187919 -6.1749 -1.7657681287947185 0
CAR 0.0 0 2.781076227754916 1883.5227330851628 123.70373738658718 2657.719420220691 469.3502833825002 4.1983 3.0119 9.4432 14.890500231489778 -33.31945200729498 -5.5448 1.33346725123444 0
CAR 0.0 0 -1.8941904549444266 24.47196678159913 466.0518899149604 786.5577240450128 1148.8969756034378 3.8072 3.3433 7.7358 12.617660307401206 26.071777282942044 -6.4136 -2.421735196839274 0
CAR 0.0 0 1.3769040637870895 413.8345469455544 42.95287152786575 468.1287389426065 90.35299037085005 1.5812 1.954 4.102 69.37891156242917 -2.3080253471027774 -6.7166 -0.04509067952594804 0
CAR 0.0 0 -0.4972061040941127 2016.3071014606733 489.44272578582076 2602.216241405291 791.6510653620677 1.5356 1.9913 4.1053 7.058549950387872 -20.47923404217634 -6.8917 -1.7996717894500955 0
CAR 0.0 0 2.8222626405204396 2531.772130883069 267.0997903109075 2998.6586778902624 432.9938090800389 1.7 1.956 4.407 9.712100769966119 -41.01722430962445 -6.175 1.376151241939065 0
