CAR 0.0 0 -0.03384117222148175 1150.2987532844504 198.23661736100743 1269.1000357528098 266.1738622028887 2.7763 2.7552 7.2016 63.06825319528201 37.80569738752314 -5.1699 -1.416192480697106 0
CAR 0.0 0 -1.6932624726726022 1484.7699314016907 330.3792492322111 1603.3211182535742 415.0218922820873 1.7 1.9575 4.0881 41.89978714049428 14.18575974066749 -6.4594 -3.02834391244896 0
CAR 0.0 0 -0.8502121146036922 575.0140737941833 427.4512731658796 694.837281434133 497.0612110982558 0.9948 1.2858 2.4998 18.78917331039481 28.372011243217866 -7.372 -1.792968648584981 0
PEDESTRIAN 0.0 0 -0.013568268293907115 3385.3306990802253 934.0569111392899 3871.829477573108 1170.71882981089 1.7 0.9483 0.6324 7.0434 -35.0259 -6.4597 -1.3017621272550564 0
CAR 0.0 0 2.6932957277933736 173.0037166596334 136.20926257836766 695.8006462451244 822.3871411998634 4.449 3.1064 14.302 20.419278924491415 -9.972256546828985 -5.4278 1.8337940302354663 0
CAR 0.0 0 -1.0336039213678347 349.1996846382963 416.25065126818015 559.0700184928052 529.1232326630568 1.5443 1.9623 4.0978 15.645015299135718 31.09167550246636 -7.4616 -1.8023740043592795 0
CAR 0.0 0 1.830782834832859 -541.3056618632885 268.92159845312534 88.0776035402766 716.9271555988264 4.1117 3.1104 3.5612 17.48154793606958 -2.1465642560437064 -5.5624 2.205547053740348 0
PEDESTRIAN 0.0 0 -1.38446517332983 1120.7859016705318 373.2344125477406 1162.263616913132 444.68753102213117 1.7091 0.758 0.7219 30.568613471178068 21.411237481734915 -6.9127 -2.611545737766429 0
PEDESTRIAN 0.0 0 -1.6841348271094252 1155.852420454181 374.0625730910999 1198.111229617602 447.7715732211868 1.7376 0.7422 0.7187 30.63960420877628 20.335004515582852 -6.8157 -2.9193361529274826 0
CAR 0.0 0 3.0392815140335676 1924.9942279444665 220.46329336822737 2187.038118856155 338.08717223237414 1.543 1.9551 4.1131 28.747726468424517 -41.67437933570992 -6.1946 1.602812055582205 0
CAR 0.0 0 3.044838570931265 1388.4900880098435 202.31485059687589 1559.7789818149524 313.9950226574388 1.5805 1.9518 4.1417 31.65115657162955 -29.43621064411214 -6.3762 1.6465520761023922 0
PEDESTRIAN 0.0 0 2.9764400937983995 1055.4227442450224 132.32542983910113 1089.963281075689 200.67006212876572 1.7 0.7538 0.7055 39.676932471034725 -21.313583160207756 -5.7976 1.5594767795872573 0
