CAR 0.0 0 -0.03384321495444298 1150.2902405598545 198.23733748348513 1269.0930056978873 266.17535740675015 2.7763 2.7552 7.2016 63.06734664711229 37.80564678715155 -5.1699 -1.416192480697106 0
CAR 0.0 0 -1.6932662133685978 1484.7280869311437 330.3759421978725 1603.2790033150452 415.0171286887533 1.7 1.9575 4.0881 41.899538068138526 14.186916841812417 -6.4594 -3.02834391244896 0
CAR 0.0 0 -0.845043603493811 563.8874272135401 420.8255444484566 681.7831969479946 488.4896897130301 0.9948 1.2858 2.4998 19.031676424591772 29.181106383107327 -7.372 -1.7865024296943284 0
PEDESTRIAN 0.0 0 -0.013568268293907115 3385.3306990802253 934.0569111392899 3871.829477573108 1170.71882981089 1.7 0.9483 0.6324 7.0434 -35.0259 -6.4597 -1.3017621272550564 0
CAR 0.0 0 2.9418799682938293 1219.2139710085455 122.26265772452525 1879.3959082091371 668.012324987044 4.449 3.1064 14.302 22.570375007182058 -24.53666679012844 -5.4278 1.6068749937420925 0
CAR 0.0 0 -1.033237579268572 349.2604151865218 415.9319965406136 558.9123466255123 528.6386311588474 1.5443 1.9623 4.0978 15.66294769221575 31.12491541173872 -7.4616 -1.8023740043592795 0
CAR 0.0 0 2.8397925176748924 858.3195317558659 191.3066146486169 1082.7893332424035 512.3582721577426 4.1117 3.1104 3.5612 22.353688170972212 -16.307675539964396 -5.5624 1.612155892899259 0
PEDESTRIAN 0.0 0 -1.3850062699798105 1121.2474247181513 374.0125873200327 1162.8546441021679 445.68477333091516 1.7091 0.758 0.7219 30.482678295247755 21.339884334926477 -6.9127 -2.611545737766429 0
PEDESTRIAN 0.0 0 -1.6846795738108822 1154.3052233840365 374.21659710779795 1196.5694786199376 447.97763364605174 1.7376 0.7422 0.7187 30.590757708879284 20.353996076631077 -6.8157 -2.9193361529274826 0
PEDESTRIAN 0.0 0 2.98157848990815 1204.9639563251808 149.06006186623236 1245.8515031751615 218.4429496838254 1.7 0.7538 0.7055 38.43607344183103 -25.424663631745236 -6.0274 1.5594767795872573 0
CAR 0.0 0 3.087134458171839 2751.5468256576473 203.76309867632904 3090.9031693406537 305.191554247828 1.543 1.9551 4.1131 30.583 -67.444 -6.1946 1.602812055582205 0
