CAR 0.0 0 4.461406338961595 1561.5245572683125 327.14812203762347 1652.639488964934 413.9667346731749 1.7 2.0096 4.0382 46.2951 12.1536 -6.8888 3.11655435550722 0
CAR 0.0 0 -0.3304816039095446 1147.0123217535074 187.3324082266689 1234.242638416625 262.89941002822195 3.1128 3.0226 6.773 72.9264 30.9305 -5.828 -1.7158531596828857 0
CAR 0.0 0 -1.5365682083890475 433.9906189829519 593.3180779337572 832.8606420651803 1095.0421671360493 3.8081 2.9722 2.9156 12.569828804147548 23.886061878313512 -7.0351 -2.204402495276938 0
CAR 0.0 0 2.333787890190692 708.6042881044842 188.20236796862577 848.7161012154071 316.73335558629185 1.7 1.967 4.5895 29.338679562809467 -7.856505117190785 -6.577 1.0736108112055252 0
CAR 0.0 0 -0.2622840438548222 3905.631626607263 164.0004596164036 6260.760678722466 580.152159815622 4.6414 3.6368 14.786 -5.682371635011599 -91.47633463919206 -6.1579 -1.763346625374898 0
CAR 0.0 0 2.647728368628064 1766.5855982192033 181.49253797766158 2052.9115400129367 399.80120490438765 3.4115 2.7462 2.4608 16.746 -27.213399998510454 -5.8128 1.2258169406910011 0
CAR 0.0 0 2.6736791622293157 1463.3224305173178 275.6438936735956 1738.6310273624115 431.53048117316064 1.5441 1.9368 4.2225 17.8426 -20.5992 -6.7047 1.3186377821279618 0
CAR 0.0 0 -1.1458251463076232 276.3678408108657 247.9529883972602 733.9530768674942 480.35132589926343 3.8144 4.294 14.4415 32.9921 41.8438 -6.7673 -2.120489226164379 0
CAR 0.0 0 1.5642206491302943 410.69166950432475 158.55364604149767 504.55732865390365 266.77446857866227 1.7 1.7559 4.4079 36.35491933964683 -1.315119827967462 -6.7373 0.4258149056287464 0
CAR 0.0 0 2.9792509122701523 2754.1364521282158 199.82242334049104 3408.5798273190003 403.95891523828465 2.3829 2.6598 6.0028 8.577566052671594 -50.11186147202222 -5.6352 1.5041920817351715 0
CAR 0.0 0 2.676432703981537 1566.249559769906 307.93285511098367 1934.9086101883381 512.17636324145 1.7 1.9879 4.7683 14.6432 -20.4419 -6.6494 1.333552304766139 0
CAR 0.0 0 2.6483532537986703 1883.398981764902 307.9786984134827 2260.0126150514184 482.00143166718715 1.5135 1.9357 4.3357 13.2682 -26.6938 -6.6523 1.2644279727318088 0
CAR 0.0 0 2.649239520519182 2196.6357041494757 270.09949437894767 2745.011541784661 490.9682955967961 2.0943 2.4031 5.4998 11.1554 -33.9905 -6.4152 1.2290361204144005 0
WHEELER 0.0 0 4.332220980678223 781.9540391053674 143.87296879074339 831.4194077026044 223.323512466596 1.7185 0.8392 1.6951 35.395369287346504 -10.328039274673127 -6.3427 2.984313267049473 0
CAR 0.0 0 -0.39411636226572644 2950.260757495715 416.14157560595424 3621.684151817375 655.7070192312682 1.7 1.727 4.1102 3.6739276315097444 -38.03821439553843 -6.8135 -1.8046014804023776 0
CAR 0.0 0 -0.47603486412356566 1800.3962795991208 367.0256416258266 2663.737199677501 843.4303546708068 2.7252 2.5328 6.0568 7.722665533867165 -18.696818047643387 -6.1749 -1.7877509125443363 0
WHEELER 0.0 0 2.469079626150508 726.9158973624891 310.1847407193307 762.9431982372874 370.9216792863676 1.8147 0.6832 1.1965 41.2674 39.844 -7.757 1.3265631903688766 0
CAR 0.0 0 2.891646449185023 2527.265824118352 265.5802730708192 2991.001466090827 430.40256843952915 1.7 1.956 4.407 9.813493962688726 -41.111264104970644 -6.175 1.4450837886021748 0
