CAR 0.0 0 -0.016680587106683298 1146.5561303241284 202.26546261689518 1268.3798884428406 276.7886511366065 3.0887 3.0353 7.0662 63.37710182969042 38.086609712208165 -5.5641 -1.3929679825469414 0
CAR 0.0 0 3.065815388946379 1721.1910157997174 145.1530957408105 2475.103975574835 490.77243760234956 3.3784 3.4486 11.6024 25.109351683131823 -37.31927311343154 -5.4833 1.6400764467374094 0
CAR 0.0 0 -1.6999452248558824 1589.9999418329326 302.7251798681127 1735.8971802665537 424.1963035028253 2.5061 2.2666 5.3185 42.988402526896685 11.204384455856065 -5.9066 -3.0575834777366406 0
CAR 0.0 0 3.062976857980818 1562.908030314813 169.6534835121316 1965.9816940381631 429.0901652288056 3.5225 3.6418 4.7722 24.79473651315376 -31.443028998320937 -5.4368 1.6574552326525247 0
CAR 0.0 0 -1.6969850393400308 1534.4290841018792 310.3736196635521 1642.0712296589952 385.7878528607551 1.7 1.9666 4.1398 47.07850263757299 14.348702637572986 -6.3811 -3.0529654951011866 0
CAR 0.0 0 -0.7851891766625896 343.644303262794 292.76444871991384 763.1950995764837 507.8101932618766 3.5244 2.84 10.3328 19.54797861543692 31.81599079764434 -6.2138 -1.7452594699376975 0
CAR 0.0 0 2.8070651511134006 892.4657054207435 338.0715709900655 1054.2276467750162 557.226403081915 1.7885 1.936 4.1812 20.21829367775142 -16.17997447623195 -6.3142 1.6662828918540382 0
CAR 0.0 0 3.0534267772913606 2076.209290531679 217.40394193266658 2727.4273673091557 509.43691822573277 3.0142 2.9998 6.4302 21.393170034317208 -40.4612204219223 -5.5653 1.6301165965656204 0
CAR 0.0 0 3.1451092037666823 2517.245168330421 277.6842946933578 2965.1587605557283 442.11731528266574 1.7728 1.9945 4.2516 22.53766320620195 -49.92049003377258 -6.13 1.7040956439614177 0
CAR 0.0 0 2.4172534953362033 322.1677879100433 307.3492931078459 508.4774805189545 501.496656783022 1.7553 1.5689 4.1046 22.691751788632974 -7.654062564613412 -6.4088 1.6052376305312814 0
WHEELER 0.0 0 -1.5989850420557141 811.7667103217294 175.7563253164995 837.0014907330494 241.91065110421098 1.455 0.6025 0.8913 36.4988749138953 -14.253098333506188 -6.2896 -2.9220305006185083 0
CAR 0.0 0 -1.659306999021907 1796.4805512151909 310.37666898280725 1902.186415184203 392.05881833949076 1.661 1.8473 4.112 47.65310905593231 7.168164526039941 -5.6812 -3.043391217708986 0
WHEELER 0.0 0 2.308734915115907 748.0905246882425 197.4313597202216 777.4676118751763 279.9853990562035 1.52 0.5676 1.6613 33.4488 -12.7706 -6.3377 1.040193152462616 0
WHEELER 0.0 0 -1.746088819305295 1514.5697220410366 342.58235845018214 1566.3271561677018 411.76846965190515 1.7 0.7138 1.6517 41.1845 14.0867 -6.5238 -3.077139203314816 0
