CAR 0.0 0 -0.10101410545866729 1149.5786360057625 202.4587476523363 1271.5052886699937 277.1278617709013 3.0887 3.0353 7.0662 63.373900353908965 37.899708932060456 -5.5641 -1.477576390199944 0
CAR 0.0 0 -1.6804033292862726 1777.8425130330422 330.1907103145412 1895.7261026078681 423.46594368080065 1.661 1.8473 4.112 42.52211019574153 6.825201076150421 -5.6812 -3.0500607807103046 0
CAR 0.0 0 3.0081467924171683 1349.558684841682 191.90448920984468 1512.8053372500822 306.40532687361235 1.7 1.937 4.0135 31.902497462918554 -28.462224586121234 -6.2264 1.6087736008161464 0
CAR 0.0 0 -1.279973730265366 209.18042147321526 429.2429931664553 443.65143246581954 559.3641961040553 1.7 1.9714 4.0628 12.698298882175791 31.310701159641265 -7.4038 -1.8673876289855698 0
CAR 0.0 0 -1.0824374215892096 380.8437419203945 442.1368827373254 575.8922283814309 554.6510103688021 1.4656 1.3758 3.7786 14.819668832338127 28.662484541767604 -7.4477 -1.8503676822190267 0
CAR 0.0 0 -1.097041665825904 236.97018680494926 324.10965000806596 528.6560946481878 493.0844302499629 3.0074 3.0141 6.0193 16.621996184557027 35.93970029404554 -6.7457 -1.8587980939027253 0
CAR 0.0 0 2.9714481253205 1401.7120974457832 230.10418199769143 1599.3058635300604 358.4374235580539 1.5329 1.947 4.1625 27.80117781238254 -28.144236892465454 -6.1782 1.5933728930092512 0
CAR 0.0 0 -1.3966256565825044 117.86838070913065 396.2013538631576 327.7405116420227 496.35729122663867 1.5121 1.9339 4.1099 13.241207484611266 38.152989501338304 -7.6011 -1.8619935011827247 0
CAR 0.0 0 -1.6120379286177293 1758.8644920375439 271.80558065916335 1901.3326683578885 393.33510985244897 3.3377 3.0755 3.0748 53.99906797655076 8.48592353431796 -5.9795 -3.004381881272342 0
PEDESTRIAN 0.0 0 3.010325656515721 619.286188753049 127.47733458606682 661.9192468270272 202.13574209098692 1.8579 0.9295 0.9471 41.4639998473369 -9.049299903041643 -6.0836 1.6907205764568618 0
CAR 0.0 0 -1.5766467536177322 102.48253637115505 -38.513540588367675 318.4928481057008 103.859384751343 4.1862 3.2286 10.2919 60.589901955418696 9.28232548108763 -4.2942 -3.0197544876800797 0
CAR 0.0 0 1.4338069789298526 387.9059311343434 34.681460561263194 455.7971838054259 81.33371498755442 1.7237 2.0206 4.126 75.50298485048341 5.724156216913173 -6.818 -0.0016624063706126633 0
CAR 0.0 0 -1.7302224786077893 1502.2479964461697 435.7664462137169 1681.2494712268174 579.7106242328749 1.5556 1.8854 4.2176 26.92157343405601 8.754483775011035 -6.2649 -2.9948452504364798 0
CAR 0.0 0 -1.6837806356735934 1650.103206882187 294.2440087913459 1747.3882477217828 362.7667586331336 1.5712 1.8019 4.16 50.15997161074538 11.765505600332174 -5.809 -3.064342450187744 0
CAR 0.0 0 -1.901144144390039 1074.6254603562472 550.0017330178526 1347.3711669357356 794.6281204513003 1.7282 1.6724 4.4604 15.500681559671346 10.655062176584865 -6.4626 -2.9706858680711745 0
CAR 0.0 0 0.923083512881063 155.0994621792988 179.4955370263336 353.0105159763459 298.92548611404044 1.7 2.482 4.675 34.81827743238238 -0.8091666933891544 -6.5583 0.09213218232254927 0
