CAR 0.0 0 2.7325292088700524 1336.5964892341613 202.11682194084528 1534.9957251792441 315.50139283823967 1.5683 1.9824 4.1753 24.842709629816298 -22.726743837719752 -6.7242 1.33882426606999 0
CAR 0.0 0 4.3579694678629295 1702.8448664736634 328.51000161650984 1847.0089683681836 447.377776090047 1.9963 2.2756 5.9988 45.19021395251827 7.915319869529808 -6.704 3.0012018670575786 0
CAR 0.0 0 2.702966344655688 1388.7429019317858 207.35544232652163 1646.2856157743895 348.020309319214 1.6094 1.8776 4.9449 21.344097922041076 -21.691104044054697 -6.2139 1.3114097922132018 0
PEDESTRIAN 0.0 0 2.727011365445419 638.5900835334199 127.07049621961572 675.4218975348905 194.23891022440546 1.7016 0.7772 0.6957 39.759894179438255 -7.07803050883552 -6.3348 1.3955368288674803 0
CAR 0.0 0 -1.5469679346806076 246.86919341667803 422.2245111357756 456.2947010233882 542.9402791277711 1.5083 1.8983 4.1522 23.86155351321383 39.950747351818904 -8.1788 -2.18213576590055 0
CAR 0.0 0 -1.290162952538647 405.9199396097611 424.57389376978546 598.6213523180226 544.3413094080503 1.4958 1.977 4.1388 25.35009995134604 36.83360001264687 -8.1989 -2.09854158769705 0
CAR 0.0 0 4.392023744974524 1708.096683608461 206.03323125927025 1867.8912767169497 332.7501457727085 3.4934 3.115 10.3352 63.26479973593523 5.0191 -5.0918 2.9686603356601298 0
CAR 0.0 0 -1.6596890632998456 140.67999181910227 381.5894074259206 334.8372271599071 481.50726775746756 1.508 2.0028 4.001 26.027801278253346 46.1866 -8.2196 -2.1681369818205787 0
CAR 0.0 0 4.391394218646928 1725.171275854398 254.6068781007159 1821.5750336537085 337.22110826493576 2.4532 2.2469 1.9737 57.1937 6.1447 -5.6178 2.985525566570448 0
CAR 0.0 0 4.839735963014131 2953.76884172334 -2983.2086535890485 6971.906027720345 -696.0203508880396 3.0024 3.0029 5.9984 -3.3958815154120536 21.08644962623635 -6.3697 2.9537335159015963 0
CAR 0.0 0 -0.4171183771504512 2991.906357396864 367.72775326960505 4007.46191501152 687.5991170471862 2.0449 2.1484 6.0265 2.828092040087045 -40.12577659189329 -6.4734 -1.8406291560509431 0
