CAR 0.0 0 -0.035367352035939215 1147.8943700155887 202.70933195288904 1270.2469803617887 277.6428305306282 3.0887 3.0353 7.0662 63.12343383836869 37.84578282980073 -5.5641 -1.4114024759719594 0
CAR 0.0 0 2.953767978504728 966.658681277238 149.80531464376654 1326.2621502987404 544.2643910299131 3.3784 3.4486 11.6024 24.15122631207545 -19.007505070697743 -5.4833 1.6678713693052714 0
CAR 0.0 0 -1.7069809399596616 1600.2634815703543 302.08967208680406 1745.098555471091 422.907982519067 2.5061 2.2666 5.3185 43.37336533150793 11.027834645431916 -5.9066 -3.0663557118638796 0
CAR 0.0 0 2.8465208898976133 616.0737484466174 182.4468867688689 872.894329806303 480.39035203833504 3.5225 3.6418 4.7722 23.40368049543293 -13.002958013112982 -5.4368 1.678444307327609 0
CAR 0.0 0 -1.7477948232098819 1532.521260976293 312.58647825234806 1641.4917411282381 389.1386553328895 1.7 1.9666 4.1398 46.47259221193881 14.221013680632597 -6.3811 -3.1019631316146827 0
CAR 0.0 0 -0.210580829373203 1056.7524385287395 397.35648601674166 1523.8613112045084 813.8439596660744 3.5244 2.84 10.3328 19.47647125411195 11.084773408048067 -6.2138 -1.3609219787640818 0
CAR 0.0 0 2.714589667885973 288.64718240366363 257.31948318384156 660.6049791464825 657.0960705746818 3.0142 2.9998 6.4302 18.824683659616447 -9.914954014769977 -5.5653 1.8627911947636109 0
WHEELER 0.0 0 -1.1470071038333278 809.112469599578 174.42259619285383 834.2311742511636 240.27362689777567 1.455 0.6025 0.8913 36.68109378233536 -14.184739615353175 -6.2896 -2.470962799178619 0
CAR 0.0 0 -1.7230077605233807 1783.5620019567052 329.8388307951129 1900.9878884845484 422.86281336035273 1.661 1.8473 4.112 42.714175591096165 6.7224486101434415 -5.6812 -3.093492692234448 0
WHEELER 0.0 0 -1.7221275534387877 1511.252652115771 342.43773283533943 1563.0036371363685 411.5912765757239 1.7 0.7138 1.6517 41.13854205333023 14.168961707605865 -6.5238 -3.0527780599336807 0
CAR 0.0 0 2.9524459448236433 1347.1174475174007 192.85523753737286 1510.6477590690315 307.88019578523733 1.7 1.937 4.0135 31.785600000000002 -28.3542 -6.2264 1.554161860999463 0
CAR 0.0 0 2.9692837651417063 1713.5200728988314 286.7989582731769 1952.185761152388 423.35004203239976 1.4668 1.6524 3.5756 24.145271100868392 -32.981705039046744 -6.3814 1.5891353586757677 0
CAR 0.0 0 -1.1863592537810104 212.15270541151153 428.79141784599443 446.03881658841215 558.6370293358927 1.7 1.9714 4.0628 12.759465590929784 31.31291069387792 -7.4038 -1.7780935580836401 0
CAR 0.0 0 -0.8313991823748654 566.367408985294 414.58367276648113 756.0277659785246 525.617113748594 1.5178 1.8289 3.9952 18.5915537783636 27.006005315090036 -7.2359 -1.7872456352086643 0
CAR 0.0 0 3.0451831727014094 1972.3129399791937 241.40628043968883 2430.573493675701 482.1461669022394 2.5358 2.0016 5.2596 21.78619093289526 -37.516674409127376 -5.713 1.635284630061744 0
