CAR 0.0 0 -0.06128078495307565 1151.2780756790319 202.57081525844305 1273.267027407269 277.3252948413523 3.0887 3.0353 7.0662 63.36970136785273 37.79339970271495 -5.5641 -1.437993474107063 0
CAR 0.0 0 -1.9022123920163272 1237.594228094302 509.12859473751416 1594.2995774420972 870.352018780025 2.5061 2.2666 5.3185 15.915528998662584 7.9115709345273375 -5.9066 -3.0306989853775987 0
WHEELER 0.0 0 -2.0812834450405338 1419.948278522438 1157.4780019561322 1653.6500303559624 1471.5790785288827 1.455 0.6025 0.8913 6.257118354120167 -17.979667538039738 -6.2896 -2.9424028968686495 0
CAR 0.0 0 -1.6478398572097954 1777.5481538017523 330.79834998232366 1895.7959273963909 424.43691049460773 1.661 1.8473 4.112 42.38588795086724 6.810095520018303 -5.6812 -3.0170806324677346 0
CAR 0.0 0 3.0130196091160357 1337.984120946075 191.6555268489903 1499.5621606118705 306.13406552194675 1.7 1.937 4.0135 31.932700820302145 -28.169598970579354 -6.2264 1.6149400059223493 0
CAR 0.0 0 -1.203439694524549 210.10918805440588 429.24175444207657 444.49717944788 559.3562842093377 1.7 1.9714 4.0628 12.711599668293657 31.296900058260903 -7.4038 -1.7921101297431838 0
CAR 0.0 0 -1.0295056536778742 393.0681380410784 438.09013913636545 584.7327907424673 548.631802486764 1.4656 1.3758 3.7786 15.190598154346599 28.84639264109746 -7.4477 -1.8133342874298124 0
CAR 0.0 0 -1.0396544114682524 237.67036856034073 323.88812875108664 528.9858981039262 492.62938960304183 3.0074 3.0141 6.0193 16.650517776758928 35.967637045826166 -6.7457 -1.8024813006618166 0
CAR 0.0 0 -1.3635091642710468 1093.5205569948914 -256.5709076451244 1153.7200439714627 -216.74570946309157 1.6185 2.5772 5.2097 -93.21850694281963 5.845352312020655 -6.6119 -3.141592653589793 0
CAR 0.0 0 2.988946657540521 1416.1625439232644 228.86570268931334 1615.0784427399813 356.36540184499177 1.5329 1.947 4.1625 27.918869234327353 -28.53394704471298 -6.1782 1.6079448596805241 0
CAR 0.0 0 4.972008348067922 1142.0575468931384 -338.1689887475728 1202.8774043190776 -287.91290085314495 1.5559 1.9857 4.1439 -77.52080630749859 4.83143654371826 -8.682 3.1406323040528 0
CAR 0.0 0 -1.7369418505185723 1534.2929110193525 425.45691518751147 1697.088758374933 554.3881480649762 1.5654 1.9196 4.1235 29.89381840836144 9.029497653280874 -6.5847 -3.0154554888066953 0
CAR 0.0 0 -1.6869278903959164 1476.713674908889 323.7591292044359 1601.7083982308882 414.2539612256912 1.7 1.8085 4.5388 39.620606257335 13.697553092295156 -5.9788 -3.0237647859688446 0
CAR 0.0 0 -1.2622755500622735 1117.2471567104526 -354.83648879313256 1182.2190183607443 -299.1249046974515 1.5117 1.9409 4.126 -69.84856509149061 1.8784312977312563 -8.2519 -3.109762181276535 0
CAR 0.0 0 -1.364109620209757 112.01534137072358 396.026220436938 322.2201946752501 496.1298183223864 1.5121 1.9339 4.1099 13.1523 38.2777 -7.6011 -1.8193646594160293 0
CAR 0.0 0 -1.6628879473319442 1614.1937048223901 343.48349382492603 1739.5566784458467 432.00496904194114 1.5404 1.9796 4.1381 40.603771957553874 10.269735238701486 -6.1749 -3.007665396882673 0
CAR 0.0 0 -1.66209784057364 1563.260974936327 291.3469504112921 1657.9371787054824 350.25230948909973 1.4297 1.9111 4.1493 52.359982767820156 15.065508136061432 -6.1459 -3.0369523043851006 0
CAR 0.0 0 4.976457947373172 1189.245549523124 -407.9215300255106 1277.8989348505322 -333.16368687417105 1.5642 1.972 4.1857 -56.814014606973096 2.021256466366459 -7.9971 3.1144344235112906 0
CAR 0.0 0 -1.6276853548324666 1648.145316296212 274.67834694161 1777.0380807823299 359.6119464651341 2.0202 2.5494 5.842 53.13685604112069 11.93021288391561 -5.7294 -3.016684278966334 0
CAR 0.0 0 0.9037493459133977 175.55115077219213 194.66440791539497 343.71187688677975 304.8343441567134 1.534 1.968 4.0552 33.75858516135653 -1.2600547875754577 -6.5733 0.08726646259971649 0
CAR 0.0 0 -1.789538203347699 1309.0013011803262 438.56071860647273 1490.9732347660695 572.8457412606589 1.5231 1.9803 4.185 26.031012340252627 12.194085496678587 -6.7201 -3.016181621905773 0
CAR 0.0 0 0.3159066955010608 -72.56986790243349 330.44948867553563 220.85351565939072 530.1196007722277 1.7 1.9759 4.002 22.247747417702655 -2.6578067912914385 -6.5901 0.12040568735508038 0
CAR 0.0 0 -1.5774797877760829 1696.1383279398062 215.01704183459165 1818.3319018287261 307.56851288227597 3.123 2.9994 5.9995 66.7644 13.0654 -4.9167 -3.001966313430247 0
