CAR 0.0 0 1.7386423755291536 396.76254651119154 24.46387763179547 462.97828856918966 70.80091936983311 1.7 1.937 4.0135 74.35759994218968 4.9477430673176865 -6.2264 0.2769478986028073 0
CAR 0.0 0 2.9205253250929517 1405.3838578591444 276.97780922304077 1634.682848248931 438.7155957083307 1.7 1.9624 4.2616 24.523870677930528 -26.960000173243436 -6.4566 1.5798550217274272 0
WHEELER 0.0 0 2.880730299575655 1525.1484198209553 344.72081013526673 1649.9334313101035 479.9807194124808 1.7 0.8106 1.621 21.17241102366745 -26.571498791183576 -6.3809 1.5635222017560881 0
CAR 0.0 0 3.02278988061353 1778.1670353588538 306.3022424549636 2111.6997030758166 497.6436469938225 1.752 1.7066 4.5021 21.489099150240936 -32.90719933206032 -6.3051 1.6546732152024497 0
CAR 0.0 0 3.042103056799734 1738.3858726931953 276.5258523759212 2030.5243520239608 432.921735301599 1.6356 1.9585 4.5139 24.72195718701697 -34.451541780861575 -6.5383 1.6564487319189027 0
CAR 0.0 0 1.784651923659134 1264.1821390402279 -329.4446114601707 1348.7648531380717 -267.63885184651855 1.7479 2.1574 4.4141 -67.4879 8.6671 -7.1261 -0.010319424834180245 0
CAR 0.0 0 3.0143602274925447 2109.395526021084 305.3619101371044 2496.7586984583995 474.0737013463263 1.5888 1.9932 4.2218 21.714314114619533 -39.93318423224108 -6.2836 1.6104035849024376 0
PEDESTRIAN 0.0 0 3.217600370011701 1437.095750928984 369.802125622292 1477.4675429685858 439.7728723749593 1.651 0.5088 0.9606 35.819793328918045 14.62899837044183 -6.6051 1.9174778364964447 0
CAR 0.0 0 -1.187506573763926 157.1641424363343 422.4534902669119 398.92526067944146 540.4969436907885 1.4933 1.9845 4.3346 12.462940532019438 33.14556986167985 -7.4122 -1.7143042624112637 0
CAR 0.0 0 -1.2149634320759626 1558.6622906952493 279.82726044176167 1647.7378060931767 339.267376369386 1.7 1.9861 4.2709 58.33060379815298 16.8368148746941 -6.5167 -2.5956592221694477 0
CAR 0.0 0 3.2205902259681007 2572.832325691497 276.1920729682725 2997.873380475522 421.290367747282 1.5642 1.9835 4.1622 23.33698954081649 -52.209593645366695 -6.199 1.7737371163127353 0
CAR 0.0 0 2.4987784472377186 439.7691365306175 282.8079883411138 582.5762839901338 347.31637511693066 1.7 1.9565 4.7638 28.102636695077663 48.34302350155356 -6.9364 1.4784007069046419 0
CAR 0.0 0 -0.19929821924791247 1897.7437940450584 512.9916922344047 2439.5391049722425 827.5781357584472 1.6932 1.9814 4.11 13.691195915665917 -29.3000229407326 -6.6873 -1.4705620644597983 0
CAR 0.0 0 2.207475753429863 453.4594484799598 109.35918749868867 639.7380602346112 296.2230932088116 3.1128 2.997 6.1486 35.27448662152762 -7.742095284083946 -5.7625 0.9788932037860509 0
CAR 0.0 0 -1.5927841933044706 1698.8220778781488 274.22375370866746 1778.4614920290035 329.56485634603587 1.7 1.9526 4.1684 65.57003862356518 13.249181076363392 -6.5514 -2.992172382108163 0
CAR 0.0 0 -1.616502449559274 -142.845508643122 459.7571868184432 564.1558916181541 1185.9805702093265 3.1038 3.0352 6.5884 12.429431279279672 -9.2821363807308 -6.2887 -1.96099053924974 0
