CAR 0.0 0 2.9467476559157753 1336.4668677697175 194.29966914765444 1499.5071685935425 310.1882204548847 1.7 1.937 4.0135 31.609415314398596 -28.010831016299065 -6.2264 1.5510382525586681 0
CAR 0.0 0 -1.2229669617840142 215.49488198755523 427.39181023588014 448.08887691480265 556.4226101682608 1.7 1.9714 4.0628 12.865938332299796 31.408316788591414 -7.4038 -1.8201623861801035 0
CAR 0.0 0 -1.063150747449178 394.16818420289195 439.6595963847894 586.628043984231 550.9332310142006 1.4656 1.3758 3.7786 15.13003348285247 28.68543209260573 -7.4477 -1.8465701910156123 0
CAR 0.0 0 -1.0383655500178224 239.19322129586746 322.89344179994663 529.0380852486799 490.6076903435743 3.0074 3.0141 6.0193 16.751496597515864 36.121094785479656 -6.7457 -1.8040050303749324 0
CAR 0.0 0 2.9148624027427474 1336.7268872166346 232.6094812459204 1526.035403540682 362.9782668948916 1.5329 1.947 4.1625 27.575601525245602 -26.54277621047117 -6.1782 1.5482138769844158 0
CAR 0.0 0 0.01667122308834923 2518.431112632918 149.69774597061004 4435.1840933998155 755.2085637625003 4.1862 3.2286 10.2919 15.437178882483282 -44.82553397471227 -4.2942 -1.4315679485436985 0
CAR 0.0 0 2.920431216242417 1405.7498216190663 277.178539673348 1635.2600161504201 439.0388338199351 1.7 1.9624 4.2616 24.50831381455383 -26.96128031997287 -6.4566 1.5798550217274272 0
WHEELER 0.0 0 2.8806836780437264 1524.8193553660485 344.71049151919675 1649.5683529921555 479.9690642991652 1.7 0.8106 1.621 21.173169977068934 -26.565909903494887 -6.3809 1.5635222017560881 0
CAR 0.0 0 3.0227381694077495 1778.2410995293467 306.3996765807763 2111.888560117987 497.81052725172907 1.752 1.7066 4.5021 21.48274452587335 -32.904260208756035 -6.3051 1.6546732152024497 0
CAR 0.0 0 3.0424758142944768 1745.5067534102277 277.14729799075457 2039.4984189363258 433.8608765955083 1.6356 1.9585 4.5139 24.669255118506737 -34.57720645257698 -6.5383 1.6564487319189027 0
CAR 0.0 0 0.0036246290488473054 3016.184944830192 318.362324325534 3829.6531073159645 634.9812106708981 3.3072 3.0001 3.4972 15.953723327665262 -50.709308809784496 -5.7424 -1.4301053464269944 0
CAR 0.0 0 1.784651923659134 1264.1821390402279 -329.4446114601707 1348.7648531380717 -267.63885184651855 1.7479 2.1574 4.4141 -67.4879 8.6671 -7.1261 -0.010319424834180245 0
CAR 0.0 0 3.0290029727786525 2293.223817586124 302.97920801488436 2709.975643505171 468.1748002907597 1.5888 1.9932 4.2218 21.769691580589278 -43.95350493066594 -6.2836 1.6104035849024376 0
