CAR 0.0 0 -0.0406324808912939 1141.7345403699344 203.39618825200296 1265.3378087959138 279.0764295655197 3.0887 3.0353 7.0662 62.37759600452916 37.750663987779845 -5.5641 -1.4149697506383534 0
CAR 0.0 0 2.9481261475545595 1348.6386281071022 194.5658451340436 1513.4546586540134 310.48037281469146 1.7 1.937 4.0135 31.577417411493474 -28.315584958773172 -6.2264 1.5510382525586681 0
CAR 0.0 0 -1.2236743223775317 215.29991726845867 428.0326029938356 448.36753542382894 557.4275828036684 1.7 1.9714 4.0628 12.836207229631297 31.344431350071993 -7.4038 -1.8201623861801035 0
CAR 0.0 0 -1.063229842213238 393.4749157001666 439.0264161291432 585.6359650740131 550.0057948049829 1.4656 1.3758 3.7786 15.150788569902458 28.754007375771934 -7.4477 -1.8465701910156123 0
CAR 0.0 0 -1.0369802278518032 240.6030818939669 323.255769034708 530.7522417055584 491.3198259158925 3.0074 3.0141 6.0193 16.748283677612974 36.03194521874475 -6.7457 -1.8040050303749324 0
CAR 0.0 0 2.921748425381047 1379.261503349739 231.8719956082193 1574.6445221834074 361.41661114253674 1.5329 1.947 4.1625 27.635578704128648 -27.551982441928235 -6.1782 1.5482138769844158 0
CAR 0.0 0 -1.3604110725639817 115.34189081915021 394.9528876914056 324.53061217590357 494.52275007894866 1.5121 1.9339 4.1099 13.258297615276426 38.36930418340483 -7.6011 -1.8219666918375406 0
PEDESTRIAN 0.0 0 2.8964524240770855 317.5596552377148 139.54168644630053 378.6869437232759 219.89574076528712 1.8579 0.9295 0.9471 39.19103416575442 -1.601827876303327 -6.0836 1.8006514064715917 0
CAR 0.0 0 0.07544835593138055 2013.2996896094849 160.2754908227828 3744.7678475229714 870.9749999962804 4.1862 3.2286 10.2919 14.366190407522833 -34.40918392112514 -4.2942 -1.3269087556587822 0
CAR 0.0 0 -1.4319675937573169 69.70308676920446 341.33453500767047 245.62648238602023 418.5782331055207 1.5206 1.9327 4.0484 15.109695480939092 47.44309434412892 -7.4583 -1.826875486489279 0
CAR 0.0 0 -1.1434348670463053 209.637288532637 337.1928671121807 374.90267017329967 419.36982615396386 1.7 1.6238 4.0308 17.683092392945696 43.935102706279444 -7.2916 -1.8037533996333603 0
CAR 0.0 0 2.9205213573195996 1405.3588747551564 276.9776763527739 1634.6532469442654 438.7156459360411 1.7 1.9624 4.2616 24.523892325130912 -26.959477644468908 -6.4566 1.5798550217274272 0
WHEELER 0.0 0 2.8807691344703326 1525.248704601245 344.6871860691973 1650.0334365363237 479.93456824977767 1.7 0.8106 1.621 21.174172022769998 -26.574210611165796 -6.3809 1.5635222017560881 0
CAR 0.0 0 3.022707833342201 1778.7592962008025 306.54528026176376 2112.6641410750667 498.05494797535584 1.752 1.7066 4.5021 21.47303149958352 -32.907932901397466 -6.3051 1.6546732152024497 0
CAR 0.0 0 3.046268348173207 1779.5979470056027 276.78265837333396 2079.2875968437875 432.9051242129899 1.6356 1.9585 4.5139 24.681613690647765 -35.35812621485793 -6.5383 1.6564487319189027 0
CAR 0.0 0 0.06984482095283528 2436.8832006027096 329.53461752463323 3147.4744276967967 669.7121892941151 3.3072 3.0001 3.4972 15.719978718679602 -39.94394748710319 -5.7424 -1.3254499347692215 0
CAR 0.0 0 1.784651923659134 1264.1821390402279 -329.4446114601707 1348.7648531380717 -267.63885184651855 1.7479 2.1574 4.4141 -67.4879 8.6671 -7.1261 -0.010319424834180245 0
