CAR 0.0 0 2.68637823087266 1340.9522427083512 200.00985072019074 1538.143332022237 312.16854530947273 1.5683 1.9824 4.1753 25.036907782191356 -23.00677519406305 -6.7242 1.2904051040461615 0
CAR 0.0 0 2.6468641581337256 1379.8032835797728 208.03787589494465 1636.7907169265027 349.32464449901926 1.6094 1.8776 4.9449 21.33850730177707 -21.43510875450361 -6.2139 1.2570095736052027 0
CAR 0.0 0 -1.2996378266194624 220.76087697982345 422.2453030099381 433.4448373209504 543.2205954875947 1.5083 1.8983 4.1522 23.603552783742437 40.4334113619735 -8.1788 -1.9008039597235955 0
CAR 0.0 0 -1.1064244435551522 392.04002000444393 425.37693890332497 586.867080534397 545.6936282842235 1.4958 1.977 4.1388 25.15044228919997 37.03801290702833 -8.1989 -1.900855273565694 0
CAR 0.0 0 -2.038750771590601 -284.47517439932005 196.42371222670323 388.66073179892913 981.2841431218473 3.4934 3.115 10.3352 15.143744280818588 2.123104815024112 -5.0918 -2.3231629296628293 0
CAR 0.0 0 -1.4563090263740657 116.05999353793045 382.26830321314185 313.30669878796397 482.71983474508323 1.508 2.0028 4.001 25.689727617880905 46.620350418257445 -8.2196 -1.921975704819857 0
CAR 0.0 0 -1.5742355696642143 398.0411687278209 430.93186186155083 700.3199648516178 790.573828186139 2.4532 2.2469 1.9737 12.07329617303121 -1.1288838318682868 -5.6178 -2.313813219219564 0
WHEELER 0.0 0 2.6060829144432294 1533.640319527141 334.3588100205595 1689.546985675795 471.60577609877123 1.6332 0.8894 1.834 15.211395281125855 -18.223029348427392 -6.5953 1.2795230550680976 0
CAR 0.0 0 2.6297930492203436 1394.2509763611997 227.7276761287487 1658.470342754897 383.7191605036355 1.654 1.8689 4.1757 18.577104691613574 -19.22429407406998 -5.8865 1.2547721101000144 0
CAR 0.0 0 -0.3350536853454369 2582.7682533658963 417.2809250521726 3365.032015356877 728.3747929179841 1.879 2.4204 4.7456 4.858543955656023 -30.601491908847485 -6.6157 -1.7180962022362185 0
CAR 0.0 0 2.731092876475385 2010.5946498110384 170.37964981556857 2305.199453502469 289.0358600212759 1.8284 1.8307 4.868 20.01212051993261 -41.57229121628947 -6.1655 1.2652991384422807 0
PEDESTRIAN 0.0 0 2.8573502190181963 577.3225602075928 133.54629838479795 612.935332979247 213.0406002311789 2.0064 0.6591 0.733 39.643728096471335 -5.27085375216637 -6.5861 1.5692703461305249 0
CAR 0.0 0 -0.39046041101534934 2293.366618686287 409.3763234277119 3181.3587814604853 805.7595812949318 2.3003 2.4332 5.4943 5.676267070944428 -25.797333961080415 -6.5644 -1.7465035231078199 0
