CAR 0.0 0 -0.06107638168982299 1151.1790184818246 202.28237285826432 1272.7844479372584 276.76000535608034 3.0887 3.0353 7.0662 63.56945484810314 37.92390679066741 -5.5641 -1.438074103094086 0
CAR 0.0 0 -1.7084309194635157 1779.0859682680982 330.5267215605862 1897.1081806359 423.9923607012058 1.661 1.8473 4.112 42.47514859825376 6.788678027807493 -5.6812 -3.078007174963612 0
CAR 0.0 0 2.9601082392019555 1345.7954345512721 192.05341685163793 1508.6449860282178 306.6680836573316 1.7 1.937 4.0135 31.883994809408104 -28.356470348823553 -6.2264 1.5613408777075723 0
CAR 0.0 0 -1.2043314428917302 204.9387587164971 429.11952760369604 439.6966889335557 559.1978325118789 1.7 1.9714 4.0628 12.642884457218964 31.387121434393684 -7.4038 -1.7860664048787567 0
CAR 0.0 0 -1.0172541391362486 392.3712946935383 439.29416463318614 584.7815536390594 550.4053591383579 1.4656 1.3758 3.7786 15.121784737622903 28.746323508079563 -7.4477 -1.7992607011529442 0
CAR 0.0 0 -1.0295196973793723 228.66196078281874 324.45754755493573 521.7827333894564 493.8874793113061 3.0074 3.0141 6.0193 16.45465423625295 36.016622534785 -6.7457 -1.7806193478024308 0
CAR 0.0 0 2.9538758101315556 1403.8101022864082 228.50747033044553 1600.6075621460636 355.9233928703644 1.5329 1.947 4.1625 27.956971872508078 -28.258438654812725 -6.1782 1.5742731399333625 0
CAR 0.0 0 -1.3661847057802892 100.52134308107345 398.61747020992726 313.4588499958644 500.0340885906405 1.5121 1.9339 4.1099 12.842888135399814 38.11809020719211 -7.6011 -1.800105966354912 0
CAR 0.0 0 -1.6222554172043648 1755.6240943499556 270.45436931795604 1896.7692234330173 390.78790939120995 3.3377 3.0755 3.0748 54.40798392157937 8.656076019697315 -5.9795 -3.0152364718177616 0
PEDESTRIAN 0.0 0 2.983901946682934 628.3483121055399 127.05567234280616 670.4483120165138 201.5243636941516 1.8579 0.9295 0.9471 41.54852370668073 -9.289867472909394 -6.0836 1.6602932387710603 0
CAR 0.0 0 -1.5844190514636198 1751.1090519291818 195.44875106626532 1919.808763798597 341.10795356070474 4.1862 3.2286 10.2919 60.369703356097205 9.38777587641953 -4.2942 -3.0134491712793317 0
CAR 0.0 0 -1.4328598372600607 72.91141746336965 339.23467661237015 247.11908546951963 415.56042749565825 1.5206 1.9327 4.0484 15.312099999999997 47.81179743268611 -7.4583 -1.835460922297258 0
CAR 0.0 0 -1.1748049191445373 215.4773255886442 337.11821226468857 380.2730858202783 419.22903150951527 1.7 1.6238 4.0308 17.807160783384834 43.83190629004104 -7.2916 -1.8444774247416449 0
CAR 0.0 0 -1.6199057527680016 1520.4636171113711 274.2253494788313 1669.2729578304843 398.0888836443276 3.0787 2.5188 6.5832 48.89457585424826 14.633495175660059 -6.1665 -2.9852063195173333 0
