CAR 0.0 0 -0.03384177816069167 1150.296228130614 198.23683097308796 1269.097950406963 266.1743057294052 2.7763 2.7552 7.2016 63.06798428137693 37.80568237768254 -5.1699 -1.416192480697106 0
CAR 0.0 0 -1.6932635822834985 1484.7575187529096 330.3782682415686 1603.3086253772128 415.0204792201663 1.7 1.9575 4.0881 41.89971325691912 14.186102977351275 -6.4594 -3.02834391244896 0
CAR 0.0 0 -0.8550435807650797 560.6324303224442 421.86202542538217 679.0700324783028 489.84624294612627 0.9948 1.2858 2.4998 18.910949539578677 29.138479713612604 -7.372 -1.792968648584981 0
PEDESTRIAN 0.0 0 -0.013568268293907115 3385.3306990802253 934.0569111392899 3871.829477573108 1170.71882981089 1.7 0.9483 0.6324 7.0434 -35.0259 -6.4597 -1.3017621272550564 0
CAR 0.0 0 2.8891177580687324 947.5674675503259 123.22388101184212 1368.1150681539825 698.9413646864294 4.449 3.1064 14.302 22.237099355905976 -18.36880877844194 -5.4278 1.6418080324602085 0
CAR 0.0 0 -1.0332736644708627 349.00623416972013 415.68640452472476 558.5145673978894 528.2669798171821 1.5443 1.9623 4.0978 15.672135839289625 31.155445851807173 -7.4616 -1.8023740043592795 0
CAR 0.0 0 2.637234473334723 389.0346440737154 199.2337529814936 675.2068782548394 539.6850742286796 4.1117 3.1104 3.5612 21.717965727501095 -9.920988246424205 -5.5624 1.6470624778806897 0
PEDESTRIAN 0.0 0 -1.3844106007395032 1121.401938063289 373.3720624265986 1162.9091283642354 444.8615557249387 1.7091 0.758 0.7219 30.563901818773203 21.38783538884846 -6.9127 -2.611545737766429 0
PEDESTRIAN 0.0 0 -1.6847575063462485 1151.8289382266034 373.52254524688146 1193.9497584168503 447.0923154982971 1.7376 0.7422 0.7187 30.62765567704069 20.455885115368755 -6.8157 -2.9193361529274826 0
CAR 0.0 0 -1.6002143522984964 1716.1583631369322 254.01240344029253 1793.8067234577966 304.1386943345818 1.5772 1.9628 4.1479 67.24832784658412 13.082285896923693 -5.7409 -3.013776834973142 0
CAR 0.0 0 3.0708159775008914 2406.9531255173993 211.4689745029446 2718.713100830291 319.9350614846587 1.543 1.9551 4.1131 29.675917489013184 -55.84638510787055 -6.1946 1.602812055582205 0
