CAR 0.0 0 -0.10101410127581523 1149.5786832078702 202.45875076573114 1271.5053376047051 277.12786725552587 3.0887 3.0353 7.0662 63.373900236789815 37.89970597617235 -5.5641 -1.477576390199944 0
CAR 0.0 0 -1.6804033396113176 1777.842504992206 330.19072524859257 1895.726103552029 423.4659675431514 1.661 1.8473 4.112 42.52210682166325 6.825200720019799 -5.6812 -3.0500607807103046 0
CAR 0.0 0 3.008146756753152 1349.5583630213096 191.90448228915693 1512.8049690365467 306.4053193337063 1.7 1.937 4.0135 31.9024983025153 -28.462216449832432 -6.2264 1.6087736008161464 0
CAR 0.0 0 -1.2799736952895993 209.18044730385336 429.242993131484 443.6514559870744 559.3641958831951 1.7 1.9714 4.0628 12.698299252097524 31.31070077588101 -7.4038 -1.8673876289855698 0
CAR 0.0 0 -1.0824369712521755 380.84408643300833 442.1367688023516 575.8924772460549 554.6508406697176 1.4656 1.3758 3.7786 14.819679146657164 28.662489657362777 -7.4477 -1.8503676822190267 0
CAR 0.0 0 -1.097041594820225 236.97024097134923 324.10964547508763 528.6561365288804 493.0844204503235 3.0074 3.0141 6.0193 16.621997447202144 35.939700196737 -6.7457 -1.8587980939027253 0
CAR 0.0 0 2.9714484873861053 1401.7142668306394 230.10410122403917 1599.308306656665 358.4372766654793 1.5329 1.947 4.1625 27.80118515493415 -28.144290869666573 -6.1782 1.5933728930092512 0
CAR 0.0 0 -1.3966259368626401 117.86821759677292 396.20134898267406 327.7403578052668 496.3572848873894 1.5121 1.9339 4.1099 13.241205007727723 38.15299297566201 -7.6011 -1.8619935011827247 0
CAR 0.0 0 -1.6295232927610201 1758.594940135239 271.80946941867427 1901.066299715954 393.34620140219937 3.3377 3.0755 3.0748 53.990106215415715 8.492626342043652 -5.9795 -3.0218378221645223 0
PEDESTRIAN 0.0 0 3.010325657478675 619.2861901421023 127.47733431467404 661.9192480981135 202.1357417261439 1.8579 0.9295 0.9471 41.46399989785787 -9.04929993512818 -6.0836 1.6907205764568618 0
CAR 0.0 0 -1.5948526923570427 101.48185108318798 -38.491515522801045 317.7891225408279 103.96203986890207 4.1862 3.2286 10.2919 60.56201267254336 9.30335260171035 -4.2942 -3.037207793141092 0
CAR 0.0 0 1.4643823270948633 400.6602882109775 24.433078192480412 463.06241663482626 67.31841042929624 1.7237 2.0206 4.126 81.41424118106983 6.685872376387771 -6.818 -0.0016624063706126633 0
CAR 0.0 0 -1.7725206446747774 1443.408902757092 480.5214110069694 1652.7324414854313 656.7027777430383 1.5556 1.8854 4.2176 22.627354175150675 8.277516889377868 -6.2649 -2.9948452504364798 0
CAR 0.0 0 -1.7472534740158319 1630.3678882920894 307.5074281911936 1735.986616584573 382.9858059221216 1.5712 1.8019 4.16 46.005265244702336 11.34592251222413 -5.809 -3.1166705998416373 0
CAR 0.0 0 -2.043224188021447 883.9323862844819 640.6675323340334 1238.4662546938 976.568383363408 1.7282 1.6724 4.4604 11.119775925545925 10.077171727694322 -6.4626 -2.9706858680711745 0
CAR 0.0 0 1.1529547423677213 241.93998449941708 135.23893887758172 399.0801565081652 230.58655555227725 1.7 2.482 4.675 41.62959707804532 -0.1502468907849983 -6.5583 0.09213218232254927 0
