CAR 0.0 0 2.779518315980466 1299.463815313176 203.0956008202091 1494.8160997707475 317.4581492886138 1.5683 1.9824 4.1753 24.99976935567153 -21.711482660678737 -6.7242 1.391616819307995 0
CAR 0.0 0 4.415011809861733 1701.7051712983655 325.93176999919916 1843.6887980073243 442.82110310741643 1.9963 2.2756 5.9988 45.73690704577632 7.881945250165193 -6.704 3.0566068809084705 0
CAR 0.0 0 2.768393608849303 1378.52548333084 209.07251998911786 1636.4028933899929 351.12369787923694 1.6094 1.8776 4.9449 21.25148287777352 -21.330444186901982 -6.2139 1.3795353276698106 0
PEDESTRIAN 0.0 0 2.9072943816192556 631.2614260120123 127.24430034662856 668.2601687861529 194.51982692061569 1.7016 0.7772 0.6957 39.773917725719706 -6.871238537627792 -6.3348 1.5787143958338035 0
CAR 0.0 0 -1.1303903874733092 199.77966644349823 428.49992228646977 418.88144192758125 552.9552602636106 1.5083 1.8983 4.1522 22.974176643148816 40.29863901664632 -8.1788 -1.6986471999023898 0
CAR 0.0 0 -0.9253200524449342 379.95996810502925 430.6016707415004 579.1687109097577 553.7668233384065 1.4958 1.977 4.1388 24.64620987335391 36.88446432209751 -8.1989 -1.702920799359803 0
CAR 0.0 0 4.4912101873558115 1695.282634660364 204.39434258304496 1849.4387856790713 328.8415545524899 3.4934 3.115 10.3352 63.94215759577996 5.449264661774651 -5.0918 3.0676513757056805 0
CAR 0.0 0 -1.275435233956734 87.19654335851551 382.3009295908143 287.60682979474575 483.0227130177128 1.508 2.0028 4.001 25.360155709369955 47.21179644475921 -8.2196 -1.689088395475315 0
CAR 0.0 0 4.467109859488609 1731.034539528587 255.86073651150724 1828.6327130007141 339.1602158330184 2.4532 2.2469 1.9737 56.8489248269135 5.996216720187413 -5.6178 3.061520652592247 0
WHEELER 0.0 0 2.7512153542013076 1555.9881288057056 334.8171769630582 1714.0782151013614 472.03931336125845 1.6332 0.8894 1.834 15.067600667169126 -18.58646740265073 -6.5953 1.4215450432629269 0
CAR 0.0 0 2.7943144251045724 1997.6435546263624 219.76760718041464 2328.5663261194154 361.1275588468725 1.654 1.8689 4.1757 15.43952368462432 -32.90659372148088 -5.8865 1.3557232750747952 0
CAR 0.0 0 4.354034694711761 1484.9374804702234 284.4207190082177 1580.264546148163 388.655941699713 2.4848 2.6187 6.0302 53.199 14.1444 -7.0671 2.9980824974116658 0
