CAR 0.0 0 2.6154683645771035 1236.400250070097 204.19455203472978 1426.0086996409618 319.9071240633255 1.5683 1.9824 4.1753 25.32127201259728 -20.05707764966887 -6.7242 1.2376894956321425 0
CAR 0.0 0 2.753658851240403 1186.152699572891 210.14478047576972 1416.9632918373131 355.81981506551654 1.6094 1.8776 4.9449 22.363361345387993 -16.945410197363145 -6.2139 1.3949195604692837 0
CAR 0.0 0 -1.4956395846339028 260.99312558910736 438.5220262235387 478.26972992757254 567.7304470202489 1.5083 1.8983 4.1522 22.89152100147685 38.41370232486906 -8.1788 -2.135099930746605 0
CAR 0.0 0 -1.3296634173814403 414.9136409518974 431.95670763928183 610.5666240342301 555.4995501342036 1.4958 1.977 4.1388 24.889939736619176 36.137646595639225 -8.1989 -2.1390018981313816 0
CAR 0.0 0 -0.25409064102576995 3038.40864485448 199.64736801033376 5036.882993526595 700.4710664084704 3.4934 3.115 10.3352 1.6791500920176041 -45.83508975667318 -5.0918 -1.7195019127797606 0
CAR 0.0 0 -1.7235715699938878 139.2188627853524 383.4202211727173 334.662442487451 484.2046971876285 1.508 2.0028 4.001 25.8555107785481 46.011705821272976 -8.2196 -2.228397469646404 0
WHEELER 0.0 0 2.798987726946941 1512.8663368438154 335.31535349245024 1667.2985163053957 473.1352874997577 1.6332 0.8894 1.834 15.28126953949845 -17.825626963779275 -6.5953 1.476332299180062 0
CAR 0.0 0 2.8541672142014174 1396.9539306087456 224.67855355468203 1658.5215647539114 378.4268793015242 1.654 1.8689 4.1757 18.79454505335789 -19.46765739593054 -5.8865 1.4763767752340187 0
CAR 0.0 0 2.8056536930845555 1580.2581610075524 170.82318332706944 1828.2878890314057 296.18085512898904 1.8284 1.8307 4.868 23.158972421543236 -29.266504979582766 -6.1655 1.369607898386195 0
CAR 0.0 0 2.765720109137966 1768.0062869039186 303.51962112681787 2139.1567707650597 493.5624679985533 1.7 1.7312 4.5344 13.838 -24.3783 -6.639 1.394397955834217 0
PEDESTRIAN 0.0 0 2.3373279473813082 170.28926535752507 138.84870086580943 229.0008423382122 216.264914427778 1.7 0.84 1.0688 40.0788 4.7309 -6.3135 1.4902160803572406 0
CAR 0.0 0 2.734546902816231 2143.8874937026058 307.46682198920337 2569.0491107364514 490.12898043646794 1.7 1.6226 4.5676 11.642812824708605 -32.034303752269714 -6.7663 1.329991552531325 0
CAR 0.0 0 -0.35282240427081324 2406.9546504839195 443.50053171032 3120.5114668164183 743.6770603687598 1.7 1.8024 4.8041 5.728913587182463 -27.817312060641278 -6.8769 -1.7141218927926827 0
