CAR 0.0 0 1.7662110067787626 401.78826973269514 14.525148074725553 462.99521259808023 57.04593468980631 1.7 1.937 4.0135 80.36764215659376 6.303907842707281 -6.2264 0.2769478986028073 0
CAR 0.0 0 2.9205271222848803 1405.378630551169 276.9743511912445 1634.6741784456362 438.7100161013558 1.7 1.9624 4.2616 24.524138327539934 -26.960000824537445 -6.4566 1.5798550217274272 0
WHEELER 0.0 0 2.8807469309445435 1525.0871464684074 344.6811076839918 1649.8538885338373 479.9274775989797 1.7 0.8106 1.621 21.17459953397778 -26.571494246740823 -6.3809 1.5635222017560881 0
CAR 0.0 0 2.9200633635129476 1698.4015619677953 310.27981124328386 2018.8949744817742 505.4868170409346 1.752 1.7066 4.5021 21.27788101972645 -31.172927411265793 -6.3051 1.56412138454581 0
CAR 0.0 0 2.9187498988002933 1619.0531728751769 280.75050799469165 1893.459873025851 441.1007325090641 1.6356 1.9585 4.5139 24.449290939401774 -31.61967207003329 -6.5383 1.5496668587214586 0
CAR 0.0 0 1.784651923659134 1264.1821390402279 -329.4446114601707 1348.7648531380717 -267.63885184651855 1.7479 2.1574 4.4141 -67.4879 8.6671 -7.1261 -0.010319424834180245 0
CAR 0.0 0 3.0145608989609785 2109.2180412805114 304.945062207347 2496.0554112367945 473.38932334637957 1.5888 1.9932 4.2218 21.74219013751617 -39.956156776222045 -6.2836 1.6104035849024376 0
PEDESTRIAN 0.0 0 3.0767478989092325 1400.0895440276415 349.34678834958555 1459.1317826437144 438.0219710747376 2.0834 0.8594 1.2954 35.833845141014976 15.431077413928413 -6.4178 1.774178811100657 0
CAR 0.0 0 -1.2702535147953493 180.0224255688934 448.36882428771463 439.0705989989999 580.7793673448974 1.4933 1.9845 4.3346 11.783989024923478 30.125490289792324 -7.4122 -1.8153757089460985 0
CAR 0.0 0 -1.1691355701314332 1538.9794532081519 285.81303887742615 1632.05740985467 348.1588740298734 1.7 1.9861 4.2709 55.583148262955795 16.76106754726883 -6.5167 -2.5432993446096175 0
CAR 0.0 0 2.433118575264368 346.6525073848134 265.7971446393644 482.0099012400353 323.1516309178463 1.7 1.9565 4.7638 28.365780760856303 56.07188071134373 -6.9364 1.4784007069046419 0
CAR 0.0 0 -0.13736674905395918 2246.5432664036525 477.31736087072284 2841.3666698104116 757.628235209219 1.6932 1.9814 4.11 14.557422533312415 -35.3929333671456 -6.6873 -1.4705620644597983 0
CAR 0.0 0 1.9748988249904356 403.4278807063296 94.32885197000859 587.9943675097509 266.1073112073987 3.1128 2.997 6.1486 38.05097462663997 -5.959080977373607 -5.7625 0.7401940940238513 0
CAR 0.0 0 3.2145456982990623 2489.2984573307385 280.28996111033354 2907.414353989627 428.718709978614 1.5642 1.9835 4.1622 23.06188236635897 -49.85338833211658 -6.199 1.7737371163127353 0
CAR 0.0 0 -1.5996743613145212 1680.8560151240174 282.05023272429685 1765.149302120504 341.01923447179047 1.7 1.9526 4.1684 61.71904496757041 13.112443174601976 -6.5514 -2.992172382108163 0
CAR 0.0 0 -0.7606147081156285 459.88925177270346 452.2230397025145 908.290151680207 1148.2353993024444 3.1038 3.0352 6.5884 12.472818349177652 -13.056545618873054 -6.2887 -1.509341086585937 0
CAR 0.0 0 -0.0406422256415786 1147.6755517865022 198.3027161934256 1266.7198685389587 266.3345699173532 2.7763 2.7552 7.2016 62.903800000000004 37.8616 -5.1699 -1.422524184228078 0
CAR 0.0 0 -1.2230612000295693 1623.108916251222 -690.2314202824422 1892.0632451190654 -496.3856849204173 1.7 2.0312 4.764 -31.25338114247076 5.3075431978770755 -8.0055 -3.117640778232648 0
CAR 0.0 0 -1.5355857062542468 1489.4027222931463 323.75208111149664 1604.0281363107588 404.92446760357353 1.7 1.9575 4.0881 43.41908916223764 14.56658107008124 -6.4594 -2.8761022301203116 0
CAR 0.0 0 -0.9785197078399479 497.1266131521188 464.2171992025694 729.8058140731807 601.7742767421954 1.4978 1.9686 4.1877 15.355725518141114 24.415118735344002 -7.4222 -1.838115012783504 0
PEDESTRIAN 0.0 0 2.9668628820959744 1705.0779664710728 378.95674788964556 1771.6893100576426 473.8547869841398 2.0136 0.8864 0.9253 36.66846326738418 8.039570338516823 -6.2865 1.6361990662420665 0
CAR 0.0 0 -1.345780027241197 285.1961703849198 596.4680902364777 631.631410814512 826.3700767915009 1.54 2.0491 4.191 9.00215104822567 19.42641407843366 -7.5175 -1.9244632537294208 0
