CAR 0.0 0 4.486587291410505 1555.2567174613387 325.6487010715311 1644.9709257545435 411.75919310356255 1.7 2.0096 4.0382 46.50680538831493 12.336555216551053 -6.8888 3.141592653589793 0
CAR 0.0 0 -0.18916951899602874 1136.951081790145 186.73472115824765 1224.4089525208863 261.95565320832395 3.1128 3.0226 6.773 73.00028190974412 31.491341292306423 -5.828 -1.5736332775196553 0
CAR 0.0 0 2.5335064146945636 687.9601875695857 192.7234920176557 893.7284558213388 448.094846979291 3.4115 2.7462 2.4608 21.336335545930133 -6.058907575673968 -5.8128 1.3401917289466796 0
CAR 0.0 0 -0.5390601859474944 978.1848953450536 355.6891101189285 1410.597726732403 897.36655785918 3.8144 4.294 14.4415 23.949103141807797 19.390208730423527 -6.7673 -1.6644207856994233 0
CAR 0.0 0 4.687508223198368 5029.045576891786 -10910.018109347993 27320.762325421798 -1367.9692030446647 1.7 1.9879 4.7683 1.2562802152205061 21.107220285360018 -6.6494 2.785202883707716 0
CAR 0.0 0 2.4439148479207673 472.45656352340535 314.47240805387565 724.5700279844406 623.2841835636716 2.0943 2.4031 5.4998 17.92169480459646 -2.17719729505918 -6.4152 1.5323947328653411 0
CAR 0.0 0 2.6564004371480223 1392.1578739576469 288.87291230898126 1718.836690171741 490.4308839019148 1.7 1.956 4.407 15.419484738790777 -16.84056378037325 -6.175 1.3286530285999227 0
CAR 0.0 0 2.6814305604573194 948.5079916258707 121.58746082150408 1399.5404073613886 522.738974903851 4.1983 3.0119 9.4432 20.10024526581484 -11.823019164845562 -5.5448 1.3643779313591797 0
WHEELER 0.0 0 4.209810635818915 805.8366766335431 165.59273924278742 854.9080559403176 245.48856368986324 1.7142 0.8998 1.2689 33.55575822265647 -10.434954023205897 -6.5743 2.88090798914154 0
CAR 0.0 0 -1.7785346127980304 1706.8641007200617 346.24910662118054 1821.7258136413013 435.6576418528404 1.5535 1.9759 4.0961 45.212382735135215 8.077364662814936 -6.8684 -3.131880613887544 0
CAR 0.0 0 2.766493731358684 1971.3676511242993 218.1107093850762 2499.389958198431 466.6049773314434 2.613 2.2684 5.5662 12.79945925514337 -29.420830304033075 -5.7562 1.3445769096583824 0
CAR 0.0 0 2.7381415326526044 1678.1433743585735 249.4112261985987 1979.6184780704025 402.06384271413935 1.651 1.9856 4.1758 16.937208285483695 -25.38659803113413 -6.3514 1.342068127036025 0
CAR 0.0 0 1.441247230263016 447.58658368168545 23.414297128817257 490.8221305958188 59.774675498601205 1.56 1.9152 4.172 86.99276717805876 -4.525517436790736 -7.1881 -0.04190840405596502 0
CAR 0.0 0 2.7962536211699813 1997.2696890325335 247.28781362964787 2327.043252975622 387.64418113745 1.5628 1.9342 4.1602 15.184983472949336 -32.78903803752572 -6.3567 1.3700529400743369 0
CAR 0.0 0 -1.4272614709301101 227.82919734596055 445.03165226928513 436.6404946947327 567.5193102364062 1.5269 1.9408 4.1155 23.84419904166918 40.653413143040396 -8.831 -2.013284002215193 0
CAR 0.0 0 1.2407589536483237 552.7573625915337 -18.969649407755114 592.385659508581 10.639697169680142 1.5777 1.9548 4.1609 100.99193378173351 -12.393274047306988 -5.6064 -0.33771358048320094 0
CAR 0.0 0 -1.1646063592143645 574.1603154883759 401.4492408499329 737.1558632808399 513.8627327861504 1.585 1.9239 4.1682 28.601391864488114 34.78103669090089 -8.1024 -2.129913873311846 0
CAR 0.0 0 2.82074951845191 2514.5554112607956 270.17617202463396 2953.6551571749815 420.8367121032098 1.5006 1.9544 4.3204 10.12612886255118 -41.283235622649805 -6.2434 1.37457573667756 0
CAR 0.0 0 2.7949695641867924 2346.290237459036 232.31572363894435 2730.3289002881097 367.32556970455056 1.5496 1.899 4.5119 13.085945872914186 -41.88115037344881 -6.1851 1.3407232366309791 0
CAR 0.0 0 2.7646700583283557 1331.32625418369 200.0543486440922 1527.58158997574 312.3485978082695 1.5683 1.9824 4.1753 25.100312143877172 -22.756393167783347 -6.7242 1.3699820769311981 0
