CAR 0.0 0 -0.03384109012573755 1150.2990954058896 198.23658841968668 1269.1003182867305 266.17380211153306 2.7763 2.7552 7.2016 63.068289629311124 37.805699421144155 -5.1699 -1.416192480697106 0
CAR 0.0 0 -1.6932623223367023 1484.7716131474126 330.37938214311737 1603.3228108688236 415.0220837328573 1.7 1.9575 4.0881 41.899797150673294 14.185713236953521 -6.4594 -3.02834391244896 0
CAR 0.0 0 -0.8311725145545081 693.4239931497955 470.32126645485175 822.789540271315 552.9547266289704 0.9948 1.2858 2.4998 18.075258769654294 23.127282212411657 -7.372 -1.8097625679796774 0
PEDESTRIAN 0.0 0 -0.013568268293907115 3385.3306990802253 934.0569111392899 3871.829477573108 1170.71882981089 1.7 0.9483 0.6324 7.0434 -35.0259 -6.4597 -1.3017621272550564 0
CAR 0.0 0 2.2141184883789418 -714.1152030010882 166.39416722475661 448.48824291212014 1083.616851368839 4.449 3.1064 14.302 17.358131561460638 -5.834292863342464 -5.4278 2.2000349190005126 0
CAR 0.0 0 -1.033456485387664 348.8980679547537 415.7583569426281 558.4634749194805 528.3769235672879 1.5443 1.9623 4.0978 15.666617370066621 31.149448615463676 -7.4616 -1.8023740043592795 0
CAR 0.0 0 1.8169610736779047 -1865.9882782425632 459.10261716166184 -400.4848766601737 1203.1628566524867 4.1117 3.1104 3.5612 11.303141443910489 -0.4518693371515514 -5.5624 2.712220804887041 0
PEDESTRIAN 0.0 0 -1.3840695908182827 1121.9313969175828 373.1491089509389 1163.4096103662816 444.5729102086934 1.7091 0.758 0.7219 30.601645383137708 21.395003813622946 -6.9127 -2.611545737766429 0
PEDESTRIAN 0.0 0 -1.6845031496506324 1153.37496941914 373.71278237813266 1195.545991495399 447.33100846429534 1.7376 0.7422 0.7187 30.63436881145905 20.410699630079073 -6.8157 -2.9193361529274826 0
CAR 0.0 0 2.9970006841436456 1652.8461607457646 224.0187152603857 1881.024279913691 346.09529780502487 1.543 1.9551 4.1131 28.43015150678768 -34.52320188676935 -6.1946 1.5853587630622614 0
CAR 0.0 0 2.9629899293878865 1301.8302860618637 202.86236061074732 1461.8742756314589 315.6001558623337 1.5805 1.9518 4.1417 31.59054523681231 -27.149215699448238 -6.3762 1.5767309329786068 0
PEDESTRIAN 0.0 0 2.968438684747575 994.5201707549145 130.99190240695899 1026.7497226372736 199.33736370187216 1.7 0.7538 0.7055 39.8625 -19.5621 -5.7976 1.5594767795872573 0
CAR 0.0 0 -1.6922604940091786 1602.3042078597132 261.9445109668352 1684.8977191894667 315.4114320422287 1.5918 1.9068 4.1122 60.93081566750085 16.057595000460264 -5.8654 -3.0897284918201087 0
