CAR 0.0 0 -0.10101410315782666 1149.5786619699907 202.45874936490597 1271.5053155872663 277.12786478780146 3.0887 3.0353 7.0662 63.37390028948582 37.8997073061298 -5.5641 -1.477576390199944 0
CAR 0.0 0 -1.6804033349657186 1777.8425086100592 330.1907185292402 1895.7261031272183 423.4659568066446 1.661 1.8473 4.112 42.522108339779095 6.825200880255423 -5.6812 -3.0500607807103046 0
CAR 0.0 0 3.008146772799643 1349.5585078195522 191.9044854030163 1512.805134708696 306.4053227261737 1.7 1.937 4.0135 31.90249792475136 -28.462220110633368 -6.2264 1.6087736008161464 0
CAR 0.0 0 -1.27997371102642 209.18043568174573 429.2429931472188 443.65144540403907 559.3641959825678 1.7 1.9714 4.0628 12.698299085656796 31.31070094854817 -7.4038 -1.8673876289855698 0
CAR 0.0 0 -1.082437173874502 380.8439314247649 442.13682006567205 575.8923652731769 554.6509170232556 1.4656 1.3758 3.7786 14.81967450588424 28.662487355677566 -7.4477 -1.8503676822190267 0
CAR 0.0 0 -1.0970416267681622 236.97021659999143 324.1096475146331 528.6561176852923 493.08442485952395 3.0074 3.0141 6.0193 16.62199687909394 35.939700240519514 -6.7457 -1.8587980939027253 0
CAR 0.0 0 2.971448324480294 1401.7132907487164 230.1041375669229 1599.307207408819 358.43734275757083 1.5329 1.947 4.1625 27.801181851263348 -28.14426658343572 -6.1782 1.5933728930092512 0
CAR 0.0 0 -1.3966258107547933 117.86829098672786 396.2013511785744 327.7404270218037 496.3572877396394 1.5121 1.9339 4.1099 13.241206122164268 38.15299141244225 -7.6011 -1.8619935011827247 0
CAR 0.0 0 -1.5945671176359058 1759.9458004485484 271.9356664729414 1902.5431923488788 393.57012748892794 3.3377 3.0755 3.0748 53.981552303759955 8.449879637212831 -5.9795 -2.9869259500819885 0
PEDESTRIAN 0.0 0 3.010325657045408 619.2861895171193 127.4773344367831 661.919247526208 202.1357418902994 1.8579 0.9295 0.9471 41.46399987512674 -9.049299920691341 -6.0836 1.6907205764568618 0
CAR 0.0 0 -1.5556436189096416 1750.3730976626562 195.21498198809255 1918.6169386567 340.33158273751775 4.1862 3.2286 10.2919 60.541716705604756 9.441779520094327 -4.2942 -2.9848478768210582 0
CAR 0.0 0 1.4498090098346523 394.52702430400296 29.37137485906763 459.5596997612491 74.06207020310728 1.7237 2.0206 4.126 78.45861301577662 6.205014296650472 -6.818 -0.0016624063706126633 0
CAR 0.0 0 -1.7496290538137045 1477.1772701812215 457.1482232902543 1670.3112500008833 616.0454669242627 1.5556 1.8854 4.2176 24.762363297875435 8.473364801285147 -6.2649 -2.9948452504364798 0
CAR 0.0 0 -1.6369424729879838 1638.5083812762962 300.57524132503755 1739.844880232671 372.3998547443979 1.5712 1.8019 4.16 48.045811867881895 11.609342416139588 -5.809 -3.0119665013683754 0
CAR 0.0 0 -1.9629702395645527 990.2604289527155 591.0046309621675 1298.4189087696207 874.7787643131954 1.7282 1.6724 4.4604 13.310228742608635 10.366116952139594 -6.4626 -2.9706858680711745 0
CAR 0.0 0 1.0628993573889645 209.5394940205599 154.89737652007807 383.4064635772505 260.61214197074065 1.7 2.482 4.675 38.324823749094506 -0.6019506872452687 -6.5583 0.09213218232254927 0
