CAR 0.0 0 4.344904345302828 1562.1123593250486 326.883314633977 1653.1746156838876 413.5562763466012 1.7 2.0096 4.0382 46.36309506012535 12.133371719962708 -6.8888 2.9997781404841044 0
CAR 0.0 0 -0.1956238501303107 1115.230711454309 185.05029691917042 1202.7913915800968 259.15070907082054 3.1128 3.0226 6.773 73.47897252101868 32.80391912345367 -5.828 -1.5785158727392246 0
CAR 0.0 0 1.323204777007353 383.47356693329374 49.82635186068216 442.9986307195098 106.66329258922407 1.7 1.967 4.5895 63.80033294251538 -0.9751412782417117 -6.577 -0.062182613252866906 0
CAR 0.0 0 2.7260745715421666 1778.1937025122584 180.78643805276778 2064.6284488277206 398.13546043041595 3.4115 2.7462 2.4608 16.735960176868424 -27.54095375042267 -5.8128 1.3026809337150287 0
CAR 0.0 0 2.6710021671028996 1453.5178464337291 273.2607724319635 1725.3656771377323 427.7204162144817 1.5441 1.9368 4.2225 18.059726830371538 -20.537630078498054 -6.7047 1.315638311855022 0
CAR 0.0 0 -1.197350759243507 300.4786787468452 255.84894005019655 770.0554029025806 505.33186405175246 3.8144 4.294 14.4415 31.795344890608867 39.72738851187971 -6.7673 -2.179851489548392 0
CAR 0.0 0 2.6706704885106567 1568.4654885997477 306.9209997062747 1936.353540558607 510.2956263813919 1.7 1.9879 4.7683 14.683642736946995 -20.535880161440677 -6.6494 1.32678529446248 0
CAR 0.0 0 2.6902529172753393 1897.9390310546576 313.9064766229677 2283.701369038885 491.93720616246554 1.5135 1.9357 4.3357 12.892470671994781 -26.56023186826283 -6.6523 1.3082793304274738 0
CAR 0.0 0 2.7255751031769893 2200.8824935901243 267.7257414475388 2745.191653275432 486.11596482777435 2.0943 2.4031 5.4998 11.251325087752802 -34.3224091118424 -6.4152 1.3038398887486922 0
CAR 0.0 0 2.746492785558895 1875.682297151093 122.58274315149188 2641.6029658724137 465.7592591865747 4.1983 3.0119 9.4432 15.067701929105162 -33.300078396839424 -5.5448 1.2985633238758703 0
CAR 0.0 0 4.876632905326522 3234.0050093133405 -5644.459237595475 13760.259918094256 -633.6787491791166 3.8072 3.3433 7.7358 -1.4749200238878881 23.375906072355356 -6.4136 3.006238776863091 0
WHEELER 0.0 0 4.006363561043775 802.5681327569679 166.39179759257598 851.8197017430738 246.5736535931381 1.7142 0.8998 1.2689 33.4645 -10.3208 -6.5743 2.679422543851173 0
CAR 0.0 0 1.340734183629642 429.24080046943465 130.33219364760674 517.3294289896176 214.73565554766705 1.5813 1.9585 4.1006 42.189876261483555 -2.04930250467019 -6.7996 0.11748632072757194 0
CAR 0.0 0 4.931892575767261 2337.2687619830117 -1213.9603037141326 3142.9328192689986 -499.8828557700361 3.853 3.0824 3.0601 -10.141861597175717 24.089182110767513 -6.7871 3.070794072295427 0
CAR 0.0 0 2.769622346293116 2531.3420633554438 267.7532552980261 2999.2902245035825 434.14634741697114 1.7 1.956 4.407 9.684615631204172 -40.924605015779456 -6.175 1.3238232411917106 0
