CAR 0.0 0 -0.03384107022204019 1150.299178351524 198.2365814030077 1269.1003867856698 266.17378754268424 2.7763 2.7552 7.2016 63.06829846256403 37.805699914185666 -5.1699 -1.416192480697106 0
CAR 0.0 0 -1.6932622858885196 1484.7720208787402 330.37941436673924 1603.3232212354092 415.0221301491955 1.7 1.9575 4.0881 41.89979957759244 14.185701962354551 -6.4594 -3.02834391244896 0
CAR 0.0 0 -0.7921881152062831 1114.6898813578814 566.9117049912725 1259.5244490953846 682.1323916953738 0.9948 1.2858 2.4998 18.629757118649103 12.878461741231973 -7.372 -1.880150826000462 0
PEDESTRIAN 0.0 0 -0.013568268293907115 3385.3306990802253 934.0569111392899 3871.829477573108 1170.71882981089 1.7 0.9483 0.6324 7.0434 -35.0259 -6.4597 -1.3017621272550564 0
CAR 0.0 0 2.4931125668242835 -1280.2263261917276 195.2184880402199 392.18178627131243 1368.2762316295398 4.449 3.1064 14.302 15.088376962137884 -5.475405587251807 -5.4278 2.794146208602611 0
CAR 0.0 0 -1.0335996860985879 348.8973264686977 415.9085224288548 558.5633715930908 528.605083456268 1.5443 1.9623 4.0978 15.65858731924858 31.133305590824428 -7.4616 -1.8023740043592795 0
PEDESTRIAN 0.0 0 -1.384737184209907 1123.098199076463 374.30466202778746 1164.774750850156 446.0516423295411 1.7091 0.758 0.7219 30.483471663460637 21.279569873073733 -6.9127 -2.611545737766429 0
PEDESTRIAN 0.0 0 -1.6840499071596953 1155.6275102023596 373.8907780441039 1197.8556714268382 447.55065958856596 1.7376 0.7422 0.7187 30.656289679333916 20.35248670922421 -6.8157 -2.9193361529274826 0
CAR 0.0 0 2.9740467396952015 1466.1727488179313 227.37821702998022 1670.1313318717432 353.05151333539885 1.543 1.9551 4.1131 28.131171256723256 -29.814594602434124 -6.1946 1.585358763062261 0
CAR 0.0 0 2.9633785725631183 1303.088936701172 202.60936989398255 1463.1498645341228 315.20416563812023 1.5805 1.9518 4.1417 31.620492056200725 -27.192171401648906 -6.3762 1.5767282752965508 0
PEDESTRIAN 0.0 0 2.958622138612567 901.5212402816985 125.11427777992849 929.8815680266644 192.69290548740835 1.7 0.7538 0.7055 40.655092034225476 -16.919080137585166 -5.7704 1.5594767795872573 0
CAR 0.0 0 -1.6027420499995233 1582.6715248780345 282.0668970060186 1671.526018563603 340.92073602929696 1.5918 1.9068 4.1122 56.27911847444549 15.465883298874447 -6.2509 -2.9850087367004488 0
