CAR 0.0 0 4.486587525167384 1555.2854773331944 325.65433003615567 1645.005523217565 411.7674128857921 1.7 2.0096 4.0382 46.50610143841534 12.335702061332213 -6.8888 3.141592653589793 0
CAR 0.0 0 -0.1888017547855101 1140.576508430144 186.91480692107433 1227.9196857117772 262.2265368584113 3.1128 3.0226 6.773 73.00169216604765 31.29591346068174 -5.828 -1.5736332775196553 0
CAR 0.0 0 1.5605518560591551 -370145.1805771239 -10993.077631539813 45869.45411464811 114525.34746963394 3.4115 2.7462 2.4608 5.959235962588788 24.07129462230304 -5.8128 2.788860265443239 0
CAR 0.0 0 1.1569377553406706 338.1071194808445 51.51159908961727 522.8805334156774 250.30085669930529 3.8144 4.294 14.4415 48.488473790615856 -0.9841582596789245 -6.7673 -0.09389343627113866 0
CAR 0.0 0 4.660623197099767 4511.826106413846 -4461.264818627771 12391.077976712326 -1101.1377612183244 1.7 1.956 4.407 0.35312926819391155 21.60753654711726 -6.175 2.794729600275159 0
CAR 0.0 0 1.4180590532502102 -96034.95622960522 -6197.869071752807 35820.72787471283 34354.091940000275 4.1983 3.0119 9.4432 10.968669870930547 21.225755919933093 -5.5448 2.5338005589370405 0
WHEELER 0.0 0 4.208792591081968 804.6989538420983 166.1321219130201 853.8824645186394 246.212504553212 1.7142 0.8998 1.2689 33.48716030469208 -10.384615015101527 -6.5743 2.88090798914154 0
CAR 0.0 0 1.1359063240994924 -18332.28596657145 863.3487433015341 -2072.4717848748796 4980.791707902549 2.613 2.2684 5.5662 9.683642434408343 15.773076303922199 -5.7562 2.3571941658769973 0
CAR 0.0 0 -1.4254750018380802 230.0065089111888 446.44702344000154 439.3404230952385 569.6203425235645 1.5269 1.9408 4.1155 23.771505359198255 40.49985723162322 -8.831 -2.013284002215193 0
CAR 0.0 0 2.616430759577704 818.9050920900618 249.9507209608232 1012.7679374725874 419.4805312859178 1.5496 1.899 4.5119 21.319915670350554 -8.150911263016726 -6.1851 1.3930831141908093 0
CAR 0.0 0 2.7655088972547057 1335.6219789854767 199.7097087363785 1532.0417602594996 311.76269868346515 1.5683 1.9824 4.1753 25.107026198917843 -22.894194900673956 -6.7242 1.3699820769311981 0
CAR 0.0 0 2.242742247000221 212.36146530265992 328.2335998980294 387.244380342635 531.9864593101249 1.5716 1.9048 4.1778 21.68391821201377 1.5958989055094757 -6.8777 1.6163690476299755 0
CAR 0.0 0 2.5475139781733134 887.2235573366639 334.46275338758574 1115.814194803598 537.6450728981679 1.5502 1.9671 4.1367 17.662216405419432 -8.17614035140238 -6.7148 1.3851531646117878 0
CAR 0.0 0 -1.7746235313236594 1697.2953686397836 326.7518518057926 1839.1396986730508 444.35248323915255 1.9963 2.2756 5.9988 45.47605138291263 8.038217045339557 -6.704 -3.131880613887544 0
CAR 0.0 0 1.079026162669662 -1022.8764738072921 451.4256828567041 -432.37699369522966 776.6287376290185 1.651 1.9856 4.1758 19.506568744657436 11.76380167367105 -6.9778 1.9354800727140955 0
CAR 0.0 0 0.6928405548146348 175.74464259208003 201.5102925110569 299.91758636125365 315.28988987495285 1.515 1.9112 4.1456 34.53752778251847 3.5223261127766317 -7.135 -0.06396857881761024 0
