CAR 0.0 0 -0.10101409374645631 1149.5787681742117 202.45875637000972 1271.5054256898263 277.1278771281461 3.0887 3.0353 7.0662 63.37390002596905 37.89970065541465 -5.5641 -1.477576390199944 0
CAR 0.0 0 -1.6804033581969589 1777.8424905182637 330.190752130694 1895.7261052515705 423.46601049667646 1.661 1.8473 4.112 42.52210074814074 6.825200078965514 -5.6812 -3.0500607807103046 0
CAR 0.0 0 3.00814669255596 1349.5577837273179 191.90446983154627 1512.8043062323636 306.4053057614699 1.7 1.937 4.0135 31.90249981383463 -28.462201804074656 -6.2264 1.6087736008161464 0
CAR 0.0 0 -1.2799736323313406 209.18049380039213 429.2429930685335 443.6514983265998 559.3641954856348 1.7 1.9714 4.0628 12.698299917976556 31.310700085091884 -7.4038 -1.8673876289855698 0
CAR 0.0 0 -1.0824361606224526 380.84470657359833 442.1365637134643 575.8929252153358 554.6505352025591 1.4656 1.3758 3.7786 14.819697712986592 28.662498865709438 -7.4477 -1.8503676822190267 0
CAR 0.0 0 -1.0970414670062079 236.97033847377784 324.1096373154833 528.656211916376 493.084402810446 3.0074 3.0141 6.0193 16.62199972003132 35.93970002157641 -6.7457 -1.8587980939027253 0
CAR 0.0 0 2.97144913912023 1401.7181718359166 230.10395582727836 1599.312704410497 358.43701225126546 1.5329 1.947 4.1625 27.801198371922197 -28.144388031533488 -6.1782 1.5933728930092512 0
CAR 0.0 0 -1.396626441382172 117.86792398575851 396.20134019754124 327.7400808908341 496.35727347639994 1.5121 1.9339 4.1099 13.241200549204054 38.152999229631654 -7.6011 -1.8619935011827247 0
CAR 0.0 0 -1.6118825914934258 1760.0321167760308 271.7379325245067 1902.4369859291749 393.1896034742717 3.3377 3.0755 3.0748 54.05657242771064 8.460073887048528 -5.9795 -3.0043898425771913 0
PEDESTRIAN 0.0 0 3.0103256592120378 619.2861926424622 127.4773338261545 661.9192503861273 202.13574106940936 1.8579 0.9295 0.9471 41.46399998879795 -9.049299992885432 -6.0836 1.6907205764568618 0
CAR 0.0 0 -1.559812303279313 101.20338419952094 -38.526042758090455 317.49147308194307 103.86475902495637 4.1862 3.2286 10.2919 60.5865979881068 9.323804597773686 -4.2942 -3.0022799433995133 0
CAR 0.0 0 -1.7695733065209556 1393.0816835449825 482.83731602324394 1618.990459444601 676.9376143409693 1.5712 1.8019 4.16 20.188649938572908 8.24097504265589 -5.809 -2.9769992908451557 0
CAR 0.0 0 1.5429578345993438 390.3631041913941 28.8811064483195 469.7347518194742 76.08630785153385 1.7 2.482 4.675 75.53584585307715 5.265500568882635 -6.5583 0.09213218232254927 0
CAR 0.0 0 -1.6515922455854724 1450.2263229108703 347.3289635086193 1578.9868720934905 435.91430020498166 1.63 2.02 4.44 39.98468715910038 14.384896894592767 -6.7646 -2.9706568834179663 0
CAR 0.0 0 0.3571372264338546 -202.08902990370416 489.5157401233156 289.4337798513511 901.988318570612 2.1382 2.0815 4.5477 14.490832331202556 -6.226515181781862 -6.523 0.2514473380310116 0
