CAR 0.0 0 2.686381605547769 1340.96845301091 200.0082576996792 1538.1599272159362 312.16587905395994 1.5683 1.9824 4.1753 25.03696417660562 -23.00732009522871 -6.7242 1.2904051040461615 0
CAR 0.0 0 2.6468647599306427 1379.8040505928836 208.03724961959506 1636.7909441589668 349.3235562399501 1.6094 1.8776 4.9449 21.338560214822007 -21.435172194874145 -6.2139 1.2570095736052027 0
PEDESTRIAN 0.0 0 2.8955124830911156 626.9327839771973 127.712518937699 664.0895260195795 195.15939744545375 1.7016 0.7772 0.6957 39.71374484833614 -6.738414431384299 -6.3348 1.5692703461305249 0
CAR 0.0 0 -1.2996183568950066 220.7733449336412 422.24157091470937 433.4535082740902 543.2148019436183 1.5083 1.8983 4.1522 23.60393528631797 40.43349369763077 -8.1788 -1.9008039597235955 0
CAR 0.0 0 -1.1064144244832437 392.04722714489185 425.37381138456516 586.8716799225286 545.6888058979722 1.4958 1.977 4.1388 25.150748742042417 37.03810643907723 -8.1989 -1.900855273565694 0
CAR 0.0 0 -3.591818580781678 -670.4469443068755 106.8580550435916 6.607075946828629 539.7426023947804 3.4934 3.115 10.3352 25.445534774378356 8.871018524217554 -5.0918 -2.846738172780924 0
CAR 0.0 0 -1.4562782785453088 116.07747882055982 382.2682839637619 313.3222717421958 482.71965202955954 1.508 2.0028 4.001 25.689927753568348 46.61999111928867 -8.2196 -1.921975704819857 0
CAR 0.0 0 -3.3531540723269173 -418.6524185262941 276.5999280160172 -58.27741931357853 527.4467410538412 2.4532 2.2469 1.9737 21.02637906652655 7.5291852263330465 -5.6178 -2.837411994817862 0
WHEELER 0.0 0 2.6060849846632523 1533.6512602691175 334.35824673084403 1689.558674465992 471.60488754122036 1.6332 0.8894 1.834 15.21136108534073 -18.223242024689952 -6.5953 1.2795230550680976 0
CAR 0.0 0 2.6297928388984984 1394.2481402821572 227.72744449613742 1658.4668871037911 383.71880383686744 1.654 1.8689 4.1757 18.577138689852273 -19.224251131235885 -5.8865 1.2547721101000144 0
