CAR 0.0 0 -0.06127794175175394 1151.2923523108839 202.57023888305758 1273.2797815148233 277.32397114035933 3.0887 3.0353 7.0662 63.370736955825805 37.793174631099234 -5.5641 -1.437993474107063 0
CAR 0.0 0 -1.6723063918070387 1597.8930904616211 303.02231186797417 1743.6097378407824 424.65973732493325 2.5061 2.2666 5.3185 43.08986441373283 11.01667019771502 -5.9066 -3.0306989853775987 0
CAR 0.0 0 -1.6723215783172172 1526.2997590900998 311.71482942188817 1635.0030043749587 387.86309699203184 1.7 1.9666 4.1398 46.537518651887765 14.438140334404498 -6.3811 -3.0262847080785336 0
CAR 0.0 0 1.566729359051159 404.1406998701066 -10.979452569516605 510.6510260362361 77.38244284620913 3.5244 2.84 10.3328 82.87269575588513 5.396599625669304 -6.2138 0.06357411080289209 0
WHEELER 0.0 0 -1.6508840970479257 871.7234327623839 214.33649534372248 900.4130343641106 289.40262997375265 1.455 0.6025 0.8913 31.858282833832963 -15.607876647824689 -6.2896 -2.945145701233959 0
CAR 0.0 0 -1.6731860153513398 1779.1473168389239 330.71518202847193 1897.2756268345959 424.2924092291726 1.661 1.8473 4.112 42.43600534764324 6.7809710267049885 -5.6812 -3.0426493148486395 0
CAR 0.0 0 3.0130187428565183 1337.9456925221757 191.6504795135506 1499.5155410198508 306.12672168151164 1.7 1.937 4.0135 31.933321863071182 -28.16881960623426 -6.2264 1.6149400059223493 0
CAR 0.0 0 -1.2034586303883725 210.09592259836782 429.2432495709732 444.4861541652695 559.3587142448853 1.7 1.9714 4.0628 12.71134853665214 31.29694416702005 -7.4038 -1.7921101297431838 0
CAR 0.0 0 3.315081214854862 1135.8398665023792 587.204465076432 1443.0252735916079 875.4671219268051 1.6434 1.7018 4.5628 14.13215737143913 8.782000855175411 -6.2183 2.253205367771153 0
CAR 0.0 0 -1.0294847257673434 393.1368714558568 438.1390986951645 584.8233242704823 548.7033784525129 1.4656 1.3758 3.7786 15.189200828039581 28.840821287290616 -7.4477 -1.8133342874298124 0
CAR 0.0 0 1.398792134597496 373.02257092547865 49.371575784251846 447.6876177477398 103.5157565978178 1.7 1.8295 4.0434 64.96110454884129 3.49278813730058 -6.4708 0.010344369525566144 0
CAR 0.0 0 -1.0422977058440204 236.793118070464 324.1224612783708 528.5165817736074 493.11241960134186 3.0074 3.0141 6.0193 16.618018825665136 35.94037761510513 -6.7457 -1.803823861624888 0
CAR 0.0 0 5.0000612359965 1230.4523508047303 -438.71922016531425 1330.6433457095454 -355.8941539371226 1.5029 1.9094 4.1841 -51.630562388456454 2.1249498869392642 -7.9847 3.129067075297349 0
CAR 0.0 0 -1.2592363819409351 1452.9957948954084 -591.1799732439673 1656.6023044385877 -416.42218370672515 2.0674 2.0854 4.1222 -33.96498491337787 2.7020910649284526 -7.0917 -3.141592653589793 0
