CAR 0.0 0 2.780341709944988 1307.1291544532462 203.37849398780062 1503.488995612921 317.8110791245831 1.5683 1.9824 4.1753 24.916257658659987 -21.883127420288677 -6.7242 1.391616819307995 0
CAR 0.0 0 4.4306605258336 1698.569964694974 327.9388192073206 1841.5444387103369 446.4377162071124 1.9963 2.2756 5.9988 45.23860327901648 8.030049952414867 -6.704 3.074060173428414 0
CAR 0.0 0 2.768396602585013 1378.536739878398 209.07062734855103 1636.4137928587088 351.1202736352066 1.6094 1.8776 4.9449 21.251584296494272 -21.33083888552317 -6.2139 1.3795353276698106 0
PEDESTRIAN 0.0 0 2.9072975888726944 631.269462655038 127.24410973020395 668.2680221836986 194.5195188385163 1.7016 0.7772 0.6957 39.77390237662781 -6.871464943666259 -6.3348 1.5787143958338035 0
CAR 0.0 0 -1.130313262448824 199.83246851203836 428.4928933561416 418.92327857820214 552.9440119620529 1.5083 1.8983 4.1522 22.975149382638307 40.29825886244335 -8.1788 -1.6986471999023898 0
CAR 0.0 0 -0.925285131567027 379.9890016117212 430.5949454279536 579.190416901377 553.7562804777803 1.4958 1.977 4.1388 24.646980653661505 36.88440862417371 -8.1989 -1.702920799359803 0
CAR 0.0 0 4.491016143257822 1695.2007435489234 204.59999034589814 1849.7418863506884 329.4045910422389 3.4934 3.115 10.3352 63.79454190897988 5.469677144987156 -5.0918 3.0676513757056805 0
CAR 0.0 0 -1.275326118495808 87.25552968162526 382.30014541811636 287.6588850756522 483.0210415957898 1.508 2.0028 4.001 25.360886799259678 47.21067382463018 -8.2196 -1.689088395475315 0
CAR 0.0 0 4.466805807304606 1731.5466570440826 256.3816332302227 1829.5382943636826 339.99813804258787 2.4532 2.2469 1.9737 56.659804753207396 6.005145625282047 -5.6178 3.061520652592247 0
WHEELER 0.0 0 2.743295972109359 1508.3574286501778 335.5061456056884 1662.460704729093 473.44381911642216 1.6332 0.8894 1.834 15.297143196604122 -17.74046839784678 -6.5953 1.4214897385773124 0
CAR 0.0 0 2.769500989942906 1542.7170397922832 224.03559161119435 1823.0319803703821 375.13826484795857 1.654 1.8689 4.1757 17.980768080790803 -22.520068849468647 -5.8865 1.3731739099134215 0
CAR 0.0 0 4.019348276571614 973.4038060807678 503.1589787489375 1261.9766430942086 853.067119772557 2.4848 2.6187 6.0302 19.452605790418954 20.196956007995844 -7.0671 2.9806292048917222 0
CAR 0.0 0 4.155846521020338 1147.506238312202 424.5943080321222 1362.7450901783982 696.3637963736408 2.5812 2.5835 7.1008 25.707597341271786 19.2238267001761 -7.1588 2.99544186097799 0
