CAR 0.0 0 -0.033841195691751036 1150.2986554757276 198.2366256350096 1269.0999549794992 266.1738793823405 2.7763 2.7552 7.2016 63.06824277920295 37.80569680613377 -5.1699 -1.416192480697106 0
CAR 0.0 0 -1.6932625156519747 1484.7694506098333 330.3792112345025 1603.3206343542333 415.02183754850415 1.7 1.9575 4.0881 41.89978427869671 14.185773035556197 -6.4594 -3.02834391244896 0
CAR 0.0 0 -0.8167389403113589 569.7550857791007 425.0923195008127 688.9567320557692 494.011174677382 0.9948 1.2858 2.4998 18.853330918895512 28.678502806070053 -7.372 -1.7580825005420824 0
PEDESTRIAN 0.0 0 -0.013568268293907115 3385.3306990802253 934.0569111392899 3871.829477573108 1170.71882981089 1.7 0.9483 0.6324 7.0434 -35.0259 -6.4597 -1.3017621272550564 0
CAR 0.0 0 2.743936143952853 298.81989299864705 133.2302307894048 743.2176769035871 797.2420430375527 4.449 3.1064 14.302 20.783439754110383 -10.906866678666734 -5.4278 1.7988874842671783 0
CAR 0.0 0 -1.032865633603692 349.37582114791235 415.6687186686601 558.8419618170985 528.2379544686463 1.5443 1.9623 4.0978 15.678800382110918 31.15137411748171 -7.4616 -1.8023740043592795 0
CAR 0.0 0 2.0520787161640537 -380.9194497658108 252.0264639032157 175.8867915149677 674.815920830536 4.1117 3.1104 3.5612 18.345591635970546 -2.973912074443267 -5.5624 2.2055470537403488 0
PEDESTRIAN 0.0 0 -1.3845936893539172 1121.007322433685 373.4556481719905 1162.5229604042624 444.9706411504671 1.7091 0.758 0.7219 30.54590718636662 21.389095269323164 -6.9127 -2.611545737766429 0
PEDESTRIAN 0.0 0 -1.6845308312108007 1153.920729654371 373.9186556225147 1196.131927177182 447.5944779654877 1.7376 0.7422 0.7187 30.619743121677995 20.38421932881339 -6.8157 -2.9193361529274826 0
CAR 0.0 0 3.0421105348383337 1963.2643401834605 220.16991228149885 2230.048519473206 337.2832949146275 1.543 1.9551 4.1131 28.77172058086166 -42.696279848253525 -6.1946 1.602812055582205 0
CAR 0.0 0 3.0126307015788116 1407.2013397939584 201.82067748463922 1580.639931557823 313.07795072001164 1.5805 1.9518 4.1417 31.70952832883296 -29.953736101206363 -6.3762 1.6116454910625055 0
PEDESTRIAN 0.0 0 2.9768302995165525 1063.8694027035335 133.14630841294718 1098.8268296033632 201.67230574192183 1.7 0.7538 0.7055 39.539297632840565 -21.536915161805837 -5.7976 1.5594767795872573 0
