CAR 0.0 0 -0.06107589604056263 1151.180805173386 202.28217588285543 1272.7858760566332 276.7595946179309 3.0887 3.0353 7.0662 63.56967370061578 37.9239338864928 -5.5641 -1.438074103094086 0
CAR 0.0 0 -1.708355015049866 1780.6755440709126 330.67274500316887 1898.7111285647193 424.21339631697657 1.661 1.8473 4.112 42.476007637360695 6.75184128991202 -5.6812 -3.078007174963612 0
CAR 0.0 0 2.960107558984097 1345.7912212712183 192.05358369111661 1508.6403276963558 306.66837801448287 1.7 1.937 4.0135 31.883974098134352 -28.35635203599054 -6.2264 1.5613408777075723 0
CAR 0.0 0 -1.2043378231094275 204.93401255302265 429.11938945457194 439.6922637481809 559.1976463682395 1.7 1.9714 4.0628 12.642822439090926 31.387206960977963 -7.4038 -1.7860664048787567 0
CAR 0.0 0 -1.0172386359803234 392.3840727307342 439.291011193077 584.7914150624205 550.4006539731705 1.4656 1.3758 3.7786 15.122122853995666 28.746417308994907 -7.4477 -1.7992607011529442 0
CAR 0.0 0 -1.029531792688641 228.65262115200338 324.4579519020131 521.7750259418211 493.8884090642337 3.0074 3.0141 6.0193 16.45446556812157 36.016706413255136 -6.7457 -1.7806193478024308 0
CAR 0.0 0 2.953801832754036 1404.0458998530714 228.64441356469612 1600.9746395563077 356.1349445646769 1.5329 1.947 4.1625 27.94345088001596 -28.258364227605977 -6.1782 1.5742731399333625 0
CAR 0.0 0 -1.3662205715350377 100.50171600293102 398.6202014269117 313.44270153049024 500.0382490751948 1.5121 1.9339 4.1099 12.842441778144956 38.118051132356534 -7.6011 -1.800105966354912 0
CAR 0.0 0 -1.6222551382979955 1755.6161544054953 270.4528701998932 1896.7598075448184 390.7851434202095 3.3377 3.0755 3.0748 54.40831878181083 8.656379350344894 -5.9795 -3.0152364718177616 0
PEDESTRIAN 0.0 0 2.983906359797926 628.3584272983531 127.05520165479106 670.4578333836499 201.52368122870746 1.8579 0.9295 0.9471 41.548618300045845 -9.290136700374157 -6.0836 1.6602932387710603 0
CAR 0.0 0 -1.5844199412732005 1751.0975158123356 195.44872495936892 1919.7984596296744 341.108237158758 4.1862 3.2286 10.2919 60.369317731804955 9.3880786352044 -4.2942 -3.0134491712793317 0
CAR 0.0 0 -0.11679029133848351 2142.4639034173833 423.3528933591299 2722.201476523507 712.3279302242343 1.9675 1.9559 4.604 15.885057720284218 -35.32908916734405 -6.6285 -1.4591455572787007 0
CAR 0.0 0 -2.2939398491832232 465.95435044526397 705.3941894748608 987.796661649429 1172.2566046389172 1.7 2.0565 4.1699 6.673149724006496 10.477806731796523 -5.9339 -2.968387897526797 0
CAR 0.0 0 -1.4328598408502982 72.91141573301135 339.2346760762235 247.11908346909254 415.56042673870303 1.5206 1.9327 4.0484 15.312099999999997 47.811797579598135 -7.4583 -1.835460922297258 0
CAR 0.0 0 -1.8746758653459266 1263.8674059562454 490.01659210986287 1615.9550538269038 804.9728754115802 2.0176 2.2899 5.6298 16.609126953524914 7.886341249964977 -5.5529 -3.0328838734078447 0
CAR 0.0 0 -1.1780851299458566 213.469611680818 337.2233875196304 378.4813168924071 419.39296538775574 1.7 1.6238 4.0308 17.7583 43.852 -7.2916 -1.8444774247416449 0
