CAR 0.0 0 2.732529196032514 1336.5988564492427 202.1172206681591 1534.9986452705516 315.5019872469835 1.5683 1.9824 4.1753 24.842650656666606 -22.72677244503583 -6.7242 1.33882426606999 0
CAR 0.0 0 4.357969459390571 1702.8443668137895 328.5099189381951 1847.0083171417175 447.3776378731806 1.9963 2.2756 5.9988 45.19022305755618 7.915332835850199 -6.704 3.0012018670575786 0
CAR 0.0 0 2.702966782318193 1388.745346099273 207.3552869245143 1646.2882428191244 348.02000645099594 1.6094 1.8776 4.9449 21.344096566021005 -21.691171940404583 -6.2139 1.3114097922132018 0
PEDESTRIAN 0.0 0 2.727011625622702 638.5908024123004 127.070492054136 675.4226021344857 194.2388993613351 1.7016 0.7772 0.6957 39.75989038109632 -7.078050418080476 -6.3348 1.3955368288674803 0
CAR 0.0 0 -1.5468664330482254 246.93399018498664 422.2011361168832 456.3375842051687 542.9041290079327 1.5083 1.8983 4.1522 23.863843901388183 39.95147196397762 -8.1788 -2.18213576590055 0
CAR 0.0 0 -1.2901629540448596 405.91993825534246 424.57389400916315 598.6213512590764 544.3413097845158 1.4958 1.977 4.1388 25.35009991958836 36.833600020901805 -8.1989 -2.09854158769705 0
CAR 0.0 0 4.392023744778427 1708.096684145933 206.03323153761684 1867.8912779117304 332.7501465100396 3.4934 3.115 10.3352 63.26479956357342 5.0191 -5.0918 2.9686603356601298 0
CAR 0.0 0 -1.6596890081297726 140.68002242204548 381.5894017753573 334.8372509738172 481.5072592074791 1.508 2.0028 4.001 26.02780211152675 46.1866 -8.2196 -2.1681369818205787 0
CAR 0.0 0 4.391394218646928 1725.171275854398 254.6068781007159 1821.5750336537085 337.22110826493576 2.4532 2.2469 1.9737 57.1937 6.1447 -5.6178 2.985525566570448 0
CAR 0.0 0 4.88891804708937 4771.129055771694 -4843.373358879877 12691.352239204722 -1281.3042271657698 1.7 1.989 4.2817 0.36916030220864515 23.189214501656497 -7.1172 3.0019663134302466 0
CAR 0.0 0 4.977000875464601 -16125.609651040551 -18001.8172381419 37472.11425449683 3810.955527875193 3.0024 3.0029 5.9984 5.9098567625123595 19.376985332799805 -6.3697 2.9537335159015963 0
CAR 0.0 0 -0.3849597522505983 2699.8597765621917 377.47408980645645 3671.6032100890966 718.1431932166087 2.0449 2.1484 6.0265 4.248477564684361 -34.24666853992139 -6.4734 -1.7881979038209308 0
