CAR 0.0 0 4.317827209690265 1466.7867376681857 322.5523349742667 1528.911600176199 400.3029715666597 1.5848 1.5393 4.034 46.723728502224425 15.226778046097332 -6.9916 2.9829474981030093 0
CAR 0.0 0 1.028801390922557 -73026.08814840346 1556.1465786391864 -3724.095776053038 21716.488641964097 1.7 1.9419 4.3933 8.24899400941686 17.855238677790826 -6.2196 2.2709846523939796 0
CAR 0.0 0 4.337769181698601 1585.6926806444355 321.2732401281633 1672.9051056313067 401.0376933414008 1.6092 1.9505 4.2191 48.876653760008814 11.315271185536028 -6.9696 2.9845130209103035 0
CAR 0.0 0 -1.2294980526664365 547.4664615134401 388.8800843137981 707.0137642211821 494.155777439995 1.538 1.8644 4.1936 29.280130105468675 36.121361724826066 -8.0185 -2.190655599197284 0
CAR 0.0 0 -1.313684401443681 364.89733463210393 414.37782879616685 549.7134190895134 527.5529203477564 1.5398 1.908 4.1045 26.257786034473266 39.030167215114105 -8.3962 -2.0890224003602347 0
PEDESTRIAN 0.0 0 -0.4100090288040261 3469.1528863579324 943.5826114087648 3873.0593379806705 1172.3538235546796 1.7 0.4338 0.5002 -0.6530471745405401 -21.8424824643383 -6.7266 -1.7001904922863706 0
CAR 0.0 0 2.765874806450909 1551.222719617581 152.89596129035766 1888.128785705055 448.4568197732121 4.0512 3.03 2.5289 15.65263924355886 -20.392031947104666 -5.1666 1.364300103335136 0
CAR 0.0 0 4.31004221151652 1502.3372193864025 311.1056507046172 1561.685791967963 376.40471420961194 1.3936 1.6751 4.618 52.93 14.094665793600633 -7.3266 2.959475738275266 0
CAR 0.0 0 4.406670633183932 1610.5189765770222 300.7689603610695 1689.0574605730324 373.3145971192155 1.7 1.8675 4.4489 55.085 10.1373 -7.0682 3.0368570631059066 0
CAR 0.0 0 2.765695665222502 1694.705995499206 104.81365114108173 2885.9225147834723 579.9188621416987 4.1978 3.0224 13.9821 13.748537280158493 -28.404238867806107 -5.1618 1.3313308284328527 0
CAR 0.0 0 2.8553130195865952 2905.97796178836 201.72316123517254 3233.552921258148 299.6100829973404 1.5686 1.465 4.0018 11.3721 -65.8516 -6.3981 1.3655130147574221 0
