CAR 0.0 0 4.376614218669305 1560.1828312161194 325.16903765911735 1650.2447253423 410.9703419668737 1.7 2.0096 4.0382 46.702146375580476 12.179893840962519 -6.8888 3.0305542597368387 0
CAR 0.0 0 1.3747002640087311 393.2417312874933 3.247708219784159 512.0230498303474 118.71899239399708 3.8144 4.294 14.4415 74.41184499930336 -2.894518250594926 -6.7673 -0.07055447025630554 0
WHEELER 0.0 0 4.272669160672745 834.8239027686019 183.55019715335666 887.0283254983439 269.08012142360656 1.7142 0.8998 1.2689 31.001607522514544 -10.436125555092529 -6.5743 2.9581103363184718 0
CAR 0.0 0 3.1755390891231947 1623.3622043652226 558.7382436021459 1879.0204634980594 844.2544300869574 1.5496 1.899 4.5119 19.846752208823165 12.437160257375583 -6.1851 1.9837584330988054 0
CAR 0.0 0 2.7137533612698195 1334.0568817874434 201.19639864284156 1531.478822583861 314.095951833403 1.5683 1.9824 4.1753 24.95856248764269 -22.735136661625436 -6.7242 1.3196352731250365 0
CAR 0.0 0 3.364844809635543 774.4178065058549 703.3899598313357 1106.3625234573776 1104.8431933677625 1.5716 1.9048 4.1778 12.818455465250587 20.316353766763086 -6.8777 2.5470342663895837 0
CAR 0.0 0 4.468607822618608 1701.5049038542697 328.7670733585406 1845.631213858802 447.8586657967054 1.9963 2.2756 5.9988 45.11062865816814 7.962564116098749 -6.704 3.112194976680202 0
CAR 0.0 0 4.000197205378062 -419980.2588175433 -116944.46337870858 412004.7553821585 141516.39966650333 1.651 1.9856 4.1758 4.500834620192185 23.478808251962324 -6.9778 2.8251051844455537 0
CAR 0.0 0 1.2448040511275775 366.23476809928735 81.50360922105986 428.0007243197007 138.9131805134143 1.515 1.9112 4.1456 58.392502370760376 -0.15637599363350896 -7.135 -0.05687467264143218 0
CAR 0.0 0 1.3786738917448458 -3115.667134759624 810.4736955388553 -1220.2779457112479 1623.0209685835869 1.7 1.9258 4.0952 12.608676553977947 14.0270588490743 -6.9836 2.414042940742803 0
CAR 0.0 0 2.76332716944057 2943.0397241204355 192.74520964350472 3349.9933352449348 301.5003428877546 1.6094 1.8776 4.9449 10.6417 -67.292 -6.2139 1.2702755213330557 0
