CAR 0.0 0 -0.040644926078089005 1141.691283757106 203.40145990408632 1265.3039537583786 279.08738650570143 3.0887 3.0353 7.0662 62.372095187235914 37.74980602505191 -5.5641 -1.4149697506383534 0
CAR 0.0 0 2.9475008077846647 1345.914736395106 194.89744837485722 1510.5814049661815 311.0132511156626 1.7 1.937 4.0135 31.537296004981997 -28.22966494075105 -6.2264 1.5510382525586681 0
CAR 0.0 0 -1.222780731648697 215.9158130302914 427.93491030218894 448.85958487098173 557.2705763021263 1.7 1.9714 4.0628 12.849137129051853 31.34532420243375 -7.4038 -1.8201623861801035 0
CAR 0.0 0 -1.0619218838540183 394.73040925153015 438.94067138741264 586.7324376906364 549.8730550972402 1.4656 1.3758 3.7786 15.173162086504776 28.742669200155106 -7.4477 -1.8465701910156123 0
CAR 0.0 0 -1.0371216488534227 239.93682020556503 322.54560154438184 529.2429926317454 489.8988073245698 3.0074 3.0141 6.0193 16.79066056484825 36.171508390222215 -6.7457 -1.8040050303749324 0
CAR 0.0 0 2.9194106239853825 1368.4310939690026 232.8458074390918 1562.8097302918127 363.04515324402337 1.5329 1.947 4.1625 27.544936210793324 -27.264608293602922 -6.1782 1.5482138769844158 0
CAR 0.0 0 -1.360411313355883 115.34175084514868 394.9528801341199 324.5304777472541 494.5227396575911 1.5121 1.9339 4.1099 13.258295640398368 38.36930764783756 -7.6011 -1.8219666918375406 0
PEDESTRIAN 0.0 0 2.869581030057988 296.40452845018035 140.16110410355236 358.8540724597788 220.84367655430128 1.8579 0.9295 0.9471 39.07974223798529 -1.1083694447561951 -6.0836 1.8006514064715917 0
CAR 0.0 0 -0.014760658317631847 2194.134334151583 162.5493826901229 4094.4693869673024 865.4529959226702 4.1862 3.2286 10.2919 14.22667407851518 -37.41509429937592 -4.2942 -1.4315679485436985 0
CAR 0.0 0 -1.431967789351415 69.70300163574697 341.3345662542735 245.62642528480387 418.57827823764427 1.5206 1.9327 4.0484 15.109691738537109 47.443089660292266 -7.4583 -1.826875486489279 0
CAR 0.0 0 -1.1434352888424986 209.63703412785546 337.1928819690627 374.9024442097615 419.36984915034765 1.7 1.6238 4.0308 17.683086093261828 43.93510494744985 -7.2916 -1.8037533996333603 0
CAR 0.0 0 2.9203541201318757 1406.0654459717953 277.3464033184912 1635.7540849720324 439.30907855247847 1.7 1.9624 4.2616 24.495312170051612 -26.962551846871765 -6.4566 1.5798550217274272 0
WHEELER 0.0 0 2.880649986136378 1524.4248464707885 344.66495615927795 1649.1205237543484 479.9102601729986 1.7 0.8106 1.621 21.175877050449543 -26.5601180929661 -6.3809 1.5635222017560881 0
CAR 0.0 0 3.0226337174533144 1778.6866978399771 306.6516740162441 2112.6846497999486 498.2390865522807 1.752 1.7066 4.5021 21.466184895194676 -32.90168990130642 -6.3051 1.6546732152024497 0
CAR 0.0 0 3.0442292519294387 1772.10953016363 278.84052012544055 2072.4574827440683 436.34501653021334 1.6356 1.9585 4.5139 24.522801869989202 -35.07803175093939 -6.5383 1.6564487319189027 0
CAR 0.0 0 -0.024785521470816807 2687.8670128630574 345.13080568515073 3493.396837817478 696.2704608494197 3.3072 3.0001 3.4972 14.885094348830053 -43.102683828444995 -5.7424 -1.4301053464269944 0
CAR 0.0 0 1.784651923659134 1264.1821390402279 -329.4446114601707 1348.7648531380717 -267.63885184651855 1.7479 2.1574 4.4141 -67.4879 8.6671 -7.1261 -0.010319424834180245 0
CAR 0.0 0 3.0418998130322654 2433.2785454294108 294.02553886252025 2861.707325638391 452.05539663019795 1.5888 1.9932 4.2218 22.31410202756692 -47.721551268477825 -6.2836 1.6104035849024376 0
