CAR 0.0 0 2.746782949463212 1308.4104021165922 201.95735613651797 1503.8085582038493 315.57835940827175 1.5683 1.9824 4.1753 25.057989886383986 -22.023789930271366 -6.7242 1.3567102342681083 0
CAR 0.0 0 4.415192577531041 1702.5317810307265 325.826695406762 1844.5779837185346 442.6204605183465 1.9963 2.2756 5.9988 45.77521360451828 7.853806734080448 -6.704 3.0566068809084705 0
CAR 0.0 0 2.76834496917325 1378.3426203160298 209.10326602558044 1636.225827251668 351.179326008631 1.6094 1.8776 4.9449 21.249835540286032 -21.32403312368355 -6.2139 1.3795353276698106 0
PEDESTRIAN 0.0 0 2.907242274571543 631.1308833934514 127.2473966098084 668.1326027594307 194.52483122831774 1.7016 0.7772 0.6957 39.774167039988185 -6.867561039527933 -6.3348 1.5787143958338035 0
CAR 0.0 0 -1.1316443239625311 198.92162109576694 428.6141380268934 418.2016211657625 553.1380481085624 1.5083 1.8983 4.1522 22.958376500375145 40.30481383558036 -8.1788 -1.6986471999023898 0
CAR 0.0 0 -0.9258876541686264 379.4881885150022 430.7109485890999 578.8160152570708 553.9381398583347 1.4958 1.977 4.1388 24.63369014045378 36.88536901974245 -8.1989 -1.702920799359803 0
CAR 0.0 0 4.490988314458752 1693.5416165901383 204.44659486727846 1847.4738742967677 329.05947875600725 3.4934 3.115 10.3352 63.84176234174606 5.530858094773775 -5.0918 3.0676513757056805 0
CAR 0.0 0 -1.2772091977117457 86.23830243351885 382.3136684147946 286.7611953056527 483.049865517586 1.508 2.0028 4.001 25.348280665269 47.23003108830837 -8.2196 -1.689088395475315 0
CAR 0.0 0 4.466891928301781 1730.221192416484 256.0637792286833 1827.917554110552 339.50367754358786 2.4532 2.2469 1.9737 56.75003400411599 6.036614000568507 -5.6178 3.061520652592247 0
CAR 0.0 0 4.967048249025618 2302.309835887884 -1224.6729902068887 3203.757399277961 -669.1654823952468 1.7 1.9526 4.3411 -9.353830258574105 21.342473228493496 -6.8415 3.0743717585367114 0
WHEELER 0.0 0 2.9441178468156117 2101.433457888631 316.22321487522805 2300.1677989353157 443.8175335311369 1.6332 0.8894 1.834 12.465 -29.1051 -6.4742 1.5437365166054093 0
