CAR 0.0 0 4.317824076901822 1466.73868314399 322.5469134975654 1528.8609394021184 400.2954635289279 1.5848 1.5393 4.034 46.7240994008954 15.228197706852686 -6.9916 2.9829474981030093 0
CAR 0.0 0 4.3377650697953385 1585.7272423149095 321.2860578429643 1672.9492841453546 401.0565276675558 1.6092 1.9505 4.2191 48.87430379584628 11.314301566205135 -6.9696 2.9845130209103035 0
CAR 0.0 0 -0.9025722010633058 696.7736293835288 448.80293797928204 867.5207549833139 584.4486850135235 1.538 1.8644 4.1936 25.71496354704532 29.510470401768774 -8.0185 -1.8939496263582487 0
CAR 0.0 0 -1.3155753994349442 362.81483930022216 414.12100327184834 547.7334516151204 527.1883218173743 1.5398 1.908 4.1045 26.256293784842377 39.09273444784814 -8.3962 -2.0890224003602347 0
PEDESTRIAN 0.0 0 -0.41002789998903966 3468.7972268554204 943.5494900564271 3872.649075643692 1172.3164209138918 1.7 0.4338 0.5002 -0.6519018084165451 -21.8404032828191 -6.7266 -1.7001904922863706 0
CAR 0.0 0 1.2521835161469672 -2154.5290443899426 396.19444119041964 -534.3426491416743 1186.7928639018376 4.0512 3.03 2.5289 12.56473707280918 9.658109742121514 -5.1666 2.254485267974764 0
CAR 0.0 0 4.310042379649221 1502.3392468812183 311.10580092449266 1561.68789852653 376.40491205985876 1.3936 1.6751 4.618 52.93 14.094599588114143 -7.3266 2.959475738275266 0
CAR 0.0 0 4.406670641738844 1610.515916300559 300.76838459008826 1689.0538300187714 373.31377228795924 1.7 1.8675 4.4489 55.08510042276327 10.137400422763275 -7.0682 3.0368570631059066 0
CAR 0.0 0 1.9687378377179805 -752.7256531101946 146.8243320538502 287.582604589788 1191.205032879816 4.1978 3.0224 13.9821 15.957158804070156 3.5550734178684316 -5.1618 2.0499617425828944 0
CAR 0.0 0 2.7151672055346188 1286.9313922700628 183.66746089462393 1493.266940742684 305.5614201815658 1.7 2.0375 4.4489 25.08494517071628 -21.46284962068667 -6.3555 1.317021307830867 0
CAR 0.0 0 2.68810026415853 1604.4891209962698 219.5869693544062 1833.9252055054985 342.85376127570754 1.5686 1.4651 4.0018 20.19480239709389 -26.404289331174336 -6.3941 1.2782995562828545 0
