CAR 0.0 0 4.486584485233536 1555.1107262975572 325.62240025877867 1644.7963282138683 411.7209269107844 1.7 2.0096 4.0382 46.50988267893761 12.340902425743055 -6.8888 3.141592653589793 0
CAR 0.0 0 -0.18875415305373666 1141.2207127206264 186.9627121289317 1228.558404163149 262.3058292482515 3.1128 3.0226 6.773 72.98928562289731 31.2580097049259 -5.828 -1.5736332775196553 0
CAR 0.0 0 2.674057321085968 1128.7315266285323 185.7498973458397 1359.475427470375 423.7570296233945 3.4115 2.7462 2.4608 19.86666871336396 -13.924204055334194 -5.8128 1.3401917289466796 0
CAR 0.0 0 1.8459143371399918 -277973.8270048211 -19041.922549488274 59213.42756881197 98113.78661754925 1.5441 1.9368 4.2225 3.8852933345949068 23.45946686195752 -6.7047 3.0033763290108344 0
CAR 0.0 0 -0.9648581372011527 498.80414857230795 304.4635717623862 1016.4793467705305 678.5849707583517 3.8144 4.294 14.4415 26.367295595082666 29.250836404556267 -6.7673 -1.9960333435783453 0
CAR 0.0 0 1.1705183678358262 -2786.7553895023984 695.6406068771115 -1001.2074015006912 1493.0338406638384 1.7 1.9879 4.7683 13.084287448770525 13.125717910425017 -6.6494 2.191790938029644 0
CAR 0.0 0 2.6220370469776126 1252.5829963217295 281.05024855983106 1631.1343212029544 533.8006283224382 2.0943 2.4031 5.4998 16.084424982281096 -15.038394332552938 -6.4152 1.3229339628113703 0
CAR 0.0 0 2.7537079750350784 2028.5724633332838 280.32037065977556 2447.4166314378417 464.4450502651106 1.7 1.956 4.407 12.259614551813486 -29.142974654876834 -6.175 1.3461063211198667 0
CAR 0.0 0 2.7194387707890764 1300.9751359153813 120.53456418908033 1881.1007358930144 495.09007275030166 4.1983 3.0119 9.4432 18.49945979419821 -19.545062677831115 -5.5448 1.3294766891239211 0
WHEELER 0.0 0 4.209062200902219 805.6145775787448 166.12500893243973 854.788611788419 246.19578691066707 1.7142 0.8998 1.2689 33.482222022558055 -10.407871556156277 -6.5743 2.88090798914154 0
CAR 0.0 0 -1.7781584896370861 1706.769287173611 345.6463164981703 1821.2931859191847 434.7422994618643 1.5535 1.9759 4.0961 45.33048250632527 8.065490055122575 -6.8684 -3.131880613887544 0
CAR 0.0 0 1.939240524819597 -48.541007396579374 435.52134958485993 235.24599739472546 714.567482276953 1.458 1.9719 4.1782 17.52852277853309 3.6308832338876686 -6.9509 1.7484332226072594 0
CAR 0.0 0 2.849590005548289 2397.3749581855145 211.44529175225722 2984.890745302912 440.19457023661454 2.613 2.2684 5.5662 10.571890227880282 -39.57810264974616 -5.7562 1.3969367872182128 0
CAR 0.0 0 2.7886866390547937 2021.234319915537 243.04767592467564 2356.4700407006476 386.6518682524482 1.651 1.9856 4.1758 15.124250065570209 -33.56568729398067 -6.3514 1.3595214195559684 0
CAR 0.0 0 1.2932620650077322 383.79321549098364 72.43232647596543 442.62422834935785 127.20435935777176 1.56 1.9152 4.172 61.794289145149186 -0.817886992664248 -7.1881 -0.04190840405596502 0
CAR 0.0 0 2.7840087739278525 2308.483419438042 240.99806630029812 2663.9347273554863 373.25697137230514 1.5628 1.9342 4.1602 13.421383824014267 -40.89296793660883 -6.3567 1.3351463550344502 0
CAR 0.0 0 -1.427181047695129 228.31405333107423 445.78417125033474 437.48464002472326 568.6422384049512 1.5269 1.9408 4.1155 23.798851451601863 40.5843839849091 -8.831 -2.013284002215193 0
CAR 0.0 0 1.3539634554896534 493.74435805200477 0.1797594136816452 541.9226305204746 38.21496680848495 1.5777 1.9548 4.1609 81.29322840947677 -6.990520851541673 -5.6064 -0.18063394780371134 0
CAR 0.0 0 2.7630026377289965 1326.2636963700293 201.41959226109987 1522.169687665461 314.01935259899636 1.5683 1.9824 4.1753 25.10010064917814 -22.60533739056346 -6.7495 1.3699820769311981 0
