CAR 0.0 0 2.6492369190703724 2196.638992678298 270.10585896484776 2745.0164054486017 490.97628096722104 2.0943 2.4031 5.4998 11.1553 -33.9905 -6.4153 1.2290361204144005 0
CAR 0.0 0 -1.5177088740923201 266.96298656335426 456.69791630698955 501.1848617413169 609.1934225102667 1.7 1.9463 4.1292 21.351904386718186 36.43853222289772 -8.0915 -2.14916267228943 0
CAR 0.0 0 4.461406338961595 1561.5245572683125 327.14812203762347 1652.639488964934 413.9667346731749 1.7 2.0096 4.0382 46.2951 12.1536 -6.8888 3.11655435550722 0
CAR 0.0 0 -0.3304816039095446 1147.0123217535074 187.3324082266689 1234.242638416625 262.89941002822195 3.1128 3.0226 6.773 72.9264 30.9305 -5.828 -1.7158531596828857 0
CAR 0.0 0 -1.5910354512961755 68.76325666253557 242.16067294922357 229.9718285260886 377.979718183564 3.8081 2.9722 2.9156 32.8493 58.1495 -7.0351 -2.0473228625974484 0
CAR 0.0 0 -2.053896829726999 288.8151653656111 696.0802458744643 679.0207911135715 1050.0160378392484 1.7 1.8429 4.4747 12.773788825764527 26.187260107992444 -8.0644 -2.573783132081752 0
CAR 0.0 0 -1.3369181047650558 243.77080807250027 312.6857175707293 486.5267920024854 459.3262275067106 2.7252 2.5328 6.0568 29.84287316843491 45.3579012900153 -7.5934 -2.1046222406983297 0
CAR 0.0 0 2.676432703981537 1566.249559769906 307.93285511098367 1934.9086101883381 512.17636324145 1.7 1.9879 4.7683 14.6432 -20.4419 -6.6494 1.333552304766139 0
CAR 0.0 0 2.6202488516653206 678.1139773989818 122.76007303013202 1091.7986581272817 516.0068315761546 3.6974 3.5688 12.6738 23.75838479550131 -7.782141310376403 -5.9176 1.3768735764903348 0
CAR 0.0 0 2.742425147233986 1560.7106670223602 190.1790642599366 1796.2606933109053 308.85444760396877 1.7 1.967 4.5895 23.380784810754655 -28.86804597882431 -6.577 1.317956906484731 0
CAR 0.0 0 -0.9898307129283752 1275.953940599467 707.3689983585505 1500.4053242915709 1068.4385641174663 1.6227 1.9598 4.2128 16.043244402188815 16.09869749587017 -7.5208 -2.000954485858571 0
CAR 0.0 0 -0.7098665865998464 977.5373931716703 377.93864629397365 1520.8992455440923 1010.9515395737037 4.7316 3.5763 2.8352 9.48599671202113 -6.945447612997706 -6.2046 -1.7776903087727487 0
CAR 0.0 0 -1.6882141514533924 -1035.8894846564745 254.157050464269 618.5606409220163 2174.9240799732274 4.6414 3.6368 14.786 11.496177673809143 1.6091695808621456 -6.1579 -1.7976519154382036 0
CAR 0.0 0 2.6477283184146354 1766.585228499723 181.49256436390672 2052.9111714595674 399.80126561204764 3.4115 2.7462 2.4608 16.746 -27.213389206486863 -5.8128 1.2258169406910011 0
CAR 0.0 0 2.6736791622293157 1463.3224305173178 275.6438936735956 1738.6310273624115 431.53048117316064 1.5441 1.9368 4.2225 17.8426 -20.5992 -6.7047 1.3186377821279618 0
CAR 0.0 0 -1.1458251463076232 276.3678408108657 247.9529883972602 733.9530768674942 480.35132589926343 3.8144 4.294 14.4415 32.9921 41.8438 -6.7673 -2.120489226164379 0
CAR 0.0 0 2.1925460273593402 1414.697093861838 442.0829811065534 1539.2260455785622 596.945223137535 1.5576 1.9781 4.7888 29.579520241676104 15.512788767267862 -7.1594 0.9572483201475798 0
CAR 0.0 0 2.581937932011051 1113.8668672585436 204.32918526877623 1289.9012049048877 330.8450416703298 1.7 1.7559 4.4079 25.838248267905843 -16.83836051570116 -6.7373 1.2285587300409573 0
CAR 0.0 0 2.979296304990899 2733.0410352856156 197.98761804222718 3378.7184878293956 400.49380190696945 2.3829 2.6598 6.0028 8.837695184994102 -49.92990343906566 -5.6352 1.5041920817351715 0
CAR 0.0 0 2.6483529182834653 1883.4046119987881 307.98024816513305 2260.0208877103255 482.003997238421 1.5135 1.9357 4.3357 13.268089206486863 -26.6938 -6.6523 1.2644279727318088 0
CAR 0.0 0 2.891974940305955 2521.9347088821964 264.2472129973477 2982.744920740176 428.15359939382455 1.7 1.956 4.407 9.912474067566878 -41.16361269013287 -6.175 1.4450837886021748 0
