CAR 0.0 0 2.78132423332145 1309.9457450737657 202.65415928015588 1506.0376937896224 316.6477327704881 1.5683 1.9824 4.1753 24.973149724899056 -22.009290959558214 -6.7242 1.391616819307995 0
CAR 0.0 0 4.366998269371351 1684.366055154443 341.3586660154603 1835.0337292439735 470.77336416080647 1.9963 2.2756 5.9988 42.24661366156056 8.760516792494274 -6.704 3.0217002958685844 0
CAR 0.0 0 2.768396940557783 1378.5380106781247 209.07041368028504 1636.415023344539 351.11988705819584 1.6094 1.8776 4.9449 21.25159574618243 -21.330883445108384 -6.2139 1.3795353276698106 0
PEDESTRIAN 0.0 0 2.907297950950945 631.2703699517916 127.2440882105636 668.2689087929809 194.5194840575894 1.7016 0.7772 0.6957 39.7739006437888 -6.87149050382437 -6.3348 1.5787143958338035 0
CAR 0.0 0 -1.1303045559407687 199.8384294402767 428.4920998438588 418.9280016143661 552.942742119604 1.5083 1.8983 4.1522 22.97525920027091 40.29821594485334 -8.1788 -1.6986471999023898 0
CAR 0.0 0 -0.9252811893393333 379.9922792703392 430.59418618974564 579.1928673471315 553.7550902704592 1.4958 1.977 4.1388 24.6470676710691 36.884402336144696 -8.1989 -1.702920799359803 0
CAR 0.0 0 4.489717255219327 1698.1464308230393 206.36572473145705 1856.7053999221862 334.0971605350865 3.4934 3.115 10.3352 62.682218091021376 5.482437034276363 -5.0918 3.0676513757056805 0
CAR 0.0 0 -1.2753138006044327 87.26218889685863 382.30005688947125 287.6647618210477 483.02085290191656 1.508 2.0028 4.001 25.36096933580906 47.21054708619074 -8.2196 -1.689088395475315 0
CAR 0.0 0 4.465058833906394 1734.5542986119797 259.39087550376814 1834.8298247109733 344.8421742667379 2.4532 2.2469 1.9737 55.59339973137201 6.053756835480098 -5.6178 3.061520652592247 0
WHEELER 0.0 0 2.6918948392435653 1514.494403118689 335.49135699853366 1669.1438743895837 473.3662390126185 1.6332 0.8894 1.834 15.264292246654582 -17.845841943579764 -6.5953 1.3690993551079953 0
CAR 0.0 0 2.731055821623735 1405.7848754332754 229.3576481733603 1673.216294515428 386.3579170884403 1.654 1.8689 4.1757 18.38755514523628 -19.356300267957817 -5.8865 1.3557232750747947 0
CAR 0.0 0 4.861373413906627 3853.410921003694 -4714.681771488498 11973.618336607504 -939.6387669338279 2.4848 2.6187 6.0302 -0.807310699515527 23.798058634675854 -7.0671 2.9806292048917222 0
CAR 0.0 0 1.5483600890888636 -20973.199688064746 -5831.00279737053 13560.16995418544 5310.278950604798 2.5812 2.5835 7.1008 5.654717529205157 22.409165063640973 -7.1588 2.960535275938103 0
