CAR 0.0 0 2.686393439738275 1341.0253016196998 200.00267106799308 1538.2181253897018 312.15652868266113 1.5683 1.9824 4.1753 25.0371619549652 -23.00923109404101 -6.7242 1.2904051040461615 0
CAR 0.0 0 -2.120488715271546 -84.11396404217841 449.6443293923367 320.01921734992044 950.0240428611821 1.9963 2.2756 5.9988 14.307196896375153 2.621286939920998 -6.704 -2.346414732954179 0
CAR 0.0 0 2.6468668704406757 1379.8067405236775 208.03505325915816 1636.7917410665546 349.31973969912116 1.6094 1.8776 4.9449 21.33874578382498 -21.43539468379579 -6.2139 1.2570095736052027 0
PEDESTRIAN 0.0 0 2.8960633712945025 627.6727523309106 127.54139747912208 664.7877059573359 194.9320538638961 1.7016 0.7772 0.6957 39.741051138220556 -6.763818502061117 -6.3348 1.5692703461305249 0
CAR 0.0 0 -1.2995500803456912 220.8170682155494 422.2284829190438 433.483916225449 543.1944848423822 1.5083 1.8983 4.1522 23.605276744207234 40.433782453378 -8.1788 -1.9008039597235955 0
CAR 0.0 0 -1.1063792889602628 392.0725017888942 425.36284346367745 586.8878095502503 545.6718943280948 1.4958 1.977 4.1388 25.151823489271546 37.03843446119507 -8.1989 -1.900855273565694 0
CAR 0.0 0 2.3733577175612557 -439.5120434179568 60.80574954476493 20.985344137868445 354.7844213578251 3.4934 3.115 10.3352 33.51745936483256 10.16875199548597 -5.0918 3.122325947096828 0
CAR 0.0 0 -1.4561704523384535 116.1388002418492 382.2682164555498 313.37688660582626 482.719011240653 1.508 2.0028 4.001 25.690629640598686 46.61873103774387 -8.2196 -1.921975704819857 0
CAR 0.0 0 4.442268275976789 1707.2291145447407 393.93118347300475 1903.967378226529 571.9895710684593 2.4532 2.2469 1.9737 28.94719142679812 10.218784563537703 -5.6178 3.1316140470027447 0
WHEELER 0.0 0 2.606092244757548 1533.6896297114101 334.35627126084904 1689.5996672936537 471.60177135082563 1.6332 0.8894 1.834 15.211241158812989 -18.223987892217533 -6.5953 1.2795230550680976 0
CAR 0.0 0 2.629792101283161 1394.238194017415 227.7266321495135 1658.454767974751 383.7175529899054 1.654 1.8689 4.1757 18.577257923573693 -19.22410052831899 -5.8865 1.2547721101000144 0
