CAR 0.0 0 2.686513926846433 1341.6033952898713 199.94561466918933 1538.8097301186585 312.0610649575765 1.5683 1.9824 4.1753 25.03920019179891 -23.02868940101897 -6.7242 1.2904051040461615 0
CAR 0.0 0 -3.48288398286029 -411.67527416974343 246.43113913885784 -54.18134305209842 482.0908653224524 1.9963 2.2756 5.9988 27.42352543159058 9.676435803816375 -6.704 -2.939826678632251 0
CAR 0.0 0 2.6468877129005914 1379.8332987207293 208.01336151932227 1636.7996020700239 349.28204731735036 1.6094 1.8776 4.9449 21.340578713354677 -21.437592033773377 -6.2139 1.2570095736052027 0
PEDESTRIAN 0.0 0 2.8992194252450143 636.1157045143377 127.47143104023532 673.0591048776932 194.77720679052214 1.7016 0.7772 0.6957 39.70045574583152 -6.9974285701674255 -6.3348 1.5692703461305249 0
CAR 0.0 0 -1.2988761284334216 221.24870202394067 422.0992639186435 433.7841132239553 542.9939041384372 1.5083 1.8983 4.1522 23.618526570256893 40.4366350875244 -8.1788 -1.9008039597235955 0
CAR 0.0 0 -1.1060324169475493 392.32203472053766 425.2545485866989 587.0470590251856 545.5049212454205 1.4958 1.977 4.1388 25.162438972972954 37.041674665099485 -8.1989 -1.900855273565694 0
CAR 0.0 0 4.345671605027743 1676.9886728234192 230.13663421246218 1879.4729480851079 403.449434000703 3.4934 3.115 10.3352 49.15492919816923 7.746231717645277 -5.0918 2.9478385224892327 0
CAR 0.0 0 -1.4551061371996594 116.74443334683068 382.2675503733695 313.9162867247774 482.71268353865617 1.508 2.0028 4.001 25.697562104084007 46.606285172340144 -8.2196 -1.921975704819857 0
CAR 0.0 0 4.316307985169968 1696.0815597010185 292.75151423583736 1817.3375538201624 400.2640270559061 2.4532 2.2469 1.9737 44.76038908869189 8.57133304986609 -5.6178 2.939627829283369 0
WHEELER 0.0 0 2.6061577488662007 1533.991392242397 334.3281379546897 1689.9169210741477 471.5596594814231 1.6332 0.8894 1.834 15.210876524752113 -18.2304111223061 -6.5953 1.2795230550680976 0
CAR 0.0 0 2.629757148521887 1393.9232971393799 227.71564814227193 1658.0856878206152 383.7033662153831 1.654 1.8689 4.1757 18.579916960474918 -19.218431297962596 -5.8865 1.2547721101000144 0
CAR 0.0 0 -1.811310599855447 1665.2266445347236 402.44177003382845 1872.2838509813491 599.7108187371033 2.3003 2.4332 5.4943 32.277168345794806 10.168525952572287 -6.725 -3.108109784089737 0
