CAR 0.0 0 -0.01668058144089657 1146.5562075202592 202.26546886710355 1268.3799700427091 276.78866237876815 3.0887 3.0353 7.0662 63.377100819069085 38.08660434771333 -5.5641 -1.3929679825469414 0
CAR 0.0 0 3.0739408378287796 1631.3195627761477 145.506336707294 2343.5266432360804 496.20659405467603 3.3784 3.4486 11.6024 25.01316177807258 -34.98789116839051 -5.4833 1.6575297392573527 0
CAR 0.0 0 -1.699944241919901 1590.0143174670718 302.7262546058914 1735.9116607691046 424.19813508010054 2.5061 2.2666 5.3185 42.98845636573023 11.204006399719061 -5.9066 -3.0575834777366406 0
CAR 0.0 0 3.0495872704931406 1454.7060187957625 170.58299676361065 1835.9673280510042 433.8332567515987 3.5225 3.6418 4.7722 24.67282001503555 -29.013040785904884 -5.4368 1.6574552326525247 0
CAR 0.0 0 -1.6969850414124206 1534.4291156412467 310.3736284392084 1642.0712650336918 385.78786588362436 1.7 1.9666 4.1398 47.07850118072132 14.348701180721319 -6.3811 -3.0529654951011866 0
CAR 0.0 0 -0.7775770710614257 365.31106497012934 300.40296410925293 796.5895226742426 527.8934485471573 3.5244 2.84 10.3328 19.15056738114436 30.010572185144547 -6.2138 -1.7452594699376975 0
CAR 0.0 0 2.706572461228853 472.34551308863763 364.10892599110747 676.4602598348052 607.4391077743018 1.7885 1.936 4.1812 19.083926745351203 -10.765886711071493 -6.3142 1.8233783598977544 0
CAR 0.0 0 2.970893510833793 1932.956709950688 219.3162338073626 2546.366277206637 517.880756142573 3.0142 2.9998 6.4302 21.250663631932404 -37.26184092293882 -5.5653 1.5603140248623895 0
CAR 0.0 0 3.140010404984724 2449.466319844194 280.84175862112016 2890.8295173601796 448.17204510439575 1.7728 1.9945 4.2516 22.335297845958166 -48.097197959091595 -6.13 1.7040956439614177 0
CAR 0.0 0 1.6318944290613524 -376.01270588712873 361.1786174838477 -4.635672037075787 600.0029002405056 1.7553 1.5689 4.1046 19.999057682820656 -0.3550133958846198 -6.4088 1.98899846432924 0
WHEELER 0.0 0 -1.598984904226217 811.7667445577941 175.75622377826792 837.0015158402567 241.91052530535893 1.455 0.6025 0.8913 36.49888877010382 -14.253099253987306 -6.2896 -2.9220305006185083 0
CAR 0.0 0 2.9725631987658048 1329.6873274086079 323.9142024748737 1574.2711642570407 522.8377377077269 1.6332 1.7321 4.4876 20.940831464904072 -23.956347489133965 -6.3283 1.6842805443518494 0
CAR 0.0 0 -1.6676186895197205 1780.0019837917139 320.90392172329575 1892.435610178337 408.71617842935353 1.661 1.8473 4.112 44.6574238315267 7.116407357577588 -5.6812 -3.043391217708986 0
WHEELER 0.0 0 -1.746088819305295 1514.5697220410366 342.58235845018214 1566.3271561677018 411.76846965190515 1.7 0.7138 1.6517 41.1845 14.0867 -6.5238 -3.077139203314816 0
WHEELER 0.0 0 2.3096593186848375 582.6232418163523 162.18830997677344 619.8560133656645 236.15343035104843 1.52 0.5676 1.6613 37.5982 -8.4461 -6.257 1.0576456676064265 0
