CAR 0.0 0 -0.04295483146420498 1147.3373849953232 202.7077416139098 1269.7169935703714 277.6471652981561 3.0887 3.0353 7.0662 63.10009033900967 37.86509878954538 -5.5641 -1.418903573797595 0
CAR 0.0 0 -1.7890808758667045 1769.591404876653 365.19234963909156 1908.2163551709762 480.3030391160895 1.661 1.8473 4.112 35.93146689413788 5.926239527618181 -5.6812 -3.135605278161685 0
CAR 0.0 0 2.948574836811461 1348.8343046752727 191.2534478168023 1511.5736032431691 305.41843303926925 1.7 1.937 4.0135 31.98290203597154 -28.47350240850635 -6.2264 1.5487642730096802 0
CAR 0.0 0 -1.28357005607109 213.17730874926588 428.32644421557313 446.64144658037225 557.9016388916602 1.7 1.9714 4.0628 12.793503100251895 31.345809152146774 -7.4038 -1.877003294840088 0
CAR 0.0 0 -1.1050904620197892 391.41258775572106 439.8355808869104 584.2151085557675 551.206763700049 1.4656 1.3758 3.7786 15.081679174667915 28.711399281611822 -7.4477 -1.8856458483840466 0
CAR 0.0 0 -1.1436623554439442 246.40354536156818 323.20743008169813 535.8076901097756 491.1517580792881 3.0074 3.0141 6.0193 16.85145165925521 35.94286240034719 -6.7457 -1.917786575270122 0
CAR 0.0 0 2.9460784369327744 1401.9041863016469 229.3661413858527 1599.0121801378805 357.28238764319804 1.5329 1.947 4.1625 27.873177833465757 -28.17865923333792 -6.1782 1.5674036341292166 0
CAR 0.0 0 -1.4373276789215088 123.77939688389063 395.52218947789123 332.71323040190947 495.31941155164753 1.5121 1.9339 4.1099 13.37175576775408 38.144999554767146 -7.6011 -1.9132188092271625 0
CAR 0.0 0 -1.6442313249188016 1757.6642905314395 278.67789846208416 1906.8383284476777 406.5759923690089 3.3377 3.0755 3.0748 51.55345408058461 8.101139534459858 -5.9795 -3.031595390596638 0
PEDESTRIAN 0.0 0 2.915374374957848 624.1568984704061 127.76406904778425 666.5923309541811 202.48034070392671 1.8579 0.9295 0.9471 41.41599727238663 -9.189797941581517 -6.0836 1.594447662458931 0
CAR 0.0 0 -1.6660911285611153 78.89812304453591 -34.7441566370342 310.23244466646776 116.41894016725023 4.1862 3.2286 10.2919 57.503121879150385 8.637575543359972 -4.2942 -3.062835902477131 0
CAR 0.0 0 -1.4653539107474196 75.4369460426512 339.2284965095698 249.47423492550803 415.538764231288 1.5206 1.9327 4.0484 15.36416636221139 47.76159897116536 -7.4583 -1.8734535741965284 0
CAR 0.0 0 -1.3040853684535936 226.84081286251686 336.1877900461191 390.18815346481944 417.81480209918954 1.7 1.6238 4.0308 18.11149322332042 43.782700241471794 -7.2916 -1.9923975746503848 0
CAR 0.0 0 2.9271501629673082 1400.7863073263343 279.2335015616576 1630.8765413171318 442.44390562129604 1.7 1.9624 4.2616 24.354033237696257 -26.791786857506327 -6.4566 1.58896339585535 0
WHEELER 0.0 0 2.888616238767114 1526.6133894047916 344.53105778607164 1651.4865103013856 479.71401036912806 1.7 0.8106 1.621 21.1818068438346 -26.602859066061356 -6.3809 1.5710430576065737 0
