CAR 0.0 0 2.944923878163578 1325.5157812020561 336.5834888536876 1565.7364333516466 519.1164786917684 1.5287 1.9324 4.1412 21.248861599740806 -24.05399243933384 -6.5387 1.661019611173656 0
CAR 0.0 0 3.01446629774947 1284.2717449880654 210.24763426282544 1368.785192759684 257.7761091065239 2.0362 2.0313 6.0453 71.6232872819357 35.1728121858092 -5.6001 1.6176939212085473 0
CAR 0.0 0 4.5032137499528595 1496.4609335907337 245.69601104174947 1696.2142673796498 412.4925377295246 3.7718 2.908 8.7734 44.8657516860592 13.595795116886743 -5.2888 3.131483313082973 0
CAR 0.0 0 4.480151426632077 1473.5685463020711 271.41376525823523 1627.3501632248983 423.4220961149839 3.537 2.7249 3.2089 40.09612099303123 13.674584869942745 -5.4189 3.127643232933447 0
CAR 0.0 0 4.470015452920275 1613.88222739183 347.2541128090702 1738.4625937291023 437.4975733562056 1.5619 1.9279 4.1837 40.34078138665825 10.213813760165298 -6.2537 3.1279286174672145 0
CAR 0.0 0 -1.768106292219904 1669.8897471692321 309.92992363894723 1775.183323127389 381.90859821823244 1.5132 1.9248 4.2656 48.43050130200141 10.668096762227396 -6.0367 -3.141592653589793 0
CAR 0.0 0 -0.8844539103883758 266.340897746986 347.24369539020347 756.3139833545927 507.69921119184204 1.7 2.7509 13.0107 19.56276739732396 33.58180958195144 -7.1989 -1.7679010199903609 0
CAR 0.0 0 2.671717767010666 356.2704566057767 307.2983776277576 558.5123459179749 496.17805993639325 1.5302 1.9318 4.6762 23.065640372523713 -8.248645437826571 -6.4832 1.8078206793785099 0
CAR 0.0 0 -2.039912765727682 54.35390455568024 5.260060823979831 230.3701856426183 152.99001178393848 4.0049 3.065 3.0468 49.25555938439298 7.459360112120342 -4.8285 -3.1241393610698505 0
CAR 0.0 0 -1.3077617289682122 138.912366061002 407.65610977654455 365.9524999486376 521.4072299192841 1.5873 1.9102 4.1657 12.62498744222003 34.86097249495141 -7.3642 -1.808518209653994 0
CAR 0.0 0 -1.7185047879048734 1707.2806015999183 280.122829495541 1788.5246785620152 333.6083658701286 1.5032 1.9048 4.1528 62.40492729884644 12.368574240589995 -6.3637 -3.1160236696878245 0
CAR 0.0 0 4.405943725081528 86.14499335480528 -16.940363882733056 326.9277761686156 155.6415433239883 4.6993 3.7174 8.9897 54.859 7.373 -4.9958 3.1241677633491904 0
