CAR 0.0 0 2.6712104052463137 634.3455269244731 354.50250601897613 787.5658888369838 555.8479400111538 1.5287 1.9324 4.1412 20.643859311118895 -12.484136601908833 -6.5387 1.6610196111736557 0
CAR 0.0 0 3.01446182421582 1284.1908265590857 210.2408858905074 1368.7021265397552 257.7660559834749 2.0362 2.0313 6.0453 71.62456472152581 35.17834714355177 -5.6001 1.6176939212085473 0
CAR 0.0 0 4.503151881032259 1495.6988171051528 245.66348885567405 1695.476570656184 412.4215744034636 3.7718 2.908 8.7734 44.85898682221831 13.616235506911078 -5.2888 3.131483313082973 0
CAR 0.0 0 4.480130842253873 1473.3298439124733 271.3985487849508 1627.0962142285466 423.3937736325364 3.537 2.7249 3.2089 40.09473818829883 13.681022222519896 -5.4189 3.127643232933447 0
CAR 0.0 0 4.470030369798282 1613.7252736661508 347.2012395744664 1738.2831155073334 437.4171619112967 1.5619 1.9279 4.1837 40.34751406659771 10.21954181098706 -6.2537 3.1279286174672145 0
CAR 0.0 0 -1.7681101166424456 1669.524104980573 309.8739671700618 1774.8013004769148 381.82682906537354 1.5132 1.9248 4.2656 48.436533413878536 10.680069358185106 -6.0367 -3.141592653589793 0
CAR 0.0 0 -0.8175393793334692 304.070041889032 366.25424513107583 822.5653851546717 550.3664395988775 1.7 2.7509 13.0107 18.75927155865481 29.91059199625547 -7.1989 -1.715541142430531 0
CAR 0.0 0 3.5324273622894227 -70.71092990529102 24.11708925572523 148.82713851416185 197.05267386425874 4.0049 3.065 3.0468 42.299220430000254 7.185086751453297 -4.8285 3.1415926535897927 0
CAR 0.0 0 -1.273909546210173 177.015119512996 449.74662150599073 431.4273727321967 586.6192255226505 1.5873 1.9102 4.1657 11.518213402221349 29.788211558507793 -7.3642 -1.808518209653994 0
CAR 0.0 0 4.088682810209876 -31.395770200397074 -3.6260865852763597 269.39902188678894 199.573666476831 4.6993 3.7174 8.9897 47.55869263618495 7.058756172801235 -4.9958 3.1241677633491904 0
CAR 0.0 0 -1.7181757279931822 1709.55402894474 278.1934218170247 1798.4121229504701 336.8506031852796 1.5032 1.9048 4.1528 57.1048 11.3427 -5.769 -3.1160236696878245 0
