CAR 0.0 0 4.277515141841273 1562.6696405940743 344.62421204931604 1660.0748070604864 438.1215073811907 1.7 2.055 4.1881 44.434108251049146 12.117666945280309 -7.15 2.9442588671347862 0
CAR 0.0 0 2.4203199700259264 664.4137924430865 326.811299478302 871.9063415223699 553.9765050235029 1.7 1.9474 4.637 18.746573363149622 -4.825076695785434 -6.7348 1.3657016564885571 0
CAR 0.0 0 4.294184699970198 1478.5089304263029 312.0669928528489 1590.4884935660953 409.30650274634536 1.7 2.9345 6.7788 48.765928579331444 14.164463109623302 -7.15 2.953039041130617 0
CAR 0.0 0 4.283842196541199 1447.6652205723283 308.6940795290359 1568.8633578254232 421.6750736731661 2.6595 2.9213 2.2023 44.275086193080504 15.012416214601998 -6.6703 2.9496064358704173 0
CAR 0.0 0 4.3263243882128135 1604.051738367075 308.0252172839608 1679.1783319890005 373.60206997054723 1.394 1.7497 4.126 52.40568571085068 10.666617070749702 -6.8366 2.9597831308202998 0
CAR 0.0 0 -1.1450367164249686 372.18638189507266 298.79174918819837 800.2040978663942 534.1810420720217 2.9622 3.4932 13.074 29.79517578960689 36.72817980965209 -7.1029 -2.1205687351493454 0
CAR 0.0 0 1.348417480576603 -11668.252235559952 1095.017923177132 -2953.5467107475783 3330.0647713247067 1.6502 1.8996 4.697 11.606665180330493 20.263646168345677 -6.6578 2.587500200266563 0
CAR 0.0 0 4.333500095770999 1693.3247499960567 322.9529469821721 1825.8598072043371 442.6842291839617 2.5787 2.3731 2.9231 44.7405689456463 8.330778142127047 -6.5815 2.9760738728821825 0
CAR 0.0 0 -1.535886841364935 207.613745641505 435.8829221600719 433.6912018370515 567.9167811793205 1.5379 1.9037 4.1311 22.19967659368248 39.09616492707596 -8.0541 -2.1106134925747027 0
CAR 0.0 0 4.366447751389724 1682.0594140673402 221.5542118247025 1886.7800167236876 423.33682003390373 4.4182 2.9618 12.0602 51.8349953026146 7.1101937196987866 -5.5026 2.9700313362899267 0
