CAR 0.0 0 2.936970780486763 1471.9301118585033 331.08404142907244 1737.5539548979857 508.57922693624334 1.5287 1.9324 4.1412 21.48597317560005 -26.920826511818117 -6.5387 1.6212057522521428 0
CAR 0.0 0 -0.048419783412467776 3455.6057486763607 517.7262427739495 4467.381709038434 813.5600556097239 1.4955 2.0028 4.1585 11.959220310629942 -50.58400063862399 -6.396 -1.4531187729773227 0
CAR 0.0 0 3.0241902301569272 1279.841913807179 209.87824357729704 1364.2373994161514 257.2259472153762 2.0362 2.0313 6.0453 71.69336494214275 35.47674145203903 -5.6001 1.6276636624152636 0
CAR 0.0 0 -1.617384923274277 1455.0320842617987 243.92646477808472 1656.0826108693495 408.6377193782009 3.7718 2.908 8.7734 44.49417588086983 14.718072920304085 -5.2888 -2.9856662310441786 0
CAR 0.0 0 -1.6402811256929999 1460.5159182306395 270.58165187500913 1613.4646904911856 421.87374704730786 3.537 2.7249 3.2089 40.02018895019616 14.028014864717438 -5.4189 -2.9916543368882356 0
CAR 0.0 0 -1.6481380122543978 1605.3710482199342 344.38513306750366 1728.7258700533866 433.1397596814468 1.5619 1.9279 4.1837 40.71039578174779 10.52833701474297 -6.2537 -2.9910380101133587 0
CAR 0.0 0 -1.6249705871617344 1650.1106660529488 306.9012299924298 1754.5085630682745 377.4884968728691 1.5132 1.9248 4.2656 48.76148124173735 11.32542648199094 -6.0367 -2.9982470412401536 0
CAR 0.0 0 -0.8613192112843274 261.3534551678541 348.65248408455835 755.3277809505158 510.8687097057028 1.7 2.7509 13.0107 19.374924092346983 33.4160668596103 -7.1989 -1.739353037122057 0
CAR 0.0 0 3.007775328380559 1911.1368950610165 268.0928346944884 2229.909838873081 415.08269810851897 1.5302 1.9318 4.6762 25.239007758833868 -38.83074016775882 -6.4832 1.5996740107872995 0
CAR 0.0 0 -1.5279076468208816 1810.2980732108015 197.83697623160995 1916.658358217885 296.20957304330346 4.0049 3.065 3.0468 76.92927733719536 10.414701058729525 -4.8285 -2.9677010264147974 0
