CAR 0.0 0 1.92238218630961 -247.44320971545216 416.7203539667877 140.68813918777667 670.6246735766907 1.5287 1.9324 4.1412 18.15923087761887 -3.110513263657907 -6.5387 1.9926321690525772 0
CAR 0.0 0 3.0144617106953033 1284.1887733013348 210.24071465401656 1368.7000187789033 257.7658008916339 2.0362 2.0313 6.0453 71.62459713775758 35.178487598323855 -5.6001 1.6176939212085473 0
CAR 0.0 0 4.5031503106021225 1495.6794813827944 245.66266371461305 1695.457854213091 412.41977400287016 3.7718 2.908 8.7734 44.85881515741518 13.616754201078482 -5.2888 3.131483313082973 0
CAR 0.0 0 4.480130319863933 1473.3237870821588 271.3981626815913 1627.0897705383816 423.39305498085736 3.537 2.7249 3.2089 40.094703098324736 13.681185576410025 -5.4189 3.127643232933447 0
CAR 0.0 0 4.47003074827842 1613.721291776704 347.1998981682722 1738.2785621355326 437.415121903178 1.5619 1.9279 4.1837 40.347684914696984 10.21968716567779 -6.2537 3.1279286174672145 0
CAR 0.0 0 -1.7681102136851972 1669.5148291185303 309.87254760432654 1774.7916089729708 381.8247547064242 1.5132 1.9248 4.2656 48.43668648439662 10.680373174094019 -6.0367 -3.141592653589793 0
CAR 0.0 0 -0.6613268443385466 507.15693998918886 428.4206398723414 1091.4083883018238 706.1083390792342 1.7 2.7509 13.0107 17.502814335229644 19.997676438384982 -7.1989 -1.628274679830814 0
CAR 0.0 0 3.5722050277363 -65.24664759171999 25.676002493484 155.60761721858336 200.3632361600508 4.0049 3.065 3.0468 41.8598520209387 6.80973359669227 -4.8285 3.1415926535897927 0
CAR 0.0 0 -1.2732535263648739 178.11559054464888 451.2971825345275 433.5536187107703 589.0648154315048 1.5873 1.9102 4.1657 11.478086586082581 29.628382400403403 -7.3642 -1.808518209653994 0
CAR 0.0 0 4.09738588437954 -28.127789557159588 -3.3459593835769526 272.4488359057275 200.32851466084773 4.6993 3.7174 8.9897 47.45215289242216 6.918172835035251 -4.9958 3.1241677633491904 0
