CAR 0.0 0 2.4361172747776356 177.66507877553514 379.38415407305 441.71242254007575 601.978099283545 1.5287 1.9324 4.1412 19.61022240713325 -7.038277748951928 -6.5387 1.8530058288930316 0
CAR 0.0 0 3.0144617309389954 1284.1891394506888 210.24074518994613 1368.7003946475957 257.76584638115463 2.0362 2.0313 6.0453 71.62459135709177 35.178462551547796 -5.6001 1.6176939212085473 0
CAR 0.0 0 4.503150590652701 1495.6829294366808 245.66281085843545 1695.4611918346461 412.42009506029063 3.7718 2.908 8.7734 44.85884576975977 13.616661704280675 -5.2888 3.131483313082973 0
CAR 0.0 0 4.4801304130199355 1473.3248671724398 271.3982315338595 1627.0909196158034 423.39318313512257 3.537 2.7249 3.2089 40.09470935578904 13.681156446119587 -5.4189 3.127643232933447 0
CAR 0.0 0 4.470030680785648 1613.7220018487312 347.2001373751449 1738.279374117523 437.415485688381 1.5619 1.9279 4.1837 40.347654447992156 10.2196612451175 -6.2537 3.1279286174672145 0
CAR 0.0 0 -1.7681101963799453 1669.5164832388207 309.87280074880744 1774.793337213032 381.82512461691226 1.5132 1.9248 4.2656 48.43665918790159 10.680318995735243 -6.0367 -3.141592653589793 0
CAR 0.0 0 -0.8019793811245022 388.9792208285851 395.5089564755064 942.67662723143 620.3046483042446 1.7 2.7509 13.0107 18.01771339544038 24.840678418155306 -7.1989 -1.7329944349504742 0
CAR 0.0 0 3.5597297836642703 -67.04344509246825 25.646911350304798 154.04862909595667 200.34057376449877 4.0049 3.065 3.0468 41.8628850127639 6.854641979288739 -4.8285 3.1415926535897927 0
CAR 0.0 0 -1.2758952394381002 175.5602763363496 449.717254496276 430.09057086937844 586.5820719854667 1.5873 1.9102 4.1657 11.499928279003424 29.811443992421065 -7.3642 -1.808518209653994 0
CAR 0.0 0 4.1031026928077345 -26.021751727605615 -3.2204790644252284 274.2838620799902 200.64536662964883 4.6993 3.7174 8.9897 47.40754089266994 6.840484066878793 -4.9958 3.1241677633491904 0
