CAR 0.0 0 3.1181882948689514 1243.3479607465938 207.8869624977746 1327.6707654168729 254.36415374191517 2.0362 2.0313 6.0453 71.47302537329733 37.61977162815578 -5.6001 1.7247030387552342 0
CAR 0.0 0 1.7815961493882473 -117404.87435941574 580.5107120281307 -2003.1378647179845 20333.077270803286 3.7718 2.908 8.7734 6.895475869007005 9.273356246388492 -5.2888 3.141592653589793 0
CAR 0.0 0 -4.212781510120839 -45288.31908357114 -8169.260842304395 40931.838388685566 15535.37970395568 3.537 2.7249 3.2089 2.629004394198649 10.276450111390051 -5.4189 -3.132503431130133 0
CAR 0.0 0 -1.125803691744616 4512.060861853635 -8410.415764423522 15606.952602304978 -1710.0932876870052 1.7118 1.9245 4.4092 -5.1176 4.8614 -7.295 -3.1238903321759413 0
CAR 0.0 0 -2.779138524050458 -87.54531527125137 28.60894320581377 140.86493268088424 207.34767412233776 4.0049 3.065 3.0468 40.96354891069716 6.838969710151432 -4.8285 -3.0543261909900767 0
CAR 0.0 0 -1.2909580916748409 178.27424106785847 447.49363454236413 430.92248200964326 583.052933007288 1.5873 1.9102 4.1657 11.615355843736124 29.982441175212795 -7.3642 -1.8285472070556688 0
CAR 0.0 0 -2.1516844261579267 -51.11023644095277 -3.3349536612231434 255.67693615354705 201.1293900708433 4.6993 3.7174 8.9897 47.3406640279531 7.4471327452119604 -4.9958 -3.0475249162026388 0
CAR 0.0 0 -1.6614803355475607 1650.735602712111 264.87536032765456 1775.57657396424 356.48968283583747 2.1852 2.217 6.1126 51.63083011315887 11.686430269421418 -5.3315 -3.0543261909900767 0
CAR 0.0 0 -1.7677312616855925 1560.5821749094155 397.1420700776612 1718.9120331413606 526.8602581855063 1.7658 1.9354 4.3076 31.95001688088597 9.086800337724332 -6.381 -3.0660389283004985 0
CAR 0.0 0 1.0892384111047424 273.06906132063386 133.67326284331767 396.0198532638473 221.14529714168677 1.7 1.8972 4.2878 43.802726890221216 0.22498116465565854 -6.8132 0.0 0
CAR 0.0 0 -1.2554644308731486 1495.070789109145 -590.6061806881912 1688.8870410587767 -450.97373636937033 1.4962 1.9734 4.3696 -35.92814930202569 4.4653200123181325 -7.8888 -3.141278484403826 0
