CAR 0.0 0 4.277500944899833 1562.6117727104402 344.6316885117819 1660.0130783081709 438.133682572246 1.7 2.055 4.1881 44.431674070823576 12.119443062382679 -7.15 2.9442588671347862 0
CAR 0.0 0 2.649460696575388 1254.8399247417826 314.9674583008801 1558.3545985609617 522.7879221090917 1.7 1.9474 4.637 16.345533268806516 -14.765197518651664 -6.7348 1.3657016564885578 0
CAR 0.0 0 4.2941239254794255 1478.3545224749744 312.1171686229891 1590.361716977704 409.393781761757 1.7 2.9345 6.7788 48.750768287275534 14.168790551094048 -7.15 2.953039041130617 0
CAR 0.0 0 4.283829714644424 1447.6463686545528 308.70654597920674 1568.8517165776368 421.6956551866189 2.6595 2.9213 2.2023 44.27206679532606 15.012846402186737 -6.6703 2.9496064358704173 0
CAR 0.0 0 4.326316349200674 1603.9591431893136 308.01940376384033 1679.0741661532372 373.59461602940905 1.394 1.7497 4.126 52.40530660717167 10.669723060540944 -6.8366 2.9597831308202998 0
CAR 0.0 0 -1.162017040370663 323.80894731912974 285.00844798717156 740.6315572973164 496.78942307224753 2.9622 3.4932 13.074 31.3083556167319 39.750206643922255 -7.1029 -2.1205687351493454 0
CAR 0.0 0 2.3509042609650397 310.9584582118699 289.93886922302494 472.0684648174104 492.4075954135228 1.6502 1.8996 4.697 22.539610712531026 0.3475160052917621 -6.6578 1.557829151107694 0
CAR 0.0 0 4.3513380322684965 1705.5805900034857 298.8307661955377 1823.0592428512741 402.603942661979 2.5787 2.3731 2.9231 50.76843486773644 7.263753092711639 -6.5815 2.9760738728821825 0
CAR 0.0 0 -1.5583574816954637 173.97562816271932 400.1220531138394 382.1044930998273 513.546561037852 1.5379 1.9037 4.1311 24.348658117776257 42.79786245211774 -8.0541 -2.1106134925747027 0
CAR 0.0 0 4.378440739281811 1693.4437740600738 211.17495561468374 1877.1155620360994 386.99412929922966 4.4182 2.9618 12.0602 57.88148418284884 6.028296443843369 -5.5026 2.9700313362899267 0
