CAR 0.0 0 2.93664389673484 1471.0193141281554 331.32468262861795 1736.6427942331889 508.9817396872015 1.5287 1.9324 4.1412 21.472078618496777 -26.896863890340427 -6.5387 1.6212057522521428 0
CAR 0.0 0 -0.04841983589950183 3455.6076657478193 517.726716669116 4467.385198876935 813.5609090727254 1.4955 2.0028 4.1585 11.959205501810613 -50.58400017299258 -6.396 -1.4531187729773227 0
CAR 0.0 0 3.0241903124528826 1279.842622712458 209.87825397569176 1364.238084674356 257.22595805617715 2.0362 2.0313 6.0453 71.69339050341168 35.47671122866544 -5.6001 1.6276636624152636 0
CAR 0.0 0 -1.617384513289442 1455.0348958271466 243.92640788064477 1656.0850499860953 408.63750630140794 3.7718 2.908 8.7734 44.494266378199505 14.718019752893149 -5.2888 -2.9856662310441786 0
CAR 0.0 0 -1.6402810672695058 1460.5163875518488 270.58166188128695 1613.4651693345545 421.87376053246203 3.537 2.7249 3.2089 40.02019700679259 14.028004026603824 -5.4189 -2.9916543368882356 0
CAR 0.0 0 -1.6481379380925465 1605.3721236318484 344.3852320998055 1728.7269533035212 433.13990480907563 1.5619 1.9279 4.1837 40.71039885734589 10.528310026676 -6.2537 -2.9910380101133587 0
CAR 0.0 0 -1.6249703066849681 1650.1120004162299 306.90103330802935 1754.5097312062262 377.48819394323516 1.5132 1.9248 4.2656 48.761567830369046 11.32540717352929 -6.0367 -2.9982470412401536 0
CAR 0.0 0 -0.8629020952727199 259.6311902777061 348.77855399372856 754.2681609303415 511.16666176238084 1.7 2.7509 13.0107 19.337738435020356 33.42189645278358 -7.1989 -1.739353037122057 0
CAR 0.0 0 2.9713014513383857 1589.6977036574308 272.7639379391022 1855.5684382243774 426.0273273805435 1.5302 1.9318 4.6762 25.003412697031962 -31.284482627431856 -6.4832 1.5996740107872995 0
CAR 0.0 0 -1.5382036992896873 1792.6060482718806 208.72379266230368 1914.4861181439487 322.5330490481153 4.0049 3.065 3.0468 66.58492636300174 9.571765161968809 -4.8285 -2.9677010264147974 0
CAR 0.0 0 -1.529010048373882 1776.6707018806737 183.5942066266557 1914.7658008303267 313.5647165261441 4.6738 3.0868 9.7152 72.34768809001055 10.54033484303385 -4.488 -2.9683662689673658 0
CAR 0.0 0 -1.45228553316374 9.879458121252252 284.17811066100296 154.09200846663643 341.8920956002447 1.5873 1.9102 4.1657 18.02439665990692 62.942067325262485 -7.3642 -1.7093003712482462 0
