CAR 0.0 0 3.1181947177713845 1243.3932653521244 207.88661259231662 1327.7136810612767 254.36324221277778 2.0362 2.0313 6.0453 71.47545912581637 37.61822664995516 -5.6001 1.7247030387552342 0
CAR 0.0 0 -4.359480139835167 -171622.9519479115 -4819.690004239895 24218.46305947153 58500.38137735385 3.537 2.7249 3.2089 2.021637756419083 10.237345155218366 -5.4189 -3.132503431130133 0
CAR 0.0 0 -1.125803691744616 4512.060861853635 -8410.415764423522 15606.952602304978 -1710.0932876870052 1.7118 1.9245 4.4092 -5.1176 4.8614 -7.295 -3.1238903321759413 0
CAR 0.0 0 -2.7790031486658124 -87.52512351045416 28.60379376961636 140.87475410423346 207.3358447123582 4.0049 3.065 3.0468 40.96503460483354 6.839335642014657 -4.8285 -3.0543261909900767 0
CAR 0.0 0 -1.2909471216512016 178.28153441815894 447.49197883240976 430.9278726962993 583.0502740847103 1.5873 1.9102 4.1657 11.615512920398428 29.982494563276973 -7.3642 -1.8285472070556688 0
CAR 0.0 0 -2.1517522731926335 -51.12793413913822 -3.334464909169706 255.66517909949962 201.13148881979356 4.6993 3.7174 8.9897 47.34037130195472 7.44742577947949 -4.9958 -3.0475249162026388 0
CAR 0.0 0 -1.662472424082944 1650.5137336502835 266.2043920412878 1776.529925075347 358.906074130725 2.1852 2.217 6.1126 51.135777697752715 11.576879456089916 -5.3315 -3.0543261909900767 0
CAR 0.0 0 -1.772240873452379 1556.1411691163178 402.68200556907084 1717.9594723080227 536.0973119956454 1.7658 1.9354 4.3076 31.211262982254937 8.962428926988547 -6.381 -3.0660389283004985 0
CAR 0.0 0 1.1157078287108226 284.66933720929114 128.29628530259953 403.644970262747 213.26110370318835 1.7 1.8972 4.2878 44.8583937472463 0.26808935684438673 -6.8132 0.0 0
CAR 0.0 0 -1.2600281148893246 1463.8208846893835 -565.0740983157788 1642.9304608857153 -435.2888951640905 1.4962 1.9734 4.3696 -37.72552318787163 4.470486818905863 -7.8888 -3.141278484403826 0
