CAR 0.0 0 4.277503625862239 1562.622700208059 344.63027669151444 1660.0247349229448 438.1313834585858 1.7 2.055 4.1881 44.4321337159429 12.119107678993457 -7.15 2.9442588671347862 0
CAR 0.0 0 2.6418416589137093 1219.8076886119622 314.75630596009347 1516.5997106376328 522.9719380869886 1.7 1.9474 4.637 16.55018252286718 -14.160314410912576 -6.7348 1.365701656488558 0
CAR 0.0 0 4.29413540477139 1478.3836861345876 312.10769198157095 1590.385662017858 409.3772969180312 1.7 2.9345 6.7788 48.753630998161874 14.167973402369643 -7.15 2.953039041130617 0
CAR 0.0 0 4.283832071731627 1447.6499286379437 308.70419182501786 1568.8539149079975 421.6917685799717 2.6595 2.9213 2.2023 44.272636946967 15.012765170094092 -6.6703 2.9496064358704173 0
CAR 0.0 0 4.32631786725491 1603.9766276712728 308.0205015140377 1679.0938354616328 373.59602353397725 1.394 1.7497 4.126 52.40537819314363 10.669136557928491 -6.8366 2.9597831308202998 0
CAR 0.0 0 -1.1619036498887438 324.5347478501261 285.3563217821224 741.8106063161445 497.7250347840497 2.9622 3.4932 13.074 31.26237695294144 39.67832558288664 -7.1029 -2.1205687351493454 0
CAR 0.0 0 2.2159787893925893 186.8911720900805 297.2429568884511 363.86446930133616 507.1743071988558 1.6502 1.8996 4.697 22.52075676531295 1.8995150488568533 -6.6578 1.5927357361475807 0
CAR 0.0 0 4.3494419880937985 1704.547073542693 301.45074022798036 1823.6878870627067 406.92140033282607 2.5787 2.3731 2.9231 50.045803344696125 7.382964352570591 -6.5815 2.9760738728821825 0
CAR 0.0 0 -1.5538596177069777 180.54554050653195 407.6339448070585 392.56404529867353 524.8516746643755 1.5379 1.9037 4.1311 23.856508555811548 41.965508631101244 -8.0541 -2.1106134925747027 0
CAR 0.0 0 4.3771665365513455 1692.3173448221235 212.30354647199792 1878.2830595124553 390.851452238944 4.4182 2.9618 12.0602 57.16762066733459 6.1520261312229705 -5.5026 2.9700313362899267 0
