CAR 0.0 0 2.9325124923839203 1469.1408158561742 331.08994915603563 1734.2211216305316 508.6178823899148 1.5287 1.9324 4.1412 21.4873 -26.8679 -6.5387 1.6172279672819478 0
CAR 0.0 0 -0.17818827652950375 3487.278585537583 525.5587107262909 4525.2578576092155 827.705293792615 1.4955 2.0028 4.1585 11.7175 -50.576400012719496 -6.396 -1.5820279618721131 0
CAR 0.0 0 3.2908637298259524 1291.4110507377386 210.04764855825374 1375.4203997125417 257.4023988717785 2.0362 2.0313 6.0453 72.11078000112181 34.98356993086481 -5.6001 1.8930050088945374 0
CAR 0.0 0 -1.7668747445565087 1500.3000072479244 243.0089734628352 1695.3949218810758 405.2091977476805 3.7718 2.908 8.7734 45.9714 13.850199999999997 -5.2888 -3.141592653589793 0
CAR 0.0 0 -1.7866864123663133 1468.1789980141293 270.7450331543106 1621.2832803047186 422.0939354930716 3.537 2.7249 3.2089 40.15170000101569 13.8511 -5.4189 -3.1390089788668956 0
CAR 0.0 0 -3.252069265513952 -71027.3908514666 569.8344613776428 -2414.843828265466 11899.134649274314 3.2214 2.8044 11.8595 9.056118405411743 19.285040588982234 -6.5001 -1.884638048803172 0
CAR 0.0 0 -1.7974869648758525 1623.0376731139404 346.01133917208807 1746.517190939392 435.5243918292931 1.5619 1.9279 4.1837 40.7606 10.0878 -6.2537 -3.141592653589793 0
CAR 0.0 0 4.519946268180401 1673.9818525132803 301.493852927612 1774.362211008618 369.26230624261456 1.5132 1.9248 4.2656 50.89099399100669 11.092919078058012 -6.0367 3.1404749938001117 0
CAR 0.0 0 1.6333800028176164 393.3932578227836 18.659889939762365 459.67872671218913 61.55082415915766 1.5448 1.9196 4.153 74.52378258342603 5.095457430230765 -5.9033 0.15515191962105518 0
CAR 0.0 0 2.1323314182668747 23.093162247140413 179.18845250157898 328.9270327863354 269.5679670193264 3.728 3.348 13.6586 29.644151696063695 82.5334285189795 -5.7466 1.4582871293852109 0
