CAR 0.0 0 3.158187117115556 1271.1108160883796 207.67231119723647 1353.97542174815 253.80538255260726 2.0362 2.0313 6.0453 72.97502273924978 36.66642505443623 -5.6001 1.760843688174661 0
CAR 0.0 0 -1.7462408520066353 1247.7542805413448 299.50860756626486 1568.467163445158 575.1786282640916 3.7718 2.908 8.7734 27.104454319860842 12.4896374348459 -5.2888 -3.026109160605019 0
CAR 0.0 0 -1.7962499262660812 1229.140708209722 353.5979937445906 1467.5850087668396 609.17996416662 3.537 2.7249 3.2089 22.43269644811486 11.956114269605235 -5.4189 -3.0296551381354675 0
CAR 0.0 0 -2.010085701727438 1166.51400092002 631.244472754818 1498.0074535444162 945.8178200559792 1.5619 1.9279 4.1837 13.198056159079481 7.798167052074968 -6.2537 -3.0543261909900767 0
CAR 0.0 0 -1.7259349431517799 1593.1127121199881 361.1653494404834 1731.3917760795537 461.3468249099596 1.5132 1.9248 4.2656 36.24540201786447 9.668954998918764 -6.0367 -3.055709966098818 0
CAR 0.0 0 1.5088534850065536 390.1756144204594 55.3589230114241 527.9965536590764 136.90155827075898 1.7 2.7509 13.0107 65.53621177211372 1.401559484354431 -7.1989 0.13892813652491537 0
CAR 0.0 0 -2.678370117674525 -75.37698609667707 25.50007553387213 146.80171115694387 200.20919857704882 4.0049 3.065 3.0468 41.8804001175733 7.064802567331111 -4.8285 -3.036750637202603 0
CAR 0.0 0 -1.37630896373889 182.76008662855997 446.47476588378356 434.2389255067596 581.4174288888189 1.5873 1.9102 4.1657 11.712303529952786 30.01540466475576 -7.3642 -1.9206361231507973 0
CAR 0.0 0 -2.182975055966306 -62.08810242190877 -3.032081665939232 248.39223640226632 202.4307687467011 4.6993 3.7174 8.9897 47.15999335343315 7.6280116909043985 -4.9958 -3.03482524741764 0
CAR 0.0 0 -0.11066657507903632 3462.878026637174 482.6089841964164 4535.552067740837 798.2603147144 1.7 1.9202 4.2345 11.8595 -50.1556 -5.9737 -1.5232093557791107 0
CAR 0.0 0 -1.6382344139584706 1696.248511336343 242.38897339895607 1799.0027503863982 315.96295939502824 2.1852 2.217 6.1126 63.01694012591879 12.672897401008779 -5.3315 -3.051610665334258 0
CAR 0.0 0 -1.6669165481521162 1654.6258841140916 311.05559049127396 1759.4461813343726 389.20454611420234 1.7658 1.9354 4.3076 49.60013953907985 11.288732719222581 -6.381 -3.0363435510577563 0
