CAR 0.0 0 4.2775150852913395 1562.6694100836048 344.6242418309828 1660.0745611719296 438.1215558795346 1.7 2.055 4.1881 44.434098554393735 12.117674020514501 -7.15 2.9442588671347862 0
CAR 0.0 0 2.412575283971397 679.9433489179382 326.4098285413133 888.8994734444195 552.9862762615206 1.7 1.9474 4.637 18.69433460616399 -5.065388941750682 -6.7348 1.348248363968614 0
CAR 0.0 0 4.294184457957319 1478.5083155141263 312.0671926789355 1590.4879886986203 409.30685032256224 1.7 2.9345 6.7788 48.76586818769465 14.164480348161684 -7.15 2.953039041130617 0
CAR 0.0 0 4.2838421468225825 1447.6651454797466 308.6941291865477 1568.8633114551499 421.67515565507 2.6595 2.9213 2.2023 44.2750741651884 15.012417928271818 -6.6703 2.9496064358704173 0
CAR 0.0 0 4.326324356190412 1604.0513695046748 308.02519412520274 1679.1779170329771 373.6020402769613 1.394 1.7497 4.126 52.40568420067584 10.66662944358566 -6.8366 2.9597831308202998 0
CAR 0.0 0 -1.1461865495515244 368.27673359361785 297.62229788950714 795.3387061276686 530.9326216512546 2.9622 3.4932 13.074 29.919998548345028 36.96633784093191 -7.1029 -2.1205687351493454 0
CAR 0.0 0 3.3669620498338992 774.8975709558539 698.7320793465797 1140.9239022214394 1167.5239335495146 1.6502 1.8996 4.697 12.303792014885653 19.867609743676628 -6.6578 2.5525923295834545 0
CAR 0.0 0 4.333826780624434 1693.4774622492241 322.4993096180474 1825.7214900055883 441.9258810026956 2.5787 2.3731 2.9231 44.83990939131401 8.315210927724866 -6.5815 2.9760738728821825 0
CAR 0.0 0 -1.5358596464703602 207.65795917290046 435.9279915353442 433.7573517770993 567.9862127738947 1.5379 1.9037 4.1311 22.197236299905647 39.09191918827441 -8.0541 -2.1106134925747027 0
CAR 0.0 0 4.36667912916585 1682.259619788177 221.3548824864036 1886.5658294723478 422.62265174896055 4.4182 2.9618 12.0602 51.93989112111819 7.091997269449012 -5.5026 2.9700313362899267 0
