CAR 0.0 0 2.9370414087169845 1472.1608751798399 331.04010509390446 1737.7974186622093 508.50507376024365 1.5287 1.9324 4.1412 21.48847302441504 -26.926424551567973 -6.5387 1.6212057522521428 0
CAR 0.0 0 -0.048419758090987974 3455.6048238184926 517.7260141514548 4467.38002542696 813.5596438714213 1.4955 2.0028 4.1585 11.959227454895737 -50.58400086326003 -6.396 -1.4531187729773227 0
CAR 0.0 0 3.0241901904545974 1279.8415718077486 209.87823856076625 1364.2370688248543 257.22594198541395 2.0362 2.0313 6.0453 71.69335261053851 35.476756032797255 -5.6001 1.6276636624152636 0
CAR 0.0 0 -1.6173851210652779 1455.0307278676833 243.92649222732857 1656.0814341571363 408.63782217365093 3.7718 2.908 8.7734 44.49413222195532 14.718098570027198 -5.2888 -2.9856662310441786 0
CAR 0.0 0 -1.6402811538784434 1460.515691814522 270.58164704764886 1613.4644594812626 421.8737405416222 3.537 2.7249 3.2089 40.02018506342672 14.028020093383052 -5.4189 -2.9916543368882356 0
CAR 0.0 0 -1.648138048032549 1605.3705294058445 344.3850852910611 1728.7253474578704 433.139689667105 1.5619 1.9279 4.1837 40.710394297977224 10.528350034681933 -6.2537 -2.9910380101133587 0
CAR 0.0 0 -1.62497072247341 1650.1100223106648 306.90132487967213 1754.5079995187828 377.48864301644727 1.5132 1.9248 4.2656 48.761439468508364 11.325435797033506 -6.0367 -2.9982470412401536 0
CAR 0.0 0 -0.8609100210777385 261.82683590113515 348.6488837665652 755.6812556305623 510.8556505083133 1.7 2.7509 13.0107 19.382806765294205 33.409052335560965 -7.1989 -1.739353037122057 0
CAR 0.0 0 3.0146992511008115 1987.5067897995968 267.0371287492853 2318.213969611311 412.5860119809591 1.5302 1.9318 4.6762 25.292734076214433 -40.69194614336958 -6.4832 1.5996740107872995 0
CAR 0.0 0 -1.5242628009020822 1814.7441503037453 193.7833712180163 1915.3520775435227 286.53701524156475 4.0049 3.065 3.0468 81.4788 10.8722 -4.8285 -2.9677010264147974 0
