CAR 0.0 0 3.1581871094772986 1271.1109877235274 207.67234494669518 1353.9756151544818 253.80543450752512 2.0362 2.0313 6.0453 72.975004556821 36.66640502077169 -5.6001 1.760843688174661 0
CAR 0.0 0 -1.8949784276712185 948.9917079181052 368.07997458641887 1451.2242247232296 825.8694235458321 3.7718 2.908 8.7734 16.37170076773462 11.174056600662315 -5.2888 -3.026109160605019 0
CAR 0.0 0 -2.0215962249538055 885.3433193049444 473.30733984082644 1248.7899028994923 909.6034047331332 3.537 2.7249 3.2089 11.709583598817252 10.647740516760276 -5.4189 -3.0296551381354675 0
CAR 0.0 0 -1.823697339195598 1454.8336867650708 469.4564957382077 1667.315026117138 643.2714841749071 1.5132 1.9248 4.2656 22.702753743982292 8.125564409106673 -6.0367 -3.055709966098818 0
CAR 0.0 0 1.6194264144765587 405.91494814587315 28.711352557319657 519.7197393915283 91.09707226128921 1.7 2.7509 13.0107 79.39573476165562 4.4262327262274335 -7.1989 0.173830213715917 0
CAR 0.0 0 -2.678369506316046 -75.37690289686024 25.50007672083259 146.80178311941341 200.2091992734925 4.0049 3.065 3.0468 41.880400023561045 7.064800514479082 -4.8285 -3.036750637202603 0
CAR 0.0 0 -1.3763090939506633 182.76001258940573 446.4748162072097 434.2388951455893 581.4175086991843 1.5873 1.9102 4.1657 11.71230070738319 30.015400934791487 -7.3642 -1.9206361231507973 0
CAR 0.0 0 -2.182973055745942 -62.08761935112149 -3.032088917402498 248.39257117212162 202.43073022900947 4.6993 3.7174 8.9897 47.15999866806443 7.62800234279316 -4.9958 -3.03482524741764 0
CAR 0.0 0 -0.11066657507903632 3462.878026637174 482.6089841964164 4535.552067740837 798.2603147144 1.7 1.9202 4.2345 11.8595 -50.1556 -5.9737 -1.5232093557791107 0
CAR 0.0 0 -1.6458226856460372 1685.564856547544 251.65104235800402 1796.831305314188 332.3952837213959 2.1852 2.217 6.1126 58.09064203676944 12.009551641329525 -5.3315 -3.051610665334258 0
CAR 0.0 0 -1.6903752849531948 1622.5833323963282 340.1768136875981 1745.0850743232068 434.5309668417102 1.7658 1.9354 4.3076 42.06138753140656 10.366965642416378 -6.381 -3.0363435510577563 0
CAR 0.0 0 0.5699215355660753 76.29319136111604 252.39988149197978 290.2918553060317 402.47064044423155 1.7 1.8972 4.2878 28.47337440463795 -1.6737337560116532 -6.8132 0.04134723410362826 0
