CAR 0.0 0 4.277514595884552 1562.667415152332 344.62449957363344 1660.0724331520196 438.1219756039818 1.7 2.055 4.1881 44.43401463571828 12.117735252378184 -7.15 2.9442588671347862 0
CAR 0.0 0 2.4963839134935477 803.6779270822105 324.231359158033 1030.5482600737616 546.9953677010491 1.7 1.9474 4.637 18.213114980959034 -6.997140632422615 -6.7348 1.3657016564885576 0
CAR 0.0 0 4.294182363454218 1478.5029937624172 312.0689220696812 1590.4836193257759 409.3098584185549 1.7 2.9345 6.7788 48.76534553468131 14.164629537263188 -7.15 2.953039041130617 0
CAR 0.0 0 4.2838417165369105 1447.6644955973607 308.694558943248 1568.8629101474962 421.6758651605569 2.6595 2.9213 2.2023 44.2749700710723 15.012432759045467 -6.6703 2.9496064358704173 0
CAR 0.0 0 4.326324079055494 1604.048177226094 308.0249937003102 1679.1743258425065 373.6017832971435 1.394 1.7497 4.126 52.40567113102793 10.666736522981754 -6.8366 2.9597831308202998 0
CAR 0.0 0 -1.1586867920294717 341.27091399249196 292.64426955569303 767.4282768625042 517.5471961702856 2.9622 3.4932 13.074 30.34587032962213 38.19769838122708 -7.1029 -2.1205687351493454 0
CAR 0.0 0 3.3592422686646826 1207.4545955591423 627.4113683793088 1443.2796022308805 990.7126928047245 1.6502 1.8996 4.697 16.00523276245988 16.881215709283822 -6.6578 2.325700127350012 0
CAR 0.0 0 4.335831577830552 1694.7491357936208 319.7775398413803 1825.2835756263726 437.37464780173457 2.5787 2.3731 2.9231 45.451201597714395 8.209892987268706 -6.5815 2.9760738728821825 0
CAR 0.0 0 -1.5356294524774934 208.02545901028404 436.2961480236626 434.3031697960073 568.5534011141349 1.5379 1.9037 4.1311 22.177381430485525 39.05716559401499 -8.0541 -2.1106134925747027 0
CAR 0.0 0 4.36799789279785 1683.3998208921835 220.2163333213827 1885.342296269419 418.55690847069593 4.4182 2.9618 12.0602 52.54626375245517 6.986931837775004 -5.5026 2.9700313362899267 0
