CAR 0.0 0 2.056588176757733 -128.2433847629727 403.5550328086394 221.80495795750772 646.4641155186413 1.5287 1.9324 4.1412 18.658263041640286 -4.057204584434299 -6.5387 1.940272291492747 0
CAR 0.0 0 3.0144617142210612 1284.1888370719987 210.24071997232863 1368.7000842423436 257.7658088143487 2.0362 2.0313 6.0453 71.62459613096355 35.17848323603322 -5.6001 1.6176939212085473 0
CAR 0.0 0 4.503150359377393 1495.6800819152795 245.66268934201184 1695.4584355120908 412.41982992003693 3.7718 2.908 8.7734 44.85882048903725 13.616738091303972 -5.2888 3.131483313082973 0
CAR 0.0 0 4.480130336088523 1473.323975196844 271.3981746732952 1627.0899706682596 423.3930773009349 3.537 2.7249 3.2089 40.094704188160726 13.681180502911033 -5.4189 3.127643232933447 0
CAR 0.0 0 4.470030736523496 1613.721415446825 347.19993982988336 1738.2787035548681 437.4151852620446 1.5619 1.9279 4.1837 40.34767960844037 10.21968265120387 -6.2537 3.1279286174672145 0
CAR 0.0 0 -1.7681102106712157 1669.5151172093372 309.8725916933826 1774.7919099729004 381.8248191320941 1.5132 1.9248 4.2656 48.43668173028199 10.680363738079327 -6.0367 -3.141592653589793 0
CAR 0.0 0 -0.7074110809781468 467.5720620114947 418.3247623812489 1043.9622134177873 678.93652595797 1.7 2.7509 13.0107 17.62327696635918 21.40958307206339 -7.1989 -1.6631812648707007 0
CAR 0.0 0 3.5721615769526998 -65.25344405153432 25.68602393820073 155.61572104913392 200.38549090407452 4.0049 3.065 3.0468 41.8569290741355 6.808283984079289 -4.8285 3.1415926535897927 0
CAR 0.0 0 -1.2735259836142536 177.672154040795 450.6886533049436 432.70879224208574 588.1047419718096 1.5873 1.9102 4.1657 11.493642294972979 29.691104953312223 -7.3642 -1.808518209653994 0
CAR 0.0 0 4.096524305648963 -28.311397717691662 -3.28466448199107 272.45844376567175 200.52374923576846 4.6993 3.7174 8.9897 47.42470686357483 6.908348263498176 -4.9958 3.1241677633491904 0
