CAR 0.0 0 2.809982490590045 911.0889083456321 347.93715364311987 1069.5966631053384 542.2924777484868 1.5287 1.9324 4.1412 20.855632763194087 -16.53148546588565 -6.5387 1.661019611173656 0
CAR 0.0 0 3.0144621131558766 1284.1960526780056 210.24132173546403 1368.7074913834786 257.76670526407173 2.0362 2.0313 6.0453 71.6244822135277 35.17798964851179 -5.6001 1.6176939212085473 0
CAR 0.0 0 4.503155878097809 1495.748032527543 245.66558909210383 1695.5242097586242 412.4261569860524 3.7718 2.908 8.7734 44.85942375515229 13.614915291233366 -5.2888 3.131483313082973 0
CAR 0.0 0 4.480132171866915 1473.3452602734606 271.3995315279597 1627.1126152598417 423.3956028066282 3.537 2.7249 3.2089 40.09482750168776 13.680606443087012 -5.4189 3.127643232933447 0
CAR 0.0 0 4.4700294064537935 1613.7354088562238 347.2046538801804 1738.2947052950421 437.4223543921681 1.5619 1.9279 4.1837 40.34707921239395 10.219171844340835 -6.2537 3.1279286174672145 0
CAR 0.0 0 -1.768109869641383 1669.54771512797 309.8775804307064 1774.8259685505498 381.8321090011404 1.5132 1.9248 4.2656 48.43614380838368 10.679296065267446 -6.0367 -3.141592653589793 0
CAR 0.0 0 -0.8623599723466595 277.6230883182027 353.082931541674 776.5401232646078 520.5712483795253 1.7 2.7509 13.0107 19.301664475099322 32.399893495160555 -7.1989 -1.7504477274704175 0
CAR 0.0 0 1.4106707101519158 -1070.89035447448 444.56317073073143 -389.75814257267734 759.840191666653 1.5302 1.9318 4.6762 16.99191997576236 3.329610160495893 -6.4832 2.279059577416979 0
CAR 0.0 0 3.7461295890571846 -39.63892724724418 19.945914500132243 169.43970616773973 187.21648228038424 4.0049 3.065 3.0468 43.67169591094724 7.164739704336657 -4.8285 3.1415926535897927 0
CAR 0.0 0 -1.2742178143830527 176.60708281483798 449.28671192129883 430.72278096792695 585.8949382401374 1.5873 1.9102 4.1657 11.529093347428857 29.837037512098775 -7.3642 -1.808518209653994 0
CAR 0.0 0 -1.7314071781836764 1705.2206070748464 299.9304104463277 1796.7450947661378 362.0907074884694 1.5032 1.9048 4.1528 55.21347671493401 10.988255700027667 -6.3637 -3.1160236696878245 0
CAR 0.0 0 4.213957410361543 7.457086789265372 -7.39675169300395 289.23109425075444 186.79514757110726 4.6993 3.7174 8.9897 49.45518173059939 7.020071491260662 -4.9958 3.1241677633491904 0
