CAR 0.0 0 2.9325124923839203 1469.1408158561742 331.08994915603563 1734.2211216305316 508.6178823899148 1.5287 1.9324 4.1412 21.4873 -26.8679 -6.5387 1.6172279672819478 0
CAR 0.0 0 -0.1781882765538747 3487.2785851093704 525.5587107387072 4525.2578570957985 827.7052938217831 1.4955 2.0028 4.1585 11.7175 -50.57640000569369 -6.396 -1.5820279618721131 0
CAR 0.0 0 3.29086361650961 1291.412356248194 210.0479683934117 1375.4219234264042 257.40289527720125 2.0362 2.0313 6.0453 72.1105985265176 34.983401223897715 -5.6001 1.8930050088945374 0
CAR 0.0 0 -1.7668747445565087 1500.3000072479244 243.0089734628352 1695.3949218810758 405.2091977476805 3.7718 2.908 8.7734 45.9714 13.850199999999997 -5.2888 -3.141592653589793 0
CAR 0.0 0 -1.7866864123685877 1468.1789980072842 270.7450331558218 1621.2832802994328 422.0939354963846 3.537 2.7249 3.2089 40.151700000454674 13.8511 -5.4189 -3.1390089788668956 0
CAR 0.0 0 -0.3771665235071382 -243865.51089284805 -77258.19694967738 424217.1867272082 49254.94759125963 3.2214 2.8044 11.8595 7.959997674115025 16.719781528007267 -6.5001 -2.024264388962718 0
CAR 0.0 0 -1.7974869648758525 1623.0376731139404 346.01133917208807 1746.517190939392 435.5243918292931 1.5619 1.9279 4.1837 40.7606 10.0878 -6.2537 -3.141592653589793 0
CAR 0.0 0 4.516321170852661 1673.0515594942974 306.86596358811863 1776.4893871984395 377.2931603734716 1.5132 1.9248 4.2656 49.3400932093065 10.777792479235961 -6.0367 3.1404749938001117 0
CAR 0.0 0 1.58703820654994 410.36747542406806 4.352572866041294 468.464568314327 41.83306045761147 1.5448 1.9196 4.153 84.0133178009226 6.762396850855572 -5.9033 0.06788545702133873 0
CAR 0.0 0 -0.01783210928892376 -12090.650866294665 75.76448636825057 -4537.278589527296 682.36868113238 3.728 3.348 13.6586 29.066542154965887 88.66240438913889 -5.7466 1.5106470069450406 0
CAR 0.0 0 -0.9807557620590783 53.60274476007717 268.84580240683135 425.27665229923053 353.2484748485045 1.7 2.7509 13.0107 22.7933 58.6532 -7.1989 -1.6411953424799908 0
