CAR 0.0 0 1.918214812613855 -261.89888492576733 418.2809835981616 130.92672685537087 673.5085883919708 1.5287 1.9324 4.1412 18.10200653305073 -2.9995465197733715 -6.5387 2.0100854615725203 0
CAR 0.0 0 3.014461709737212 1284.1887559722577 210.2407132088154 1368.7000009898306 257.7657987387109 2.0362 2.0313 6.0453 71.62459741134437 35.178488783735276 -5.6001 1.6176939212085473 0
CAR 0.0 0 4.503150297347898 1495.6793181937744 245.66265675060967 1695.4576962505864 412.4197588079095 3.7718 2.908 8.7734 44.85881370859707 13.61675857875807 -5.2888 3.131483313082973 0
CAR 0.0 0 4.480130315455053 1473.3237359637678 271.3981594229589 1627.0897161549751 423.39304891558675 3.537 2.7249 3.2089 40.094702802172066 13.681186955085622 -5.4189 3.127643232933447 0
CAR 0.0 0 4.470030751472709 1613.7212581705205 347.19988684712405 1738.278523706168 437.41510468600654 1.5619 1.9279 4.1837 40.347686356622276 10.219688392443585 -6.2537 3.1279286174672145 0
CAR 0.0 0 -1.7681102145042185 1669.5147508325872 309.87253562354374 1774.7915271790953 381.82473719935984 1.5132 1.9248 4.2656 48.43668777628252 10.680375738242196 -6.0367 -3.141592653589793 0
CAR 0.0 0 -0.6571922836326712 522.0558274069923 431.89881318748604 1108.5186493745387 715.6445676140096 1.7 2.7509 13.0107 17.47420741316649 19.518359197511344 -7.1989 -1.628274679830814 0
CAR 0.0 0 3.553520650658185 -67.93103461391189 25.644295277709634 153.29478805222544 200.3552976717554 4.0049 3.065 3.0468 41.860978623479994 6.874940219895495 -4.8285 3.1415926535897927 0
CAR 0.0 0 -1.2731645282301347 178.25908431218159 451.49214793739344 433.825555298064 589.3724999088587 1.5873 1.9102 4.1657 11.47313210596544 29.60831212552818 -7.3642 -1.808518209653994 0
CAR 0.0 0 4.099876698548037 -27.42075749265721 -3.416017325366591 272.80168703501687 200.08881135460612 4.6993 3.7174 8.9897 47.48588141446538 6.917859915180651 -4.9958 3.1241677633491904 0
