CAR 0.0 0 2.9308505605983814 1443.7437429445952 332.7763815708088 1705.0513275783464 511.63873458840817 1.5287 1.9324 4.1412 21.401790192307946 -26.34321038629195 -6.5387 1.6212057522521428 0
CAR 0.0 0 -0.04841985278508831 3455.608282488698 517.7268691258903 4467.386321592891 813.561183640297 1.4955 2.0028 4.1585 11.95920073767138 -50.58400002319449 -6.396 -1.4531187729773227 0
CAR 0.0 0 3.024190338928263 1279.8428507740848 209.87825732095502 1364.2383051284921 257.22596154376674 2.0362 2.0313 6.0453 71.69339872671709 35.476701505516225 -5.6001 1.6276636624152636 0
CAR 0.0 0 -1.617384381393812 1455.035800333676 243.92638957621062 1656.0858346725383 408.63743775263987 3.7718 2.908 8.7734 44.494295492058576 14.718002648427033 -5.2888 -2.9856662310441786 0
CAR 0.0 0 -1.6402810484741144 1460.5165385369874 270.58166510040263 1613.4653233830632 421.87376487076557 3.537 2.7249 3.2089 40.020199598676946 14.028000539878708 -5.4189 -2.9916543368882356 0
CAR 0.0 0 -1.6481379142339752 1605.3724696023553 344.3852639594624 1728.7273017956538 433.1399514980508 1.5619 1.9279 4.1837 40.710399846795305 10.528301344355967 -6.2537 -2.9910380101133587 0
CAR 0.0 0 -1.6249702164531261 1650.1124296930068 306.90097003286706 1754.5101070068254 377.4880964880272 1.5132 1.9248 4.2656 48.76159568676246 11.325400961811962 -6.0367 -2.9982470412401536 0
CAR 0.0 0 -0.8651557700654973 257.3182203067847 349.09913094405664 753.1491674779036 511.9026158241196 1.7 2.7509 13.0107 19.276540383278885 33.40337794001327 -7.1989 -1.739353037122057 0
CAR 0.0 0 2.8320838724511095 918.1637597249362 284.5722347932127 1058.838270249897 452.65964862509344 1.5302 1.9318 4.6762 24.40587626264937 -16.937768632723238 -6.4832 1.6171273033072429 0
CAR 0.0 0 -1.5709615167492361 1768.4505709889872 224.84452992827218 1913.3982165810055 362.0789959456495 4.0049 3.065 3.0468 55.37008182483691 8.596608382305616 -4.8285 -2.9851543189347405 0
CAR 0.0 0 -1.5412896554319333 1749.4469166948022 193.45005083616704 1912.3974251329803 349.10966148715744 4.6738 3.0868 9.7152 61.17660706606304 9.617805508231086 -4.488 -2.9683662689673658 0
CAR 0.0 0 -1.3052235682448698 73.15185844681429 355.8981147905279 267.0914168484389 444.1795051134298 1.5873 1.9102 4.1657 14.086915893971863 43.67475834831956 -7.3642 -1.7093003712482462 0
