CAR 0.0 0 3.1581910703679785 1271.0219913457058 207.65484500842197 1353.8753294022997 253.7784948860578 2.0362 2.0313 6.0453 72.98443418137845 36.676794718290104 -5.6001 1.760843688174661 0
CAR 0.0 0 -1.6596794600329623 1452.5719849899688 245.53071718252755 1656.4669346330008 412.99870817694926 3.7718 2.908 8.7734 43.85258870040633 14.557875488638377 -5.2888 -3.026109160605019 0
CAR 0.0 0 -1.6819004997198952 1450.4568847904916 273.0741988192474 1605.9727251687514 427.32413075652215 3.537 2.7249 3.2089 39.14017777708575 13.999407543051003 -5.4189 -3.0296551381354675 0
CAR 0.0 0 -1.7106043233010417 1612.996595356824 344.64218208067365 1736.1577553867235 433.4849067191152 1.5619 1.9279 4.1837 40.81715686967153 10.35946959502704 -6.2537 -3.0543261909900767 0
CAR 0.0 0 -1.6824969247057502 1651.0056437208302 307.1485139254986 1755.5069025597866 377.85341746933176 1.5132 1.9248 4.2656 48.716339977129415 11.28821669193979 -6.0367 -3.055709966098818 0
CAR 0.0 0 -0.28466349639226035 -152.5004614961348 230.3366418486542 341.26358584146817 537.0979357108232 1.7 2.7509 13.0107 27.92572018490622 -1.0787834790959856 -7.1989 -0.5940854876384289 0
CAR 0.0 0 -2.678686603592868 -75.42005138465737 25.499461148103148 146.76446247114905 200.20883808900066 4.0049 3.065 3.0468 41.880448779431546 7.065865148041247 -4.8285 -3.036750637202603 0
CAR 0.0 0 -1.3762415684699882 182.79840694801953 446.4487198476891 434.25463959797827 581.376121652964 1.5873 1.9102 4.1657 11.713764525662135 30.01733533878218 -7.3642 -1.9206361231507973 0
CAR 0.0 0 -2.1840115756773026 -62.33816590903967 -3.028327973267261 248.21894470073946 202.45070748255782 4.6993 3.7174 8.9897 47.1572424368602 7.6328503848681555 -4.9958 -3.03482524741764 0
CAR 0.0 0 -0.11066657507903632 3462.878026637174 482.6089841964164 4535.552067740837 798.2603147144 1.7 1.9202 4.2345 11.8595 -50.1556 -5.9737 -1.5232093557791107 0
