CAR 0.0 0 2.9325124923839203 1469.1408158561742 331.08994915603563 1734.2211216305316 508.6178823899148 1.5287 1.9324 4.1412 21.4873 -26.8679 -6.5387 1.6172279672819478 0
CAR 0.0 0 -0.1781882765638494 3487.2785849341108 525.5587107437888 4525.257856885667 827.7052938337212 1.4955 2.0028 4.1585 11.7175 -50.57640000281816 -6.396 -1.5820279618721131 0
CAR 0.0 0 3.2908636183204667 1291.4123723309228 210.0479686583007 1375.4219389979803 257.4028955690643 2.0362 2.0313 6.0453 72.11059908449576 34.98340052720791 -5.6001 1.8930050088945374 0
CAR 0.0 0 -1.7668747445565087 1500.3000072479244 243.0089734628352 1695.3949218810758 405.2091977476805 3.7718 2.908 8.7734 45.9714 13.850199999999997 -5.2888 -3.141592653589793 0
CAR 0.0 0 -1.7866864123695188 1468.1789980044828 270.74503315644034 1621.2832802972691 422.09393549774063 3.537 2.7249 3.2089 40.15170000022505 13.8511 -5.4189 -3.1390089788668956 0
CAR 0.0 0 -0.4140646667078849 -37977.69348653314 -35365.82974911657 177979.97479005213 11387.853559596299 3.2214 2.8044 11.8595 7.5708371569474044 17.08223058746942 -6.5001 -2.128984144082378 0
CAR 0.0 0 -1.7974869648758525 1623.0376731139404 346.01133917208807 1746.517190939392 435.5243918292931 1.5619 1.9279 4.1837 40.7606 10.0878 -6.2537 -3.141592653589793 0
CAR 0.0 0 4.514444924517418 1662.8771866429659 308.011058395798 1767.378024365639 379.07246158676816 1.5132 1.9248 4.2656 48.77502880581678 10.9508336754123 -6.0367 3.1404749938001117 0
CAR 0.0 0 -0.020920687011624084 -14205.08295165556 77.02303056474807 -5073.8538910821135 737.9983691850746 3.728 3.348 13.6586 28.5106291961703 94.28728504621954 -5.7466 1.5106470069450406 0
CAR 0.0 0 -0.9757641670322107 76.41978511425548 274.97284591684513 457.0820374659012 364.1984258681208 1.7 2.7509 13.0107 22.62702345060099 55.77612032310793 -7.1989 -1.6761019275198774 0
