CAR 0.0 0 3.1181553122971137 1243.1153618373335 207.8887589379007 1327.450432190139 254.36883362780438 2.0362 2.0313 6.0453 71.46053109414174 37.627703168209855 -5.6001 1.7247030387552342 0
CAR 0.0 0 1.8358137826207963 -12688.974502122644 436.66872900149264 -1552.807324166887 2543.4328267654532 3.7718 2.908 8.7734 9.40081733232699 9.704867087578291 -5.2888 3.141592653589793 0
CAR 0.0 0 -4.4592208421423765 -29095.691191388647 1325.7211397507274 -4261.711554595555 5158.488960295928 3.537 2.7249 3.2089 5.0584709453169125 10.432869936076795 -5.4189 -3.132503431130133 0
CAR 0.0 0 -1.125803691744616 4512.060861853635 -8410.415764423522 15606.952602304978 -1710.0932876870052 1.7118 1.9245 4.4092 -5.1176 4.8614 -7.295 -3.1238903321759413 0
CAR 0.0 0 -2.7798335207253104 -87.64899956395489 28.635384975242815 140.8145014314274 207.40841708237147 4.0049 3.065 3.0468 40.955921724719644 6.837091106976061 -4.8285 -3.0543261909900767 0
CAR 0.0 0 -1.2910144117165716 178.23679755274446 447.5021347963102 430.8948067020134 583.0665837161782 1.5873 1.9102 4.1657 11.614549451639013 29.982167094913002 -7.3642 -1.8285472070556688 0
CAR 0.0 0 -2.1513362852102205 -51.01938540150565 -3.337462691021442 255.73729160220782 201.11861611828994 4.6993 3.7174 8.9897 47.34216680962922 7.445628381832677 -4.9958 -3.0475249162026388 0
CAR 0.0 0 -1.6578189257145246 1658.3310812763232 260.8905236755224 1779.2207321689632 349.2040701161214 2.1852 2.217 6.1126 53.36390780107101 11.852024630298722 -5.3315 -3.0543261909900767 0
CAR 0.0 0 -1.7339774615016894 1578.816968972329 377.41719390798403 1724.7115530021679 494.34775579315135 1.7658 1.9354 4.3076 34.8823823171497 9.527719951981382 -6.381 -3.048585635780555 0
CAR 0.0 0 0.9809955608799837 234.52011008525906 157.85911473023629 374.1813055507702 256.84593837989826 1.7 1.8972 4.2878 39.58797254440803 -0.2924519909722125 -6.8132 0.0 0
