CAR 0.0 0 4.277514061191416 1562.6652356295208 344.62478116529326 1660.0701082249748 438.12243416579645 1.7 2.055 4.1881 44.43392295227191 12.117802149862682 -7.15 2.9442588671347862 0
CAR 0.0 0 2.511758301157945 876.6099616518678 322.5149379330897 1113.7996354535285 542.6852968376853 1.7 1.9474 4.637 17.947780793748368 -8.167680816571663 -6.7348 1.3482483639686142 0
CAR 0.0 0 4.294180075094309 1478.4971794812639 312.07081151133644 1590.4788455623282 409.3131449163404 1.7 2.9345 6.7788 48.7647745219805 14.164792530433814 -7.15 2.953039041130617 0
CAR 0.0 0 4.283841246435642 1447.6637855798065 308.69502846630513 1568.862471705783 421.6766403183755 2.6595 2.9213 2.2023 44.274856345405645 15.012448962070994 -6.6703 2.9496064358704173 0
CAR 0.0 0 4.326323776277113 1604.044689578449 308.0247747308877 1679.1704023737052 373.60150254001866 1.394 1.7497 4.126 52.40565685208039 10.666853510148394 -6.8366 2.9597831308202998 0
CAR 0.0 0 -1.15999843892337 334.6016916366352 289.81939614863586 757.405848141217 509.80888716905383 2.9622 3.4932 13.074 30.692692691465368 38.76294372289931 -7.1029 -2.1205687351493454 0
CAR 0.0 0 3.320264446121463 1446.674229336347 602.9454061611325 1667.3857207335914 932.1522634757554 1.6502 1.8996 4.697 18.043077645578744 14.603034600630766 -6.6578 2.2035337330315565 0
CAR 0.0 0 4.337676080267028 1695.919861000625 317.27181063448796 1824.880668693689 433.1919203908556 2.5787 2.3731 2.9231 46.028205786271904 8.110499823639314 -6.5815 2.9760738728821825 0
CAR 0.0 0 -1.535394056639059 208.39697006252325 436.6635725834973 434.8519440395787 569.1195715878379 1.5379 1.9037 4.1311 22.157646796318602 39.02246750648583 -8.0541 -2.1106134925747027 0
CAR 0.0 0 4.3692152274361895 1684.4579166563797 219.16248049518904 1884.2196408948978 414.8134948732582 4.4182 2.9618 12.0602 53.11894468991485 6.8876355885767975 -5.5026 2.9700313362899267 0
