CAR 0.0 0 3.1581873226987165 1271.1061965592914 207.67140283622996 1353.9702162499839 253.80398419557218 2.0362 2.0313 6.0453 72.97551212068902 36.66696426202543 -5.6001 1.760843688174661 0
CAR 0.0 0 -1.6686976874161465 1429.659420388089 251.7713563660195 1646.0896073460062 430.4455584055705 3.7718 2.908 8.7734 41.20027061243181 14.239690475859415 -5.2888 -3.026109160605019 0
CAR 0.0 0 -1.6930363030991893 1426.1949286564884 281.64473187272256 1590.5230561150795 445.99802588641245 3.537 2.7249 3.2089 36.54380241860399 13.70467004120252 -5.4189 -3.0296551381354675 0
CAR 0.0 0 -1.7252539478249294 1595.2331913331632 362.88949681845554 1729.4465131880531 461.8829328938095 1.5619 1.9279 4.1837 37.25370301906132 9.858952884921488 -6.2537 -3.0543261909900767 0
CAR 0.0 0 -1.6828287197114378 1650.8811435180567 307.6277823355502 1755.6590774215208 378.572482774642 1.5132 1.9248 4.2656 48.583350296287875 11.260674855371418 -6.0367 -3.055709966098818 0
CAR 0.0 0 1.161115557862775 318.5493859082743 127.01627683485901 533.405866187534 276.1730423003138 1.7 2.7509 13.0107 43.481913965394114 -2.842012215318384 -7.1989 0.016769098141181975 0
CAR 0.0 0 -2.6783865725444995 -75.37922542620522 25.500043586740816 146.7997742815089 200.20917983221375 4.0049 3.065 3.0468 41.88040264792023 7.06485781999802 -4.8285 -3.036750637202603 0
CAR 0.0 0 -1.3763054590901151 182.76207938892625 446.4734114304948 434.2397426765461 581.4152807967964 1.5873 1.9102 4.1657 11.712379499625948 30.01550505702504 -7.3642 -1.9206361231507973 0
CAR 0.0 0 -2.1830288953530723 -62.10110436527678 -3.0318864915641996 248.38322601610835 202.43180545752335 4.6993 3.7174 8.9897 47.15985030973209 7.628263296022093 -4.9958 -3.03482524741764 0
CAR 0.0 0 -0.11066657507903632 3462.878026637174 482.6089841964164 4535.552067740837 798.2603147144 1.7 1.9202 4.2345 11.8595 -50.1556 -5.9737 -1.5232093557791107 0
CAR 0.0 0 -1.631056711337609 1707.0432724139898 233.59970611173688 1801.7771037968164 300.58630264325325 2.1852 2.217 6.1126 68.46720025758454 13.378811194213624 -5.3315 -3.051610665334258 0
