CAR 0.0 0 3.158200674289363 1270.806267846752 207.61242419967587 1353.6322358131672 253.71319426603736 2.0362 2.0313 6.0453 73.00730537818711 36.701994312117826 -5.6001 1.760843688174661 0
CAR 0.0 0 -1.659892174939915 1451.8724162633437 245.65928784294127 1656.0463134415008 413.3599513301623 3.7718 2.908 8.7734 43.78966227999796 14.555911321552639 -5.2888 -3.026109160605019 0
CAR 0.0 0 -1.6819822809565308 1450.0670768140828 273.10276342133716 1605.6126793979165 427.3911934149394 3.537 2.7249 3.2089 39.12412361095082 14.004758936360506 -5.4189 -3.0296551381354675 0
CAR 0.0 0 -1.7105773723094622 1612.9845735690199 344.5996543695478 1736.1225223234017 433.4196361770135 1.5619 1.9279 4.1837 40.8250521272965 10.361819871971907 -6.2537 -3.0543261909900767 0
CAR 0.0 0 -1.6825014444933912 1650.69865568237 307.10329800105933 1755.1869076756846 377.78757634794573 1.5132 1.9248 4.2656 48.72104273288811 11.29843856086858 -6.0367 -3.055709966098818 0
CAR 0.0 0 0.05089052261917315 1476.8710629974998 521.5939521228146 1906.819762027925 990.1101174145838 1.7 2.7509 13.0107 21.20381924228474 5.107745728386039 -7.1989 -1.1177488512733373 0
CAR 0.0 0 -2.6795566925962753 -75.53878870726335 25.49974880685963 146.66451682427103 200.21221344298505 4.0049 3.065 3.0468 41.88000881953257 7.068474447430116 -4.8285 -3.036750637202603 0
CAR 0.0 0 -1.3760768927560951 182.8913171586236 446.38337192878356 434.29114177787045 581.2725086349952 1.5873 1.9102 4.1657 11.717387642860329 30.02222651577432 -7.3642 -1.9206361231507973 0
CAR 0.0 0 -2.1867691793598993 -63.003183816464784 -3.0210339458513693 247.75165936095684 202.49542837434254 4.6993 3.7174 8.9897 47.151079194327515 7.646347916460788 -4.9958 -3.03482524741764 0
CAR 0.0 0 -0.11066657507903632 3462.878026637174 482.6089841964164 4535.552067740837 798.2603147144 1.7 1.9202 4.2345 11.8595 -50.1556 -5.9737 -1.5232093557791107 0
