CAR 0.0 0 2.385247333676956 138.99653972718224 186.8570155591309 461.0713370610677 289.5559070537105 3.728 3.348 13.6586 30.517859580481957 69.64063589463596 -5.6034 1.4757404219051542 0
CAR 0.0 0 2.9325124923839203 1469.1408158561742 331.08994915603563 1734.2211216305316 508.6178823899148 1.5287 1.9324 4.1412 21.4873 -26.8679 -6.5387 1.6172279672819478 0
CAR 0.0 0 -0.17818827587097208 3487.2785971083945 525.558710390792 4525.257871482321 827.705293004454 1.4955 2.0028 4.1585 11.7175 -50.57640020256486 -6.396 -1.5820279618721131 0
CAR 0.0 0 3.290863741345585 1291.4140486835167 210.0480715942863 1375.4236276418724 257.4030453458848 2.0362 2.0313 6.0453 72.1105999879032 34.98329959178429 -5.6001 1.8930050088945374 0
CAR 0.0 0 -1.7668747445565087 1500.3000072479244 243.0089734628352 1695.3949218810758 405.2091977476805 3.7718 2.908 8.7734 45.9714 13.850199999999997 -5.2888 -3.141592653589793 0
CAR 0.0 0 -1.7866864123477095 1468.178998070113 270.7450331419502 1621.2832803479491 422.09393546597516 3.537 2.7249 3.2089 40.15170000560414 13.8511 -5.4189 -3.1390089788668956 0
CAR 0.0 0 -3.2422979356391384 -25794.91783739919 479.5094921681262 -2734.2638608832867 3500.242585914013 3.2214 2.8044 11.8595 11.387910204738448 26.24625930085963 -6.5001 -1.849731463763286 0
CAR 0.0 0 -1.7974869648758525 1623.0376731139404 346.01133917208807 1746.517190939392 435.5243918292931 1.5619 1.9279 4.1837 40.7606 10.0878 -6.2537 -3.141592653589793 0
CAR 0.0 0 -1.7187069552135776 1681.6157492525972 288.02672986367713 1774.1598655985697 349.2793329788771 1.5132 1.9248 4.2656 55.361912322248656 11.82852441848852 -6.0367 -3.107803728339588 0
CAR 0.0 0 1.4508442575320497 327.7796286045415 62.56457413566888 421.9425093053053 123.30831908209137 1.5448 1.9196 4.153 55.07461656808623 2.0895266103449854 -5.9033 0.12024533458116861 0
