CAR 0.0 0 2.93679222257715 1471.4414853043536 331.21768079976937 1737.0685322233455 508.80257321810194 1.5287 1.9324 4.1412 21.478244401878502 -26.9078403092898 -6.5387 1.6212057522521428 0
CAR 0.0 0 -0.04841981976845067 3455.6070765663167 517.7265710249515 4467.384126330259 813.5606467743753 1.4955 2.0028 4.1585 11.959210053064004 -50.58400031609694 -6.396 -1.4531187729773227 0
CAR 0.0 0 3.0241902871605486 1279.8424048417778 209.8782507799117 1364.2378740712252 257.22595472443066 2.0362 2.0313 6.0453 71.69338264756514 35.476720517335146 -5.6001 1.6276636624152636 0
CAR 0.0 0 -1.617384639291501 1455.0340317380844 243.92642536715238 1656.0843003630437 408.63757178710665 3.7718 2.908 8.7734 44.49423856529496 14.718036093045184 -5.2888 -2.9856662310441786 0
CAR 0.0 0 -1.6402810852250274 1460.5162433134915 270.58165880601774 1613.4650221697143 421.8737563880159 3.537 2.7249 3.2089 40.02019453072674 14.028007357524421 -5.4189 -2.9916543368882356 0
CAR 0.0 0 -1.6481379608849995 1605.371793121135 344.3852016638063 1728.726620383859 433.1398602064113 1.5619 1.9279 4.1837 40.71039791211008 10.528318321026047 -6.2537 -2.9910380101133587 0
CAR 0.0 0 -1.6249703928848969 1650.1115903213974 306.90109375578106 1754.5093721980327 377.4882870437246 1.5132 1.9248 4.2656 48.76154121874022 11.325413107675663 -6.0367 -2.9982470412401536 0
CAR 0.0 0 -0.862197126217856 260.38064854238536 348.7043076172654 754.690383096183 510.9940173374644 1.7 2.7509 13.0107 19.355375784864723 33.422738788035964 -7.1989 -1.739353037122057 0
CAR 0.0 0 2.9910320073741383 1749.020013846105 270.4427003247667 2041.6993880759626 420.5792028813216 1.5302 1.9318 4.6762 25.11874445932713 -34.96517118402713 -6.4832 1.5996740107872995 0
CAR 0.0 0 -1.5338418231968203 1799.5882603443088 204.0824078794048 1914.8485831234166 311.28224105886017 4.0049 3.065 3.0468 70.63423363980844 9.92199511746216 -4.8285 -2.9677010264147974 0
