CAR 0.0 0 3.158187500663257 1271.1021976597024 207.6706165120589 1353.9657101032635 253.80277370686815 2.0362 2.0313 6.0453 72.97593576141118 36.66743103553618 -5.6001 1.760843688174661 0
CAR 0.0 0 -1.6639748282454547 1441.693246960017 248.53504503576772 1651.5794069543856 421.35564494297455 3.7718 2.908 8.7734 42.54600338629012 14.398422850443598 -5.2888 -3.026109160605019 0
CAR 0.0 0 -1.6870705953392395 1439.1642986557356 277.08670159218144 1598.8054976053747 436.045842506819 3.537 2.7249 3.2089 37.89027822091045 13.856247438499553 -5.4189 -3.0296551381354675 0
CAR 0.0 0 -1.7182042178325005 1599.589193076696 353.31073165520723 1728.2081431856448 446.947984934686 1.5619 1.9279 4.1837 38.95724438789547 10.210073836997916 -6.2537 -3.0543261909900767 0
CAR 0.0 0 -1.6824952450927282 1651.1197558935241 307.16532112203856 1755.6258483995048 377.87789190688005 1.5132 1.9248 4.2656 48.7145924232388 11.28441824695136 -6.0367 -3.055709966098818 0
CAR 0.0 0 1.0227464367328072 267.80950628420777 145.22451874853076 513.9394846774912 316.293391674548 1.7 2.7509 13.0107 39.816822053138765 -2.88586438096417 -7.1989 -0.03558576258541227 0
CAR 0.0 0 -2.6784008171329607 -75.38116393725458 25.50001593120142 146.79809759466602 200.20916360545073 4.0049 3.065 3.0468 41.88040483835474 7.0649056503361445 -4.8285 -3.036750637202603 0
CAR 0.0 0 -1.3763024252529035 182.76380443912723 446.4722389353379 434.2404500671085 581.4134212827546 1.5873 1.9102 4.1657 11.712445263965627 30.015591963168287 -7.3642 -1.9206361231507973 0
CAR 0.0 0 -2.1830755074101305 -62.11235978996778 -3.031717534719514 248.3754259867479 202.43270290913446 4.6993 3.7174 8.9897 47.15972648170766 7.628481101940375 -4.9958 -3.03482524741764 0
CAR 0.0 0 -0.11066657507903632 3462.878026637174 482.6089841964164 4535.552067740837 798.2603147144 1.7 1.9202 4.2345 11.8595 -50.1556 -5.9737 -1.5232093557791107 0
