CAR 0.0 0 3.158204700978871 1270.7158301496058 207.59464030277502 1353.5303223748485 253.6858196495846 2.0362 2.0313 6.0453 73.01689895122982 36.712564869160445 -5.6001 1.760843688174661 0
CAR 0.0 0 -1.659860537895544 1451.6441579054826 245.59600841888206 1655.7384614763398 413.19454715186316 3.7718 2.908 8.7734 43.806692117380564 14.569087516898978 -5.2888 -3.026109160605019 0
CAR 0.0 0 -1.6820166084127728 1449.903498794156 273.1147475804461 1605.4615874266237 427.4193305006098 3.537 2.7249 3.2089 39.11738947900165 14.007004101377387 -5.4189 -3.0296551381354675 0
CAR 0.0 0 -1.7105660692577425 1612.9795206525453 344.581816636988 1736.1077342175554 433.39226006915334 1.5619 1.9279 4.1837 40.82836435555703 10.362806144978078 -6.2537 -3.0543261909900767 0
CAR 0.0 0 -1.6825033405302494 1650.569902109931 307.08433351642776 1755.0526974178445 377.75996198996495 1.5132 1.9248 4.2656 48.723015791871504 11.30272709847025 -6.0367 -3.055709966098818 0
CAR 0.0 0 -1.6851014256820083 -939.714703330483 294.5972663715718 23.726168878613187 757.5211010952846 1.7 2.7509 13.0107 22.397069722167927 3.46674073220092 -7.1989 -1.0130133285367087 0
CAR 0.0 0 -2.679781108170053 -75.56891140298517 25.497380407585993 146.63576801462003 200.2076867271342 4.0049 3.065 3.0468 41.880604538893856 7.069531107006279 -4.8285 -3.036750637202603 0
CAR 0.0 0 -1.3760091281058424 182.9305393660074 446.3588593807027 434.30879047121937 581.2336162346135 1.5873 1.9102 4.1657 11.718805805806904 30.023999519976584 -7.3642 -1.9206361231507973 0
CAR 0.0 0 -2.18761019181777 -63.20230972054261 -3.015415469273964 247.62001038423296 202.519428227177 4.6993 3.7174 8.9897 47.14776446227414 7.649579149155838 -4.9958 -3.03482524741764 0
CAR 0.0 0 -0.11066657507903632 3462.878026637174 482.6089841964164 4535.552067740837 798.2603147144 1.7 1.9202 4.2345 11.8595 -50.1556 -5.9737 -1.5232093557791107 0
