CAR 0.0 0 3.1581914891370264 1271.0125828951595 207.6529949464169 1353.8647274042335 253.77564691317124 2.0362 2.0313 6.0453 72.98543124947828 36.67789330242773 -5.6001 1.760843688174661 0
CAR 0.0 0 -1.6597512913672692 1452.6363295589979 245.61408064438777 1656.6599204521854 413.2216935291091 3.7718 2.908 8.7734 43.82436666609033 14.54555783089673 -5.2888 -3.026109160605019 0
CAR 0.0 0 -1.6819040634574207 1450.439894285319 273.0754437898534 1605.957031874623 427.32705361231194 3.537 2.7249 3.2089 39.13947789577619 13.999640851132204 -5.4189 -3.0296551381354675 0
CAR 0.0 0 -1.7106031481460573 1612.9960708039678 344.64032764165086 1736.1562187088919 433.4820605181574 1.5619 1.9279 4.1837 40.81750107768752 10.359572068387726 -6.2537 -3.0543261909900767 0
CAR 0.0 0 -1.6824971217613447 1650.9922568940272 307.1465422142935 1755.4929486389224 377.85054631040657 1.5132 1.9248 4.2656 48.71654500703424 11.288662340465214 -6.0367 -3.055709966098818 0
CAR 0.0 0 -0.38447791950194027 -187.94897773777768 234.27539050316756 325.8597755763042 549.0671213806042 1.7 2.7509 13.0107 27.521252487151713 -0.8438403896897739 -7.1989 -0.6289947303595863 0
CAR 0.0 0 -2.678720137397981 -75.42461382083194 25.499396058700135 146.76051626021012 200.20879989814878 4.0049 3.065 3.0468 41.88045393476136 7.065977720091297 -4.8285 -3.036750637202603 0
CAR 0.0 0 -1.376234428928476 182.80246630604807 446.4459607057933 434.25630424022 581.3717458933793 1.5873 1.9102 4.1657 11.71391930664136 30.01753987847883 -7.3642 -1.9206361231507973 0
CAR 0.0 0 -2.184121525096794 -62.36466053720682 -3.0279302700594295 248.2005845438171 202.45282001201684 4.6993 3.7174 8.9897 47.15695099894524 7.633363006381477 -4.9958 -3.03482524741764 0
CAR 0.0 0 -0.11066657507903632 3462.878026637174 482.6089841964164 4535.552067740837 798.2603147144 1.7 1.9202 4.2345 11.8595 -50.1556 -5.9737 -1.5232093557791107 0
