CAR 0.0 0 3.1581876389344163 1271.0990906970696 207.6700055736286 1353.9622090311632 253.8018332125641 2.0362 2.0313 6.0453 72.97626491556652 36.66779370237304 -5.6001 1.760843688174661 0
CAR 0.0 0 -1.6621780515797293 1446.5326685242128 247.3231051253279 1653.9498749722495 417.9660226157894 3.7718 2.908 8.7734 43.076164206213534 14.452530658414089 -5.2888 -3.026109160605019 0
CAR 0.0 0 -1.6847026782282417 1444.3545164411173 275.26031406308016 1602.117840268271 432.07080321834985 3.537 2.7249 3.2089 38.45217845221594 13.919507403675528 -5.4189 -3.0296551381354675 0
CAR 0.0 0 -1.7158512689897847 1604.0833780825315 350.7096043107052 1731.0380513363937 442.89350909741887 1.5619 1.9279 4.1837 39.50967487786749 10.244493859796009 -6.2537 -3.0543261909900767 0
CAR 0.0 0 -1.6824953101471005 1651.115335831443 307.16467010905984 1755.6212411205486 377.8769439030086 1.5132 1.9248 4.2656 48.71466010812929 11.28456536535179 -6.0367 -3.055709966098818 0
CAR 0.0 0 0.9530976415013108 236.39578524455402 154.70693049359284 501.2033459782252 338.0432843243782 1.7 2.7509 13.0107 38.10885830158135 -2.826297305552604 -7.1989 -0.0530375303045125 0
CAR 0.0 0 -2.6784118847946146 -75.38267009333453 25.499994443803462 146.79679486696625 200.20915099781692 4.0049 3.065 3.0468 41.88040654024643 7.064942812850798 -4.8285 -3.036750637202603 0
CAR 0.0 0 -1.3763000680774466 182.76514473431354 446.4713279527463 434.2409996816672 581.4119765147504 1.5873 1.9102 4.1657 11.712496360577791 30.01565948622893 -7.3642 -1.9206361231507973 0
CAR 0.0 0 -2.1831117266602726 -62.1211049214008 -3.031586260413668 248.36936560409504 202.43340020216635 4.6993 3.7174 8.9897 47.15963027162525 7.628650329588499 -4.9958 -3.03482524741764 0
CAR 0.0 0 -0.11066657507903632 3462.878026637174 482.6089841964164 4535.552067740837 798.2603147144 1.7 1.9202 4.2345 11.8595 -50.1556 -5.9737 -1.5232093557791107 0
