CAR 0.0 0 3.1581871394566523 1271.1103140740167 207.67221248369063 1353.9748560553894 253.8052305900591 2.0362 2.0313 6.0453 72.97507592097098 36.66648365083033 -5.6001 1.760843688174661 0
CAR 0.0 0 -1.701069076321962 1348.5910276774246 272.59082327265844 1609.015066121217 491.0916694550804 3.7718 2.908 8.7734 33.88722355567958 13.409422383132696 -5.2888 -3.026109160605019 0
CAR 0.0 0 -1.734373284522554 1340.2611075958876 311.6289537559857 1535.4336389056016 512.6223968248999 3.537 2.7249 3.2089 29.293146170875495 12.889339462950165 -5.4189 -3.0296551381354675 0
CAR 0.0 0 -1.8100238580524262 1464.5468283511173 455.0422630645022 1659.6045681583557 613.4226385943726 1.5619 1.9279 4.1837 24.7220623628612 8.668310881448566 -6.2537 -3.0543261909900767 0
CAR 0.0 0 -1.6979457140754 1633.4929387402535 327.2992700121346 1750.2255106037658 408.45526356410505 1.5132 1.9248 4.2656 43.38484102889332 10.50258296475357 -6.0367 -3.055709966098818 0
CAR 0.0 0 1.3583817606627775 387.87473372859785 79.4013494732406 545.2827864345362 180.57603977295722 1.7 2.7509 13.0107 56.34446483164837 -1.024294126097665 -7.1989 0.051671990524793356 0
CAR 0.0 0 -2.6783719058364523 -75.37722944752818 25.500072062135743 146.80150067417011 200.2091965400232 4.0049 3.065 3.0468 41.88040039254941 7.064808571710706 -4.8285 -3.036750637202603 0
CAR 0.0 0 -1.3763085828831034 182.7603031852805 446.47461869305783 434.2390143099864 581.4171954519177 1.5873 1.9102 4.1657 11.712311785676551 30.015415574514996 -7.3642 -1.9206361231507973 0
CAR 0.0 0 -2.1829809064542265 -62.089515354802245 -3.0320604561496345 248.39125723464576 202.4308814070254 4.6993 3.7174 8.9897 47.15997780868703 7.628039033161683 -4.9958 -3.03482524741764 0
CAR 0.0 0 -0.11066657507903632 3462.878026637174 482.6089841964164 4535.552067740837 798.2603147144 1.7 1.9202 4.2345 11.8595 -50.1556 -5.9737 -1.5232093557791107 0
CAR 0.0 0 -1.6352074374106402 1702.7632874965411 238.9367335606447 1802.2328448737683 309.8753799907028 2.1852 2.217 6.1126 65.14037388344539 12.869122814028046 -5.3315 -3.051610665334258 0
CAR 0.0 0 -1.657324510664688 1667.9821413044567 298.9018423467729 1765.5526221514785 370.64624527881256 1.7658 1.9354 4.3076 53.4806534221195 11.758713472873252 -6.381 -3.0363435510577563 0
