CAR 0.0 0 3.118118601903925 1242.8565640338256 207.89075733864027 1327.2052822674957 254.37404006001145 2.0362 2.0313 6.0453 71.44663151473905 37.636527143567264 -5.6001 1.7247030387552342 0
CAR 0.0 0 4.141127311686532 728.6189016991356 420.4295812666743 1404.1396963485506 1060.1112511379865 3.7718 2.908 8.7734 11.906158795646977 10.136377928768091 -5.2888 3.141592653589793 0
CAR 0.0 0 -2.361254989057087 548.3686355944565 557.5072118812949 1031.4530298723073 1147.2668101697973 3.537 2.7249 3.2089 7.362810061452638 10.51609379644198 -5.4189 -3.132503431130133 0
CAR 0.0 0 -1.9819946235579846 1344.9698153168029 563.0758921770133 1626.9475230172961 818.1290976336442 1.5132 1.9248 4.2656 16.501719463736972 7.230200667323702 -6.0367 -3.1238903321759413 0
CAR 0.0 0 1.6445924253127417 409.2359751871071 19.56205571515127 515.3332061558166 76.01003565831294 1.7 2.7509 13.0107 85.42116809290911 5.835309189372635 -7.1989 0.173830213715917 0
CAR 0.0 0 -2.7806067293617622 -87.76439702525765 28.664812676524186 140.7583757445065 207.47602001101106 4.0049 3.065 3.0468 40.94743655170887 6.835001199829127 -4.8285 -3.0543261909900767 0
CAR 0.0 0 -1.2910770711411539 178.1951402653888 447.51159122999275 430.8640168046837 583.0817700963493 1.5873 1.9102 4.1657 11.61365237749804 29.98186222225643 -7.3642 -1.8285472070556688 0
CAR 0.0 0 -2.150949331879872 -50.918328255211094 -3.340253690026169 255.8044284970953 201.10663157306777 4.6993 3.7174 8.9897 47.34383858459393 7.443954889570333 -4.9958 -3.0475249162026388 0
CAR 0.0 0 -0.11066657507903632 3462.878026637174 482.6089841964164 4535.552067740837 798.2603147144 1.7 1.9202 4.2345 11.8595 -50.1556 -5.9737 -1.5232093557791107 0
CAR 0.0 0 -1.6542786761760326 1665.8254623640257 257.0207234776772 1782.896863547298 342.1728203448198 2.1852 2.217 6.1126 55.1491761546345 12.018224300850875 -5.3315 -3.0543261909900767 0
CAR 0.0 0 -1.720577763828271 1598.8698428166522 361.98840802210435 1734.8891890126256 469.2956418639827 1.7658 1.9354 4.3076 37.62092727582659 9.809790297761994 -6.381 -3.048585635780555 0
CAR 0.0 0 0.8530150776551609 192.15852427609542 186.3640963077412 352.0668153470804 299.6137572200025 1.7 1.8972 4.2878 35.50283661887716 -0.8826190271629768 -6.8132 0.0 0
