CAR 0.0 0 3.1582031684382095 1270.750245027786 207.60140795277235 1353.5691044965572 253.69623697511372 2.0362 2.0313 6.0453 73.01324769138627 36.70854186093299 -5.6001 1.760843688174661 0
CAR 0.0 0 -1.659815900224856 1451.9855299108974 245.59490114297364 1656.0436275211332 413.18416886352145 3.7718 2.908 8.7734 43.815388760941495 14.561953739247867 -5.2888 -3.026109160605019 0
CAR 0.0 0 -1.682003542387699 1449.965754747898 273.11018585958936 1605.5190906714893 427.408620344069 3.537 2.7249 3.2089 39.11995244152206 14.006149732453085 -5.4189 -3.0296551381354675 0
CAR 0.0 0 -1.7105703706664492 1612.9814404439296 344.5886042187477 1736.1133585531315 433.4026771424494 1.5619 1.9279 4.1837 40.827103871575936 10.362430891944138 -6.2537 -3.0543261909900767 0
CAR 0.0 0 -1.682502618990784 1650.6188950382145 307.0915498053467 1755.1037667800933 377.77046963859 1.5132 1.9248 4.2656 48.72226497726178 11.301095143400618 -6.0367 -3.055709966098818 0
CAR 0.0 0 -1.6129750926102013 -861.1678778396789 289.92411675104614 53.75761550510298 739.3672089608777 1.7 2.7509 13.0107 22.731439922455642 3.0502159930585515 -7.1989 -0.9955574681319687 0
CAR 0.0 0 -2.679656864803595 -75.55201548495654 25.4975949796293 146.65034507198135 200.20776979138475 4.0049 3.065 3.0468 41.88059311705756 7.06911850692773 -4.8285 -3.036750637202603 0
CAR 0.0 0 -1.3760352758029035 182.91568451988633 446.36898609384184 434.30271994265706 581.2496749614535 1.5873 1.9102 4.1657 11.718238027489273 30.023247833254814 -7.3642 -1.9206361231507973 0
CAR 0.0 0 -2.1872015440258084 -63.104472558925615 -3.0168480245417943 247.6878875559285 202.5117384291186 4.6993 3.7174 8.9897 47.14882473517341 7.647678703208309 -4.9958 -3.03482524741764 0
CAR 0.0 0 -0.11066657507903632 3462.878026637174 482.6089841964164 4535.552067740837 798.2603147144 1.7 1.9202 4.2345 11.8595 -50.1556 -5.9737 -1.5232093557791107 0
