CAR 0.0 0 3.1581876950925274 1271.0978288250144 207.66975744497753 1353.9607870937944 253.8014512371595 2.0362 2.0313 6.0453 72.97639860047795 36.66794099835328 -5.6001 1.760843688174661 0
CAR 0.0 0 -1.6616358468264794 1447.980717178018 246.95391706842756 1654.650273822325 416.9363628848527 3.7718 2.908 8.7734 43.23913390967048 14.469721692097885 -5.2888 -3.026109160605019 0
CAR 0.0 0 -1.684145479487973 1445.5785737237447 274.82896873919356 1602.8984073492281 431.1330844368484 3.537 2.7249 3.2089 38.58680988246232 13.934692192102188 -5.4189 -3.0296551381354675 0
CAR 0.0 0 -1.7152862376591969 1605.042407107912 350.0590785441016 1731.589073665639 441.88215696568966 1.5619 1.9279 4.1837 39.6465618860873 10.256492837074543 -6.2537 -3.0543261909900767 0
CAR 0.0 0 -1.6824953365687056 1651.1135406455653 307.1644057033586 1755.6193698972045 377.876558876077 1.5132 1.9248 4.2656 48.714687598131896 11.28462511702137 -6.0367 -3.055709966098818 0
CAR 0.0 0 0.9156066852253086 224.89522452257418 158.33486091018614 496.8529642279123 346.507217987844 1.7 2.7509 13.0107 37.488113480321665 -2.820137485207205 -7.1989 -0.07048937493447344 0
CAR 0.0 0 -2.6784163799176546 -75.38328181387604 25.49998571676456 146.79626576822497 200.20914587726614 4.0049 3.065 3.0468 41.88040723146432 7.064957906287715 -4.8285 -3.036750637202603 0
CAR 0.0 0 -1.3762991107208637 182.76568908868072 446.4709579614428 434.2412229050234 581.4113897293126 1.5873 1.9102 4.1657 11.712517113304017 30.015686910504865 -7.3642 -1.9206361231507973 0
CAR 0.0 0 -2.183126437816834 -62.124656742807765 -3.0315329435991374 248.36690419144088 202.43368340656863 4.6993 3.7174 8.9897 47.159591196206826 7.628719060858583 -4.9958 -3.03482524741764 0
CAR 0.0 0 -0.11066657507903632 3462.878026637174 482.6089841964164 4535.552067740837 798.2603147144 1.7 1.9202 4.2345 11.8595 -50.1556 -5.9737 -1.5232093557791107 0
