CAR 0.0 0 4.277514355307775 1562.66643450954 344.62462627147164 1660.0713870869395 438.1221819268035 1.7 2.055 4.1881 44.433973384128706 12.117765351896503 -7.15 2.9442588671347862 0
CAR 0.0 0 2.497281151364829 842.8885958536213 323.1639407703627 1075.2409038217272 544.4111666869866 1.7 1.9474 4.637 18.07918216002248 -7.626475362140448 -6.7348 1.3482483639686142 0
CAR 0.0 0 4.294181333848548 1478.5003777297065 312.0697721910507 1590.4814714560819 409.3113371197323 1.7 2.9345 6.7788 48.76508861609344 14.16470287359208 -7.15 2.953039041130617 0
CAR 0.0 0 4.283841505022218 1447.6641761360518 308.69477019782164 1568.8627128775086 421.6762139306981 2.6595 2.9213 2.2023 44.2749189019168 15.01244004935343 -6.6703 2.9496064358704173 0
CAR 0.0 0 4.326323942825027 1604.046608010912 308.02489517827513 1679.172560536014 373.6016569746472 1.394 1.7497 4.126 52.40566470642996 10.666789159600185 -6.8366 2.9597831308202998 0
CAR 0.0 0 -1.159463437177409 337.2980729455886 290.96627741643044 761.4722228682967 512.9416458331608 2.9622 3.4932 13.074 30.550823342590157 38.53186313951651 -7.1029 -2.1205687351493454 0
CAR 0.0 0 3.3537570476040104 1329.517730911791 611.8796439022559 1546.096707339183 953.8824794185153 1.6502 1.8996 4.697 17.124162696903493 15.773453870557852 -6.6578 2.2733425809708536 0
CAR 0.0 0 4.3366948592468795 1695.3120653411918 318.60778114173263 1825.1134845053405 435.42086942893206 2.5787 2.3731 2.9231 45.71912695008057 8.163301165930347 -6.5815 2.9760738728821825 0
CAR 0.0 0 -1.5355201437904782 208.19792522061377 436.4667827865355 434.5579770593776 568.8163161228327 1.5379 1.9037 4.1311 22.16821126680845 39.04104411981402 -8.0541 -2.1106134925747027 0
CAR 0.0 0 4.3685768690282245 1683.902547194283 219.71547371965698 1884.8077871568375 416.7754091641182 4.4182 2.9618 12.0602 52.817054979730564 6.93998218980191 -5.5026 2.9700313362899267 0
