CAR 0.0 0 4.277510797956882 1562.6519341219466 344.6264997039146 1660.0559193037573 438.12523274664426 1.7 2.055 4.1881 44.433363418847236 12.118210417440766 -7.15 2.9442588671347862 0
CAR 0.0 0 2.583878076927263 1074.8738516298927 318.4872319793031 1347.233777438023 532.0915636636078 1.7 1.9474 4.637 17.131220292013296 -11.550463506592822 -6.7348 1.3482483639686151 0
CAR 0.0 0 4.294166108186045 1478.4616928379412 312.0823433465646 1590.4497094798664 409.333203630969 1.7 2.9345 6.7788 48.761289697787596 14.165787258823329 -7.15 2.953039041130617 0
CAR 0.0 0 4.283838377407642 1447.659452350741 308.6978939589099 1568.8597958986356 421.6813710998866 2.6595 2.9213 2.2023 44.274162290870684 15.012547847253895 -6.6703 2.9496064358704173 0
CAR 0.0 0 4.326321928435222 1604.0234049592902 308.023438391601 1679.1464580109516 373.59978911979573 1.394 1.7497 4.126 52.405569709322016 10.66756746923896 -6.8366 2.9597831308202998 0
CAR 0.0 0 -1.161513493253949 326.9830043259875 286.5168271230955 745.7584590701262 500.85371218146963 2.9622 3.4932 13.074 31.110261574398322 39.4397391074782 -7.1029 -2.1205687351493454 0
CAR 0.0 0 1.4359338579337018 -392.98395278281004 344.7865756779934 -38.175340447058225 603.290157799629 1.6502 1.8996 4.697 21.55015085181789 7.7254710936293725 -6.6578 1.837055785644956 0
CAR 0.0 0 4.34282130919863 1698.7631262367229 310.1970450821446 1823.23851230065 421.4273331455428 2.5787 2.3731 2.9231 47.726881100912166 7.830829590643907 -6.5815 2.9760738728821825 0
CAR 0.0 0 -1.5380616280600152 202.82764250271978 429.82653780949926 425.79765520718735 558.5966179148098 1.5379 1.9037 4.1311 22.54363308838072 39.655806890962445 -8.0541 -2.1106134925747027 0
CAR 0.0 0 4.372685744093328 1687.0681927346195 216.09186543993084 1880.380607600203 404.0442902475507 4.4182 2.9618 12.0602 54.83843098676237 6.605616251990127 -5.5026 2.9700313362899267 0
