CAR 0.0 0 2.9369473581440015 1472.7697180854 331.3177835013956 1738.7320953454068 508.95226079443125 1.5287 1.9324 4.1412 21.47143639073912 -26.930153073327656 -6.5387 1.6212057522521428 0
CAR 0.0 0 -0.04841972386268267 3455.6035736428357 517.7257051112454 4467.377749607502 813.559087304722 1.4955 2.0028 4.1585 11.959237112157629 -50.584001166911825 -6.396 -1.4531187729773227 0
CAR 0.0 0 3.024190136786938 1279.8411095099864 209.8782317796706 1364.2366219480377 257.2259349158122 2.0362 2.0313 6.0453 71.69333594129142 35.47677574233842 -5.6001 1.6276636624152636 0
CAR 0.0 0 -1.6173853884300184 1455.02889436006 243.92652933187742 1656.07984353489 408.6379611275488 3.7718 2.908 8.7734 44.494073206013944 14.718133242042583 -5.2888 -2.9856662310441786 0
CAR 0.0 0 -1.640281191978131 1460.5153857565222 270.5816405222642 1613.4641472135859 421.8737317475613 3.537 2.7249 3.2089 40.02017980948581 14.028027161232234 -5.4189 -2.9916543368882356 0
CAR 0.0 0 -1.648138096395681 1605.3698280991646 344.38502070927757 1728.7246410396383 433.13959502525597 1.5619 1.9279 4.1837 40.71039229229023 10.528367634385525 -6.2537 -2.9910380101133587 0
CAR 0.0 0 -1.6249709053813695 1650.1091521307744 306.90145314367714 1754.50723773969 377.4888405663222 1.5132 1.9248 4.2656 48.76138300154243 11.325448388643109 -6.0367 -2.9982470412401536 0
CAR 0.0 0 -0.0037063813266253742 -67309.39382328029 63.75317771806949 -11146.942708647173 1575.4192161138103 3.728 3.348 13.6586 26.343077381468397 144.80604679396546 -5.7466 1.5461851073868618 0
CAR 0.0 0 -0.8604769748322308 262.3452576648727 348.66301613561166 756.1045430413208 510.8814092498176 1.7 2.7509 13.0107 19.390073258268032 33.39822199928393 -7.1989 -1.739353037122057 0
CAR 0.0 0 3.0212599977632912 2065.6579429743024 265.95644601408696 2408.308842345125 410.03649253009513 1.5302 1.9318 4.6762 25.34862181382341 -42.626052447063515 -6.4832 1.5996740107872995 0
