CAR 0.0 0 2.9325124923839203 1469.1408158561742 331.08994915603563 1734.2211216305316 508.6178823899148 1.5287 1.9324 4.1412 21.4873 -26.8679 -6.5387 1.6172279672819478 0
CAR 0.0 0 -0.17818827654410563 3487.278585281019 525.5587107337301 4525.257857301601 827.7052938100911 1.4955 2.0028 4.1585 11.7175 -50.57640000850998 -6.396 -1.5820279618721131 0
CAR 0.0 0 3.290863635302637 1291.4123604614172 210.0479474685718 1375.4219092304368 257.40286208793367 2.0362 2.0313 6.0453 72.11061463076007 34.983408933789846 -5.6001 1.8930050088945374 0
CAR 0.0 0 -1.7668747445565087 1500.3000072479244 243.0089734628352 1695.3949218810758 405.2091977476805 3.7718 2.908 8.7734 45.9714 13.850199999999997 -5.2888 -3.141592653589793 0
CAR 0.0 0 -1.786686412367676 1468.1789980100284 270.745033155216 1621.2832803015517 422.09393549505654 3.537 2.7249 3.2089 40.15170000067957 13.8511 -5.4189 -3.1390089788668956 0
CAR 0.0 0 -3.3119813432664253 -258617.73096691782 603.2223471786318 -2352.8176926382775 45822.77796605195 3.2214 2.8044 11.8595 8.348041288286582 17.555301905874938 -6.5001 -1.936997926363002 0
CAR 0.0 0 -1.7974869648758525 1623.0376731139404 346.01133917208807 1746.517190939392 435.5243918292931 1.5619 1.9279 4.1837 40.7606 10.0878 -6.2537 -3.141592653589793 0
CAR 0.0 0 4.500764017376156 1674.7103840136617 304.2504754823163 1776.6100687137036 373.3705889892052 1.5132 1.9248 4.2656 50.11444019084202 10.899563960352458 -6.0367 3.1230217012801686 0
CAR 0.0 0 1.5682467316464812 401.60161061439845 10.970968915689054 463.5257008340086 50.937657063606416 1.5448 1.9196 4.153 79.34199515158944 5.988039096728822 -5.9033 0.06788545702133873 0
CAR 0.0 0 -0.015957041991399468 -11382.269309649128 76.84807689284656 -4320.32660566156 669.8357751112608 3.728 3.348 13.6586 29.11095235063059 85.75938429122309 -5.7466 1.5106470069450406 0
