CAR 0.0 0 2.8016578799473644 892.831753100618 348.4002317661664 1047.6848528558949 543.2581054456066 1.5287 1.9324 4.1412 20.841067233518707 -16.218011571698707 -6.5387 1.661019611173656 0
CAR 0.0 0 3.0144620737286925 1284.1953395478586 210.2412622622425 1368.706759323715 257.7666166664717 2.0362 2.0313 6.0453 71.62449347212112 35.17803843034375 -5.6001 1.6176939212085473 0
CAR 0.0 0 4.503155332688413 1495.741316788315 245.6653025025992 1695.517709122922 412.42553166490273 3.7718 2.908 8.7734 44.85936413365666 13.615095440695992 -5.2888 3.131483313082973 0
CAR 0.0 0 4.480131990435931 1473.343156631713 271.3993974276373 1627.1103772546282 423.3953532063682 3.537 2.7249 3.2089 40.09481531446768 13.680663178090747 -5.4189 3.127643232933447 0
CAR 0.0 0 4.47002953790749 1613.7340258450997 347.20418797685846 1738.2931237955725 437.42164584482646 1.5619 1.9279 4.1837 40.34713855023734 10.219222327980464 -6.2537 3.1279286174672145 0
CAR 0.0 0 -1.7681099033459124 1669.544493365346 309.87708737755634 1774.8226024285316 381.83138851824765 1.5132 1.9248 4.2656 48.43619697183396 10.679401584620017 -6.0367 -3.141592653589793 0
CAR 0.0 0 -0.8618680230292108 278.8497593766893 353.7056351315687 778.7093679435579 521.9558668126774 1.7 2.7509 13.0107 19.274725154311803 32.276705465768764 -7.1989 -1.7504477274704175 0
CAR 0.0 0 1.3788357573691599 -1147.8386090121505 451.3360782868717 -435.7356121269373 773.8382568172441 1.5302 1.9318 4.6762 16.777081870265544 3.735722705182097 -6.4832 2.279059577416979 0
CAR 0.0 0 3.745307509481173 -39.621623720797835 20.373905253274096 170.0399628939874 188.15155545603895 4.0049 3.065 3.0468 43.53743859627674 7.092261735557803 -4.8285 3.1415926535897927 0
CAR 0.0 0 -1.273673450909254 177.21699554537838 449.8216388095768 431.6646385137483 586.7365289503098 1.5873 1.9102 4.1657 11.518238254096673 29.778354386926708 -7.3642 -1.808518209653994 0
CAR 0.0 0 -1.7319930288308627 1704.9232427274271 300.7965896162105 1796.9062623726404 363.3487463436117 1.5032 1.9048 4.1528 54.929041818478574 10.940237528549975 -6.3637 -3.1160236696878245 0
CAR 0.0 0 4.203316938979921 3.787519788979291 -7.038106607162807 287.34032711058273 188.00249070349258 4.6993 3.7174 8.9897 49.26856356126909 7.0239066842994955 -4.9958 3.1241677633491904 0
