CAR 0.0 0 2.9366311361112545 1473.9814242154478 332.0521712741561 1740.7282150260357 510.1395112984219 1.5287 1.9324 4.1412 21.426722165219424 -26.932469470556672 -6.5387 1.6212057522521428 0
CAR 0.0 0 -0.0484187706709196 3455.5687590438993 517.7170990356373 4467.314373393101 813.5435882214734 1.4955 2.0028 4.1585 11.959506049054356 -50.584009623052985 -6.396 -1.4531187729773227 0
CAR 0.0 0 3.0241886422272195 1279.8282353703 209.87804293866589 1364.2241772532777 257.22573804044623 2.0362 2.0313 6.0453 71.692871733566 35.4773246166354 -5.6001 1.6276636624152636 0
CAR 0.0 0 -1.6173928343848099 1454.977833746841 243.92756263962315 1656.0355469924707 408.6418308013552 3.7718 2.908 8.7734 44.49242972111161 14.719098793595116 -5.2888 -2.9856662310441786 0
CAR 0.0 0 -1.640282252989583 1460.5068626096083 270.5814588024206 1613.4554511387453 421.8734868493004 3.537 2.7249 3.2089 40.02003349694102 14.028223987770197 -5.4189 -2.9916543368882356 0
CAR 0.0 0 -1.648139443225821 1605.3502981472006 344.38322223827333 1728.7049687362794 433.1369594446053 1.5619 1.9279 4.1837 40.71033643761411 10.528857753605264 -6.2537 -2.9910380101133587 0
CAR 0.0 0 -1.624975999210971 1650.0849186701316 306.90502513685067 1754.48602312629 377.49434209568346 1.5132 1.9248 4.2656 48.75981050065197 11.325799041754784 -6.0367 -2.9982470412401536 0
CAR 0.0 0 0.001703378506087816 -37906.32151583237 76.2076652163017 -8793.851853876666 1212.964725562698 3.728 3.348 13.6586 26.41733760913371 126.56703198355957 -5.7466 1.5461851073868618 0
CAR 0.0 0 -0.8749224165986356 238.6765651620781 340.4427054077283 721.4771670328287 493.1138355572424 1.7 2.7509 13.0107 19.635250593261375 35.274000478484574 -7.1989 -1.739353037122057 0
CAR 0.0 0 3.0585076485205773 2628.964534193161 254.75655200527657 3044.701183988651 386.39951443467004 1.5302 1.9318 4.6763 26.0968 -57.9595 -6.4832 1.5996740107872995 0
