CAR 0.0 0 4.277509081726321 1562.6449385591354 344.6274035223006 1660.048457016566 438.1267045857503 1.7 2.055 4.1881 44.43306915145813 12.11842513175268 -7.15 2.9442588671347862 0
CAR 0.0 0 2.6153588115299575 1122.6968903364577 317.65546137353584 1403.5993787818034 529.8001678407126 1.7 1.9474 4.637 16.919799928439474 -12.388987683419039 -6.7348 1.3657016564885582 0
CAR 0.0 0 4.294158761864476 1478.4430279527717 312.0884086656048 1590.4343847314078 409.3437539266724 1.7 2.9345 6.7788 48.759456974179784 14.166310402058635 -7.15 2.953039041130617 0
CAR 0.0 0 4.283836868503268 1447.657173386429 308.6994009993807 1568.8583886164595 421.6838591494481 2.6595 2.9213 2.2023 44.27379727672326 15.01259985251989 -6.6703 2.9496064358704173 0
CAR 0.0 0 4.3263209566120375 1604.0122111064077 308.0227355937526 1679.1338653726446 373.59888801072054 1.394 1.7497 4.126 52.40552387958092 10.667942951503763 -6.8366 2.9597831308202998 0
CAR 0.0 0 -1.161599987373666 326.4210249631521 286.2488703982137 744.8497654829474 500.1300930973531 2.9622 3.4932 13.074 31.145294903017614 39.49453251717008 -7.1029 -2.1205687351493454 0
CAR 0.0 0 1.6873916815594943 -184.5967818245519 325.98806101619397 101.06182100370648 564.9584407275108 1.6502 1.8996 4.697 21.994885829549766 5.895838958490622 -6.6578 1.7498021450825014 0
CAR 0.0 0 4.344843950695458 1700.0050488181737 307.4355715193511 1822.7435322029603 416.8479746454226 2.5787 2.3731 2.9231 48.42551277209971 7.712097329449144 -6.5815 2.9760738728821825 0
CAR 0.0 0 -1.5402407347380995 198.59774631740598 424.71900256191947 418.95859730656355 550.7716566144791 1.5379 1.9037 4.1311 22.840570023034974 40.14595940291988 -8.0541 -2.1106134925747027 0
CAR 0.0 0 4.374036817260869 1688.2263335780765 214.9059178798108 1879.1047465108518 399.9180771792087 4.4182 2.9618 12.0602 55.53418103536502 6.486367930398778 -5.5026 2.9700313362899267 0
