CAR 0.0 0 1.2353634719622346 -1376.6174229428564 525.1285250754127 -499.53530713307543 928.6719470655232 1.5034 1.901 5.0458 14.983800000000002 3.3319 -6.7602 2.132258509212124 0
CAR 0.0 0 3.0144617033870205 1284.1886411158675 210.24070363008303 1368.6998830846062 257.76578446922747 2.0362 2.0313 6.0453 71.62459922466631 35.17849664059295 -5.6001 1.6176939212085473 0
CAR 0.0 0 4.503150209499409 1495.6782365840559 245.66261059349748 1695.4566492819595 412.41965809637225 3.7718 2.908 8.7734 44.858804105890755 13.616787593836658 -5.2888 3.131483313082973 0
CAR 0.0 0 4.480130286233175 1473.3233971532354 271.39813782488113 1627.0893557040595 423.39300871523056 3.537 2.7249 3.2089 40.09470083928446 13.681196092890243 -5.4189 3.127643232933447 0
CAR 0.0 0 4.470030772644323 1613.7210354302167 347.1998118110507 1738.2782689980281 437.4149905713542 1.5619 1.9279 4.1837 40.34769591364323 10.219696523396351 -6.2537 3.1279286174672145 0
CAR 0.0 0 -1.7681102199326557 1669.5142319568415 309.8724562154465 1774.7909850529222 381.82462116331845 1.5132 1.9248 4.2656 48.436696338848655 10.680392733309864 -6.0367 -3.141592653589793 0
CAR 0.0 0 -0.4042704812034654 817.9252568885381 474.02263056554017 1388.207397935595 837.7468513813578 1.7 2.7509 13.0107 18.144199861819992 13.34619993436819 -7.1989 -1.4537417546313818 0
CAR 0.0 0 3.543270051255322 -69.38197016824296 25.60239666323325 152.01042212201043 200.29640917983716 4.0049 3.065 3.0468 41.868759276536814 6.914152701760203 -4.8285 3.1415926535897927 0
CAR 0.0 0 -1.273647298603894 177.55789423157202 450.6244788983844 432.55868176692155 588.0039518407661 1.5873 1.9102 4.1657 11.494391655875106 29.698680090617305 -7.3642 -1.808518209653994 0
CAR 0.0 0 4.104495255010804 -26.094606005584474 -3.542199119847273 273.4762586353155 199.6554253221946 4.6993 3.7174 8.9897 47.54699581250756 6.916055741668542 -4.9958 3.1241677633491904 0
