CAR 0.0 0 3.158187186338789 1271.1092606129162 207.6720053364384 1353.9736689670885 253.80491170152328 2.0362 2.0313 6.0453 72.97518752145753 36.666606613869945 -5.6001 1.760843688174661 0
CAR 0.0 0 -1.6815739055698462 1396.776259558428 260.28210310847567 1630.8431999124261 454.78661612987247 3.7718 2.908 8.7734 37.94246105999342 13.873463073062629 -5.2888 -3.026109160605019 0
CAR 0.0 0 -1.7093905905269091 1391.3961194839587 293.831290603845 1568.258052255438 472.83230700488537 3.537 2.7249 3.2089 33.29301523238256 13.33895730697514 -5.4189 -3.0296551381354675 0
CAR 0.0 0 -1.7523052905478231 1552.0164129774184 393.4028283661904 1705.7748570302 510.57382585724605 1.5619 1.9279 4.1837 32.14962327782635 9.38827554442679 -6.2537 -3.0543261909900767 0
CAR 0.0 0 -1.6878408874962898 1644.432570514943 314.0699501326008 1753.1371683660702 388.30036194973223 1.5132 1.9248 4.2656 46.74627329929342 11.013376448871863 -6.0367 -3.055709966098818 0
CAR 0.0 0 1.2960326266964184 368.9977004427607 100.18039839810048 547.6944746771721 220.7046445845346 1.7 2.7509 13.0107 50.03197860808408 -2.2082981281329825 -7.1989 0.051671990524793356 0
CAR 0.0 0 -2.6783756582568636 -75.37774011310152 25.500064776785333 146.80105898142315 200.2091922653768 4.0049 3.065 3.0468 41.88040096957977 7.064821171748252 -4.8285 -3.036750637202603 0
CAR 0.0 0 -1.3763077836677506 182.76075762336927 446.47430981747954 434.23920066104307 581.4167055912677 1.5873 1.9102 4.1657 11.712329110102463 30.0154384683667 -7.3642 -1.9206361231507973 0
CAR 0.0 0 -2.182993183798708 -62.092480362671346 -3.0320159478950313 248.38920247410562 202.43111782215905 4.6993 3.7174 8.9897 47.159945188433475 7.628096410191743 -4.9958 -3.03482524741764 0
CAR 0.0 0 -0.11066657507903632 3462.878026637174 482.6089841964164 4535.552067740837 798.2603147144 1.7 1.9202 4.2345 11.8595 -50.1556 -5.9737 -1.5232093557791107 0
CAR 0.0 0 -1.6336395259298704 1701.2375878169696 236.54250829171642 1798.7633734171557 305.7320606154493 2.1852 2.217 6.1126 66.47075099455083 13.198650045313414 -5.3315 -3.051610665334258 0
CAR 0.0 0 -1.6535030004224553 1674.0653685181378 294.13314019669303 1768.781415421587 363.4155904673542 1.7658 1.9354 4.3076 55.176620545345585 11.93780216739912 -6.381 -3.0363435510577563 0
