CAR 0.0 0 4.277495784784499 1562.5907406945248 344.63440582118767 1659.990642903876 438.13810765208206 1.7 2.055 4.1881 44.43078941671949 12.120088557181955 -7.15 2.9442588671347862 0
CAR 0.0 0 2.657092726401494 1287.055116634405 313.9689429431946 1595.6122046214252 520.4651367851241 1.7 1.9474 4.637 16.22157817646013 -15.3685924476625 -6.7348 1.3657016564885578 0
CAR 0.0 0 4.294101827618708 1478.2983837656284 312.13541039095475 1590.315623577753 409.4255144780645 1.7 2.9345 6.7788 48.74525858263112 14.170363272262282 -7.15 2.953039041130617 0
CAR 0.0 0 4.283825177896217 1447.6395167221053 308.7110770678881 1568.847485442926 421.70313583105866 2.6595 2.9213 2.2023 44.27096945148632 15.013002744549132 -6.6703 2.9496064358704173 0
CAR 0.0 0 4.326313427416243 1603.9254920404394 308.01729100166756 1679.0363100594143 373.59190710698374 1.394 1.7497 4.126 52.405168829508064 10.67085187052168 -6.8366 2.9597831308202998 0
CAR 0.0 0 -1.1621983495878911 323.1123647701116 284.73246571110195 739.6121725081033 496.05129904993277 2.9622 3.4932 13.074 31.34348418632638 39.809681523401686 -7.1029 -2.1205687351493454 0
CAR 0.0 0 2.4302731596730465 423.6175292419162 283.26023664698704 582.0023344483504 478.88880340844185 1.6502 1.8996 4.697 22.511250728697025 -1.2917935889701626 -6.6578 1.505469273547864 0
CAR 0.0 0 4.3540822892859845 1707.200936051526 295.0576903989585 1822.29866538127 396.397165579545 2.5787 2.3731 2.9231 51.8478676771173 7.0817268436295695 -6.5815 2.9760738728821825 0
CAR 0.0 0 -1.5682858318315964 163.68691331944956 391.7404781103584 367.789953899264 501.0348728418382 1.5379 1.9037 4.1311 24.891822257547844 43.829905306262184 -8.0541 -2.1106134925747027 0
CAR 0.0 0 4.380287095067221 1695.0841104449523 209.53382908032947 1875.4324755032205 381.4217956940811 4.4182 2.9618 12.0602 58.94869776135642 5.8432826847670265 -5.5026 2.9700313362899267 0
