CAR 0.0 0 4.277513006802048 1562.6609377319876 344.62533644838794 1660.0655235957433 438.12333842459793 1.7 2.055 4.1881 44.433742158380944 12.117934067422459 -7.15 2.9442588671347862 0
CAR 0.0 0 2.548324068862648 967.1759679044574 319.9630994099094 1219.5523667709508 536.5435227946695 1.7 1.9474 4.637 17.62183351853198 -9.702033285633837 -6.7348 1.3482483639686147 0
CAR 0.0 0 4.294175562417389 1478.485713717565 312.074537476512 1590.4694316873467 409.3196258960761 1.7 2.9345 6.7788 48.76364852146403 14.165113942539085 -7.15 2.953039041130617 0
CAR 0.0 0 4.2838403194186405 1447.6623854605534 308.69595434221554 1568.8616071202441 421.678168891276 2.6595 2.9213 2.2023 44.274632085666404 15.012480913400777 -6.6703 2.9496064358704173 0
CAR 0.0 0 4.3263231792147305 1604.0378121724889 308.024342937961 1679.1626655593216 373.60094890599754 1.394 1.7497 4.126 52.405628694909325 10.667084201356959 -6.8366 2.9597831308202998 0
CAR 0.0 0 -1.1609468347719987 329.8877415329771 287.7963316092887 750.2452854727128 504.31222672826283 2.9622 3.4932 13.074 30.946618854681848 39.17589552160106 -7.1029 -2.1205687351493454 0
CAR 0.0 0 1.157719037246296 -991.2553437942382 406.6669071938481 -402.3376778129844 733.9681069621764 1.6502 1.8996 4.697 19.985055517023376 11.566526314430396 -6.6578 2.029017092233305 0
CAR 0.0 0 4.322593655806831 1696.8970391843284 313.95201526128807 1823.717770783485 427.67059278174276 2.5787 2.3731 2.9231 46.80409121895718 7.992536521956609 -6.5815 2.958620580362239 0
CAR 0.0 0 -1.5355607714590822 207.90554697265478 435.96945258438086 433.9980593538246 568.0480176092613 1.5379 1.9037 4.1311 22.19688236427946 39.08440631584534 -8.0541 -2.1106134925747027 0
CAR 0.0 0 4.370842187468703 1685.8538032920424 217.74654482116787 1882.6877965135102 409.8156303002041 4.4182 2.9618 12.0602 53.90536272437982 6.752170516688994 -5.5026 2.9700313362899267 0
