CAR 0.0 0 3.1581871122911993 1271.110924493884 207.67233251354116 1353.9755439044295 253.80541536755894 2.0362 2.0313 6.0453 72.97501125514738 36.66641240108513 -5.6001 1.760843688174661 0
CAR 0.0 0 -1.7933552385275895 1148.2732358067362 324.2718646468149 1529.3778443856747 659.1173595701492 3.7718 2.908 8.7734 22.43142283131169 11.87450453561657 -5.2888 -3.026109160605019 0
CAR 0.0 0 -1.863901421679181 1118.3589870829162 394.6247782751655 1399.1986233118619 707.738172166901 3.537 2.7249 3.2089 17.75310475769852 11.324656277973311 -5.4189 -3.0296551381354675 0
CAR 0.0 0 -1.755530977632343 1549.355504386529 395.1706012085938 1710.143731798224 516.3148332023678 1.5132 1.9248 4.2656 30.817510098087713 9.07545975293763 -6.0367 -3.055709966098818 0
CAR 0.0 0 1.5628639751939202 401.21887809334584 42.968297804413254 527.0502027578306 115.2240598466214 1.7 2.7509 13.0107 71.4092234467679 2.531780353287086 -7.1989 0.15637919969889338 0
CAR 0.0 0 -2.6783697315377735 -75.37693354730501 25.50007628356166 146.8017566087577 200.20919901692574 4.0049 3.065 3.0468 41.880400058194745 7.064801270740694 -4.8285 -3.036750637202603 0
CAR 0.0 0 -1.3763090459812182 182.7600398651057 446.4747976682803 434.2389063305114 581.4174792973954 1.5873 1.9102 4.1657 11.71230174720535 30.015402308893833 -7.3642 -1.9206361231507973 0
CAR 0.0 0 -2.1829737926172577 -62.087797312246344 -3.0320862459956586 248.39244784439637 202.4307444187554 4.6993 3.7174 8.9897 47.159996710177765 7.628005786596011 -4.9958 -3.03482524741764 0
CAR 0.0 0 -0.11066657507903632 3462.878026637174 482.6089841964164 4535.552067740837 798.2603147144 1.7 1.9202 4.2345 11.8595 -50.1556 -5.9737 -1.5232093557791107 0
CAR 0.0 0 -1.6409377505134437 1690.3062629776846 245.43227230906612 1795.9840887829087 321.35952716543653 2.1852 2.217 6.1126 61.23772515194157 12.514100809777823 -5.3315 -3.051610665334258 0
CAR 0.0 0 -1.6750058701833814 1642.4951556841304 321.01695188591435 1753.3620040724861 404.5793412126315 1.7658 1.9354 4.3076 46.745248014269805 10.971757838988564 -6.381 -3.0363435510577563 0
CAR 0.0 0 0.1198815921814693 -172.60061530568106 383.6069408537539 172.34558815656038 621.9121294555841 1.7 1.8972 4.2878 20.076827866244937 -2.6646070588620536 -6.8132 0.09370711166345812 0
