CAR 0.0 0 2.1048231338671552 -87.80370875803071 400.304905454935 250.4151760806213 640.4374886187384 1.5287 1.9324 4.1412 18.780632904389446 -4.425322812642784 -6.5387 1.9228189989728044 0
CAR 0.0 0 3.0144617156530367 1284.1888629722528 210.24072213234433 1368.700110830113 257.7658120321344 2.0362 2.0313 6.0453 71.62459572205738 35.17848146430278 -5.6001 1.6176939212085473 0
CAR 0.0 0 4.503150379187308 1495.6803258196853 245.6626997505001 1695.458671604872 412.419852630621 3.7718 2.908 8.7734 44.858822654458564 13.616731548370389 -5.2888 3.131483313082973 0
CAR 0.0 0 4.4801303426780885 1473.3240515990303 271.398179543688 1627.0900519503791 423.39308636616414 3.537 2.7249 3.2089 40.09470463079414 13.681178442325582 -5.4189 3.127643232933447 0
CAR 0.0 0 4.4700307317492705 1613.721465675064 347.19995675061807 1738.2787609918953 437.4152109950533 1.5619 1.9279 4.1837 40.34767745332116 10.21968081766467 -6.2537 3.1279286174672145 0
CAR 0.0 0 -1.7681102094470966 1669.5152342165368 309.8726096000174 1774.7920322230993 381.8248452983829 1.5132 1.9248 4.2656 48.43667979941348 10.680359905672026 -6.0367 -3.141592653589793 0
CAR 0.0 0 -0.7107867606068032 456.0511423723294 415.20065430515893 1029.6921061892176 670.6833792266877 1.7 2.7509 13.0107 17.66824410752063 21.857441040939662 -7.1989 -1.6631812648707007 0
CAR 0.0 0 3.572372562406497 -65.22275164848692 25.684107621916237 155.6390163413135 200.38055668073892 4.0049 3.065 3.0468 41.85757618529284 6.8079026099712046 -4.8285 3.1415926535897927 0
CAR 0.0 0 -1.273643022430095 177.48390457523402 450.43219700610985 432.3514845978811 587.7002791175652 1.5873 1.9102 4.1657 11.50019493562193 29.717621947385464 -7.3642 -1.808518209653994 0
CAR 0.0 0 4.098516095961813 -27.63665667975169 -3.273518171617796 272.9781681318431 200.53561730681517 4.6993 3.7174 8.9897 47.4230156328951 6.890128946629392 -4.9958 3.1241677633491904 0
