CAR 0.0 0 3.158188294555485 1271.0843590667603 207.66710881072632 1353.945608716229 253.79737387144692 2.0362 2.0313 6.0453 72.97782565163519 36.6695133440789 -5.6001 1.760843688174661 0
CAR 0.0 0 -1.659849981391694 1452.448093502194 245.69186065648103 1656.6167474095391 413.4351715924044 3.7718 2.908 8.7734 43.792034101080546 14.539370296308238 -5.2888 -3.026109160605019 0
CAR 0.0 0 -1.6819533568630964 1450.4007723723114 273.1255101570221 1605.9692510858206 427.43398907355095 3.537 2.7249 3.2089 39.12574969030768 13.995706367975268 -5.4189 -3.0296551381354675 0
CAR 0.0 0 -1.7114907786344564 1611.5027494289664 345.67401577936585 1735.3064025882659 435.0810123949532 1.5619 1.9279 4.1837 40.590194073247524 10.339077814447302 -6.2537 -3.0543261909900767 0
CAR 0.0 0 -1.682495618611611 1651.0943778070716 307.16158328350116 1755.5993953813554 377.8724488806917 1.5132 1.9248 4.2656 48.71498104665663 11.285262950328898 -6.0367 -3.055709966098818 0
CAR 0.0 0 0.6093039147214664 127.87636881004728 182.99405068864192 457.4859868371479 406.6245585434451 1.7 2.7509 13.0107 33.680290987749366 -2.510386655219369 -7.1989 -0.21010709187798116 0
CAR 0.0 0 -2.678464365160772 -75.38981177100499 25.499892557903856 146.79061777744428 200.20909121672437 4.0049 3.065 3.0468 41.88041461003289 7.065119024744467 -4.8285 -3.036750637202603 0
CAR 0.0 0 -1.3762888912897946 182.77149984684908 446.4670084513385 434.2436057250151 581.4051260389763 1.5873 1.9102 4.1657 11.712738643180943 30.015979657414682 -7.3642 -1.9206361231507973 0
CAR 0.0 0 -2.18328350518014 -62.16257200818509 -3.030963794428212 248.34062898903363 202.43670657696086 4.6993 3.7174 8.9897 47.159174076425046 7.629452749032295 -4.9958 -3.03482524741764 0
CAR 0.0 0 -0.11066657507903632 3462.878026637174 482.6089841964164 4535.552067740837 798.2603147144 1.7 1.9202 4.2345 11.8595 -50.1556 -5.9737 -1.5232093557791107 0
