CAR 0.0 0 4.277505819528989 1562.6316416190932 344.62912147143675 1660.0342729161657 438.12950221443515 1.7 2.055 4.1881 44.43250982483264 12.118833248438996 -7.15 2.9442588671347862 0
CAR 0.0 0 2.6334548149620502 1186.9530938113176 315.57215531356314 1478.297167693586 524.9793673105781 1.7 1.9474 4.637 16.68543044871356 -13.561188497455838 -6.7348 1.365701656488558 0
CAR 0.0 0 4.294144796674879 1478.4075471880567 312.0999383155279 1590.4052532346002 409.3638094229493 1.7 2.9345 6.7788 48.75597343795097 14.167304762803191 -7.15 2.953039041130617 0
CAR 0.0 0 4.2838340003926065 1447.652841563926 308.70226555854407 1568.8557136717325 421.68858840106816 2.6595 2.9213 2.2023 44.27310347870009 15.012698701154676 -6.6703 2.9496064358704173 0
CAR 0.0 0 4.3263191093991145 1603.9909345880294 308.0213997632153 1679.1099301521433 373.59717524447353 1.394 1.7497 4.126 52.405436769029784 10.668656646720908 -6.8366 2.9597831308202998 0
CAR 0.0 0 -1.161876596171051 324.8508081217255 285.52561685909325 742.3585087154464 498.1817939169499 2.9622 3.4932 13.074 31.239607639872958 39.644128561929115 -7.1029 -2.1205687351493454 0
CAR 0.0 0 2.0972116825101788 84.53039399549509 304.9605234760964 289.91559097906634 522.5424450014789 1.6502 1.8996 4.697 22.386853122243885 3.092343703914048 -6.6578 1.6450956137074109 0
CAR 0.0 0 4.3478273716906894 1701.554832763838 303.30928254629794 1821.6711749747026 410.02591493594883 2.5787 2.3731 2.9231 49.50071768281319 7.538219006113263 -6.5815 2.9760738728821825 0
CAR 0.0 0 -1.546356193271056 188.3766574652663 413.0749389246314 402.8133882095802 533.0502289833331 1.5379 1.9037 4.1311 23.543244211982067 41.32804543643438 -8.0541 -2.1106134925747027 0
CAR 0.0 0 4.37605379930769 1689.7780031819434 213.1073218203868 1876.9258960292934 393.71752404858665 4.4182 2.9618 12.0602 56.613545581893234 6.308558809059908 -5.5026 2.9700313362899267 0
