CAR 0.0 0 3.1195939764666916 1253.3346237605308 207.8097758026702 1337.1315413217599 254.1631568117561 2.0362 2.0313 6.0453 72.01088595328534 37.27837239523243 -5.6001 1.7247030387552342 0
CAR 0.0 0 -1.9410370796204472 845.0357598673173 385.7287478558258 1408.7603605384677 901.0199086000578 3.7718 2.908 8.7734 14.389220142980005 11.06902764129087 -5.2888 -3.01941960595019 0
CAR 0.0 0 -2.102436627163825 761.6414317362611 505.5630130852498 1168.9641827365656 997.9048869065869 3.537 2.7249 3.2089 9.832483640447451 10.574434125193044 -5.4189 -3.0277836760104733 0
CAR 0.0 0 -1.8285285667872861 1424.1103315840012 494.6283843434905 1654.825143177573 688.5739808252392 1.5132 1.9248 4.2656 20.710734292475653 7.8621165530743 -6.0367 -3.036637093320794 0
CAR 0.0 0 1.626955935226782 406.1858722959974 25.91150751139845 517.7561549582484 86.454295987234 1.7 2.7509 13.0107 81.151229369005 4.873265531076967 -7.1989 0.173830213715917 0
CAR 0.0 0 -2.7492514525168676 -83.12114749478651 27.47990592121993 143.0192268425833 204.75445665378828 4.0049 3.065 3.0468 41.29187353790044 6.919839942779017 -4.8285 -3.0543261909900767 0
CAR 0.0 0 -1.28853778690232 179.88413447606146 447.1280719649235 432.11248281100194 582.465963719086 1.5873 1.9102 4.1657 11.650072049075677 29.994244370535025 -7.3642 -1.8285472070556688 0
CAR 0.0 0 -2.166944203449043 -55.02879444934016 -3.2267787624826814 253.07476370383316 201.59401298413437 4.6993 3.7174 8.9897 47.27596729295907 7.511902938863715 -4.9958 -3.0475249162026388 0
CAR 0.0 0 -0.11066657507903632 3462.878026637174 482.6089841964164 4535.552067740837 798.2603147144 1.7 1.9202 4.2345 11.8595 -50.1556 -5.9737 -1.5232093557791107 0
CAR 0.0 0 -1.6675796344652654 1679.4121649062065 253.06209886524672 1792.2528369984043 334.9660037411284 2.1852 2.217 6.1126 57.2641892601185 12.038221652084818 -5.3315 -3.0717794835100203 0
CAR 0.0 0 -1.7074697727018162 1614.7662472218017 345.8490112697992 1740.833589453348 443.5150111248936 1.7658 1.9354 4.3076 40.7894653446441 10.246042832350204 -6.381 -3.048585635780555 0
CAR 0.0 0 0.6370402467436157 116.77752834330677 230.84045890591932 311.9465723677121 368.32471565577157 1.7 1.8972 4.2878 30.470521529513235 -1.4831726809674421 -6.8132 0.0 0
