CAR 0.0 0 3.158187214048096 1271.1086379741537 207.6718829038883 1353.9729673490892 253.80472322531662 2.0362 2.0313 6.0453 72.97525348214603 36.666679290316125 -5.6001 1.760843688174661 0
CAR 0.0 0 -1.6768677582130218 1408.6568961444884 257.20284008452495 1636.2941571994636 445.9108034751852 3.7718 2.908 8.7734 39.07223236860158 14.00230133297393 -5.2888 -3.026109160605019 0
CAR 0.0 0 -1.7033057455505425 1404.2149912122989 289.3484694749352 1576.465948557137 462.9229449912684 3.537 2.7249 3.2089 34.433973788603005 13.467331176607502 -5.4189 -3.0296551381354675 0
CAR 0.0 0 -1.7415217337833908 1569.57454312185 381.48899283451306 1715.5973766536392 491.3888611631809 1.5619 1.9279 4.1837 34.009592868908605 9.54868845807885 -6.2537 -3.0543261909900767 0
CAR 0.0 0 -1.6855027042737494 1647.9680072629926 311.16075899021354 1754.8706641411898 383.89591956813905 1.5132 1.9248 4.2656 47.575410907313554 11.108492389042103 -6.0367 -3.055709966098818 0
CAR 0.0 0 1.2692521384809152 355.8423132705565 107.75468526843976 544.1634226352476 235.96348626467423 1.7 2.7509 13.0107 48.02020552593309 -2.4217959634350983 -7.1989 0.051671990524793356 0
CAR 0.0 0 -2.678377876103962 -75.37804193843301 25.500060470829776 146.80079792200172 200.20918973887677 4.0049 3.065 3.0468 41.88040131062954 7.064828618912486 -4.8285 -3.036750637202603 0
CAR 0.0 0 -1.3763073112976099 182.7610262154034 446.4741272589852 434.23931080237435 581.4164160630205 1.5873 1.9102 4.1657 11.712339349583461 30.01545199961793 -7.3642 -1.9206361231507973 0
CAR 0.0 0 -2.1830004403932985 -62.09423281255082 -3.0319896415691177 248.3879880208032 202.43125755387416 4.6993 3.7174 8.9897 47.15992590846032 7.6281303224848225 -4.9958 -3.03482524741764 0
CAR 0.0 0 -0.11066657507903632 3462.878026637174 482.6089841964164 4535.552067740837 798.2603147144 1.7 1.9202 4.2345 11.8595 -50.1556 -5.9737 -1.5232093557791107 0
CAR 0.0 0 -1.6330051493520765 1702.6625647095327 235.82162710701766 1799.502872058984 304.4692621140756 2.1852 2.217 6.1126 66.9502942207137 13.24189127056952 -5.3315 -3.051610665334258 0
