CAR 0.0 0 2.936693071075295 1471.1592094589732 331.2892042352016 1736.7838613387332 508.9223330172183 1.5287 1.9324 4.1412 21.474122671038977 -26.900501093278013 -6.5387 1.6212057522521428 0
CAR 0.0 0 -0.04841983155987939 3455.607507244474 517.7266774874931 4467.38491033725 813.5608385084466 1.4955 2.0028 4.1585 11.95920672620202 -50.58400021149093 -6.396 -1.4531187729773227 0
CAR 0.0 0 3.0241903056486663 1279.842564100255 209.87825311595364 1364.2380280172902 257.22595715986114 2.0362 2.0313 6.0453 71.69338839000902 35.47671372753034 -5.6001 1.6276636624152636 0
CAR 0.0 0 -1.6173845471868633 1455.0346633674417 243.926412584915 1656.0848483203602 408.6375239185573 3.7718 2.908 8.7734 44.49425889589115 14.718024148768306 -5.2888 -2.9856662310441786 0
CAR 0.0 0 -1.640281072099952 1460.516348748427 270.5816610539692 1613.4651297438418 421.87375941751105 3.537 2.7249 3.2089 40.02019634067416 14.028004922697757 -5.4189 -2.9916543368882356 0
CAR 0.0 0 -1.648137944224238 1605.3720347168885 344.385223911824 1728.726863740499 433.13989280993627 1.5619 1.9279 4.1837 40.71039860305581 10.528312258046139 -6.2537 -2.9910380101133587 0
CAR 0.0 0 -1.6249703298747136 1650.1118900913573 306.901049569855 1754.5096346248251 377.48821898939207 1.5132 1.9248 4.2656 48.76156067123137 11.325408769950581 -6.0367 -2.9982470412401536 0
CAR 0.0 0 -0.8626699088007191 259.8757051761182 348.75172019209975 754.4006718083175 511.10454381627426 1.7 2.7509 13.0107 19.34368790122084 33.42262619153369 -7.1989 -1.739353037122057 0
CAR 0.0 0 2.9781038815987317 1641.3434594933124 272.0188183025183 1916.0395382627341 424.2702933117878 1.5302 1.9318 4.6762 25.039797385103036 -32.464676167341416 -6.4832 1.5996740107872995 0
CAR 0.0 0 -1.5365690814916355 1795.6367127350948 207.0275531423285 1915.0945792530567 318.40409542238797 4.0049 3.065 3.0468 68.03257732198281 9.680451401799777 -4.8285 -2.9677010264147974 0
CAR 0.0 0 -1.5276491826842398 1781.0909255573702 182.58320536219094 1916.530180959808 309.9464361974419 4.6738 3.0868 9.7152 73.77842289252895 10.599292039552537 -4.488 -2.9683662689673658 0
CAR 0.0 0 -1.480678262412917 0.788522695431772 278.7085600250875 141.3786986891596 334.3341358528857 1.5873 1.9102 4.1657 18.327807585032968 65.11895440980321 -7.3642 -1.7093003712482462 0
