CAR 0.0 0 4.277515569685731 1562.6713845881657 344.62398672744723 1660.0766674016465 438.12114045290264 1.7 2.055 4.1881 44.434181614013156 12.11761341546722 -7.15 2.9442588671347862 0
CAR 0.0 0 2.108362126512171 186.85982814948682 349.4575577441692 390.9616827030874 603.6366862633979 1.7 1.9474 4.637 19.520502462669537 1.578964273452331 -6.7348 1.5402345816879899 0
CAR 0.0 0 4.294186530969487 1478.5135826832277 312.0654810217143 1590.4923132534445 409.3038730806574 1.7 2.9345 6.7788 48.7663854904302 14.164332686274442 -7.15 2.953039041130617 0
CAR 0.0 0 4.283842571297543 1447.6657882178192 308.693705561747 1568.8637092379115 421.67445624008957 2.6595 2.9213 2.2023 44.27517681063316 15.012403249317362 -6.6703 2.9496064358704173 0
CAR 0.0 0 -1.0932083885366217 458.46459860251093 326.8663618841309 910.438304310372 616.6498615834082 2.9622 3.4932 13.074 27.008036141929566 31.81782862247016 -7.1029 -2.0856632036959217 0
CAR 0.0 0 4.78968293833935 3992.489362171664 -2393.021616995428 7571.374047348719 -912.0653656974732 1.6502 1.8996 4.697 -1.1766977793477293 25.686597595386264 -6.6578 2.9540521923878056 0
CAR 0.0 0 4.3256562010734365 1692.7765485479222 323.8713207371524 1825.8763061696773 444.22423556731644 2.5787 2.3731 2.9231 44.53665344992973 8.369025093975196 -6.5815 2.9689220719423863 0
CAR 0.0 0 -1.5361336671118226 207.20595232900322 435.4608897948335 433.0771246222937 567.2666719548318 1.5379 1.9037 4.1311 22.22261222690604 39.13586394141339 -8.0541 -2.1106134925747027 0
CAR 0.0 0 4.366026357938089 1681.6945825640414 221.91689706091427 1887.1695869576167 424.63809177004043 4.4182 2.9618 12.0602 51.645082816428015 7.143157674218946 -5.5026 2.9700313362899267 0
CAR 0.0 0 4.349585095513421 1611.7563635982342 282.17467088854255 1695.389033628039 365.3689202023895 2.1344 1.9598 4.2672 55.33229248672857 10.076863362086392 -6.6298 2.971470121196377 0
