CAR 0.0 0 2.3998849612191524 138.05929022247796 382.0296032263293 412.56587625403097 606.8595172147958 1.5287 1.9324 4.1412 19.503679025534268 -6.617299878777285 -6.5387 1.8704591214129747 0
CAR 0.0 0 3.014461728045915 1284.1890871232918 210.24074082597375 1368.700340931182 257.76583988012374 2.0362 2.0313 6.0453 71.6245921832222 35.17846613104965 -5.6001 1.6176939212085473 0
CAR 0.0 0 4.503150550629965 1495.682436665706 245.66278982970414 1695.4607148458902 412.4200491770799 3.7718 2.908 8.7734 44.858841394867596 13.616674923245835 -5.2888 3.131483313082973 0
CAR 0.0 0 4.480130399706766 1473.3247128137994 271.3982216939945 1627.090755398022 423.39316482024765 3.537 2.7249 3.2089 40.09470846151806 13.681160609207426 -5.4189 3.127643232933447 0
CAR 0.0 0 4.4700306904312255 1613.721900370343 347.20010318942076 1738.2792580748994 437.41543369881424 1.5619 1.9279 4.1837 40.347658802070555 10.219664949494208 -6.2537 3.1279286174672145 0
CAR 0.0 0 -1.7681101988530858 1669.5162468438034 309.8727645712148 1774.7930902253568 381.8250717519547 1.5132 1.9248 4.2656 48.436663088916816 10.680326738509631 -6.0367 -3.141592653589793 0
CAR 0.0 0 -0.7824216616669418 395.95611028891716 397.9914620362997 952.658773874428 626.5163226036824 1.7 2.7509 13.0107 17.954699780412135 24.461013695972227 -7.1989 -1.715541142430531 0
CAR 0.0 0 3.5600043873066802 -67.00330527073889 25.6367120757873 154.06844863298838 200.3171573718988 4.0049 3.065 3.0468 41.86596004199248 6.855376542378395 -4.8285 3.1415926535897927 0
CAR 0.0 0 -1.2747190103299426 176.3755908121415 449.6191904922427 430.75614014080395 586.4218685297818 1.5873 1.9102 4.1657 11.514229639519849 29.809142977561756 -7.3642 -1.808518209653994 0
CAR 0.0 0 4.103258713838511 -25.97934596144081 -3.2264109607686016 274.30097684000435 200.62564641595904 4.6993 3.7174 8.9897 47.41030906518276 6.840858232631967 -4.9958 3.1241677633491904 0
