CAR 0.0 0 4.2774891834273285 1562.5638349543624 344.63788193810495 1659.9619416880064 438.1437684589554 1.7 2.055 4.1881 44.42965774939347 12.12091429671569 -7.15 2.9442588671347862 0
CAR 0.0 0 2.6682684979685476 1336.6828640040158 312.3388601196985 1652.7798490271532 516.7294048360258 1.7 1.9474 4.637 16.033391420160942 -16.31280404907833 -6.7348 1.3657016564885573 0
CAR 0.0 0 4.294073551406683 1478.2265531799849 312.1587506146422 1590.2566456999516 409.4661176694977 1.7 2.9345 6.7788 48.738210461009146 14.172375114409194 -7.15 2.953039041130617 0
CAR 0.0 0 4.283819373839693 1447.6307514526195 308.71687397389996 1568.8420731433216 421.7127063022921 2.6595 2.9213 2.2023 44.26956563778998 15.013202728944364 -6.6703 2.9496064358704173 0
CAR 0.0 0 4.326309689676194 1603.8824453083864 308.01458834519644 1678.9878844087334 373.58844184317684 1.394 1.7497 4.126 52.404992581283324 10.672295869134905 -6.8366 2.9597831308202998 0
CAR 0.0 0 -1.1654194818541344 318.204077683273 284.3433457506087 735.4553855815112 495.11980128700606 2.9622 3.4932 13.074 31.346153717247546 39.9679898056581 -7.1029 -2.1205687351493454 0
CAR 0.0 0 2.4942823025483056 568.4320621798886 276.4213912951333 738.3253859340462 464.57091583208455 1.6502 1.8996 4.697 22.27221651507407 -3.737476003481431 -6.6578 1.435656103468091 0
CAR 0.0 0 4.3401788856691 1708.9398224426282 290.1124197523445 1820.8870433704085 388.2915925431527 2.5787 2.3731 2.9231 53.32297727896908 6.84493950072689 -6.5815 2.958620580362239 0
CAR 0.0 0 -1.5819341509603464 148.67975057800936 376.47808932654 344.8997109795129 478.4155104792848 1.5379 1.9037 4.1311 25.994274090895164 45.7739503608244 -8.0541 -2.1106134925747027 0
CAR 0.0 0 4.382728924769243 1697.2704815797867 207.3531397188082 1873.225448943646 374.08386018070684 4.4182 2.9618 12.0602 60.42307355323119 5.587518780533004 -5.5026 2.9700313362899267 0
