CAR 0.0 0 2.9364244475911407 1470.3748554555718 331.4780372818494 1735.9853879121297 509.23895644371345 1.5287 1.9324 4.1412 21.463271513634236 -26.880398170647418 -6.5387 1.6212057522521428 0
CAR 0.0 0 -0.04841984750469708 3455.608089624 517.7268214502278 4467.385970501708 813.5610977786396 1.4955 2.0028 4.1585 11.959202227493373 -50.584000070038734 -6.396 -1.4531187729773227 0
CAR 0.0 0 3.024190330648992 1279.8427794555926 209.87825627483815 1364.2382361889831 257.225960453142 2.0362 2.0313 6.0453 71.6933961551589 35.476704546099384 -5.6001 1.6276636624152636 0
CAR 0.0 0 -1.6173844226396479 1455.035517480174 243.92639530029686 1656.085589288669 408.63745918892397 3.7718 2.908 8.7734 44.49428638769252 14.718007997265207 -5.2888 -2.9856662310441786 0
CAR 0.0 0 -1.6402810543517312 1460.5164913215367 270.581664093734 1613.465275209648 421.87376351410904 3.537 2.7249 3.2089 40.02019878815355 14.028001630233021 -5.4189 -2.9916543368882356 0
CAR 0.0 0 -1.6481379216949288 1605.3723614118744 344.3852539964409 1728.7271928166208 433.13993689766545 1.5619 1.9279 4.1837 40.71039953737876 10.528304059455316 -6.2537 -2.9910380101133587 0
CAR 0.0 0 -1.6249702446700443 1650.112295451378 306.90098982001007 1754.5099894880411 377.48812696380986 1.5132 1.9248 4.2656 48.76158697562588 11.325402904314611 -6.0367 -2.9982470412401536 0
CAR 0.0 0 -0.8639303316272722 258.5659125634842 348.91507784420764 753.7303192180846 511.4808594035218 1.7 2.7509 13.0107 19.31036370308347 33.41530105661498 -7.1989 -1.739353037122057 0
CAR 0.0 0 2.9218021133716636 1293.4935341399512 277.4132809215682 1506.6096411669578 436.77838857230904 1.5302 1.9318 4.6762 24.772660429442585 -24.727961745700366 -6.4832 1.5996740107872995 0
CAR 0.0 0 -1.54523265723304 1778.809488444739 215.88802819383008 1910.932097621814 340.0833220918166 4.0049 3.065 3.0468 61.01674746362613 9.18384848641798 -4.8285 -2.9677010264147974 0
CAR 0.0 0 -1.534546615076096 1761.0107064269896 187.82333489910766 1910.0633639706846 328.77267123554526 4.6738 3.0868 9.7152 66.97458148604879 10.228035231783299 -4.488 -2.9683662689673658 0
CAR 0.0 0 -1.374482317085587 38.33500948718282 312.88654162816346 202.45539046567583 382.16237169761985 1.5873 1.9102 4.1657 16.22431390023376 53.67412679694569 -7.3642 -1.7093003712482462 0
