CAR 0.0 0 2.728744619176414 1335.8328843231563 190.09649967338913 1543.4344011236642 312.4516178879158 1.7194 1.8964 4.5202 24.851819598157213 -22.774092787978166 -6.5435 1.329287223154536 0
PEDESTRIAN 0.0 0 2.8620824157213898 652.6641599224907 138.23613148021445 687.2356701603445 206.44415973148816 1.7 0.6968 0.7192 38.844948607293034 -7.263571962233918 -6.5112 1.5425810858228364 0
TRUCK 0.0 0 4.413153601738773 1709.7918735120973 258.577758820102 1845.021907543797 382.50013269429616 3.487 2.935 2.072 53.05391271145503 6.66379708338716 -5.9211 3.020039438511599 0
TRAILER 0.0 0 4.423749941747121 1698.9450304333504 234.11322944461568 1856.4403815446462 375.9198260058213 3.8402 3.1746 6.0448 56.51156676082931 6.242790201923916 -5.7444 3.0211496524281416 0
CAR 0.0 0 2.7116247382853813 1286.7999502684097 232.28074465305917 1497.9934693822022 359.8286002312535 1.504 1.9011 4.104 22.229304846134998 -19.315817519945373 -6.6643 1.3489112058221955 0
CAR 0.0 0 4.368048537115108 1696.9370417336752 339.13106072691613 1800.9271929459446 420.9802052342322 1.5032 1.9025 4.0984 47.48017475072916 8.104883161655463 -6.9854 3.0106839122209634 0
CAR 0.0 0 -1.4361323394532408 241.5241405531915 449.4144904007848 463.1004694691503 581.6364091759702 1.5003 1.9029 4.0972 22.294760382264492 38.32323395610024 -8.2755 -2.0415453642998926 0
TRUCK 0.0 0 1.3701233020504762 1820.480059932161 181.90787035582863 1901.000663513125 254.22565812540756 4.0935 2.9956 3.2487 106.21972561345954 -6.828813848951063 -5.8272 -0.08435490020333669 0
CAR 0.0 0 -1.263510593857895 384.9795137252398 413.8444648060239 567.868171741166 525.7995441915975 1.4969 1.8793 4.0996 26.26242978869612 38.425024402697545 -8.2924 -2.0604177559563235 0
TRAILER 0.0 0 1.355510274079436 1823.132843000676 228.32801484864007 1912.6361217875874 264.3949137969625 1.2791 2.9956 7.5691 101.70973846318012 -6.534412083535364 -7.1889 -0.08435490020333661 0
CAR 0.0 0 4.846882454417763 2090.3464639382123 -969.521475692714 2726.0517317801305 -595.4767922199229 1.507 1.9022 4.2796 -12.227001459207388 22.432183334692567 -6.8916 2.9677380601423926 0
PEDESTRIAN 0.0 0 1.3074736188034757 634.9998038180408 141.7351444936355 670.4899441739398 211.3025779967477 1.7028 0.6996 0.6969 38.21014100550987 -6.663461396933062 -6.489 0.0002754820865611407 0
CAR 0.0 0 4.91572009425212 4067.020102229272 -2884.4909588433197 8144.171828384322 -1068.403950850567 1.4996 1.897 4.6336 -1.219491567217549 24.39459873982359 -7.133 3.0465880051001784 0
CAR 0.0 0 2.7562290445654343 1801.8053895646706 233.83748769061341 2113.481551252965 374.1816228793542 1.498 1.8978 4.2058 16.36529021058926 -28.086791341169437 -6.0071 1.3381509238857767 0
CAR 0.0 0 1.7817617059627586 -5698.2183879433305 987.5458019462028 -2110.7080004254913 2160.779135899828 1.4972 1.8964 4.1876 12.308565149981417 17.97519409906716 -7.046 2.9442272823651887 0
CAR 0.0 0 4.224174830793869 1494.7468642842302 407.1042708663044 1603.530604739195 530.6073335532775 1.5006 1.9012 4.3216 33.607959534821816 14.15666974540138 -6.9882 2.94615829817472 0
BICYCLE 0.0 0 1.424916882999309 629.9264919854352 82.18361253850433 668.5362198540653 143.27875258120665 1.7 0.8486 1.7004 47.5937 -8.2494 -6.0815 0.025322819173903426 0
