CAR 0.0 0 2.9424969830700043 1434.1519751730475 323.8672243622263 1711.4142256407852 515.8096525290944 1.551 1.9022 4.6956 21.400839816082264 -26.25479008013757 -6.4702 1.631529444959655 0
CAR 0.0 0 2.948040070877611 1351.7526446776828 214.24340601005147 1515.3818588054726 324.0115310992103 1.5 1.8998 4.0998 31.362714812531628 -28.353003474746185 -6.555 1.562018017330398 0
CAR 0.0 0 2.9829624651196562 1791.796998532909 317.84643959450125 2131.6250150221454 491.1053426822728 1.5 2.037 4.3995 21.696994655963657 -33.46180195707517 -6.4402 1.6146851398907596 0
CAR 0.0 0 -0.9925860360991159 343.0013134011976 412.0766627381004 550.5770870207155 525.3867938747758 1.5999 1.899 4.0996 15.689386035673728 31.493505348068503 -7.4486 -1.757453444740866 0
CAR 0.0 0 -1.0364904498454783 274.85923787638484 375.7827442923603 461.5339814292184 466.6937493047791 1.5 1.899 4.0996 16.802643674735883 37.51632661240479 -7.4503 -1.7574534447408667 0
CAR 0.0 0 2.9268781796152554 1346.7234129224005 238.93296511012508 1529.211041553669 364.50077292538106 1.5 1.8998 4.0998 28.090645736886923 -26.968146765366374 -6.4052 1.5620206758271538 0
CAR 0.0 0 3.0199204079027417 1606.1294820849093 202.49951085967487 1798.6839053223975 306.7883241960918 1.5 1.8998 4.0998 32.057431554883316 -35.448109409137174 -6.4191 1.5969143524866567 0
CAR 0.0 0 -1.2830454136879483 127.8049177970372 409.46840922685243 345.04625186048196 517.2155346752876 1.553 1.899 4.0996 12.812835962209931 36.318464143222755 -7.6325 -1.7574534447408667 0
CAR 0.0 0 -1.2298347073302778 178.91711957111562 456.55561316107793 429.094867137102 595.8929881464959 1.6483 1.8736 4.0995 11.504458691013907 29.83449504077033 -7.5421 -1.7574534447408667 0
PEDESTRIAN 0.0 0 3.6486167099692706 922.1892658183277 102.30449614553015 948.4024390004703 163.37889052799153 1.7024 0.7548 0.7211 45.349690124835966 -17.88947021850162 -5.7738 2.2187577093109483 0
TRUCK 0.0 0 -1.5962767685039045 1728.7482151260535 242.46712588335686 1909.7808842728273 417.66116205100167 4.083 2.9959 5.8323 46.968793194904464 7.993422506455608 -4.9879 -2.9908413064371224 0
PEDESTRIAN 0.0 0 -2.078460154646172 1381.0453119573237 878.1563826009824 1591.3570799740148 1170.3030017568858 1.8354 0.7406 1.0616 8.657920123756732 -18.871392891192446 -6.551 -3.04477252578078 0
CAR 0.0 0 -1.3873802645943134 59.06806273988022 339.7380452365881 232.13559390717245 414.0489025002562 1.4996 1.899 4.0996 15.298791702012505 48.99731229546435 -7.6 -1.7574534447408667 0
TRAILER 0.0 0 -1.5888705609707956 1719.2641096193825 223.65981349247198 1909.1182354835234 398.12550195852805 4.1526 3.0019 10.9977 52.157505080140716 8.756573798068713 -4.9096 -2.994543022300242 0
CAR 0.0 0 1.5817710873266866 410.2720024002485 40.01015376282154 475.8078795989356 83.45531607519645 1.5 1.9032 4.1049 72.69259457426207 3.987076037008174 -6.6873 0.1482379905279647 0
PEDESTRIAN 0.0 0 0.7442881208801058 1047.1764149073674 246.5864124082523 1070.6220374773288 287.4219767466007 1.7 0.6991 0.791 51.21525292846381 39.088929995515215 -6.1958 -0.5796320570379399 0
CAR 0.0 0 -1.6553972205242777 1649.5617032728724 258.77388861189297 1724.416880584578 305.5683447122811 1.4954 1.9024 4.0993 67.1637 15.7005 -6.0972 -3.060890406115459 0
