CAR 0.0 0 3.011770279530264 1342.077189753026 198.21523154766246 1512.286138081104 314.7173939191724 1.594 1.8966 4.5394 31.69840020145709 -28.276794843022877 -6.3337 1.6177921667651312 0
CAR 0.0 0 -1.2204482191173462 196.83164310386644 462.74872031756956 450.0652630140103 598.513039979773 1.5196 1.8976 4.1761 11.673006958726939 29.33266535131633 -7.5683 -1.7714513563579624 0
PEDESTRIAN 0.0 0 1.3435157976352867 628.4399518603711 139.3454235296874 665.5696703707432 209.06591580109406 1.7 0.7848 0.6973 39.880481689756735 -9.39816423471332 -6.0576 0.03527947359358132 0
TRUCK 0.0 0 -1.6517959831857172 1767.5374694263774 261.2203617709205 1904.744877970289 388.5220560696886 3.4079 2.7742 1.8309 50.29354256332427 7.989695089170045 -5.2988 -3.048531819335291 0
TRAILER 0.0 0 -1.861469900582093 48.01861928717896 4.836697911301242 293.7860246042257 152.523677544157 3.5682 3.0012 10.9976 54.30406472748698 8.373159716797318 -5.2107 -3.0427454332082586 0
CAR 0.0 0 -1.685871741143545 1767.7408513180835 343.14386976452533 1880.2706101646397 426.8001979150609 1.5064 1.8966 4.1132 44.68441586820608 7.292845747641031 -6.2711 -3.0496920303081225 0
CAR 0.0 0 -0.9795871779861428 358.30792787151944 420.40314554780514 568.9391559949001 533.8575937703499 1.5195 1.8976 4.1014 15.549127058383956 30.500977148421388 -7.441 -1.754008691334736 0
CAR 0.0 0 2.9944455017303926 1322.69163785251 241.61513844452242 1502.0055031399543 367.7755680686751 1.4987 1.9049 4.0972 28.03707178795065 -26.39277449816614 -6.4483 1.6352454592850747 0
CAR 0.0 0 -1.3221946997550047 99.1343070531887 359.9951146086154 286.8788684986714 444.6123809666872 1.5196 1.8976 4.1284 14.69517707994115 43.739210725083055 -7.532 -1.7714513563579624 0
CAR 0.0 0 2.999065540903722 1501.957173717651 269.078156598536 1734.6188633177135 413.57225778740764 1.5032 1.8952 4.1044 24.827617488121163 -29.038734590226515 -6.2698 1.6352454592850747 0
CAR 0.0 0 1.560445158636092 403.7886715012619 30.768584317544555 465.2013878060234 71.02482600231697 1.5162 1.9006 4.1032 78.44158191297439 5.8154420927457835 -6.7749 0.10522774726853645 0
CAR 0.0 0 4.819892059202676 1038.510847718029 -247.59667926485753 1069.4327584959872 -221.91695583045913 1.5044 1.9512 4.0978 -130.6814162455767 7.590373718494529 -9.2429 3.0300625032870436 0
CAR 0.0 0 4.928049758736128 1198.4932545433633 -355.16741315846053 1269.3827798123655 -299.1612254336036 1.4952 1.9028 4.1046 -68.43749321951962 5.448143942318527 -8.1952 3.098460294461671 0
TRUCK 0.0 0 1.219572941562585 213.7891290618354 79.82579637360976 394.09097282075305 235.7648674874663 3.6148 3.2348 2.3654 40.64009883198602 -0.1739056683494089 -5.7722 0.11775794801211563 0
TRAILER 0.0 0 0.9797435959927436 56.9100917334464 108.28509937020992 405.4088809801613 342.5497413473044 3.1098 3.3536 10.442 35.03863652177424 -0.8428983562054668 -6.0304 0.12388267512638926 0
VAN 0.0 0 2.6057384632075373 795.7132842546287 -2160.140105400538 1199.5309225167669 -1015.6391319388426 1.9202 2.1008 4.4984 -12.81858253222016 -12.772070804028074 -7.2846 0.03069529861024094 0
