CAR 0.0 0 2.9251951562806098 1433.6491027711986 323.54253852605694 1710.5363927001858 515.2572892248847 1.551 1.9022 4.6956 21.421059469543884 -26.253998784584635 -6.4702 1.614076059652156 0
CAR 0.0 0 2.9477434765769006 1352.5890489511553 214.75709166207542 1516.6352576151426 324.7732881728162 1.5 1.8998 4.0998 31.304049245739428 -28.35248642011339 -6.555 1.562018017330398 0
CAR 0.0 0 2.9818137298431777 1791.4814838021605 319.19662948551536 2132.6007123797854 493.3454908922146 1.5 2.037 4.3995 21.61130590396218 -33.394725775974884 -6.4402 1.614380599778514 0
CAR 0.0 0 -0.994959059482265 340.7919767807088 412.07056674831637 548.5479261092163 525.3906119335203 1.5999 1.899 4.0996 15.655317263128422 31.530058186850734 -7.4486 -1.757453444740866 0
CAR 0.0 0 -1.0362222091777378 275.20196673291093 375.9633835579417 461.97367636527633 466.9564012318078 1.5 1.899 4.0996 16.797134629863436 37.483766758596076 -7.4503 -1.7574534447408667 0
CAR 0.0 0 2.909419022854083 1346.478654219284 238.893546849805 1528.905187227193 364.4424160035482 1.5 1.8998 4.0998 28.094488862393867 -26.963822231168443 -6.4052 1.5445673833066762 0
CAR 0.0 0 3.019821892752671 1606.1225284242298 202.64302702483673 1798.782100051868 307.00266619992385 1.5 1.8998 4.0998 32.03978998403218 -35.437921707020756 -6.4191 1.5969143524866567 0
CAR 0.0 0 -1.2836642330576502 127.43660323444996 409.49033055543714 344.72326409745244 517.2504354035843 1.553 1.899 4.0996 12.806032460152071 36.321782545872665 -7.6325 -1.7574534447408667 0
CAR 0.0 0 -1.229308303496462 179.3795874599641 456.7467810928491 429.64775022395037 596.1910527015658 1.6483 1.8736 4.0995 11.503951549524569 29.81041285034062 -7.5421 -1.7574534447408667 0
PEDESTRIAN 0.0 0 3.665859507652703 996.1509723607517 96.27170417650915 1023.8006573516233 155.14118753768818 1.7024 0.7548 0.7211 46.890588085706185 -20.50944739186496 -5.7738 2.2187577093109483 0
TRUCK 0.0 0 -1.596197907640175 1728.3695385789897 242.33240910121722 1909.2139693132915 417.30368241738006 4.083 2.9959 5.8323 47.01329116813272 8.011834748485857 -4.9879 -2.9908413064371224 0
PEDESTRIAN 0.0 0 -1.984952028869735 1225.8605006235175 617.4602721214708 1354.8025825890215 829.5872464101852 1.8354 0.7406 1.0616 12.74560856636157 -18.73690720072168 -6.551 -3.04477252578078 0
CAR 0.0 0 -1.3842765581568277 60.44961077112129 339.7005189248437 233.39967666440913 413.9889171391331 1.4996 1.899 4.0996 15.330009518883056 48.97663496657183 -7.6 -1.7574534447408667 0
CAR 0.0 0 1.6157648740104416 469.5755054806326 7.6250013709939095 523.23916428608 43.983550464691206 1.4964 1.9028 4.1049 84.05578513715044 3.6641594507368724 -6.0111 0.09618390726240349 0
TRAILER 0.0 0 -1.5888954799388662 1718.0719420133837 223.57300331613604 1907.9170610726728 397.8785832048906 4.1526 3.0019 10.9977 52.17137608687861 8.792818086562887 -4.9096 -2.994543022300242 0
CAR 0.0 0 -1.2307401603725694 1341.0229874124636 -536.3088950459137 1479.4161117451472 -423.6419405918238 1.4984 1.8986 4.0987 -41.84187223992215 2.4911981843478666 -8.2432 -3.1287153274818054 0
CAR 0.0 0 0.9244709122274208 196.28490883913656 198.67511799861623 358.1361326229371 307.32416335374916 1.5 1.9032 4.1049 33.92822690930038 -1.5647949127410254 -6.6873 0.0827779746539169 0
PEDESTRIAN 0.0 0 0.7321125071329155 1002.0529771067113 248.0602818696072 1025.5424495086722 289.55956712852543 1.7 0.6991 0.791 49.0516531624433 40.10026516467112 -6.1958 -0.5796320570379399 0
