CAR 0.0 0 2.925011277553211 1433.994779868764 323.8727220018931 1711.2260217631326 515.8209437365405 1.551 1.9022 4.6956 21.40059405574343 -26.251662165857674 -6.4702 1.6140760596521557 0
PEDESTRIAN 0.0 0 0.7171571327645327 955.7436902655293 250.8911208746726 979.410542027569 293.3404334936505 1.7 0.699 0.791 46.6008 40.8542 -6.2141 -0.5796320570379399 0
CAR 0.0 0 2.9480264664439444 1351.7920786082886 214.2671400578123 1515.4406515647634 324.0467146676801 1.5 1.8998 4.0998 31.36 -28.353 -6.555 1.562018017330398 0
CAR 0.0 0 2.9826551338906495 1790.0165623471821 317.51512703090384 2129.1673672806387 490.57589060466546 1.5 2.037 4.3995 21.71920481899749 -33.44128669838781 -6.4402 1.6143805533885185 0
CAR 0.0 0 -0.9950992750746642 340.64548416064434 412.0517493181034 548.4010398162055 525.3628351100015 1.5999 1.899 4.0996 15.654051191949122 31.534506766067345 -7.4486 -1.7574534447408663 0
CAR 0.0 0 -1.0348694310234392 276.11448728949546 375.79126912723115 462.70222319231647 466.6995197592109 1.5 1.899 4.0996 16.824574989342477 37.49209034040137 -7.4503 -1.7574534447408667 0
CAR 0.0 0 2.909128583350202 1347.090640304521 239.3737704617494 1529.9079381472359 365.17481583646327 1.5 1.8998 4.0998 28.048435202290037 -26.960943311115233 -6.4052 1.544567383306676 0
CAR 0.0 0 3.0196792687958824 1606.377450284839 202.88710454824758 1799.2488908746302 307.36500176946765 1.5 1.8998 4.0998 32.00981121582924 -35.427923729160035 -6.4191 1.5969143524866567 0
CAR 0.0 0 -1.2849625947948715 126.68845344723024 409.6193917847352 344.12630712285574 517.4479398442096 1.553 1.899 4.0996 12.788506120773611 36.31785883481779 -7.6325 -1.7574534447408667 0
CAR 0.0 0 -1.2275641780964612 180.50077033953585 456.351814124383 430.38468617947103 595.5620852912597 1.6483 1.8736 4.0995 11.532672273994649 29.830789154579744 -7.5421 -1.757453444740867 0
PEDESTRIAN 0.0 0 3.672114032832491 1029.8472061222267 94.27136734608061 1058.1991250666777 152.351125341754 1.7024 0.7548 0.7211 47.44472484199688 -21.74126149299738 -5.7738 2.2187577093109483 0
TRUCK 0.0 0 -1.6136557213392861 1729.1055988838489 242.43397434658402 1910.0701291133344 417.5623244298904 4.083 2.9959 5.8323 46.990974850583754 7.988166199402127 -4.9879 -3.0082839819789715 0
PEDESTRIAN 0.0 0 -1.955470669380392 1174.4413416826662 546.6887246325676 1283.5739825119965 737.4908667989932 1.8354 0.7406 1.0616 14.42308843031464 -18.58196619144586 -6.551 -3.045077297963178 0
CAR 0.0 0 -1.3897091432515425 57.84096645744802 337.99947569536823 229.75682754314798 411.5929742413947 1.4996 1.899 4.0996 15.388264637634581 49.39546224445378 -7.6 -1.7574534447408667 0
CAR 0.0 0 1.5638850468468015 452.9727400148506 28.71872427711639 517.1418657133955 72.71935175323192 1.4964 1.9028 4.1049 70.9829368488259 1.5137256344534802 -6.0111 0.09618390726240349 0
CAR 0.0 0 -1.1889636710444516 1566.3630154318996 -709.1131263950172 1799.4946097414957 -530.5907398981495 1.4984 1.8986 4.0987 -30.816200000000002 3.4103 -8.2432 -3.11125938011516 0
TRAILER 0.0 0 -1.6061907400519573 1722.422892820779 223.8300929286929 1912.187770638256 398.58691448323646 4.1526 3.0019 10.9977 52.15290152173101 8.666976970641652 -4.9096 -3.011985697842091 0
CAR 0.0 0 4.867487277910187 1038.8764283077448 -264.7442062477251 1070.6680173992545 -237.22066247243495 1.5012 1.8967 4.0976 -125.2181 6.698500000000001 -9.9423 3.063220953932501 0
