CAR 0.0 0 2.9252612946385703 1433.243308604018 323.3560122733882 1709.8890100895815 514.9413983568072 1.551 1.9022 4.6956 21.432756921915473 -26.25132513815867 -6.4702 1.6140760596521562 0
CAR 0.0 0 2.9480360760360096 1351.7640965554529 214.25035336742837 1515.3989651507527 324.0218306336276 1.5 1.8998 4.0998 31.361920112918618 -28.353000093295424 -6.555 1.562018017330398 0
CAR 0.0 0 2.9832758411481333 1789.4973626520346 316.8900212658441 2127.922750034965 489.54692234095467 1.5 2.037 4.3995 21.759527163379143 -33.45920153306947 -6.4402 1.6146851398907593 0
CAR 0.0 0 -0.9946069982743367 341.1564804705649 412.1138124923617 548.9110081625411 525.4542842523265 1.5999 1.899 4.0996 15.658659641171209 31.51938441058313 -7.4486 -1.7574534447408663 0
CAR 0.0 0 -1.0349077580239632 276.1398213289095 375.86372624468834 462.7747248149526 466.8054686418736 1.5 1.899 4.0996 16.820350457345036 37.48108516823881 -7.4503 -1.757453444740867 0
CAR 0.0 0 2.909324245444017 1347.6093349057228 239.22817140196497 1530.4133357210883 364.9463891968901 1.5 1.8998 4.0998 28.06217337405581 -26.978314690520506 -6.4052 1.5445674198756585 0
CAR 0.0 0 3.019578687112663 1606.4559285501932 203.04539519487497 1799.4540690292708 307.60074826426825 1.5 1.8998 4.0998 31.990400524535783 -35.419071468044294 -6.4191 1.5969143524866567 0
CAR 0.0 0 -1.283015455493996 127.81904469373568 409.4546558013197 345.04961496093944 517.1948579440636 1.553 1.899 4.0996 12.81366496738125 36.319965981062275 -7.6325 -1.7574534447408667 0
CAR 0.0 0 -1.2324299862645225 177.54639751854555 456.7658498403348 428.0024148038165 596.2327305256047 1.6483 1.8736 4.0995 11.478892788291171 29.834591214899888 -7.5421 -1.7580622104290475 0
PEDESTRIAN 0.0 0 3.610289694241501 781.323431504606 111.95966119881652 808.90698439145 176.68056287586222 1.7024 0.7548 0.7211 43.082789619994735 -13.46989599087348 -5.7738 2.2187577093109483 0
TRUCK 0.0 0 -1.596265568249081 1728.3866484478403 242.4128547137016 1909.3536052552147 417.52217586805557 4.083 2.9959 5.8323 46.98149359490061 8.005374006278164 -4.9879 -2.9908413064371224 0
PEDESTRIAN 0.0 0 -2.2649373693078663 2017.3783907135376 2055.1003148839086 2853.7786267478436 2733.6941445272 1.8354 0.7406 1.0616 2.4686734497943403 -19.105053281593683 -6.551 -3.04477252578078 0
CAR 0.0 0 -1.3878285380445186 58.86963376408172 339.75119944894305 231.95954184308823 414.0685203238947 1.4996 1.899 4.0996 15.293798550472186 48.99862921621307 -7.6 -1.7574534447408674 0
CAR 0.0 0 -1.6843479480115475 1524.0073795223918 305.9712159516524 1629.3689479144778 374.5833432616365 1.4954 1.9024 4.0993 46.5019155724709 14.601046596261785 -6.0972 -3.0434344555096065 0
CAR 0.0 0 1.9558164191261183 918.885504536799 -394.19105093227586 969.5163460122457 -330.7032691671499 1.5026 1.7336 4.1034 -65.01056675245016 -8.085064964735828 -8.5742 0.01900608361810033 0
TRAILER 0.0 0 -1.5891803254982824 1718.895872987322 223.77432635710795 1909.8976764738668 399.4522670064294 4.1525 3.0019 10.9977 51.839163355216236 8.708094966884707 -4.8941 -2.994543022300242 0
CAR 0.0 0 4.810542106283829 1040.253345439819 -276.7410763031578 1074.7846555858828 -246.529272829559 1.4984 1.8986 4.0986 -115.9674 5.3578 -9.8388 2.9973671285643406 0
PEDESTRIAN 0.0 0 0.7586408737822914 1113.2499577990275 246.64816303920878 1136.5316967795372 286.38965449957254 1.7 0.699 0.7911 54.6701 37.6462 -6.3139 -0.5796320570379399 0
