CAR 0.0 0 3.01173042568455 1342.5538941753707 198.3406885928132 1512.915536304768 314.9084678981409 1.594 1.8966 4.5394 31.68313142568634 -28.28364847477973 -6.3337 1.6177921667651312 0
CAR 0.0 0 -1.221584403519695 196.009148788951 462.84113783444855 449.3861480849479 598.6626363478144 1.5196 1.8976 4.1761 11.658904843012646 29.33601758724952 -7.5683 -1.7714513563579624 0
PEDESTRIAN 0.0 0 1.343283142592533 626.4086107018877 139.00522636022038 663.5778522869847 208.64491758860564 1.7 0.7848 0.6973 39.93591836122459 -9.337199314562213 -6.0576 0.0352794735935813 0
TRUCK 0.0 0 -1.6518067480612384 1767.5214202423883 261.23302679776276 1904.741265918573 388.54741705302666 3.4079 2.7742 1.8309 50.288506124187464 7.989312957115616 -5.2988 -3.048531819335291 0
TRAILER 0.0 0 -1.8625834012690317 47.40388809715364 4.842624922698097 293.3378506405571 152.55307009537248 3.5682 3.0012 10.9976 54.29823403193432 8.388621477682445 -5.2107 -3.0427454332082586 0
CAR 0.0 0 -1.6859008231389923 1767.5243207377007 343.15251404391034 1880.0677468145777 426.814628860922 1.5064 1.8966 4.1132 44.677972988135664 7.29714018391649 -6.2711 -3.0496920303081225 0
CAR 0.0 0 -0.9989701904003799 356.55488198433017 420.53198274787525 567.4190888793289 534.063350010057 1.5195 1.8976 4.1014 15.515738736646984 30.515491495797676 -7.441 -1.7714513563579624 0
CAR 0.0 0 2.994630757235171 1322.2489947720944 241.3000597594138 1501.3053924686171 367.2960043320677 1.4987 1.9049 4.0972 28.067055497559192 -26.393117038380748 -6.4483 1.6352454592850747 0
CAR 0.0 0 -1.316809486189495 101.88271393366956 359.95076790915107 289.3989981781862 444.5338794889841 1.5196 1.8976 4.1284 14.74978965115314 43.694427157177344 -7.532 -1.7714513563579624 0
CAR 0.0 0 2.9987737777643786 1503.802643277617 269.8404477400774 1737.3414566646156 414.7613215571618 1.5032 1.8952 4.1044 24.76650747326491 -29.048691634834974 -6.2698 1.6352454592850747 0
CAR 0.0 0 4.835181025048653 1102.3083353198135 -270.3260473309224 1144.435144909547 -236.5181463273429 1.5038 1.8956 4.1518 -101.99184119880042 7.613381416712171 -8.2426 3.042703594160093 0
TRUCK 0.0 0 2.1590422033585144 1094.961959822048 -881.6318148160576 1334.2385427023762 -526.2034669576017 3.4461 3.0048 1.7389 -25.560559731692294 -7.465766720409642 -7.3737 0.06508000585727713 0
CAR 0.0 0 -1.298225931365506 1126.0902218559706 -336.38312917859554 1187.5697829225128 -284.7649171479282 1.4986 1.895 4.0984 -72.76266629012406 2.9391676798744664 -7.9985 -3.13094975625294 0
CAR 0.0 0 4.82825355260925 1044.6287447470738 -234.85342508342572 1072.755547208821 -211.6627665606866 1.504 1.9046 4.0984 -141.63225393557005 9.887269811491095 -9.1842 3.049728308863282 0
CAR 0.0 0 -1.2491843246853949 1269.6301221729927 -473.4888690048902 1381.8889149901763 -380.8094904702769 1.5044 1.9032 4.0978 -47.735299715137465 2.2764130472700064 -8.118 -3.1309524143388496 0
TRAILER 0.0 0 2.119403933193193 992.333617479297 -802.0133644398397 1290.6156367431433 -404.9601386993043 3.1096 3.3536 10.442 -31.251730016949704 -7.7972152346435415 -7.1405 0.07152017549412495 0
VAN 0.0 0 2.047937982602356 765.6519792331005 -383.71370046777065 817.808768764613 -309.73721762311965 1.9203 2.1008 4.4984 -67.5889 -14.424799999999998 -8.1745 0.0659191910714577 0
CAR 0.0 0 0.17709866392007323 -147.47631499929255 380.50291508743754 176.97330525076984 595.1252506413904 1.5162 1.9006 4.1032 20.476769249494726 -2.6424687768494777 -6.7749 0.12267489246373645 0
