TRUCK 0.0 0 1.6408934924209557 396.83011195761924 -4.500142425313309 494.1810203402174 102.25199366634767 4.019 2.916 2.729 66.4060290699503 2.160729684740541 -5.5219 0.1770991263252167 0
CAR 0.0 0 3.0038501914316784 1339.293369487778 198.5720562285779 1509.3301994201431 315.30024678190534 1.594 1.8966 4.5394 31.655080089579762 -28.187560084507968 -6.3337 1.6105393675152717 0
CAR 0.0 0 -1.1434907774156944 200.40627819462676 462.41839259166284 453.0672323969745 597.9745599543488 1.5196 1.8976 4.1761 11.731894746431175 29.3117037247656 -7.5683 -1.699377694422411 0
CAR 0.0 0 1.6078279322580324 411.309243430875 8.402067544984648 470.78006133372213 52.3054876067982 1.8149 1.9014 4.1022 82.13772104195382 6.255266333317326 -6.1082 0.10470072598036383 0
VAN 0.0 0 2.037568197949992 1183.3116226318932 -759.3810150685928 1416.1056045341352 -465.59280221881926 2.6198 2.2122 6.0322 -30.62995689305484 -4.5235104995916045 -7.5887 0.031140035998307912 0
CAR 0.0 0 -1.8172251068656244 1406.8980135707432 494.4284002012225 1625.6703607605546 676.3112705413097 1.499 1.9016 4.112 21.29612679146528 8.380455315569522 -6.2283 -3.0233332519838063 0
PEDESTRIAN 0.0 0 1.7342088171881076 630.6177717622461 138.81422990943454 667.5751729298624 208.37780610607894 1.7 0.7848 0.6973 39.97058439319237 -9.445827196413958 -6.0576 0.4242919206872831 0
TRUCK 0.0 0 -1.6427941243930158 1768.5944202146432 261.2695922658974 1905.873909540838 388.60367414642633 3.4079 2.7742 1.8309 50.30376239458635 7.96123258638638 -5.2988 -3.0395974269518478 0
TRAILER 0.0 0 -1.8080112732126028 74.76320919554982 1.1739108528693796 307.1316980532437 142.6346021235638 3.5682 3.0012 10.9976 56.24625637880907 8.484514551786342 -5.2107 -3.052921796683383 0
CAR 0.0 0 -1.685564744656365 1767.4196387452018 343.101839950136 1879.9412230133548 426.7386265867617 1.5064 1.8966 4.1132 44.68653863472268 7.301165630812752 -6.2711 -3.0493759430220515 0
CAR 0.0 0 -0.9084880892653613 357.43634651610654 420.4869064743922 568.1964681334667 533.989805180603 1.5195 1.8976 4.1014 15.53149247386952 30.506146507665214 -7.441 -1.6819270272704947 0
CAR 0.0 0 4.888994924826241 1107.0342747365391 -292.1547742767678 1154.7440839362364 -253.04860560151397 1.5034 1.8968 4.0982 -90.77337179529474 5.646466173870037 -8.2291 3.081900071005257 0
CAR 0.0 0 2.9456841102966775 1315.2218436081075 242.15594676917812 1493.74078729197 368.67278701346004 1.4987 1.9049 4.0972 27.988334409382233 -26.20047319872089 -6.4483 1.5881233509515706 0
CAR 0.0 0 -1.2674318320912374 109.49251986023225 399.5855547471333 322.5712856031453 501.5940061260349 1.5196 1.8976 4.1284 12.95041767081334 37.83827159351077 -7.6049 -1.7168309998735665 0
TRAILER 0.0 0 1.5275953127815565 379.1860078393052 72.1082108326209 506.9344615861577 131.34275946907258 1.2972 3.2042 7.6122 61.85686240281821 1.333994209107514 -7.0427 0.17915388867624044 0
BICYCLE 0.0 0 1.7360337062371776 887.795190972994 243.3426072186282 930.0230622595013 341.15333416432765 1.7402 0.8236 1.4456 30.37412388680645 -16.02039601116635 -6.8021 0.47570316638641924 0
CAR 0.0 0 -1.6685527313841573 1608.7312348246028 342.8775738780065 1727.613344922772 426.95898411108385 1.4986 1.895 4.0984 41.416956019337746 10.656482987455583 -6.2699 -3.0136867508378455 0
CAR 0.0 0 -1.6919084963415079 1430.0700332396082 346.31662767246553 1557.9421670767256 432.7674975282879 1.5038 1.8954 4.152 37.55972203093144 14.235183832103782 -6.3408 -3.0089030420877094 0
CAR 0.0 0 4.989115838212026 1262.079751549376 -407.1401139290813 1351.48582293687 -337.0172813777331 1.498 1.8954 4.1042 -58.3194396237699 5.312213033765804 -8.3635 3.141428118190829 0
CAR 0.0 0 3.0698269450214486 2588.8799865622054 242.57111262079172 2952.4850194443816 361.9954769524603 1.5032 1.8952 4.1044 26.726505663204158 -57.162303755493404 -6.2698 1.6071949858009207 0
CAR 0.0 0 -1.6437187695943127 1689.0084961378484 279.9175546922131 1772.2709943976881 334.47721443673595 1.4994 1.9016 4.0998 60.48860279664403 12.66769781262485 -6.2208 -3.0393757420720453 0
CAR 0.0 0 -1.433256090944313 27.443719018284174 293.2240004364327 171.80871186398878 350.64660155178024 1.5196 1.8976 4.1284 18.068914470241687 61.285262094399954 -7.532 -1.7342843053404915 0
CAR 0.0 0 4.863028694314637 1039.2475205983137 -280.111156085053 1074.2610431682867 -249.21374575073557 1.5034 1.8968 4.0982 -114.2824 5.0097 -9.8725 3.0469927222473094 0
CAR 0.0 0 -1.1884418803454404 1478.9413535823278 -656.3465334573855 1674.6554399714119 -501.300720288773 1.496 1.899 4.103 -34.056547752696765 2.9414130942868555 -8.3985 -3.1098516261328566 0
