CAR 0.0 0 2.9249509990105373 1433.4548494904482 323.8234370153629 1710.5246499454456 515.7425081094846 1.551 1.9022 4.6956 21.403930677872943 -26.242752802563135 -6.4702 1.6140760596521562 0
CAR 0.0 0 2.9480349798881567 1351.7672930898616 214.25226896590618 1515.403725964285 324.02467021123357 1.5 1.8998 4.0998 31.361700990251585 -28.353000170472246 -6.555 1.562018017330398 0
CAR 0.0 0 2.9828188395292523 1791.3397171359288 317.99995352542584 2131.2325812890094 491.36443489485384 1.5 2.037 4.3995 21.687471910709267 -33.445760334026374 -6.4402 1.6146851398907596 0
CAR 0.0 0 -0.993424931216125 342.03217852040194 411.8633233631235 549.5458560852222 525.0678034461629 1.5999 1.899 4.0996 15.68582126897584 31.53270833839045 -7.4486 -1.7574534447408663 0
CAR 0.0 0 -1.0369320064534993 274.5351881729642 375.80332981580165 461.2478245811956 466.725620349171 1.5 1.899 4.0996 16.79551332848744 37.519264941385146 -7.4503 -1.757453444740867 0
CAR 0.0 0 2.9090210643581482 1346.7496035304755 239.4430571788275 1529.5591144154307 365.28437586900566 1.5 1.8998 4.0998 28.041930455537017 -26.950476872460033 -6.4052 1.5445674198756585 0
CAR 0.0 0 3.0196045565848957 1606.064539771151 202.95380811281632 1798.9465320505747 307.4672527133625 1.5 1.8998 4.0998 32.00164945287623 -35.414719327771664 -6.4191 1.5969143524866567 0
CAR 0.0 0 -1.282248101679746 128.2698737918473 409.40651245607313 345.43007726502424 517.1202253008843 1.553 1.899 4.0996 12.822933177145325 36.31859213637814 -7.6325 -1.7574534447408667 0
CAR 0.0 0 -1.2308015896042062 178.54304846155628 456.2756827655372 428.5595206157651 595.4546778285633 1.6483 1.8736 4.0995 11.509240940367691 29.865511592470924 -7.5421 -1.7580622104290475 0
PEDESTRIAN 0.0 0 3.6184732234743304 803.0612683976117 109.33515434578044 829.7732528563369 173.17050097186865 1.7024 0.7548 0.7211 43.651225953320434 -14.106706566457403 -5.7738 2.2187577093109483 0
TRUCK 0.0 0 -1.5962673429631726 1728.3781907109492 242.4139480328143 1909.3472335645088 417.5253550454086 4.083 2.9959 5.8323 46.98084491905874 8.005474962928433 -4.9879 -2.9908413064371224 0
PEDESTRIAN 0.0 0 -2.229902245333428 1867.350954226421 1733.0859460202134 2492.771083390074 2301.6848088940455 1.8354 0.7406 1.0616 3.370128814865316 -19.133833221547047 -6.551 -3.04477252578078 0
CAR 0.0 0 -1.3877103673282598 58.926009454451346 339.7841015662512 232.0355258926246 414.1148649841226 1.4996 1.899 4.0996 15.292807359844792 48.99046058892078 -7.6 -1.7574534447408674 0
CAR 0.0 0 -1.6946174566058392 1537.0141410050012 298.0966034285127 1637.4206469277783 362.90251430051956 1.4954 1.9024 4.0993 48.9595468034067 14.948162657009984 -6.0972 -3.060890406115459 0
CAR 0.0 0 1.8284286896744033 920.1988802932399 -365.41684230196336 965.9191161183405 -309.8279606459832 1.5026 1.7336 4.1034 -71.53682213567973 -7.5320258843388705 -8.5742 -0.08572943911852897 0
TRAILER 0.0 0 -1.588719103082917 1718.4825764379302 223.25108483669837 1908.5475738487728 397.7664741190684 4.1525 3.0019 10.9977 52.108811195701534 8.772135089884653 -4.8941 -2.994543022300242 0
CAR 0.0 0 4.906503230480107 1040.4133509920184 -288.3507771003703 1077.7044567097225 -255.29142849506985 1.4984 1.8986 4.0986 -107.7761 4.0798 -9.697 3.084646287186393 0
