CAR 0.0 0 2.994152076575696 1342.3750916871027 198.46338089402596 1512.791686065694 315.1014784243552 1.594 1.8966 4.5394 31.668221932853008 -28.273397631061222 -6.3337 1.600338874245188 0
CAR 0.0 0 -1.2202993707076883 197.0377661127121 462.95983812804036 450.39987905278093 598.8420575337991 1.5196 1.8976 4.1761 11.66837591062436 29.310951237454596 -7.5683 -1.7714513563579624 0
PEDESTRIAN 0.0 0 1.3441775554293933 628.5738834964845 138.96468446151536 665.6424795650498 208.58090954236744 1.7 0.7848 0.6973 39.94409543368561 -9.394193815858303 -6.0576 0.03527947359358131 0
TRUCK 0.0 0 -1.6517352420024876 1767.3775712965185 261.1152141508865 1904.4755180663415 388.3159540634267 3.4079 2.7742 1.8309 50.327579968012486 7.9999420203894385 -5.2988 -3.048531819335291 0
TRAILER 0.0 0 -1.8650444194011722 46.46840424179435 4.977725902596653 292.8902929668061 152.91864563148087 3.5682 3.0012 10.9976 54.22930156776569 8.383021608286091 -5.2107 -3.0427454332082586 0
CAR 0.0 0 -1.6859505001701165 1766.761134801375 343.09783395285694 1879.3085682920098 426.7366844657724 1.5064 1.8966 4.1132 44.67339280285223 7.315303869960998 -6.2711 -3.0496920303081225 0
CAR 0.0 0 -0.9975259604510975 357.69088847813555 420.2515420275572 568.2734209791494 533.6310375492651 1.5195 1.8976 4.1014 15.547678784952907 30.526580399477464 -7.441 -1.7714513563579624 0
CAR 0.0 0 2.994473477376813 1323.336646010459 241.70738466343334 1502.8032496645878 367.91136881792295 1.4987 1.9049 4.0972 28.028141882834152 -26.404703258984167 -6.4483 1.6352454592850747 0
CAR 0.0 0 -1.3236177406014373 98.70259559268437 361.27166122238424 287.38861841450364 446.4631073229901 1.5196 1.8976 4.1284 14.612316679169716 43.52224804280308 -7.532 -1.7714513563579624 0
CAR 0.0 0 2.9995292963250524 1499.422737341837 268.3695112389529 1731.1347357469183 412.4753866709168 1.5032 1.8952 4.1044 24.884995755531932 -29.011875348406306 -6.2698 1.6355500457802374 0
CAR 0.0 0 -4.276083508178909 -19485.430249704998 1478.7017632585132 -3559.16709127151 5675.928874428903 1.6286 1.9033 4.096 4.6596070049380245 7.048950214071429 -5.8659 -3.045077485525208 0
CAR 0.0 0 4.854244372822682 1141.773311732533 -309.1071888206875 1196.0597298332698 -265.5333294465884 1.5038 1.8956 4.1518 -83.48968200720783 6.178399083288506 -8.2426 3.042703594160093 0
CAR 0.0 0 -1.973181152291853 1047.9564434083193 541.5266494773715 1317.9093878550893 759.272776403901 1.5026 1.902 4.1038 15.598857905764833 11.198961856552938 -6.3397 -3.046295611570412 0
TRUCK 0.0 0 2.0203215476749965 943.5504329975894 -509.8164423581551 1056.7421802224758 -342.5249710394582 3.4461 3.0048 1.7389 -45.70304733948222 -8.212868649400166 -7.3737 0.0476240649650965 0
CAR 0.0 0 -1.2182250776524846 177.00654517132713 407.9760813451414 387.87349667049887 512.2829172916682 1.5196 1.8976 4.1284 13.809790763424196 36.07284174637844 -7.6972 -1.7714513563579624 0
CAR 0.0 0 -1.2514219805354292 1203.8365539931451 -411.7954370838634 1292.339344617063 -338.08666579522446 1.4986 1.895 4.0984 -55.84101820394433 2.2846002553722093 -7.9985 -3.1134964637329965 0
CAR 0.0 0 4.8284095035376335 1038.4071314821476 -255.62750507975423 1070.6339558893305 -228.14067909298396 1.504 1.9046 4.0984 -123.49660980915182 6.432107176540093 -9.1842 3.0322750163433385 0
CAR 0.0 0 -1.1974133326918888 1539.4351526697574 -680.5190493849377 1760.201997800792 -511.3642606490293 1.5044 1.9032 4.0978 -31.741499999999995 3.3149999999999995 -8.118 -3.1134964637329965 0
