CAR 0.0 0 2.924951959739977 1433.3698563859791 323.80164834799365 1710.402944032756 515.7060361661978 1.551 1.9022 4.6956 21.405316638915643 -26.24172756487067 -6.4702 1.6140760596521568 0
CAR 0.0 0 2.9480400435062823 1351.7525378870853 214.24342188137862 1515.3817473262784 324.0115557446863 1.5 1.8998 4.0998 31.362713016752554 -28.353000016908844 -6.555 1.562018017330398 0
CAR 0.0 0 2.9823351812944234 1791.0784777244241 318.2497246061241 2131.170611310764 491.7808843435097 1.5 2.037 4.3995 21.671709248850178 -33.42929531983719 -6.4402 1.6143806461473198 0
CAR 0.0 0 -0.9953308377350982 340.52866134682955 412.1626422636456 548.3682895776291 525.53234316543 1.5999 1.899 4.0996 15.646256576346232 31.524210604280007 -7.4486 -1.7574534447408663 0
CAR 0.0 0 -1.0347593842917793 276.15685223496536 375.73514582656793 462.7034724513667 466.6171272559939 1.5 1.899 4.0996 16.8289591958703 37.499482683127844 -7.4503 -1.757453444740867 0
CAR 0.0 0 2.926647357226922 1345.776164744727 239.04386206304562 1528.1914483153632 364.67969221536197 1.5 1.8998 4.0998 28.080327014517913 -26.941964845070558 -6.4052 1.562023372950315 0
CAR 0.0 0 3.019625817227487 1606.366801182282 202.96404754960975 1799.2937838153944 307.48000238917155 1.5 1.8998 4.0998 32.00037622377994 -35.42228355657818 -6.4191 1.5969143524866567 0
CAR 0.0 0 -1.2852170681549733 126.55345198432623 409.68480718254847 344.0480506313735 517.5466804671845 1.553 1.899 4.0996 12.78349755055675 36.31184019791151 -7.6325 -1.7574534447408667 0
CAR 0.0 0 -1.2292351712514025 179.69882801049954 456.296076533074 429.6197897275368 595.4794394529229 1.6483 1.8736 4.0995 11.523932961073267 29.847267595036513 -7.5421 -1.7580622104290473 0
PEDESTRIAN 0.0 0 3.5825645192767075 700.6069646117272 117.3334385107042 732.218069842756 184.0851434585091 1.7024 0.7548 0.7211 41.92980818480743 -11.197588718464049 -5.7738 2.2187577093109483 0
TRUCK 0.0 0 -1.5987307150598844 1730.8899694225374 245.56254161021997 1916.5694512813518 426.0603515311883 4.083 2.9959 5.8323 45.8124478344255 7.720065780987933 -4.9879 -2.9908413064371224 0
CAR 0.0 0 -1.3784547197688632 63.026956535458545 339.45302225980987 235.63236255526073 413.62556029673885 1.4996 1.899 4.0996 15.400052981311871 48.97580229846063 -7.6 -1.7574534447408674 0
CAR 0.0 0 -1.6935560558942246 1501.9690194042028 314.83960756116454 1613.2592658091535 387.88648861343387 1.4954 1.9024 4.0993 43.80186067481732 14.410112589817683 -6.0972 -3.0434344555096065 0
CAR 0.0 0 2.0219033202361225 952.683510965853 -506.08090828539525 1026.6158863471085 -408.6768350144323 1.5026 1.7336 4.1034 -48.28188922620268 -8.243403310519493 -8.5742 0.01900874170401004 0
TRAILER 0.0 0 -1.5902047987260888 1719.8589194957526 225.5789571472517 1914.1525286589583 405.30724631835034 4.1525 3.0019 10.9977 50.91674756899625 8.502372521503775 -4.8941 -2.9939342325180367 0
PEDESTRIAN 0.0 0 0.782609565786267 1135.5073292198547 244.24314858958968 1158.6969312291133 283.54780467353504 1.7 0.699 0.7911 55.9817 37.2166 -6.2554 -0.5621787645179964 0
CAR 0.0 0 -1.635658651932883 1669.2572667494444 257.82933714353874 1744.6682303865266 305.21267558822467 1.4954 1.9024 4.0992 66.8523 14.8524 -5.9684 -3.0434344555096065 0
