CAR 0.0 0 2.7160308077556845 1776.744501285165 302.44296426681217 2176.3276137425064 489.0382017709329 1.5023 1.898 4.937 13.762316386743242 -24.78377388594816 -6.5925 1.3410568121408173 0
CAR 0.0 0 2.6525338596849544 1308.4284819182249 235.02004804554295 1522.267650555608 363.4653383693433 1.5177 1.898 4.0963 22.018606797993893 -19.760486500584406 -6.7131 1.2886889732761384 0
CAR 0.0 0 2.6593061199066974 1405.6738425066274 310.55955430742307 1741.3466883190047 508.81222752524724 1.5541 1.898 4.9169 15.746321746107453 -17.69621714963997 -6.7043 1.3410568121408173 0
CAR 0.0 0 -1.4780927035850848 217.84452536779784 440.1278068489369 441.87902424504585 577.3892236335147 1.6474 1.9008 4.0966 22.254163330943765 38.912415525102 -8.1942 -2.059644171057918 0
CAR 0.0 0 2.714349295110889 1588.0361428338886 198.4476430597193 1811.5899491951377 301.8478848412373 1.396 1.8974 4.3588 23.238004105351017 -29.469600163779887 -6.6116 1.2886889732761395 0
CAR 0.0 0 -1.2813298847831 368.45748081023686 397.4300305460284 550.4366524971533 511.26991413391204 1.6474 1.9008 4.0966 26.74434435173129 39.36834044992016 -8.1431 -2.077097463577861 0
TRAILER 0.0 0 4.31049498376727 1622.4069402349157 262.1707113237034 1876.751307323609 539.0738844142107 4.11 3.0032 11.0896 38.03772602113321 10.219900711178331 -5.5143 2.9583388638583807 0
VAN 0.0 0 4.350266715959018 1705.1273391640943 281.80632058947214 1814.221020140275 372.75450801720496 1.9994999999999994 2.0167 6.000200000000007 54.38881281893322 6.937765636452413 -6.3098 2.9624863797598247 0
CAR 0.0 0 2.0382157439281974 273.63184689598427 226.94464081970202 378.0068024523768 276.6593630872596 1.7 1.8454 4.0952 48.43813327528302 66.81506561117737 -7.2475 1.1232046922390297 0
TRUCK 0.0 0 4.421771735658421 1600.6557622372422 314.7114486265007 1855.0168009159668 594.6638113667877 3.9074 3.0032 5.6574 31.32652862066484 11.362727814320987 -5.6171 3.1038046078772235 0
PEDESTRIAN 0.0 0 2.7719865135990576 623.8800570365127 131.7484848837266 659.7919075119594 200.41009201381385 1.7 0.6996 0.9374 39.72392857691923 -6.620633276732772 -6.4566 1.4538021921240931 0
VAN 0.0 0 4.392801325758604 1735.323233404466 219.8172390131686 1816.818355964345 284.2104716393859 2.3536 2.2034 4.7012 76.07482033281683 3.0087585373838923 -5.6925 2.9624863797598247 0
CAR 0.0 0 2.673085311237317 1284.3602644284194 206.28241162713945 1472.9971487681444 317.208165178958 1.4974 1.9028 4.1016 25.0541 -21.2274 -6.7407 1.2886889732761388 0
CAR 0.0 0 4.343538772373285 1730.5174296657472 260.0103157544787 1806.8139777910958 312.17204115845266 1.497 1.9045 4.1242 66.9657 4.6153 -6.3153 2.9327921430770307 0
CAR 0.0 0 -1.3351592233495277 286.4058284493367 362.3543130961011 454.7803711152811 452.83152064359797 1.4982 1.8994 4.098 29.4392 45.0252 -8.1687 -2.077097463577861 0
