CAR 0.0 0 2.925055215652385 1434.0817932805671 323.83470290367774 1711.302006601746 515.7545512045324 1.551 1.9022 4.6956 21.40287522100184 -26.254335241480298 -6.4702 1.614076059652156 0
CAR 0.0 0 2.948033024628262 1351.773420737981 214.25575887667412 1515.412743765716 324.02984091896155 1.5 1.8998 4.0998 31.361301745675547 -28.353008201656262 -6.555 1.562018017330398 0
CAR 0.0 0 2.9825676868511444 1792.5705335019218 318.6519627129514 2133.3560363475544 492.4312179459242 1.5 2.037 4.3995 21.64523419824956 -33.440853715995914 -6.4402 1.6146851398907596 0
CAR 0.0 0 -0.9938035738998455 341.8823906848127 412.09149406474603 549.5614159342367 525.4160049036832 1.5999 1.899 4.0996 15.671163917862259 31.510049108270245 -7.4486 -1.757453444740866 0
CAR 0.0 0 -1.036811855383182 274.73594764901577 375.9472038046507 461.53116637280135 466.93520200281137 1.5 1.899 4.0996 16.789836783534106 37.49465134274672 -7.4503 -1.7574534447408667 0
CAR 0.0 0 2.9091895128380605 1346.7607534704305 239.23446203428753 1529.4418833259665 364.96370154526704 1.5 1.8998 4.0998 28.061827400506022 -26.958208333064857 -6.4052 1.5445673833066762 0
CAR 0.0 0 3.019680440759954 1607.1726467701176 202.99431045059404 1800.221773886581 307.51842065668586 1.5 1.8998 4.0998 31.99661855245959 -35.442243099240685 -6.4191 1.5969143524866567 0
CAR 0.0 0 -1.282090271316796 128.39474749243553 409.50593980277864 345.61426345038547 517.2684260186095 1.553 1.899 4.0996 12.820536463083032 36.303987011816965 -7.6325 -1.7574534447408667 0
CAR 0.0 0 -1.2282294246038186 179.98394455897864 456.2810173124929 429.86722395788377 595.4539237714669 1.6483 1.8736 4.0995 11.528259665262448 29.844613286350317 -7.5421 -1.7574534447408667 0
PEDESTRIAN 0.0 0 3.656839327102811 956.6635176142815 99.61119398570459 983.585420513189 159.69242100064457 1.7024 0.7548 0.7211 46.025705942065926 -19.08381064742607 -5.7738 2.2187577093109483 0
TRUCK 0.0 0 -1.5962678998150508 1728.2398453741084 242.39880029686682 1909.1923584418396 417.48746675704786 4.083 2.9959 5.8323 46.98345747566264 8.009625317659882 -4.9879 -2.9908413064371224 0
PEDESTRIAN 0.0 0 -2.029908025748518 1301.2935048295765 734.2736358025575 1465.1484008655505 981.9742341852082 1.8354 0.7406 1.0616 10.597655133180451 -18.856766297455394 -6.551 -3.045077297963178 0
CAR 0.0 0 -1.3906647012530586 57.63002233530664 339.9703327412435 230.95685631429947 414.3851706488969 1.4996 1.899 4.0996 15.253640374827537 48.9777340693053 -7.6 -1.7574534447408667 0
CAR 0.0 0 1.659454432367052 477.4021855705126 -10.982565774789316 522.4504635111399 18.98774871720952 1.4964 1.9028 4.1049 100.04134654605322 6.70824804968721 -6.0111 0.09618390726240347 0
TRAILER 0.0 0 -1.5889210126707916 1718.1538344566918 223.60761488106616 1908.0535719802697 397.98811419954984 4.1526 3.0019 10.9977 52.154998517970114 8.787321210910497 -4.9096 -2.994543022300242 0
CAR 0.0 0 5.0039019783104 1208.8031332086603 -420.43112906303156 1298.03009853454 -345.81770291318037 1.4984 1.8986 4.0987 -55.85683018678266 2.4569955741868883 -8.2432 3.1370140388056007 0
CAR 0.0 0 1.365725825648949 351.4371756433213 88.2708583703383 442.7540499428932 149.15553682500382 1.5 1.9032 4.1049 54.37834594036085 1.2485324098379653 -6.6873 0.0827779746539169 0
PEDESTRIAN 0.0 0 0.7385781077313665 1025.5145850194633 247.28199926243653 1048.9805302402435 288.4325070837474 1.7 0.6991 0.791 50.17250730127134 39.58176168252311 -6.1958 -0.5796320570379399 0
CAR 0.0 0 -1.6475090300565403 1680.9645706380984 250.94539344517887 1752.2172392784282 295.3559467454617 1.4955 1.9024 4.0993 70.931 15.2674 -5.9707 -3.060890406115459 0
