CAR 0.0 0 2.7241434888708413 1775.8837480022655 301.70557485833405 2174.3699235813365 487.73054294446007 1.5023 1.898 4.937 13.805765649219854 -24.81580934117092 -6.5925 1.3488135988365395 0
CAR 0.0 0 2.65669641027299 1320.572006457314 235.05162965981728 1535.8379722811262 363.3716366700746 1.5177 1.898 4.0963 21.936134737030656 -20.03268281158581 -6.7131 1.2910181249559243 0
CAR 0.0 0 2.656110468405802 1406.9077305150845 311.80837463121594 1744.1103111174605 511.0523589334718 1.5541 1.898 4.9169 15.671323725220814 -17.662825811188732 -6.7043 1.3385813619489222 0
CAR 0.0 0 -1.470534584863592 211.43008093168868 440.8669524928681 436.74900547766464 578.6071123728701 1.6474 1.9008 4.0966 22.1494897537535 38.96851845474888 -8.1942 -2.043220920331697 0
CAR 0.0 0 2.7213351482275554 1591.2766869576856 198.42268966715736 1815.124370926365 301.773986801609 1.396 1.8974 4.3588 23.21660653370142 -29.55936767883194 -6.6116 1.2953621165572875 0
CAR 0.0 0 -1.3033512490795869 350.62162710516986 399.7012235218678 535.953746951408 514.8799354984171 1.6474 1.9008 4.0966 26.35826585742328 39.52906479199122 -8.1431 -2.078132818304195 0
TRAILER 0.0 0 1.2807908267497035 387.62900212387586 25.745709055662527 541.0278933461705 234.8518934365481 4.11 3.0032 11.0896 43.166505319041676 -1.9248390773110042 -5.5143 -0.03317677652702169 0
VAN 0.0 0 4.3563938266151085 1669.081831195332 310.7521473490623 1817.4998155744909 448.2811414051431 2.3536 2.2034 4.7012 39.95380797915368 9.659632008660779 -5.6925 2.998485154988188 0
VAN 0.0 0 2.785796977523072 2087.80029364443 249.73866274239958 2631.0943716615525 465.0036738465978 1.9972 2.1978 5.9954 12.282677680610783 -32.61341417736492 -6.1821 1.3630240930533906 0
CAR 0.0 0 2.746161693241529 1576.570956932395 258.3994098869346 1852.408364852035 402.2785291094683 1.4974 1.8977 4.0982 17.721629406107024 -23.331052593075878 -6.4838 1.3642834977290486 0
CAR 0.0 0 4.316963926091629 1699.1021208534382 317.3678312897354 1797.746053814861 393.00014618794796 1.5036 1.8952 4.097 50.013575345782854 7.812654477990096 -6.6445 2.946070430889118 0
VAN 0.0 0 -2.8424229089590742 -518.7210967323927 366.47195715690077 6.955688395515264 804.36800542662 2.5368 2.1676 5.7104 18.139936714830938 6.813023735322895 -6.6447 -2.4777417642493327 0
CAR 0.0 0 4.356831059040841 1715.8279847497145 284.66365686738925 1800.6975886045323 346.0330258746507 1.5128 1.9018 4.1024 59.195164253253324 6.144745756385958 -6.5594 2.9631082532858897 0
CAR 0.0 0 4.302911706580262 1480.2014428613259 321.01148749779884 1552.244525670637 394.4095794782352 1.5022 1.9049 4.1038 48.72706193769145 14.66265087803593 -7.16 2.9631096288826786 0
PEDESTRIAN 0.0 0 2.678400177024861 624.863509477151 131.05444639582737 661.4270853170704 200.9679937487477 1.7526 0.7308 0.855 39.8314835437088 -6.675565113944187 -6.4758 1.3596365322624513 0
CAR 0.0 0 4.299525001132426 1636.2439178689517 474.7960583820123 1794.4899081840592 637.6608563729321 1.4954 1.7998 4.3147 28.748655975796318 11.44602804108097 -7.0466 3.041131280997928 0
CAR 0.0 0 2.779758229117636 1930.072608292708 250.09860194783363 2243.8169272203936 385.92758508937357 1.4878 1.9007 4.104 15.748347001004715 -31.387771803377838 -6.404 1.3590267776864633 0
CAR 0.0 0 2.687220601412608 1324.4116769246832 202.4728982690121 1516.2910879296546 312.1678104661187 1.4974 1.8976 4.0982 24.885885809761913 -22.297657169932485 -6.6735 1.2944598052176606 0
CAR 0.0 0 -1.334232648417796 293.55943585316066 367.80353505890645 461.14087869267746 458.87709709860235 1.5016 1.8992 4.1002 29.5011 44.8619 -8.3248 -2.078132818304195 0
