CAR 0.0 0 2.9344320699035324 1431.6124541047016 323.36433269265 1707.8976595976008 514.9747480414055 1.551 1.9022 4.6956 21.43319190805814 -26.220152583050403 -6.4702 1.623546125928737 0
CAR 0.0 0 2.940469779528626 1352.7144420691923 213.8949298037057 1516.2633120008807 323.4820822905287 1.5 1.8998 4.0998 31.40239645555193 -28.3930852071673 -6.555 1.5540367973984677 0
CAR 0.0 0 2.9725355255791968 1784.5838986428703 320.0391499630429 2125.1981040653136 494.81656477834485 1.5 2.037 4.3995 21.562109388222954 -33.22038778664611 -6.4402 1.6063940518724338 0
CAR 0.0 0 -1.051956842833932 340.71612472345953 412.0627579567569 548.4731670065395 525.3791744471989 1.5999 1.899 4.0996 15.654557421248107 31.532148775133937 -7.4486 -1.814376792617349 0
CAR 0.0 0 -1.0888153253405175 278.8577954402157 375.69846163328805 465.1800464369947 466.5489856948723 1.5 1.899 4.0996 16.879732225309144 37.4553174194448 -7.4503 -1.815035752896246 0
CAR 0.0 0 2.9183742952315885 1346.031782580686 239.07104900199167 1528.5021767894582 364.71916343802394 1.5 1.8998 4.0998 28.077652656800186 -26.94698207465659 -6.4052 1.55373295563943 0
CAR 0.0 0 2.993970880100311 1605.622477843724 203.19639118997242 1798.6289288381458 307.8332987793569 1.5 1.8998 4.0998 31.971959240140123 -35.385788530389526 -6.4191 1.5714874523490754 0
CAR 0.0 0 -1.333511482300905 132.16312262986852 409.5742759886311 349.1233995613741 517.349584908383 1.553 1.899 4.0996 12.877272166501495 36.23312493324225 -7.6325 -1.8150357528962455 0
CAR 0.0 0 -1.2491861368024266 180.7930923029677 456.3452623578533 430.64461965321715 595.5499149394234 1.6483 1.8736 4.0995 11.536797302790307 29.827250922517447 -7.5421 -1.7794770025999547 0
CAR 0.0 0 -1.4412020591472139 60.93042714516591 341.2850371734398 234.97118904696595 416.23298395289265 1.4996 1.899 4.0996 15.23611479053485 48.63178411457954 -7.6 -1.8150357528962455 0
CAR 0.0 0 -1.5806397951429847 1510.0665790624194 315.01800622256314 1621.1342454385442 388.1031178841675 1.4954 1.9024 4.0993 43.949201194483024 14.212366429211823 -6.0972 -2.931490519625712 0
TRAILER 0.0 0 1.7138064636850656 406.7704876082839 -41.87326835940045 522.466768433947 60.14301282527611 4.1525 3.0019 10.9977 81.55529540794657 4.4638927586765895 -4.8941 0.15668156196939406 0
VAN 0.0 0 3.0185663639261557 2084.5777838901636 267.9753772174617 2600.04744379704 488.44196074580077 1.9996 2.198 5.9958 22.01468505311278 -40.63265789075073 -6.0941 1.6063940518724342 0
VAN 0.0 0 -0.9009723712720159 595.972088321266 430.1501382834598 914.7856361869915 971.6540718429911 2.008 2.2032 5.9814 12.485139083824597 -13.538358517292494 -5.3721 -1.7459271238186072 0
CAR 0.0 0 -1.6179554515126837 1615.6100154585347 339.77258333681846 1729.9097423279284 420.2455061101381 1.5018 1.9004 4.0996 43.222325393233874 10.910140813984444 -6.4196 -2.9663937196666668 0
CAR 0.0 0 -0.24224549740681667 1858.9959330918675 530.9568324621737 2430.6328641908494 866.5637371080438 1.4988 1.8988 4.4506 13.08851603597264 -28.30731002559988 -6.6137 -1.4981035976588846 0
PEDESTRIAN 0.0 0 2.7842402409867737 616.2029359408107 128.5043103458565 649.8464334549274 195.99231617353007 1.7 0.7049 0.6977 41.3725 -8.848 -6.0007 1.463938363012554 0
CAR 0.0 0 3.005075181592713 1804.8206302443718 269.9137035618387 2081.7217265701433 408.7137252530236 1.496 1.899 4.1016 25.077175632409748 -35.95573951284377 -6.3787 1.6063940518724338 0
CAR 0.0 0 -2.7957910967805586 -384.85089117465935 343.7976882032744 -10.501540880720338 552.443353171272 1.5312 1.8982 4.1041 21.084788682585856 0.40822174145608403 -6.3594 -2.400619157598841 0
CAR 0.0 0 -1.5441035021920986 1716.6606604394644 434.75499409589946 1881.9261052338113 572.5611332228799 1.4975 1.9044 4.1025 29.870750928466816 5.695933417650053 -6.2146 -2.844235275153374 0
CAR 0.0 0 2.1743191933662303 1072.7910939037504 -824.2141361258733 1242.932071128332 -602.3401643046369 1.496 1.899 4.1016 -28.389198213591232 -7.804429402871353 -8.3294 0.053095977228740515 0
CAR 0.0 0 2.0292355695270716 973.9140643986061 -535.7315923713838 1063.8501010925904 -426.410729372363 1.496 1.899 4.1016 -44.24146434950463 -7.918078609784179 -8.355 0.01820746474109224 0
CAR 0.0 0 -1.37353547378885 98.63377459868443 368.87659063824725 288.92160026659576 455.2040222847236 1.4982 1.899 4.1016 14.3584 42.8622 -7.6255 -1.8150357528962455 0
VAN 0.0 0 0.002708758000327327 3198.8897046640745 348.83833974219243 4277.999618504412 684.0578114122484 2.5492 2.1288 5.4747 15.0648 -53.7371 -5.8839 -1.432135582696031 0
