CAR 0.0 0 2.72297226779903 1326.9245608289898 189.99392787186017 1533.418950439161 312.40191551749297 1.7194 1.8964 4.5202 24.92513623888661 -22.554391687997217 -6.5435 1.3245750439438138 0
PEDESTRIAN 0.0 0 3.5161760551121084 651.7613777652481 138.07319492525036 686.3250861570432 206.2412307173228 1.7 0.6968 0.7192 38.87948549566559 -7.244204630972431 -6.5112 2.1967451706389425 0
TRUCK 0.0 0 4.382640772441645 1695.3955812791212 266.4791226268213 1837.182562270339 397.86658500302525 3.487 2.935 2.072 50.08668811259211 7.462450913624249 -5.9211 2.996917376801119 0
CAR 0.0 0 2.6690494336345942 1280.7730118759632 232.07678522152256 1491.1146019986809 359.5771237174902 1.504 1.9011 4.104 22.286392427081697 -19.192409669747974 -6.6643 1.3071218474788944 0
CAR 0.0 0 -1.4892951086438746 221.25085679584006 452.00718490830025 446.97457576400274 585.8231754609691 1.5003 1.9029 4.0972 21.954083373284252 38.488611813346985 -8.2755 -2.067370310837955 0
CAR 0.0 0 -1.2649377062570317 390.08337819075814 413.3535555949386 572.1159145127946 525.0201160327134 1.4969 1.8793 4.0996 26.356217915082258 38.36287871514049 -8.2924 -2.067370310837955 0
CAR 0.0 0 2.6893965887245743 1486.9057663507372 238.86572608011966 1764.1864875519798 386.97684808840114 1.498 1.8978 4.2058 17.941508974851498 -21.060133342577206 -6.0071 1.3071218474788946 0
PEDESTRIAN 0.0 0 1.3395952987044522 633.0019676039315 141.34112743414533 668.3816476100775 210.66465834150043 1.7 0.6974 0.7026 38.33143552509018 -6.627121986558736 -6.4943 0.032453203031635944 0
CAR 0.0 0 4.357621513850714 1707.893213063487 344.04096132802795 1819.3383377298378 431.12243470496924 1.5032 1.8996 4.0986 45.2156343039983 8.109286725554941 -6.7781 3.0025524356826883 0
TRAILER 0.0 0 4.397844717906122 1691.7636770646834 226.50917778387972 1852.9651662231206 383.99798961938114 4.117 3.002 6.0508 53.670832731866525 6.938065127836465 -5.4223 2.995539632768037 0
CAR 0.0 0 2.7392602823313466 1862.6969186091321 217.7430489025439 2176.469880849374 353.75134817062445 1.4956 1.9016 4.1016 16.12358778898767 -29.382440223386443 -5.6954 1.307717584571804 0
VAN 0.0 0 -0.31848662269573724 3409.062559943485 341.22122438396985 4303.617163041364 578.6962336493858 1.8784 2.1996 5.9972 1.2466733619193404 -55.543363277079685 -6.9284 -1.772035088766517 0
CAR 0.0 0 -1.389159659875055 209.03406084135267 318.3984191298902 357.83583676000603 390.1127367868565 1.501 1.901 4.1044 33.97201369885944 53.48259459310886 -8.2531 -2.067370310837955 0
VAN 0.0 0 -0.7954789447543723 -2097.3276054330486 577.2757636394198 -580.4305978905202 1385.339419715574 2.6032 2.3432 5.4312 13.75149129234279 11.239055006006073 -6.8554 0.10234665294116659 0
CAR 0.0 0 2.7819076765714654 2094.5750846350024 200.92650547568817 2398.194482899693 315.23331803075536 1.5038 1.901 4.3724 17.299851052698553 -39.93128872204901 -6.1565 1.324577888427898 0
