CAR 0.0 0 2.9346097673144538 1431.96178679061 323.2103321689545 1708.2018129528637 514.7059786867507 1.551 1.9022 4.6956 21.44245930711893 -26.23092386952772 -6.4702 1.6235461259287367 0
CAR 0.0 0 2.9400731535744837 1355.677536887785 214.8977531167259 1520.2174982609183 324.95789292419647 1.5 1.8998 4.0998 31.28757869629862 -28.42641361744947 -6.555 1.5540367973984677 0
CAR 0.0 0 2.973564774883395 1790.7799247341934 319.50182287558414 2132.068102551195 493.8589450984831 1.5 2.037 4.3995 21.592390654738765 -33.367122989001324 -6.4402 1.6063940518724338 0
CAR 0.0 0 -1.0487761558921003 343.27685385658896 411.61845825588335 550.5228304996715 524.6877715558959 1.5999 1.899 4.0996 15.718480756019565 31.5394304548809 -7.4486 -1.814376792617349 0
CAR 0.0 0 -1.0916894719859318 276.8775213025506 376.0210732599843 463.56436116583643 467.0319148808608 1.5 1.899 4.0996 16.82340064373385 37.444708247000676 -7.4503 -1.815035752896246 0
CAR 0.0 0 2.918461934804524 1346.5519650625738 239.06092435922545 1529.0937403075245 364.6989210517912 1.5 1.8998 4.0998 28.078464537607694 -26.95953660501238 -6.4052 1.55373295563943 0
CAR 0.0 0 2.994253819122875 1606.1276577645053 202.85076109000948 1798.941328497587 307.31282755955834 1.5 1.8998 4.0998 32.01428430585218 -35.423609291120684 -6.4191 1.5714874523490754 0
CAR 0.0 0 -1.333479684241289 132.1951971654677 409.6159081954032 349.1819197018679 517.4117581233247 1.553 1.899 4.0996 12.875940532327299 36.22735625500342 -7.6325 -1.8150357528962455 0
CAR 0.0 0 -1.2613549763303338 184.5273170371798 455.965261172529 433.7572905111203 594.9281094877999 1.6483 1.8736 4.0995 11.599942959689137 29.8092336365919 -7.5421 -1.796926865373165 0
TRUCK 0.0 0 1.3829338593849207 452.16618126438703 73.97952699754724 661.7471026120015 327.5240021876898 4.083 2.9959 5.8323 31.645359603975333 -8.724822197158604 -4.9879 0.1392258600917958 0
CAR 0.0 0 -1.4375713944578892 62.53553142098032 341.0461999597179 236.30107262705863 415.8862770100549 1.4996 1.899 4.0996 15.284897813940029 48.64884323793533 -7.6 -1.8150357528962455 0
CAR 0.0 0 -1.5805664587449366 1510.46715534874 314.9908490327401 1621.503229544907 388.0601731555984 1.4954 1.9024 4.0993 43.96487539990455 14.20532415483277 -6.0972 -2.931490519625712 0
TRAILER 0.0 0 -0.1694228825116978 8.686687177377415 78.40033860621567 468.04441156130474 468.211336002728 4.1525 3.0019 10.9977 26.84498329096025 -4.58873424293588 -4.8941 -0.9953423386433512 0
VAN 0.0 0 3.018137688804746 2091.714484999771 269.76118795116264 2612.359530328238 491.8655703853495 1.9996 2.198 5.9958 21.87562579506885 -40.65916887012573 -6.0941 1.6063940518724342 0
VAN 0.0 0 -1.5971652539731673 1757.8032375917367 289.65245695808727 1890.3142066096661 390.7688453315407 2.008 2.2032 5.9814 47.430867062370915 7.83055332124095 -5.3721 -2.985217987574505 0
CAR 0.0 0 3.026684549110226 1837.2959786580655 268.3989578848878 2115.040948006783 404.6993545158432 1.4978 1.9028 4.0956 25.40981425934984 -36.96810111395079 -6.4348 1.6238473516340513 0
CAR 0.0 0 -1.6174067315314962 1615.1547932239002 338.8602291077945 1728.9911466588367 418.8856022307037 1.5018 1.9004 4.0996 43.40164330814868 10.968654996725428 -6.4196 -2.9663937196666668 0
VAN 0.0 0 -1.6280938238817106 1671.922421661713 392.9825893799383 1878.8096861718784 590.5239546998536 2.3712 2.209 6.002 30.452281494146845 6.187276161058218 -6.1021 -2.933046451950756 0
PEDESTRIAN 0.0 0 0.41325394671861604 218.76587740580993 -1022.2443787120409 337.0653452285366 -775.7772539246914 1.7156 0.6988 1.0352 -22.123760240851503 -20.396077833197886 -7.6748 -2.424942486591099 0
