CAR 0.0 0 2.736789686296909 1327.6439973200238 189.97261104890094 1534.202430989076 312.3578099103988 1.7194 1.8964 4.5202 24.922504101614546 -22.574554431649535 -6.5435 1.338281743454179 0
PEDESTRIAN 0.0 0 3.758403601067382 647.0608791885693 137.900787558281 681.68168218195 206.05411955423003 1.7 0.6968 0.7192 38.94043465740392 -7.122161436268836 -6.5112 2.440412758567605 0
TRUCK 0.0 0 4.347833655898239 1701.75055143206 257.22209085340705 1835.1303643658002 380.1274267125204 3.487 2.935 2.072 53.35052956801523 6.881596211496508 -5.9211 2.954589946740443 0
TRAILER 0.0 0 4.355256963980106 1696.981385343383 232.17039769044538 1851.4216622391682 371.38813609688174 3.8402 3.1746 6.0448 57.37212719568062 6.21038447373828 -5.7444 2.951256435673922 0
CAR 0.0 0 2.7062954087164046 1284.4438843179382 233.0557035844945 1495.9517583554682 361.08339208618406 1.504 1.9011 4.104 22.17749550782652 -19.216025106947153 -6.6643 1.3445949556756323 0
CAR 0.0 0 4.318723505789495 1702.7446459057821 339.840112351616 1807.7540113296773 421.9724484143179 1.5032 1.9025 4.0984 47.43292323105894 7.942344727334851 -6.9854 2.961074677280605 0
CAR 0.0 0 -1.4541700826277975 231.81662945970496 450.6116013291363 455.34820926763683 583.5717681822841 1.5003 1.9029 4.0972 22.13359814091271 38.40605962663371 -8.2755 -2.04660312373549 0
CAR 0.0 0 -1.296290947895765 387.0239896193399 413.5182200485309 569.5000235219854 525.2938386288279 1.4969 1.8793 4.0996 26.31044294976304 38.410514738141295 -8.2924 -2.0955501179884926 0
PEDESTRIAN 0.0 0 1.323308800176715 631.7004687725927 140.6598310226862 667.0025787876514 209.7875715861798 1.7 0.6975 0.7026 38.46247359893165 -6.612645117860054 -6.4952 0.015570256983676763 0
CAR 0.0 0 2.7204406095090956 1486.741085739797 237.65271542020506 1762.7738945137924 384.93441491835443 1.498 1.8978 4.2058 18.030183529968753 -21.13644539778617 -6.0071 1.3372991239163303 0
CAR 0.0 0 1.6889919646964366 -1420669.0626681815 -5661.995487907321 12643.601286513205 445759.3873655486 1.6029 1.897 4.2584 3.7539802566657614 19.56429466393814 -6.9413 2.953394181760341 0
CAR 0.0 0 3.9043631545655084 908.5412598293506 636.7388511304907 1151.9363880170633 916.5588386140209 1.4996 1.9038 4.0952 16.526440005103787 20.64216022276906 -7.4733 2.97200645132414 0
