CAR 0.0 0 3.014508809040838 1339.0256222413618 198.37105941947087 1508.8907059636836 314.98935330961865 1.594 1.8966 4.5394 31.679497286416535 -28.189558441701458 -6.3337 1.6210677637018256 0
CAR 0.0 0 -1.2352548475006784 194.6168083740368 463.59001946780944 448.6527508675805 599.8430487629273 1.5196 1.8976 4.1761 11.614510784402032 29.288974719857222 -7.5683 -1.7828567597874547 0
PEDESTRIAN 0.0 0 1.134739378897074 627.3525548233473 138.17003327243094 664.3590990264672 207.57723894137618 1.7 0.7848 0.6973 40.076504599528796 -9.34566592873754 -6.0576 -0.17496862750956493 0
TRUCK 0.0 0 -1.5989139989839551 1758.586705308331 262.93745786428383 1897.3331146407127 392.06515203587054 3.4079 2.7742 1.8309 49.44149317860916 8.099744605611695 -5.2988 -2.9935192807144797 0
TRAILER 0.0 0 -1.5957419831932655 1732.4455343561558 239.50451158382577 1913.7312624734195 393.99349043344824 3.5682 3.0012 10.9976 53.21464554759444 8.583789244111747 -5.2107 -2.9984216935191634 0
CAR 0.0 0 -1.665253667431085 1764.320940551512 344.71845021495795 1877.8133841029758 429.2053050181572 1.5064 1.8966 4.1132 44.27940743459673 7.30946457757956 -6.2711 -3.027719941514197 0
CAR 0.0 0 -0.9719021864509865 359.05698113201817 420.1248971447631 569.440671428525 533.4308981941447 1.5195 1.8976 4.1014 15.575110037487509 30.517994984186814 -7.441 -1.7473622960181396 0
CAR 0.0 0 2.9927538968029714 1315.3460595011973 241.19516294512846 1493.3045013322994 367.19689346655986 1.4987 1.9049 4.0972 28.07915159010951 -26.23541147227242 -6.4483 1.6343890336265965 0
CAR 0.0 0 2.9962012208758093 1491.2246228813317 269.79935395596476 1722.6326622841805 414.8187671420568 1.5032 1.8952 4.1044 24.775176521871284 -28.781552363443815 -6.2698 1.634389033626596 0
CAR 0.0 0 3.0609109062698003 2011.690263508801 238.14901694103634 2347.878651279266 377.60378710512106 1.4966 1.9946 4.6048 25.40788439918886 -41.095200155450364 -5.8821 1.6296117114002369 0
CAR 0.0 0 -1.1179488269622055 182.11755518121964 314.4664254948367 334.67833343743393 380.1585067707139 1.4992 1.9014 4.0972 19.472403483609707 50.489071467882574 -7.3685 -1.759421345856444 0
CAR 0.0 0 -1.309808522767209 98.79458859115618 362.4913841993534 285.41886670007096 446.4791031046227 1.5006 1.8984 4.1012 14.666595834384562 43.76113691922524 -7.5939 -1.755079248103253 0
CAR 0.0 0 -1.277148031149613 146.59429223238607 408.9046386664713 361.3356419304933 513.9645986288735 1.5018 1.9002 4.0982 13.1503 36.1227 -7.6156 -1.7828567597874547 0
