CAR 0.0 0 2.724404229139591 1777.8308215947136 301.6241967376923 2176.5466995514894 487.5546359519508 1.5023 1.898 4.937 13.798289100218923 -24.85872987513814 -6.5925 1.3488135988365395 0
CAR 0.0 0 2.6566841779545394 1320.5959013184838 235.07131531840875 1535.8797447559948 363.4024896088891 1.5177 1.898 4.0963 21.934294570304655 -20.031991607724642 -6.7131 1.2910181249559243 0
CAR 0.0 0 2.655974095513062 1406.1901719621394 311.8241499488097 1743.2743001471124 511.09231401776987 1.5541 1.898 4.9169 15.674551413015424 -17.64914029400785 -6.7043 1.3385813619489222 0
CAR 0.0 0 -1.4707998668639983 211.17109105260673 440.76086882322346 436.4598115080484 578.4444012715162 1.6474 1.9008 4.0966 22.15373384226344 38.981068544031686 -8.1942 -2.043220920331697 0
CAR 0.0 0 2.721263063170357 1590.4617180433725 198.86384589002276 1814.6342551196642 302.462560378077 1.396 1.8974 4.3588 23.17673262207549 -29.490198908149058 -6.6116 1.2956667494353806 0
CAR 0.0 0 -1.3034935142975907 350.28368773998335 399.49135374184306 535.5367692526431 514.5654637471432 1.6474 1.9008 4.0966 26.37224486958661 39.55400117966414 -8.1431 -2.078132818304195 0
TRAILER 0.0 0 1.3218987188241562 391.87259240373 15.18616193694416 531.2540750001298 201.485660862992 4.11 3.0032 11.0896 47.60611521041764 -2.103378434351278 -5.5143 -0.03317677652702169 0
VAN 0.0 0 4.343586759873276 1666.2634239132537 328.2136110694557 1829.172107837426 481.8547383109949 2.3536 2.2034 4.7012 36.624525079973424 10.059947941975096 -5.6925 2.9988319660166542 0
VAN 0.0 0 2.7857433358357957 2088.1616692310727 249.8822860880617 2631.8335985969684 465.2918827194557 1.9972 2.1978 5.9954 12.272013761368031 -32.606457872597 -6.1821 1.3630240930533906 0
CAR 0.0 0 2.7443990159858593 1563.1663637132733 258.6455470112195 1837.5634059896151 402.85099549035243 1.4974 1.8977 4.0982 17.788971238012532 -23.03292690376618 -6.4838 1.3642834977290486 0
CAR 0.0 0 4.327840563088879 1693.0513970747284 326.3270623779788 1795.7180478560551 406.47114552890656 1.5036 1.8952 4.097 47.77242081309051 8.253848116942399 -6.6445 2.9635237234090614 0
VAN 0.0 0 -2.223467266959456 -254.21287497450223 412.4913141438773 208.19526571935532 916.5130260406935 2.5368 2.1676 5.7104 15.345781180865718 3.994339097791563 -6.6447 -2.2508916122270413 0
CAR 0.0 0 4.352296958054101 1712.7267960114825 291.15636547935213 1800.7388351818379 355.545671452541 1.5128 1.9018 4.1024 56.95323279263009 6.537290624865177 -6.5594 2.9631082532858892 0
CAR 0.0 0 4.303068061837454 1480.8402092817303 320.92498687241675 1552.864115602078 394.2774872558777 1.5022 1.9049 4.1038 48.75855916055329 14.643675770372152 -7.16 2.9631096288826786 0
PEDESTRIAN 0.0 0 2.6776311244387188 623.9071972205159 131.3013469890332 660.52465440299 201.29767042032321 1.7526 0.7308 0.855 39.79197710001327 -6.642029387844973 -6.4758 1.3596365322624513 0
CAR 0.0 0 -3.4703869907996383 -487.5990029240012 338.502948282376 -160.2160908511973 547.8321856190802 1.4954 1.7998 4.3147 24.4790183331735 10.108431160507179 -7.0466 -2.8533467724506143 0
CAR 0.0 0 2.774821478631984 1884.0360034656308 252.29437468228295 2194.986209938356 390.0733217312444 1.4878 1.9007 4.104 15.910278792468478 -30.146349051746487 -6.404 1.3590267776864633 0
CAR 0.0 0 2.6877028588953844 1330.4546731096862 202.86320984346605 1523.236473270704 312.7023408606367 1.4974 1.8976 4.0982 24.802346588117754 -22.419954781103222 -6.6735 1.2944598052176606 0
