CAR 0.0 0 2.716382987254819 1773.002479968225 301.19853543496004 2170.342535572241 486.8674015152145 1.5023 1.898 4.937 13.849515497937423 -24.793723644235865 -6.5925 1.3410568121408173 0
CAR 0.0 0 2.669988028192959 1309.0846251770633 235.14696023015733 1523.096474330048 363.65833909766974 1.5177 1.898 4.0963 22.00343163967096 -19.76746161879382 -6.7131 1.306144914168319 0
CAR 0.0 0 2.6592664087527744 1405.638070761993 310.6043289944391 1741.3507213019302 508.8937633470333 1.5541 1.898 4.9169 15.744081045313298 -17.693564050395455 -6.7043 1.3410568121408173 0
CAR 0.0 0 -1.4776875007114634 218.13131297457574 440.0801006422173 442.0996410640069 577.3119516495947 1.6474 1.9008 4.0966 22.259775037022052 38.911008646010245 -8.1942 -2.059644171057918 0
CAR 0.0 0 2.714449713754718 1589.5234041573244 198.49923455978785 1813.269895091132 301.911081838833 1.396 1.8974 4.3588 23.221615310007966 -29.504034515853583 -6.6116 1.288688973276139 0
CAR 0.0 0 -1.2810968956296098 368.7086904660936 397.45332219337956 550.6717617731076 511.3026721652139 1.6474 1.9008 4.0966 26.745083345418873 39.361259341835066 -8.1431 -2.077097463577861 0
TRAILER 0.0 0 4.364850758449874 1615.2126498178473 275.3424255812387 1897.8680333236337 590.4304761950617 4.11 3.0032 11.0896 34.61845237905304 10.645443223095794 -5.5143 3.028155815440616 0
VAN 0.0 0 4.342292128439595 1702.148808373254 292.6904833825283 1818.6870820187478 391.61416676700725 1.9994999999999994 2.0167 6.000200000000007 50.963338148137915 7.448204721053759 -6.3098 2.9624863797598247 0
CAR 0.0 0 1.8139042434552435 142.79712224917927 203.98402528482086 240.80105275578606 246.0098569761588 1.7 1.8454 4.0952 52.83322359309577 81.07231235599839 -7.2475 1.1057513997190864 0
TRUCK 0.0 0 -3.7387797876271964 -582.6216453735871 127.2631600466371 -84.25532946558648 466.6181438209791 3.9074 3.0032 5.6574 27.98732002524801 10.58007056673901 -5.6171 -2.9175748876422958 0
PEDESTRIAN 0.0 0 2.7716547552343567 623.6576082838949 131.89851877823384 659.5955182286456 200.60708558693182 1.7 0.6996 0.9374 39.69773122728508 -6.6101503169337485 -6.4566 1.4538021921240931 0
VAN 0.0 0 4.387484054614408 1726.7734487623259 226.30414876607253 1812.7854494354401 295.3614241125111 2.3536 2.2034 4.7012 71.47241674501788 4.009647228043304 -5.6925 2.9624863797598247 0
CAR 0.0 0 4.3336450710921675 1722.2690581432191 274.0785222972163 1805.6107021441258 332.66078206754406 1.497 1.9045 4.1242 60.8973410054527 5.740503595082551 -6.3153 2.9327921430770307 0
