CAR 0.0 0 2.724496436850191 1776.937143618281 301.3139404484403 2175.1004770174595 487.01302889975074 1.5023 1.898 4.937 13.819819812185868 -24.86202599377132 -6.5925 1.3488135988365393 0
CAR 0.0 0 2.6566974558759253 1319.3950932247824 234.8286292106755 1534.3541203621721 363.03288046158815 1.5177 1.898 4.0963 21.962956377223417 -20.020027058246193 -6.7131 1.2910181249559247 0
CAR 0.0 0 2.655962011554374 1406.2021825645932 311.8430978243376 1743.3082796307003 511.12643163329807 1.5541 1.898 4.9169 15.673455219173094 -17.648514543755528 -6.7043 1.3385813619489222 0
CAR 0.0 0 -1.4719922868218467 210.29123794358293 440.819585974109 435.73060178890375 578.5449828180986 1.6474 1.9008 4.0966 22.142066752622537 38.99196811756909 -8.1942 -2.043220920331697 0
CAR 0.0 0 2.7211481337405097 1590.4619028025554 198.5872014864677 1814.3807936547435 302.03632308422414 1.396 1.8974 4.3588 23.205504207942948 -29.519822068125674 -6.6116 1.295362116557288 0
CAR 0.0 0 -1.3029372327639837 351.0993703137696 399.791321986114 536.4265088737849 515.0117035075133 1.6474 1.9008 4.0966 26.355851917568497 39.511734633712614 -8.1431 -2.078132818304195 0
TRAILER 0.0 0 -0.3804141607440674 129.70118192935266 88.64119672147784 419.5288191787248 473.62877614679513 4.11 3.0032 11.0896 27.333886436464795 1.6224225187207004 -5.5143 -1.2377430972002466 0
TRUCK 0.0 0 1.0383675649983253 467.5864416196181 92.05464110644303 665.8427786908886 340.07569908884386 3.9074 3.0032 5.6574 30.219494375518615 -3.4003970570456143 -5.6171 -0.1807168194369822 0
VAN 0.0 0 4.353038914673171 1698.4067389932884 272.65041020566787 1819.149964076043 377.15322377553304 2.3536 2.2034 4.7012 50.16852850792787 7.728365941552717 -5.6925 2.9639173527315954 0
VAN 0.0 0 2.7856101333165757 2090.6541031787574 250.44650714920675 2636.0167429035496 466.40101277592646 1.9972 2.1978 5.9954 12.223390355504863 -32.60218663745417 -6.1821 1.3630240930533906 0
CAR 0.0 0 2.77351654346215 1808.7976700509016 252.82825287667572 2106.968992068408 390.2904230500996 1.4974 1.8977 4.0982 16.60344635495515 -28.78427030186507 -6.4838 1.3642834977290486 0
CAR 0.0 0 2.816775731610054 2363.3476172654077 228.35698562024547 2714.557845535212 352.7602106598682 1.4878 1.9007 4.1038 13.306507770521607 -42.51677226700459 -6.1085 1.3590267776864635 0
CAR 0.0 0 2.6872806208407134 1324.2272712516933 202.36904433515085 1516.0098826381472 312.0097548906722 1.4974 1.8976 4.0982 24.8981554987368 -22.301066650650643 -6.6735 1.2944598052176606 0
CAR 0.0 0 -1.3332506595373972 291.4344775101993 365.02225762277175 459.4954173890878 455.97083868486794 1.5016 1.8992 4.1002 29.4554 44.8714 -8.2364 -2.078132818304195 0
CAR 0.0 0 4.359314365902746 1716.8245999039823 281.9993873318474 1798.8206683116814 340.9504715481479 1.5036 1.8952 4.097 61.0106 5.864 -6.6445 2.9635237234090614 0
VAN 0.0 0 4.37301316800132 1630.3274306114338 381.52782372769985 1807.9298715066946 579.3303494309047 2.5368 2.1676 5.7104 33.244253116209045 10.94790275355141 -6.6447 3.072383966779012 0
CAR 0.0 0 4.3728814745918605 1726.5587629013276 261.4492666413034 1800.1488085188173 312.4823165059005 1.5128 1.9018 4.1024 68.7815 4.4811 -6.5594 2.9631082532858892 0
