CAR 0.0 0 2.727977564918428 1775.5775853515408 301.66410489995195 2173.957837624322 487.66102645405954 1.5023 1.898 4.937 13.809764027657375 -24.812645654500695 -6.5925 1.352655634908364 0
CAR 0.0 0 2.6658546019353837 1320.7710720376538 235.22754096688135 1536.195147060891 363.6475265813786 1.5177 1.898 4.0963 21.91979386617883 -20.026182600497055 -6.7131 1.300287801406882 0
CAR 0.0 0 2.6703313981828134 1408.2872721959784 311.9322407957263 1745.8781100026836 511.25473885956336 1.5541 1.898 4.9169 15.656756682418298 -17.682268017911138 -6.7043 1.3526556349083636 0
CAR 0.0 0 -1.5321645863140585 216.79943633118867 440.63153996262133 441.2739247070179 578.1849399949671 1.6474 1.9008 4.0966 22.2131 38.8926 -8.1942 -2.112005731420875 0
CAR 0.0 0 2.7265711256039635 1589.5464807299104 198.61850437845052 1813.4045224288905 302.0945683023275 1.396 1.8974 4.3588 23.20902254653652 -29.491881485974034 -6.6116 1.3008901068240033 0
CAR 0.0 0 -1.3275134015283934 358.8913413523863 398.738327886353 542.7158071742303 513.3416767330056 1.6474 1.9008 4.0966 26.528787492411762 39.44714953648824 -8.1431 -2.112005731420875 0
TRAILER 0.0 0 4.447358848729619 1666.9216945135865 219.99180352466414 1844.9020511308047 392.4003675288053 4.11 3.0032 11.0896 55.043885953761304 7.3631424513959605 -5.5143 3.0458113162218337 0
CAR 0.0 0 1.299988309538019 1834.0471457828403 214.49385626737063 1883.6536299754644 243.0520469379217 1.4993 1.8979 4.0993 115.33620105805906 -8.930951181852489 -7.12 -0.14846436207423386 0
PEDESTRIAN 0.0 0 2.76718894592742 826.095024022879 106.54033483283233 857.504385955986 169.9176845421118 1.7 0.6968 0.9282 40.91053839781322 -13.067596483338026 -6.1004 1.358738288605296 0
VAN 0.0 0 4.391497192805041 1737.7770317587801 247.64931291016416 1826.40644030932 315.1060419629353 1.9994999999999994 2.0167 6.000200000000007 69.38282931561788 3.751920891752236 -6.3098 2.9767344146944934 0
