CAR 0.0 0 2.728876762843533 1335.6841688793825 189.91353099462603 1543.110784448863 312.1561628635936 1.7194 1.8964 4.5202 24.873143706195503 -22.78543347223501 -6.5435 1.329287223154536 0
CAR 0.0 0 4.820796323026194 2088.133521896302 -800.4307575915226 2582.4869855210854 -531.5901508378571 1.5032 1.765 4.3145 -15.058691440222468 27.026364037567593 -7.2959 2.975791357899945 0
PEDESTRIAN 0.0 0 2.862841304267464 654.5700288626695 138.19028954119023 689.1016425112213 206.37114155085408 1.7 0.6968 0.7192 38.840604234748916 -7.31665850258352 -6.5112 1.5425810858228364 0
TRUCK 0.0 0 4.413239777360037 1709.730386513906 258.4512364315596 1844.8345261809632 382.26176808519017 3.487 2.935 2.072 53.0973383345019 6.6603296806236685 -5.9211 3.020039438511599 0
TRAILER 0.0 0 4.423749797754478 1698.9466064973626 234.1136088842397 1856.4427231584402 375.92066979563316 3.8402 3.1746 6.0448 56.51143409847607 6.242751095860432 -5.7444 3.0211496524281416 0
CAR 0.0 0 4.852208110590226 2226.4846080562747 -1092.0269336025535 2930.843942855679 -663.9315118527154 1.5032 1.765 4.0984 -10.975381200400964 22.425342573567434 -7.2116 2.9595571840305195 0
CAR 0.0 0 2.7114295416873317 1287.4212798402905 232.63603579063061 1498.9562803291726 360.3836263891052 1.504 1.9011 4.104 22.194415196134415 -19.30827923029414 -6.6643 1.3489112058221957 0
CAR 0.0 0 4.3681513370452025 1696.9512963462191 338.9747046359097 1800.8646664966805 420.7472620594919 1.5032 1.9025 4.0984 47.513913756556136 8.100522730603576 -6.9854 3.0106839122209634 0
CAR 0.0 0 -1.4357886759879166 242.01629171437986 449.7730007412972 463.7381095262228 582.1828399926145 1.5003 1.9029 4.0972 22.277172010994594 38.288724726825606 -8.2755 -2.0415453642998926 0
TRUCK 0.0 0 1.445787995539741 434.44417145992526 -23.05987840882827 506.4077121048106 63.05080462850488 4.0935 2.9956 3.2487 83.89727310167808 -4.6493317657389746 -5.8272 -0.08435490020333669 0
CAR 0.0 0 -1.2669727553952854 381.6240563989265 413.97503090964193 564.9732779225028 526.0251809433316 1.4969 1.8793 4.0996 26.216432239724476 38.48110323500849 -8.2924 -2.0604177559563235 0
TRAILER 0.0 0 1.3709502823724482 437.97488534867114 34.82999194411342 509.6187732825305 76.25900071257567 1.2791 2.9956 7.5691 79.37902986018202 -4.2678062991063666 -7.1889 -0.08435490020333661 0
CAR 0.0 0 1.7563395372806136 -14324.976782206491 1372.0476137887695 -3093.447599481295 4770.882417692265 1.507 1.9022 4.2796 9.758575423301611 18.546496099322642 -6.8916 2.95028515831831 0
PEDESTRIAN 0.0 0 1.3067912403992847 631.8907174912797 141.47184431807375 667.3127742754657 210.81604835756127 1.7028 0.6996 0.6969 38.3687 -6.6024 -6.5034 0.0002754820865611407 0
CAR 0.0 0 4.084106841070039 1110.9997647421876 486.32608445707956 1279.5481377026276 670.6519927911946 1.4996 1.897 4.6336 23.641789692645446 20.022706635189614 -7.133 2.9593593412056687 0
CAR 0.0 0 2.788043201740543 2204.1481638061255 226.4020280180663 2551.75267922379 356.39658312775924 1.498 1.8978 4.2058 14.208355148576787 -38.13660590993331 -6.0071 1.338150923885777 0
CAR 0.0 0 4.206848307922382 1476.1992880794348 424.75503831963476 1589.7347374833087 555.8253204039446 1.4972 1.8964 4.1876 31.807137567986928 14.500480097343065 -7.046 2.9442272823651887 0
BICYCLE 0.0 0 1.360810147931922 745.9412466372847 146.25328537781093 795.302689341686 224.7450352196312 1.7 0.8486 1.7004 35.8919 -9.447 -6.4379 0.025322819173903426 0
CAR 0.0 0 1.3445820663937291 1805.4703489511667 166.01925987884047 1842.7953381741743 186.71617469739923 1.5038 1.8964 4.0964 147.38342541949658 -12.333840031961648 -4.9409 -0.12990260492156275 0
CAR 0.0 0 4.307458172313128 1589.964690762526 311.8561658431186 1670.4782622183795 383.1100576895218 1.5006 1.9012 4.3216 51.776 11.0542 -6.9882 2.94615829817472 0
