CAR 0.0 0 2.7052960260875447 1325.4818877701673 190.03098448741085 1531.8428776033152 312.481114518756 1.7194 1.8964 4.5202 24.9310437550892 -22.51444266127443 -6.5435 1.3071164376815183 0
TRUCK 0.0 0 -3.729685642200485 -481.25672247503456 195.6872200898678 -85.70275118092677 470.86248912556357 3.487 2.935 2.072 25.933511803555366 9.666903900434262 -5.9211 -3.042088141079744 0
CAR 0.0 0 2.6686341672252283 1280.1601128609293 232.45987420178452 1490.7200768662224 360.1907197206138 1.504 1.9011 4.104 22.257070498782415 -19.155573731447415 -6.6643 1.3071218474788941 0
CAR 0.0 0 -1.4900334056766456 220.69167028843734 452.0430931218617 446.5093289405161 585.883934420965 1.5003 1.9029 4.0972 21.946909121996498 38.49569950892265 -8.2755 -2.067370310837955 0
CAR 0.0 0 -1.2656616397063516 389.48501619238993 413.4875412223153 571.6587320391634 525.2255509739285 1.4969 1.8793 4.0996 26.33900607597178 38.36407947144575 -8.2924 -2.067370310837955 0
CAR 0.0 0 2.6895108639569463 1485.2646887438514 238.42923760105188 1761.886595965813 386.2636907517829 1.498 1.8978 4.2058 17.98275499588935 -21.05530556920819 -6.0071 1.307121847478894 0
PEDESTRIAN 0.0 0 1.3405888036344116 634.7930242460905 141.15402318179375 670.1130354102122 210.41080576837376 1.7 0.6974 0.7026 38.35191881267276 -6.679973991506061 -6.4943 0.032453203031635944 0
CAR 0.0 0 -2.0985169920791393 71.54795443599804 381.7138887205997 299.7731559434256 623.2991351116236 1.5032 1.8996 4.0986 19.04274940552358 2.7936173978181547 -6.7781 -2.478292772103896 0
TRAILER 0.0 0 -3.7926178772169648 -481.8466279212079 94.94262802803202 -28.031569306945478 423.361013208478 4.117 3.002 6.0508 29.681910928232142 10.033076634709113 -5.4223 -3.0434481600976273 0
CAR 0.0 0 2.7551215244439717 1849.5355373104005 217.73682140565995 2161.7950803501644 353.9259001074223 1.4956 1.9016 4.1016 16.206634822483306 -29.092361884387913 -5.6954 1.3245723866681374 0
VAN 0.0 0 2.199081536318333 586.7543957004494 257.62368778259594 733.6593277893755 360.7635728938185 2.6032 2.3432 5.4312 41.09628803190869 43.04752618015493 -6.8554 1.06220185284538 0
CAR 0.0 0 4.353631235230861 1695.210636000371 335.58375565170974 1802.4488894471592 419.82567921065646 1.5026 1.8998 4.0992 46.07674427111457 8.377530780483353 -6.6842 2.994956601495209 0
CAR 0.0 0 4.359725109238546 1710.2897110978959 301.85187678796837 1802.6579408057717 370.297457104153 1.5026 1.8998 4.0992 54.13315844137277 6.96419520127267 -6.6114 2.977527194182836 0
CAR 0.0 0 1.973719041389061 1193.0471648690054 438.1322893535299 1322.1847832324415 572.9867723030185 1.4975 1.8986 4.1084 28.971253380855128 19.83026608538965 -7.3344 0.7823449389450262 0
PEDESTRIAN 0.0 0 3.5154976665716653 646.6957025117441 137.31792997612624 681.5037788379486 205.4109133326229 1.7 0.7048 0.7016 38.931739785899246 -7.114628846700766 -6.4929 2.196745170638942 0
CAR 0.0 0 4.3656294949487515 1728.3327898685268 268.84662249551513 1803.944758691575 321.41161751515756 1.5026 1.9046 4.099 67.15 4.5995 -6.7073 2.9600977287534684 0
CAR 0.0 0 4.396532656485074 1726.1978212504296 247.16644459589233 1792.1363745319002 291.92088513530774 1.5026 1.8998 4.0992 76.21740323482251 3.5014135213530544 -6.5673 2.977527194182836 0
CAR 0.0 0 2.7095761614812015 1553.424655378796 224.65299307281103 1803.037709173866 350.14353968925917 1.5038 1.901 4.3724 20.6769 -25.7864 -6.5872 1.307121847478894 0
