CAR 0.0 0 2.935404212706323 1431.0700235061674 323.57207409562415 1707.4000398702387 515.3381992265611 1.551 1.9022 4.6956 21.42074322785289 -26.20428536491052 -6.4702 1.6247709188662327 0
CAR 0.0 0 2.964084119658308 1351.9755784997135 212.98604032367805 1514.885653896327 322.1290081133976 1.5 1.8998 4.0998 31.50679319200698 -28.413431072684418 -6.555 1.5770240091038403 0
CAR 0.0 0 2.997314097979407 1791.4052479733732 317.8523356564936 2131.163067211765 491.11929854844317 1.5 2.037 4.3995 21.696849688060958 -33.45373066373462 -6.4402 1.6290845723854452 0
CAR 0.0 0 -1.0445487010770367 343.6861863556746 411.7413450797116 550.9803458168223 524.8723564074497 1.5999 1.899 4.0996 15.718203157281998 31.519242734493847 -7.4486 -1.8104714429084878 0
CAR 0.0 0 -1.0875099570998736 276.3447013387113 375.72172790994824 462.86835967609136 466.59647946776846 1.5 1.899 4.0996 16.83319173381168 37.49799372832727 -7.4503 -1.8104606373881729 0
CAR 0.0 0 2.924295589692871 1345.8141504763937 238.93168642974877 1528.1652498259175 364.5069966238786 1.5 1.8998 4.0998 28.091039324222372 -26.946873368476858 -6.4052 1.5595760351837658 0
CAR 0.0 0 3.0170934123458375 1608.7583635565563 203.45135507449564 1802.3421946629799 308.1877800356256 1.5 1.8998 4.0998 31.940580547601492 -35.4538522819535 -6.4191 1.5944905815285024 0
CAR 0.0 0 -1.3153560164624314 129.9514278302988 409.38701889744397 346.961077053832 517.0815810004415 1.553 1.899 4.0996 12.850465104317799 36.29326303969873 -7.6325 -1.7933414657269229 0
CAR 0.0 0 -1.2564723538419318 185.39196820683762 455.76818178602866 434.4015994505277 594.6125049746407 1.6483 1.8736 4.0995 11.618436861745879 29.81508096318578 -7.5421 -1.7933253174713948 0
TRUCK 0.0 0 -3.064895084312715 -661.098499157498 140.96193623086702 -6.841060227731718 541.2323728218906 4.083 2.9959 5.8323 22.202518114078376 1.8951424753936434 -4.9879 -2.326294599097054 0
CAR 0.0 0 -1.4143958566953219 54.93164023730908 340.613289761934 228.89244824377076 415.3099267191792 1.4996 1.899 4.0996 15.155717305793752 48.89723841349703 -7.6 -1.7749669233050611 0
CAR 0.0 0 -1.6768139050234514 1513.682366632042 315.26800418389786 1624.7479294643827 388.45391680740113 1.4954 1.9024 4.0993 43.97524942329736 14.111233016327315 -6.0972 -3.0279752999934297 0
TRAILER 0.0 0 -3.6074289713359295 -675.4625098162676 67.3183967114859 53.019604425499864 448.3558373464147 4.1525 3.0019 10.9977 28.10151271106463 4.9677700041867086 -4.8941 -2.7598656975058455 0
PEDESTRIAN 0.0 0 2.848991101556469 607.4118145173386 127.55283229726388 641.5156998850058 196.57722474076485 1.7322 0.6996 0.7164 41.26989933908305 -8.621306673800209 -5.9789 1.5316807742695877 0
VAN 0.0 0 3.045858446801274 2311.7148327401724 261.5292294953487 2870.712847516984 471.9954285285982 1.9996 2.198 5.9958 22.42386062702308 -46.205830296411385 -6.0941 1.6143678534163548 0
VAN 0.0 0 -1.688568234149012 1753.0620557290222 300.2039259251461 1892.6764440695667 419.4613770332218 2.3712 2.209 6.002 46.00302443962385 7.591570505516235 -5.7232 -3.066462083310483 0
VAN 0.0 0 -1.608107414574987 1794.9440960408874 247.8821044253879 1892.1090326948631 317.32090757239564 2.008 2.2032 5.9814 65.15090169076713 9.571855533161504 -5.3721 -3.027670667115337 0
CAR 0.0 0 -1.6807002126977284 1631.9002147437814 344.94622806917494 1746.8176154511839 426.8035773239558 1.5018 1.9004 4.0996 43.050263719525205 10.412942142543141 -6.4956 -3.0279752999934297 0
