CAR 0.0 0 2.9343618935317712 1431.193782821751 323.3574058724034 1707.3791426008283 514.9677318329009 1.551 1.9022 4.6956 21.433860661750558 -26.212394399651952 -6.4702 1.6235461259287356 0
CAR 0.0 0 2.9397760224589877 1350.407237117585 214.36562827431698 1513.9309811813832 324.20572226494113 1.5 1.8998 4.0998 31.348970292234632 -28.312821958748003 -6.555 1.5540367973984677 0
CAR 0.0 0 2.9739393835489523 1790.9441673068366 318.9074888794013 2131.668883590254 492.8720533479651 1.5 2.037 4.3995 21.629965987949905 -33.39703384339996 -6.4402 1.6063940518724338 0
CAR 0.0 0 -1.0504517104042017 341.8221338072597 411.7345149426756 549.2670235767611 524.8730070030825 1.5999 1.899 4.0996 15.689512860325298 31.550304524016425 -7.4486 -1.814376792617349 0
CAR 0.0 0 -1.0880284769582282 279.46046726193305 375.68737055838005 465.7307026177019 466.5295279108903 1.5 1.899 4.0996 16.89125401725615 37.44588153670107 -7.4503 -1.815035752896246 0
CAR 0.0 0 2.9184591378503146 1346.5714005479874 239.06813647707952 1529.120572908993 364.70982763753574 1.5 1.8998 4.0998 28.07776955546338 -26.959733528627 -6.4052 1.55373295563943 0
CAR 0.0 0 2.994076888786128 1607.1099656260194 203.2449618195008 1800.3366877461465 307.8933321879662 1.5 1.8998 4.0998 31.96592368642806 -35.423108446648456 -6.4191 1.5714874523490754 0
CAR 0.0 0 -1.3348863243383173 131.33590369035963 409.6116170584077 348.3896330752916 517.410162785411 1.553 1.899 4.0996 12.862506991056295 36.24209064436638 -7.6325 -1.8150357528962455 0
CAR 0.0 0 -1.265680631907527 181.43891547666695 456.2064034463272 431.13150952368136 595.3272378192823 1.6483 1.8736 4.0995 11.550268716724293 29.830857706971866 -7.5421 -1.796926865373165 0
TRUCK 0.0 0 0.5423650939350342 360.15693161086347 112.68338740108877 636.1296833701272 434.1310619613888 4.083 2.9959 5.8323 25.64876955821217 -8.786843828478933 -4.9879 -0.5589999599164825 0
CAR 0.0 0 -1.442715499865598 60.23993987585307 341.1948359359754 234.2624505908847 416.1084454084083 1.4996 1.899 4.0996 15.227720913120246 48.66498112765492 -7.6 -1.8150357528962455 0
CAR 0.0 0 -1.5805871266122709 1511.078549227052 315.1365965272532 1622.1734510312137 388.2738091518426 1.4954 1.9024 4.0993 43.94517101604991 14.180349598100477 -6.0972 -2.931490519625712 0
TRAILER 0.0 0 -1.3641496577609646 -273.30482679658076 91.77745578552235 343.72556459962584 534.5772604913845 4.1525 3.0019 10.9977 24.62325899671685 -2.5243697798115345 -4.8941 -1.641040955437039 0
PEDESTRIAN 0.0 0 2.8546469535560446 617.0775407263076 126.22130004724765 650.7451985234263 195.15715413642857 1.7322 0.6996 0.7164 41.31954659158313 -8.884274555542866 -5.9497 1.5316807742695877 0
VAN 0.0 0 3.019999204577235 2098.476058242198 267.34426293735476 2616.31146760327 486.960183302633 1.9996 2.198 5.9958 22.05712224307015 -40.98073186671979 -6.0941 1.6063940518724342 0
VAN 0.0 0 -1.5862796256285123 1769.3453199085202 275.256394418404 1889.5740046440717 364.92252581039133 2.008 2.2032 5.9814 52.41090144292856 8.358743440365261 -5.3721 -2.985217987574505 0
CAR 0.0 0 3.031731490459139 1983.4956979114625 260.2260905233565 2275.302290995858 390.6710318264927 1.4978 1.9028 4.0956 26.04159792423588 -40.94675096958133 -6.4348 1.6119305876840413 0
CAR 0.0 0 -1.616830711524613 1621.0163514089465 339.113900786927 1734.7453569739448 419.22903466087973 1.5018 1.9004 4.0996 43.476795434571244 10.827612057458193 -6.4196 -2.9663937196666668 0
VAN 0.0 0 -1.6906306339941448 1705.6977931094718 364.31733574073763 1887.3049976843056 532.1389449744065 2.3712 2.209 6.002 34.915448713363524 6.49821665200173 -6.1021 -3.020298349160196 0
PEDESTRIAN 0.0 0 0.5054505196290155 140.44969075588298 -1158.4440223690412 283.5112562563029 -863.5600271594589 1.7156 0.6988 1.0352 -19.818 -20.2987 -7.6748 -2.4253884452775116 0
