CAR 0.0 0 4.898006404302496 4044.351038995673 -3981.303823517206 8957.871459982107 -1300.574667258928 1.5196 1.9044 4.1024 -1.4798475879216504 20.45644030167033 -7.3259 2.9619996004587223 0
CAR 0.0 0 2.728755432965392 1335.976257269888 190.105581779337 1543.6019970907644 312.46449804263295 1.7194 1.8964 4.5202 24.849815619687377 -22.777015241671098 -6.5435 1.329287223154536 0
CAR 0.0 0 1.3385428786312106 1841.0911911620049 220.85770047633557 1899.7069577632114 254.63821248974432 1.4992 1.8969 4.0968 99.1262199752586 -6.03975409721286 -6.5027 -0.10597203456309086 0
CAR 0.0 0 1.7110261093248622 -44356.4954610661 1808.751890106695 -4694.179392424649 13082.642604213268 1.5032 1.765 4.3145 9.710825810735614 22.234327328733617 -7.2959 2.9583443922002948 0
PEDESTRIAN 0.0 0 2.8619428500645494 652.1946820051731 138.2168963718678 686.7716086068756 206.42287903813624 1.7 0.6968 0.7192 38.8513848988876 -7.251455536607577 -6.5112 1.5425810858228364 0
TRUCK 0.0 0 4.413229214602524 1709.9131789581745 258.492452861496 1845.0695152773912 382.3354320322497 3.487 2.935 2.072 53.086947199505815 6.655871173513106 -5.9211 3.020039438511599 0
TRAILER 0.0 0 4.423749983087908 1698.9543687941227 234.1143989522565 1856.4527050984561 375.92226593195574 3.8402 3.1746 6.0448 56.51128142979477 6.242499341837708 -5.7444 3.0211496524281416 0
CAR 0.0 0 1.7938100359043798 -7867.445234969842 1200.6114874074567 -2553.2472588331175 2836.0219964191074 1.5032 1.765 4.0984 11.003387677597562 18.351009147131496 -7.2116 2.958648780373742 0
CAR 0.0 0 4.84163158162831 2363.1512949472863 -1009.4287933863108 3026.012812497931 -639.4824722800345 1.5023 1.8994 4.0966 -11.523312300812776 26.37016095640988 -7.6193 2.978920720091531 0
CAR 0.0 0 2.711125477578495 1287.6987080043543 233.0577256325218 1499.5859832962788 361.04802588517805 1.504 1.9011 4.104 22.156102216851743 -19.289016737296908 -6.6643 1.348911205822196 0
CAR 0.0 0 4.368184634590581 1696.9597606896525 338.92482149858546 1800.849082643147 420.6729085946372 1.5032 1.9025 4.0984 47.524757804246654 8.09900840313327 -6.9854 3.0106839122209634 0
CAR 0.0 0 -1.43584172583434 241.9371859306594 449.7124981447403 463.6339476507176 582.0905754782309 1.5003 1.9029 4.0972 22.280173905444844 38.29447495600792 -8.2755 -2.0415453642998926 0
CAR 0.0 0 4.862328013187561 1726.9062103103126 -741.5149656286928 2085.9716098899867 -513.7198435721119 1.498 1.9032 4.0998 -19.291759842032725 23.861882180022043 -7.5598 2.976634614978629 0
TRUCK 0.0 0 1.3222298721422514 392.0362963449231 12.517586690781553 496.6467064691041 138.79450423990158 4.0935 2.9956 3.2487 57.50524569778171 -2.1167136138371347 -5.8272 -0.08435490020333669 0
CAR 0.0 0 -1.2694589962661467 379.4222787924628 414.25954129057595 563.1809611642694 526.4701946661588 1.4969 1.8793 4.0996 26.17030853841547 38.501939329335755 -8.2924 -2.0604177559563235 0
CAR 0.0 0 1.3284416866458033 1817.4172962354019 194.95615463972584 1863.1266902944071 221.06722402931368 1.5038 1.8964 4.0964 122.53060638590648 -8.990536991936782 -6.1955 -0.12990260492156275 0
TRAILER 0.0 0 1.200543513120709 396.6138771916532 96.53094081519573 500.2970178405602 168.7613794283114 1.2791 2.9956 7.5691 52.96196687799605 -1.7348955630567424 -7.1889 -0.08435490020333661 0
CAR 0.0 0 4.259782208115133 1491.1467142146787 409.2008387404498 1602.5557076061802 535.8842539255813 1.507 1.9022 4.2796 32.85441532455824 14.238087521161912 -6.8916 2.9842776128730515 0
PEDESTRIAN 0.0 0 1.3080030552443316 634.40653814762 141.26121756055127 669.8383983774854 210.6972402505543 1.7028 0.6996 0.6969 38.29477040534337 -6.661147928475223 -6.489 0.0002754820865611407 0
BICYCLE 0.0 0 0.9858038811943955 945.5197559777051 278.8304538051943 1025.5630810243952 398.3746716207381 1.7 0.8486 1.7004 22.1007 -9.9349 -6.7423 -0.254989024837602 0
CAR 0.0 0 4.327659099906993 1472.5756213192806 302.66797634707126 1538.5771616007344 370.88965387661204 1.4996 1.897 4.6336 52.757979968990085 14.980284565020227 -7.133 2.9762034608200607 0
CAR 0.0 0 2.837530319844676 2781.022739250033 210.4367284518797 3158.003326652531 322.8518444714736 1.498 1.8978 4.2058 10.9232 -56.0854 -6.0071 1.3556041236191512 0
CAR 0.0 0 4.30379016197449 1591.767047553585 315.22560863046425 1672.472374651682 386.4383520286188 1.4972 1.8964 4.1876 51.4639 11.0076 -7.046 2.9442272823651887 0
