CAR 0.0 0 2.7160469425778224 1775.6563250610682 302.22234668778674 2174.7681162263902 488.65975686832866 1.5023 1.898 4.937 13.780287538622002 -24.777357533145764 -6.5925 1.3410568121408173 0
CAR 0.0 0 2.6528969360515378 1309.945471941525 234.860979348366 1523.8386637970261 363.19579045827305 1.5177 1.898 4.0963 22.022283544098833 -19.804533958540244 -6.7131 1.2886889732761384 0
CAR 0.0 0 2.6592591539958965 1405.9021143092646 310.67514534244617 1741.7377589350647 509.0176510131922 1.5541 1.898 4.9169 15.738709830905162 -17.695187679906997 -6.7043 1.3410568121408173 0
CAR 0.0 0 -1.4785082152029134 217.50273418764516 440.08924928627687 441.55863676743826 577.3326626229757 1.6474 1.9008 4.0966 22.253456692064947 38.921313569498466 -8.1942 -2.059644171057918 0
CAR 0.0 0 2.6968919158724383 1587.5261220979617 198.3818662593502 1810.9698455406142 301.75214464683194 1.396 1.8974 4.3588 23.248639887429164 -29.462935788241662 -6.6116 1.271233042085786 0
CAR 0.0 0 -1.27848810887706 370.67606689155855 396.8892767020787 552.0960228460042 510.4311508519581 1.6474 1.9008 4.0966 26.81509944148321 39.37052804496678 -8.1431 -2.077097463577861 0
TRAILER 0.0 0 4.314386307139271 1626.7601043731834 259.28974820318786 1876.215722342304 528.0606962848815 4.11 3.0032 11.0896 38.91801731350594 10.038261593764444 -5.5143 2.9584653632143767 0
VAN 0.0 0 4.352311064205164 1705.0226045453987 278.8675950868363 1811.9954517324356 367.72837819686225 1.9994999999999994 2.0167 6.000200000000007 55.36776105692669 6.822166771382761 -6.3098 2.9624863797598247 0
CAR 0.0 0 2.0694412615843483 321.7695338778961 235.2697032923985 427.9607556433618 287.88647368664823 1.7 1.8454 4.0952 47.10532588443995 62.46823679548878 -7.2475 1.1057513997190864 0
TRUCK 0.0 0 4.305533247916718 1602.6425685664105 308.3450880589971 1847.8100240946756 576.8544200043319 3.9074 3.0032 5.6574 32.39161045668673 11.255927119036446 -5.6171 2.9815949733346754 0
PEDESTRIAN 0.0 0 2.7714872608761767 623.9832886483558 132.075526532739 659.9443966848264 200.83500168694314 1.7 0.6996 0.9374 39.66307325554129 -6.613915115923125 -6.4566 1.4538021921240931 0
VAN 0.0 0 4.393535279218227 1734.337020484282 218.65367120535444 1814.8354842203562 282.2640074900096 2.3536 2.2034 4.7012 76.86185915192326 2.9439460109939044 -5.6925 2.9624863797598247 0
CAR 0.0 0 2.673085311237317 1284.3602644284194 206.28241162713945 1472.9971487681444 317.208165178958 1.4974 1.9028 4.1016 25.0541 -21.2274 -6.7407 1.2886889732761388 0
CAR 0.0 0 4.343538772373285 1730.5174296657472 260.0103157544787 1806.8139777910958 312.17204115845266 1.497 1.9045 4.1242 66.9657 4.6153 -6.3153 2.9327921430770307 0
CAR 0.0 0 -1.3351592233495277 286.4058284493367 362.3543130961011 454.7803711152811 452.83152064359797 1.4982 1.8994 4.098 29.4392 45.0252 -8.1687 -2.077097463577861 0
