CAR 0.0 0 2.7244711468343894 1775.3574818713414 301.074598001043 2172.942274465234 486.60910907761365 1.5023 1.898 4.937 13.841811757904082 -24.8473803240687 -6.5925 1.3488135988365395 0
CAR 0.0 0 2.6567973015435613 1320.2781371511517 234.87106519590697 1535.3715425346984 363.0895466504001 1.5177 1.898 4.0963 21.953515090853685 -20.037337780308803 -6.7131 1.2910181249559243 0
CAR 0.0 0 2.6559769989325703 1406.1807595300545 311.81808151691973 1743.256805712961 511.08147567735665 1.5541 1.898 4.9169 15.674934184823872 -17.649240014949974 -6.7043 1.3385813619489222 0
CAR 0.0 0 -1.4704604613866286 211.5485107732996 440.9834803529951 436.92233603008304 578.7875650856387 1.6474 1.9008 4.0966 22.143318713936306 38.95763633094623 -8.1942 -2.043220920331697 0
CAR 0.0 0 2.7213843521491574 1590.0320671869654 198.6297873160065 1813.9479551797572 302.10663526789295 1.396 1.8974 4.3588 23.20425338064792 -29.503714387116137 -6.6116 1.2956667494353806 0
CAR 0.0 0 -1.3035788315541483 350.08633256427413 399.3708436159522 535.2943965558777 514.3849434059049 1.6474 1.9008 4.0966 26.380243663129242 39.568400251335106 -8.1431 -2.078132818304195 0
TRAILER 0.0 0 1.3700870726034318 400.9678521326863 -1.2909285508025259 519.3627587888701 151.74918364912713 4.11 3.0032 11.0896 56.345413935206565 -2.5493051399898956 -5.5143 -0.05032027438949106 0
VAN 0.0 0 -1.6837574793748535 1685.3041500184063 388.56159890993797 1908.0390925189233 603.3413002026138 2.3536 2.2034 4.7012 28.61374925967493 10.505690419759341 -5.6925 -2.9876370739967935 0
VAN 0.0 0 2.7856590995401707 2088.686982886924 250.102415456822 2632.9328889641865 465.7343501923288 1.9972 2.1978 5.9954 12.255868744125811 -32.595194882867844 -6.1821 1.3630240930533906 0
CAR 0.0 0 2.7380250289357275 1517.6840860223306 259.72640774164665 1787.3609665642477 405.19698230847735 1.4974 1.8977 4.0982 17.998858130988165 -22.013304376198587 -6.4838 1.3642834977290486 0
CAR 0.0 0 4.3269401179780065 1681.8434096073595 352.158481307497 1796.7692426983695 445.8674042760689 1.5036 1.8952 4.097 42.344893209497656 9.168870456764816 -6.6445 2.9809770159290045 0
VAN 0.0 0 -0.9442319994594086 1105.8093915707275 517.4890192918209 1781.4975769011196 1169.8720291028717 2.5368 2.1676 5.7104 8.003737142607898 -7.758110718259844 -6.6447 -1.989153700025919 0
CAR 0.0 0 4.3382150731848 1702.0890775649964 310.9887632324751 1799.5644215761527 384.97023941358196 1.5128 1.9018 4.1024 50.98239554206645 7.617853514542219 -6.5594 2.9631082532858892 0
CAR 0.0 0 4.302961371281293 1480.5047685735587 321.0038572875031 1552.5509048899023 394.39558668086045 1.5022 1.9049 4.1038 48.734259346526294 14.653524341303534 -7.16 2.9631096288826786 0
PEDESTRIAN 0.0 0 2.696050048413488 624.7248527908525 130.90322283417578 661.266768834982 200.7717125183286 1.7526 0.7308 0.855 39.8604034266647 -6.676214035271384 -6.4758 1.3770898247823946 0
CAR 0.0 0 -3.0457632741095555 -461.2991433293426 466.2071900584894 -56.155759034204785 780.4601665308642 1.4954 1.7998 4.3147 17.733325665720916 7.094696025277981 -7.0466 -2.6780430448414245 0
CAR 0.0 0 2.768077115722547 1808.5073518735312 252.7841915204434 2111.2073202348283 391.8297655484302 1.4878 1.9007 4.104 16.373486509534956 -28.434888966504428 -6.404 1.359026777686463 0
CAR 0.0 0 2.6881763536864596 1329.3933531433931 202.10647456238368 1521.496351619608 311.54754766561535 1.4974 1.8976 4.0982 24.88967746760233 -22.45229432744021 -6.6735 1.2944598052176606 0
