CAR 0.0 0 3.014391094619473 1340.9864143864295 198.8318747668765 1511.4430103184088 315.689382713061 1.594 1.8966 4.5394 31.623537471471032 -28.220316798450366 -6.3337 1.6210677637018256 0
CAR 0.0 0 -1.2352589150278113 194.6218608930449 463.60877213295856 448.67049266916575 599.8723722638812 1.5196 1.8976 4.1761 11.613928318160625 29.28723794333953 -7.5683 -1.782856759787455 0
PEDESTRIAN 0.0 0 1.1348290869121929 627.134966912766 138.0626249467551 664.1353899140365 207.44187782235343 1.7 0.7848 0.6973 40.09442964493872 -9.33767649435084 -6.0576 -0.17496862750956493 0
TRUCK 0.0 0 -1.6355651507371387 1748.4421164036785 287.9408967833455 1912.2724916666518 442.2571323263645 3.4079 2.7742 1.8309 41.70097732756389 7.013587370718922 -5.2988 -3.010969915553106 0
TRAILER 0.0 0 -2.3774208636558773 -92.8003812476716 25.198492841802775 231.2342657763927 209.36357952537668 3.5682 3.0012 10.9976 45.49694217952384 7.518524577175712 -5.2107 -3.0158723283577897 0
CAR 0.0 0 -1.7062292591624235 1734.7648902764663 404.6938045197213 1881.205436811199 522.796948848179 1.5064 1.8966 4.1132 33.887361026782706 6.120823793757367 -6.2711 -3.027719941514197 0
CAR 0.0 0 -0.9720405661274246 358.96654144367164 420.17223360207555 569.3892269675598 533.5032679915137 1.5195 1.8976 4.1014 15.571249379320989 30.514508260266762 -7.441 -1.7473622960181396 0
CAR 0.0 0 2.9924925712651667 1314.9540241614495 241.4379406891011 1492.9999473114992 367.5729722992574 1.4987 1.9049 4.0972 28.056266862239628 -26.218148867763293 -6.4483 1.6343890336265965 0
CAR 0.0 0 2.995598599051902 1492.7985891845578 270.94130782410093 1725.3170420237802 416.61300962326914 1.5032 1.8952 4.1044 24.68463574854192 -28.77182717803102 -6.2698 1.634389033626596 0
CAR 0.0 0 3.045497887549523 1840.456784417776 241.75517732659648 2152.038073151036 385.38351003762995 1.4966 1.9946 4.6048 25.134082252994133 -36.8635649071748 -5.8821 1.6296117114002369 0
CAR 0.0 0 -1.0722978172540938 224.7040182855258 339.52558691958876 392.01828920892575 415.4691012520073 1.4992 1.9014 4.0972 18.244899291508748 44.113932171651975 -7.3685 -1.759421345856444 0
CAR 0.0 0 -1.30985293247609 98.76716416691761 362.4710450567129 285.37909471893687 446.44993475654843 1.5006 1.8984 4.1012 14.667262139477616 43.76523640879435 -7.5939 -1.755079248103253 0
VAN 0.0 0 2.088195030051818 1358.8572943484664 457.8574591680862 1679.4492099121442 755.766050168755 2.5328 2.5828 5.9969 20.64378101478799 8.075563505044363 -6.1644 0.8885132036547543 0
CAR 0.0 0 3.054894971718638 1791.5793176258724 227.8322551819639 2030.7515735361096 344.8664659271873 1.5038 1.895 4.1 28.832672383015176 -38.30185036234722 -6.353 1.6321307886544327 0
TRUCK 0.0 0 1.9649078501591468 897.1544417744003 -387.3061699536901 950.3461951724692 -319.31543751542574 1.8452 2.0012 2.6602 -64.4494 -8.9781 -8.1752 0.02922435761566963 0
