CAR 0.0 0 2.728755642657927 1335.7818687245056 190.0752631211503 1543.3592256871598 312.4177664776845 1.7194 1.8964 4.5202 24.85452805032112 -22.774543189957377 -6.5435 1.329287223154536 0
PEDESTRIAN 0.0 0 2.8628091506808886 656.0042579322742 138.53980385689817 690.5613104499841 206.8101468171613 1.7 0.6968 0.7192 38.769902315362415 -7.344474448573686 -6.5112 1.5425810858228364 0
TRUCK 0.0 0 4.41326073503012 1710.0274192643105 258.46622750625767 1845.1663845681303 382.2829162564093 3.487 2.935 2.072 53.09889041769456 6.650789929323217 -5.9211 3.020039438511599 0
TRAILER 0.0 0 4.4237499451956985 1698.944992687752 234.1132203572456 1856.440325464615 375.9198057975164 3.8402 3.1746 6.0448 56.511569938035734 6.242791138484896 -5.7444 3.0211496524281416 0
CAR 0.0 0 2.711485056856783 1287.3237655884911 232.5501070939652 1498.7822625270871 360.2487524920385 1.504 1.9011 4.104 22.202502173233153 -19.31128825654084 -6.6643 1.3489112058221955 0
CAR 0.0 0 4.3680440278407975 1696.9363237958753 339.13790084611395 1800.9298234217686 420.99039756611603 1.5032 1.9025 4.0984 47.4786981179361 8.105076717519633 -6.9854 3.0106839122209634 0
CAR 0.0 0 -1.4360012076731632 241.71296833264574 449.5531623216858 463.34578257327036 581.8477668691472 1.5003 1.9029 4.0972 22.287939601036868 38.30990496906278 -8.2755 -2.0415453642998926 0
TRUCK 0.0 0 1.3707605344170855 1818.5557029340507 180.90763684620342 1897.8248163605156 252.1965008386566 4.0935 2.9956 3.2487 107.62333425570743 -6.975009241103506 -5.8272 -0.08435490020333669 0
CAR 0.0 0 -1.2636511791863625 384.71297930587025 413.7243369057558 567.5681750844384 525.6226422679031 1.4969 1.8793 4.0996 26.269309175852356 38.439911059535405 -8.2924 -2.0604177559563235 0
TRAILER 0.0 0 1.356297588886312 1821.4677609624212 226.82706909240127 1909.57791465324 262.26731783965505 1.2791 2.9956 7.5691 102.99903622645198 -6.679114159277246 -7.1889 -0.08435490020333661 0
CAR 0.0 0 4.843587057859378 1995.1855270167034 -894.2961773685975 2554.681424812695 -563.8372388435407 1.507 1.9022 4.2796 -13.586020226205433 22.67149140297101 -6.8916 2.9677380601423926 0
PEDESTRIAN 0.0 0 1.3074136544950379 634.0612241139502 141.5455737206232 669.5409104435972 211.0656266846816 1.7028 0.6996 0.6969 38.24846075823132 -6.643959222912389 -6.489 0.0002754820865611407 0
CAR 0.0 0 4.8696946254836515 2979.6332670158495 -1493.3027369480124 4405.924560895291 -774.3936858251661 1.4996 1.897 4.6336 -5.778525239848035 25.222952939408884 -7.133 3.0118281234319837 0
CAR 0.0 0 2.754482841642784 1781.9808345714132 233.91368917498366 2091.3461727352915 374.58081283088706 1.498 1.8978 4.2058 16.485405918521444 -27.64805570290182 -6.0071 1.3381509238857767 0
CAR 0.0 0 1.7719257606614873 -8041.887798057061 1158.5594487842482 -2509.1008876671194 2826.040436535953 1.4972 1.8964 4.1876 11.040998317435907 18.23026078087254 -7.046 2.9442272823651887 0
CAR 0.0 0 4.215161266593119 1483.8460112537023 416.8212206362861 1596.319470364813 546.4228222934289 1.5006 1.9012 4.3216 32.39017471135682 14.364284871967833 -6.9882 2.94615829817472 0
BICYCLE 0.0 0 1.437876198789388 625.7785871115356 73.68386799589419 663.3122196694268 132.94421648884577 1.7 0.8486 1.7004 49.1161 -8.3635 -5.9744 0.025322819173903426 0
