CAR 0.0 0 3.014674264059366 1340.9852290021183 198.4886633077249 1511.2149578299932 315.15411414414973 1.594 1.8966 4.5394 31.665175039690403 -28.235742159432707 -6.3337 1.6210677637018256 0
CAR 0.0 0 -1.2353118075608838 194.54168751026518 463.5164501521969 448.53313636593464 599.7283507841735 1.5196 1.8976 4.1761 11.616066566972323 29.296567641284877 -7.5683 -1.782856759787455 0
PEDESTRIAN 0.0 0 1.1347845118189408 627.1017419269706 138.08245707263347 664.1064974806284 207.46729322162554 1.7 0.7848 0.6973 40.091070111273304 -9.33718568845295 -6.0576 -0.17496862750956493 0
TRUCK 0.0 0 -3.235410867522597 -150.75186360297124 84.88268632982495 65.68041404021426 250.61868069608295 3.4079 2.7742 1.8309 36.31031143451761 6.303427316312652 -5.2988 -3.010969915553106 0
TRAILER 0.0 0 -2.951269388040197 -204.31147908855593 41.58996258776945 189.01140906962823 257.9768979637218 3.5682 3.0012 10.9976 40.15401572566915 6.784717160772868 -5.2107 -3.0158723283577897 0
CAR 0.0 0 -3.2113347568718913 -333.9374841006464 252.63530470945292 -35.57370706558766 403.82013876926953 1.5064 1.8966 4.1132 26.730123588555955 3.7762474253641836 -6.2711 -2.713575669308476 0
CAR 0.0 0 -0.9731066103364061 358.10357310646896 420.35465022483385 568.7198151492651 533.7851600804048 1.5195 1.8976 4.1014 15.548557923128698 30.509275727668072 -7.441 -1.7473622960181396 0
CAR 0.0 0 2.992642722000386 1314.7484340008825 241.21344101366049 1492.6282820465842 367.2302953930645 1.4987 1.9049 4.0972 28.077604194555608 -26.220845908366837 -6.4483 1.6343890336265965 0
CAR 0.0 0 2.9962013481968532 1492.8767537174472 270.11969871433735 1724.7985048521327 415.31014850071057 1.5032 1.8952 4.1044 24.74919874591876 -28.804643245904188 -6.2698 1.634389033626596 0
CAR 0.0 0 3.045761621653422 1845.196014058319 241.9897256017411 2157.856376651734 385.7193334621553 1.4966 1.9946 4.6048 25.111813236614356 -36.95594023077484 -5.8821 1.6296117114002369 0
CAR 0.0 0 -1.0665812802012549 232.79178521054308 346.01056459647253 404.0540193269521 424.7284623240506 1.4992 1.9014 4.0972 17.90535905688465 42.726882767746545 -7.3685 -1.759421345856444 0
CAR 0.0 0 -1.3097547939413585 98.82914957050421 362.52194180835687 285.4724481040076 446.52296058568487 1.5006 1.8984 4.1012 14.665469303725505 43.75510639988123 -7.5939 -1.755079248103253 0
VAN 0.0 0 2.481086733913477 1046.532504651804 358.9844155623541 1294.7077605217125 541.4015754700686 2.5328 2.5828 5.9969 25.0943005804035 17.128185335113688 -6.1644 1.2723743805819983 0
TRUCK 0.0 0 1.99662144010776 926.1014678956265 -444.88833080586625 992.2085871789201 -359.73450344109955 1.8452 2.0012 2.6602 -54.15223232312795 -8.555033554350045 -8.1752 0.02922435761566963 0
CAR 0.0 0 -1.2767347412560486 147.69096088395858 410.23969427334026 362.27762237557965 515.4144870627259 1.5018 1.9002 4.0982 13.16270000593731 36.108000027342875 -7.6497 -1.7828567597874547 0
