CAR 0.0 0 3.01468988847569 1340.4574346274621 198.38416939589928 1510.5408696660345 314.9961880580895 1.594 1.8966 4.5394 31.677880105611237 -28.2265867065703 -6.3337 1.6210677637018256 0
CAR 0.0 0 -1.2354075880385142 194.45033656692016 463.4732749332539 448.4201922923464 599.6613305781073 1.5196 1.8976 4.1761 11.616355947235316 29.30168977131683 -7.5683 -1.782856759787455 0
PEDESTRIAN 0.0 0 1.1348700147802375 627.1590647684793 138.04289390428704 664.1555681861377 207.41664343491428 1.7 0.7848 0.6973 40.097766657785726 -9.337924852603052 -6.0576 -0.17496862750956493 0
TRUCK 0.0 0 -1.6329501464580052 1750.1533376331186 284.5799537951661 1910.6081924123964 435.4588168045422 3.4079 2.7742 1.8309 42.6118891846852 7.133142531336835 -5.2988 -3.010969915553106 0
TRAILER 0.0 0 -2.286911126348562 -74.435808949338 22.773799056350462 239.3174931033284 202.33472640935906 3.5682 3.0012 10.9976 46.40658635935645 7.584775233683501 -5.2107 -3.0158723283577897 0
CAR 0.0 0 -1.6983103055390698 1740.5012147698599 393.2113194638243 1880.5460298606629 504.4749399738936 1.5064 1.8966 4.1132 35.522071300152184 6.307916373217701 -6.2711 -3.027719941514197 0
CAR 0.0 0 -0.9724420559452244 358.5440345072219 420.1344419642955 568.9771639697469 533.448356548141 1.5195 1.8976 4.1014 15.566800278685228 30.525177748358562 -7.441 -1.7473622960181396 0
CAR 0.0 0 2.992636323722531 1315.0822862679638 241.28716374965188 1493.0566091229057 367.3404335124697 1.4987 1.9049 4.0972 28.07051127439944 -26.226177248335006 -6.4483 1.6343890336265965 0
CAR 0.0 0 2.996024686377737 1493.2069088561684 270.42905098430464 1725.4134933524092 415.79710375138364 1.5032 1.8952 4.1044 24.7246992893223 -28.799934856483798 -6.2698 1.634389033626596 0
CAR 0.0 0 3.0455596080045737 1841.3698048575943 241.78242110120183 2153.138813298141 385.41858985254515 1.4966 1.9946 4.6048 25.13138345654046 -36.88255599268984 -5.8821 1.6296117114002369 0
CAR 0.0 0 -1.0775098857142336 220.1575604062554 337.7052612360706 386.51072563618453 412.88956953243144 1.4992 1.9014 4.0972 18.29606799879959 44.56344884576079 -7.3685 -1.759421345856444 0
CAR 0.0 0 -1.309910809052962 98.73235573032765 362.44854733342055 285.3309444083491 446.41769420933855 1.5006 1.8984 4.1012 14.667914613033705 43.76985753298327 -7.5939 -1.755079248103253 0
VAN 0.0 0 1.9537157393088607 1442.0045906059004 496.433473726229 1791.9458525353239 849.3232581238283 2.5328 2.5828 5.9969 19.06919651428136 6.226313556047577 -6.1644 0.7663433916019359 0
CAR 0.0 0 -1.2774074262355066 146.25767350579906 408.39284391136425 360.66845280052746 513.2027954456794 1.5018 1.9002 4.0982 13.168295632220618 36.19328319066723 -7.6157 -1.7828567597874547 0
CAR 0.0 0 3.059735563835744 1844.092080930562 226.87589252479316 2089.4330954675197 342.94457054239695 1.5038 1.895 4.1 28.91990082304712 -39.72211340560649 -6.353 1.6321307886544327 0
TRUCK 0.0 0 1.9546553374928508 891.1047781236393 -371.3414015913758 941.045075858329 -307.918294638624 1.8452 2.0012 2.6602 -68.0792 -9.03 -8.1752 0.02922435761566963 0
