CAR 0.0 0 2.728880765159623 1335.68824737588 189.9093164695621 1543.1116916529695 312.14925931152993 1.7194 1.8964 4.5202 24.87358298687876 -22.785887316039766 -6.5435 1.329287223154536 0
PEDESTRIAN 0.0 0 2.8620960690300365 653.1625448852892 138.34210629419215 687.7406723898109 206.576800408592 1.7 0.6968 0.7192 38.823085193308025 -7.273751757047527 -6.5112 1.5425810858228364 0
TRUCK 0.0 0 4.413238897902991 1709.701372445572 258.44817955637444 1844.8005792148376 382.2566831696903 3.487 2.935 2.072 53.097751687100576 6.661191309876609 -5.9211 3.020039438511599 0
TRAILER 0.0 0 4.423749911900867 1698.9453571086444 234.1133080927096 1856.4408668982608 375.9200009018302 3.8402 3.1746 6.0448 56.51153926320668 6.242782096312547 -5.7444 3.0211496524281416 0
CAR 0.0 0 2.711708093170575 1292.501725043603 233.2689023424507 1505.106963692571 361.3255475774377 1.504 1.9011 4.104 22.1065407544616 -19.384154517159896 -6.6643 1.3489112058221957 0
CAR 0.0 0 4.368084833260059 1696.9437301909256 339.0761832085583 1800.907123825485 420.89842527939237 1.5032 1.9025 4.0984 47.49204147756717 8.103300976947637 -6.9854 3.0106839122209634 0
CAR 0.0 0 -1.4361553257986408 241.49195712380825 449.3916981213023 463.05914873774464 581.6016833299473 1.5003 1.9029 4.0972 22.295871480126532 38.32544572351306 -8.2755 -2.0415453642998926 0
TRUCK 0.0 0 1.3660201445017313 1831.3963824980317 188.26100516933408 1919.9338125200566 267.19095489283944 4.0935 2.9956 3.2487 98.03857285153957 -5.899655692882928 -5.8272 -0.08435490020333669 0
CAR 0.0 0 -1.266265228013983 382.40347784264355 414.04120570312756 565.6975331732822 526.1168616762894 1.4969 1.8793 4.0996 26.219338553217597 38.46036778587173 -8.2924 -2.0604177559563235 0
TRAILER 0.0 0 1.4204551126614953 448.7322871982844 15.421581723460832 510.1736248773019 48.871155113923265 1.2791 2.9956 7.5691 93.41924357346895 -5.48227849912316 -7.1889 -0.08435490020333661 0
CAR 0.0 0 4.869967001850426 3166.4325971477206 -2120.007820767282 5283.978766631782 -939.885703506587 1.507 1.9022 4.2796 -4.023412578873361 21.050687473914195 -6.8916 2.9677380601423926 0
PEDESTRIAN 0.0 0 1.3067727934743678 632.0800631439739 141.46506973228293 667.5843118106524 210.9766993231813 1.7028 0.6996 0.6969 38.27491770997782 -6.593743404088314 -6.489 0.0002754820865611407 0
CAR 0.0 0 1.7903980673947677 -251239.62530018215 -20978.6818837622 59800.333630927256 96823.49222148264 1.4996 1.897 4.6336 7.8336222471575185 22.869428086375407 -7.133 2.95936452188353 0
CAR 0.0 0 2.76806419284404 1933.3804702608736 231.37060133584714 2257.6171644912506 368.27388425752997 1.498 1.8978 4.2058 15.6907590775631 -31.24451438826022 -6.0071 1.3381509238857767 0
CAR 0.0 0 4.050709105483513 1294.3639574031693 579.886947400836 1473.275957577628 827.5683096051292 1.4972 1.8964 4.1876 19.746083423572184 16.522163200816824 -7.046 2.9442272823651887 0
CAR 0.0 0 4.265406779083458 1543.7418234007223 361.88278312604024 1639.9500333700514 458.87987740887087 1.5006 1.9012 4.3216 40.566803894727514 12.886449381222883 -6.9882 2.94615829817472 0
BICYCLE 0.0 0 1.4019190576735288 653.4262321775109 100.14073470978047 695.0469611900878 166.17745753055473 1.7 0.8486 1.7004 43.7683 -8.3588 -6.1929 0.025322819173903426 0
CAR 0.0 0 4.068135333071739 1656.1362336336283 69.7334508113596 1789.7867085775063 124.58275441753725 1.504 1.9012 4.1042 39.8886 -49.8675 -5.6599 2.5532393466111407 0
