CAR 0.0 0 3.0115075720084565 1340.483447339965 198.2754418430806 1510.498932403871 314.8264103981046 1.594 1.8966 4.5394 31.691099447436255 -28.232172776886145 -6.3337 1.6177921667651312 0
CAR 0.0 0 -1.2213754411666287 196.22067272615033 462.96172283544246 449.66213061110193 598.8499975062621 1.5196 1.8976 4.1761 11.657505018061261 29.322292955716456 -7.5683 -1.7714513563579624 0
PEDESTRIAN 0.0 0 1.3436936338574543 627.2733406317618 138.9562631847713 664.3976180797923 208.57767406468363 1.7 0.7848 0.6973 39.94465877316058 -9.359301409709431 -6.0576 0.03527947359358131 0
TRUCK 0.0 0 -1.6517080957142085 1767.646149318202 261.1139499422868 1904.7485062575356 388.30937711073994 3.4079 2.7742 1.8309 50.33519790244737 7.9935397628262725 -5.2988 -3.048531819335291 0
TRAILER 0.0 0 -1.8621897737453073 47.54679733042646 4.8188455737381055 293.400425954251 152.48924557032333 3.5682 3.0012 10.9976 54.31027785967211 8.390202490568289 -5.2107 -3.0427454332082586 0
CAR 0.0 0 -1.6859241913371035 1767.210818884834 343.1348311670199 1879.758370941185 426.78983934436695 1.5064 1.8966 4.1132 44.67507440403867 7.304430646610397 -6.2711 -3.0496920303081225 0
CAR 0.0 0 -0.9971403264854761 358.0888991239705 420.2800517693347 568.6568832851207 533.6720066080146 1.5195 1.8976 4.1014 15.552241326294617 30.517271432814496 -7.441 -1.7714513563579624 0
CAR 0.0 0 2.994345558693924 1323.5151606167472 241.90012863450283 1503.1255980722594 368.20562798068306 1.4987 1.9049 4.0972 28.0098648841268 -26.40233564082377 -6.4483 1.6352454592850747 0
CAR 0.0 0 -1.3121188296922104 104.39151492549612 360.32800572004965 291.99691388085455 445.06684278910177 1.5196 1.8976 4.1284 14.77494838159932 43.579696848263985 -7.532 -1.7714513563579624 0
CAR 0.0 0 2.998560262441084 1503.8169393927565 270.1416230877881 1737.5834510666818 415.2382491637695 1.5032 1.8952 4.1044 24.7427399534452 -29.037345892908974 -6.2698 1.6352454592850747 0
CAR 0.0 0 4.844507952195114 1113.1570391858431 -286.4807129040518 1159.91327794801 -248.7106562235466 1.5038 1.8956 4.1518 -93.42582710304063 6.591605015670567 -8.2426 3.042703594160093 0
CAR 0.0 0 -4.290993582438923 -11740.610741312183 1294.7839326187948 -3429.9931566622636 3306.0897350711816 1.5026 1.902 4.1038 6.04884233531198 10.159894276925442 -6.3397 -3.046295611570412 0
TRUCK 0.0 0 2.079209636501756 999.9054686720275 -657.2291865873126 1160.2081523698366 -418.81011505124513 3.4461 3.0048 1.7389 -34.47935357963169 -7.938810702349327 -7.3737 0.0476240649650965 0
CAR 0.0 0 -1.2854730799263654 1164.9918297281713 -369.7781870140938 1238.391463346081 -308.65186762014577 1.4986 1.895 4.0984 -64.04029464708321 2.7759739951505664 -7.9985 -3.13094975625294 0
CAR 0.0 0 4.8175910615292565 1036.35248156323 -241.34238716722413 1065.5111037481188 -216.8526941786406 1.504 1.9046 4.0984 -135.58052803069444 8.139261842864515 -9.1842 3.0322750163433385 0
CAR 0.0 0 -1.2146434620805149 1355.205709169579 -546.4005967946988 1500.6832366778765 -428.58971389985516 1.5044 1.9032 4.0978 -40.43850603326823 2.404363144876859 -8.118 -3.1134964637329965 0
TRAILER 0.0 0 2.0489402167248896 941.2014762686405 -609.3319721219141 1138.965570569531 -345.6096487877247 3.1096 3.3536 10.442 -40.214903311839834 -8.212178697386609 -7.1405 0.05406425722112945 0
