CAR 0.0 0 2.9249317833530206 1433.5273697607531 323.8667218287322 1710.648393074266 515.816090257265 1.551 1.9022 4.6956 21.401233753425156 -26.242963303976754 -6.4702 1.6140760596521568 0
CAR 0.0 0 2.948126257237515 1351.510371889149 214.09436468198373 1515.0187562480692 323.7905583137531 1.5 1.8998 4.0998 31.37977126198048 -28.353164473620765 -6.555 1.562018017330398 0
CAR 0.0 0 2.982457841117223 1789.2706757564017 317.7035596279815 2128.465039163106 490.8958185832684 1.5 2.037 4.3995 21.707606467783563 -33.41791554773462 -6.4402 1.6143806461473198 0
CAR 0.0 0 -0.99581034590367 340.0090620594008 412.07658786261595 547.8343509303112 525.4044192713619 1.5999 1.899 4.0996 15.642805205617215 31.542109664587457 -7.4486 -1.7574534447408663 0
CAR 0.0 0 -1.0338439543250746 276.8114560247495 375.6664432301391 463.2632174916125 466.5130507837262 1.5 1.899 4.0996 16.845130207993634 37.4974881852225 -7.4503 -1.757453444740867 0
CAR 0.0 0 2.926863741666624 1346.5763309835802 238.92629714808692 1529.037849783616 364.49185287880215 1.5 1.8998 4.0998 28.09132731224959 -26.964937309170626 -6.4052 1.562023372950315 0
CAR 0.0 0 3.019679013806976 1603.8128589674927 202.5361881620475 1796.1079879455 306.86256052397925 1.5 1.8998 4.0998 32.0530494927763 -35.382042347859645 -6.4191 1.5969143524866567 0
CAR 0.0 0 -1.2823721574080027 128.25721824252952 409.619696213876 345.56743815630784 517.4395746832349 1.553 1.899 4.0996 12.813352238845445 36.29191839431251 -7.6325 -1.7574534447408667 0
CAR 0.0 0 -1.232593884901007 177.393142187943 456.6815310353324 427.80442479012135 596.1009318111676 1.6483 1.8736 4.0995 11.479785395895425 29.844497266656056 -7.5421 -1.7580622104290473 0
PEDESTRIAN 0.0 0 3.5772240798863892 683.1922358087722 117.57731954424871 715.5734076661573 184.50457657279065 1.7024 0.7548 0.7211 41.865083733701326 -10.711627556102181 -5.7738 2.2187577093109483 0
TRUCK 0.0 0 -1.6000251642631285 1730.119184113188 246.97741837065226 1918.0117547167797 429.95958062306966 4.083 2.9959 5.8323 45.26063482918223 7.636166907653974 -4.9879 -2.9908413064371224 0
CAR 0.0 0 -1.3855336421684736 59.889780128076815 339.7165212183293 232.88800478648022 414.01435185205503 1.4996 1.899 4.0996 15.317305110154415 48.984845801239764 -7.6 -1.7574534447408674 0
CAR 0.0 0 -1.69289526140738 1509.650462941332 315.37834581634877 1620.9409456675262 388.64313808027833 1.4954 1.9024 4.0993 43.85569929833166 14.194436047133207 -6.0972 -3.0434344555096065 0
CAR 0.0 0 2.034511619121141 966.1716849735976 -534.087965181589 1046.8674608743447 -427.44787421379164 1.5026 1.7336 4.1034 -45.43519104467082 -8.109756249199647 -8.5742 0.019008741704010047 0
TRAILER 0.0 0 -1.5910863711861445 1719.2391324644313 226.44352260686065 1915.2540728986398 408.158549942084 4.1525 3.0019 10.9977 50.457123935898586 8.430081878276022 -4.8941 -2.9939342325180367 0
PEDESTRIAN 0.0 0 0.782609565786267 1135.5073292198547 244.24314858958968 1158.6969312291133 283.54780467353504 1.7 0.699 0.7911 55.9817 37.2166 -6.2554 -0.5621787645179964 0
CAR 0.0 0 -1.635658651932883 1669.2572667494444 257.82933714353874 1744.6682303865266 305.21267558822467 1.4954 1.9024 4.0992 66.8523 14.8524 -5.9684 -3.0434344555096065 0
CAR 0.0 0 2.099938066415664 1470.4218124396734 615.0299983004016 1728.9516046082688 867.4140661277726 1.5034 1.9028 4.1032 17.8357 6.0614 -6.8614 0.9576848056923436 0
