CAR 0.0 0 2.705334647186544 1326.2613327752752 190.10919318326265 1532.778683692347 312.598023859989 1.7194 1.8964 4.5202 24.9169505214865 -22.52798634233416 -6.5435 1.3071190965771684 0
PEDESTRIAN 0.0 0 3.5142418941155773 648.5063109274836 138.5484175229666 683.1956735748819 206.8765070319167 1.7 0.6968 0.7192 38.817155385001314 -7.141376602257018 -6.5112 2.1967451706389425 0
TRUCK 0.0 0 4.389989257128146 1703.5663401908623 257.7216556981569 1837.5478619362189 381.0296947454253 3.487 2.935 2.072 53.21402991932312 6.840488831220043 -5.9211 2.996917376801119 0
CAR 0.0 0 2.669299315079875 1283.1032964232563 232.22189227885846 1493.8243692576755 359.77919851081907 1.504 1.9011 4.104 22.258555167364353 -19.236128746470296 -6.6643 1.307121847478894 0
CAR 0.0 0 -1.489457083888348 221.60224412642398 452.8887090234024 447.7995538107048 587.1782135425509 1.5003 1.9029 4.0972 21.904350506249873 38.41894486541541 -8.2755 -2.067370310837955 0
CAR 0.0 0 -1.26571118082238 389.09899086875424 413.16763416933907 571.1462880850821 524.751666963971 1.4969 1.8793 4.0996 26.360868177734954 38.397301249844396 -8.2924 -2.067370310837955 0
CAR 0.0 0 2.6897056600101843 1485.3378395201257 238.17565813975068 1761.7133192940391 385.8351932358825 1.498 1.8978 4.2058 18.00065174578401 -21.073419315642987 -6.0071 1.3071218474788946 0
PEDESTRIAN 0.0 0 1.3400661242100023 632.4555385269283 140.91589256744751 667.7831554781056 210.1217843068449 1.7 0.6974 0.7026 38.40777801274642 -6.624593282761278 -6.4943 0.032453203031635944 0
CAR 0.0 0 4.382753767683441 1721.8836246155922 334.8077920077732 1830.0601359729487 417.04703362385663 1.5032 1.8996 4.0986 47.38787253215574 7.4403484267351985 -6.7781 3.0199979204338043 0
TRAILER 0.0 0 4.403928834290392 1698.8298013508947 220.4676209949773 1851.5643820022515 368.05604724047856 4.117 3.002 6.0508 56.85567207682331 6.327867854468681 -5.4223 2.995539632768037 0
CAR 0.0 0 2.7757603061972276 2118.423495397092 215.01107825550358 2456.6285206798507 345.6067845597427 1.4956 1.9016 4.1016 14.667980615715578 -35.514771185665765 -5.6954 1.3257885173400497 0
VAN 0.0 0 -0.3761614095958039 2732.020956203744 409.49140864204423 3677.298776854313 739.5388583599771 1.8784 2.1996 5.9972 4.010294512586002 -35.14954171093187 -6.9284 -1.772035088766517 0
CAR 0.0 0 -1.4056201485322364 186.7325382305897 299.0875759767932 325.9937693558417 363.43420251962954 1.501 1.901 4.1044 36.50741345623968 57.66819373388083 -8.2531 -2.067370310837955 0
