CAR 0.0 0 2.9250218032948885 1434.8216474900405 324.0579655226217 1712.3887336856335 516.1298381011188 1.551 1.9022 4.6956 21.388757955531506 -26.262346351997735 -6.4702 1.6140760596521557 0
PEDESTRIAN 0.0 0 0.7171571327645327 955.7436902655293 250.8911208746726 979.410542027569 293.3404334936505 1.7 0.699 0.791 46.6008 40.8542 -6.2141 -0.5796320570379399 0
CAR 0.0 0 2.9480264664439444 1351.7920786082886 214.2671400578123 1515.4406515647634 324.0467146676801 1.5 1.8998 4.0998 31.36 -28.353 -6.555 1.562018017330398 0
CAR 0.0 0 2.9826158392428948 1789.629934089073 317.5077240194857 2128.6982946184207 490.56777229116983 1.5 2.037 4.3995 21.719905962685036 -33.433912995222926 -6.4402 1.6143805533885185 0
CAR 0.0 0 -0.9956852222124037 340.2816974976762 412.2549172391313 548.2037862537447 525.6742913626316 1.5999 1.899 4.0996 15.637445279989237 31.518079029427508 -7.4486 -1.7574534447408667 0
CAR 0.0 0 -1.0360171024408362 275.2466904382771 375.8134200901117 461.91356366372514 466.7365896572644 1.5 1.899 4.0996 16.80760366876092 37.504763603494766 -7.4503 -1.7574534447408667 0
CAR 0.0 0 2.909493517791649 1346.7027137929233 238.84318950112612 1529.1313063088146 364.36303345012846 1.5 1.8998 4.0998 28.099239745181965 -26.970884856493818 -6.4052 1.544567383306676 0
CAR 0.0 0 3.0022772280194916 1609.1244707860744 203.19226593084517 1802.5618030694934 307.7976641495102 1.5 1.8998 4.0998 31.972250122375982 -35.481893047047826 -6.4191 1.5794639025963233 0
CAR 0.0 0 -1.2837744938255877 127.36984735941887 409.49028428686063 344.66191422544733 517.2507414025166 1.553 1.899 4.0996 12.80497616085331 36.32289103233099 -7.6325 -1.7574534447408667 0
CAR 0.0 0 4.938892921223457 1125.8915484246838 -327.1123240109134 1177.337887060678 -283.94758466948787 1.5024 1.8984 4.0979 -86.8301 5.8762 -9.4133 3.109020331350383 0
CAR 0.0 0 -1.2281748609638448 180.08714292679704 456.4378482451688 430.07084380683165 595.7001504177239 1.6483 1.8736 4.0995 11.524153310721857 29.828745524135066 -7.5421 -1.7574534447408667 0
PEDESTRIAN 0.0 0 3.673640967757064 1036.4663744430866 93.55454071195885 1064.9048756758089 151.3856754060485 1.7024 0.7548 0.7211 47.636869239598234 -21.99988736452242 -5.7738 2.2187577093109483 0
TRUCK 0.0 0 -1.5963122449918037 1728.7490635756837 242.50838658150994 1909.8449623325719 417.77344412193116 4.083 2.9959 5.8323 46.95231303849148 7.99028955522296 -4.9879 -2.9908413064371224 0
PEDESTRIAN 0.0 0 -1.9473674237003935 1167.597408576627 531.9480238165083 1273.2694656025747 718.3008713630172 1.8354 0.7406 1.0616 14.8163907710071 -18.594547861299933 -6.551 -3.045077297963178 0
CAR 0.0 0 -1.3902571929042709 57.52180287305745 337.289481093847 228.95527327195705 410.59001575220134 1.4996 1.899 4.0996 15.428983618160627 49.55586353497143 -7.6 -1.7574534447408667 0
CAR 0.0 0 1.5503628662488518 451.63556223758735 34.363160146977656 518.4149010094808 80.45326114859682 1.4964 1.9028 4.1049 68.14071609571543 0.9113774261065695 -6.0111 0.09618390726240349 0
CAR 0.0 0 -1.1545244180705525 1877.3170580953476 -956.0582521753415 2288.625068076302 -663.3795769404697 1.4984 1.8986 4.0987 -22.4323 4.175 -8.08 -3.0938034295093066 0
TRAILER 0.0 0 -1.6061893069760669 1722.0299114417917 223.791381236603 1911.772962751329 398.47281888712723 4.1526 3.0019 10.9977 52.16290059056912 8.67992576478701 -4.9096 -3.011985697842091 0
CAR 0.0 0 4.867487277910187 1038.8764283077448 -264.7442062477251 1070.6680173992545 -237.22066247243495 1.5012 1.8967 4.0976 -125.2181 6.698500000000001 -9.9423 3.063220953932501 0
