CAR 0.0 0 2.9354806899754755 1430.7824222865474 323.4001807009696 1706.9095125014103 515.0460628236398 1.551 1.9022 4.6956 21.431470205805276 -26.203441317234326 -6.4702 1.6247709188662327 0
CAR 0.0 0 2.9630696262204674 1354.108313640764 214.61741577619355 1518.2726672942804 324.55146219285564 1.5 1.8998 4.0998 31.31971784301539 -28.397906623751883 -6.555 1.5770240091038403 0
CAR 0.0 0 2.997244073334155 1791.9467785562802 318.0714732871363 2132.029253902625 491.4763712735841 1.5 2.037 4.3995 21.68255350970053 -33.454620856450695 -6.4402 1.6290845723854452 0
CAR 0.0 0 -1.0453709053301 342.92189609287254 411.74280097249954 550.2807055438681 524.8791008502105 1.5999 1.899 4.0996 15.706208711584773 31.53151050761513 -7.4486 -1.8104714429084878 0
CAR 0.0 0 -1.0877003011246194 276.2384396569621 375.77531130509703 462.806214330718 466.6754940982849 1.5 1.899 4.0996 16.827825889128608 37.49214163675854 -7.4503 -1.8104606373881729 0
CAR 0.0 0 2.924311657247711 1347.188199434664 239.1742167821864 1529.89563098754 364.86727311130176 1.5 1.8998 4.0998 28.067451417061612 -26.970383390680695 -6.4052 1.5595760351837658 0
CAR 0.0 0 3.0174852950510522 1611.7850778019163 203.28965017587362 1805.6241580913324 307.92073691694105 1.5 1.8998 4.0998 31.960166170841298 -35.547916534673725 -6.4191 1.5944905815285024 0
CAR 0.0 0 -1.3162507421588734 129.4551405469422 409.5463000853359 346.61647263328285 517.3229109247818 1.553 1.899 4.0996 12.835570892746738 36.281383347983194 -7.6325 -1.7933414657269229 0
CAR 0.0 0 -1.258521616127972 183.92062836287332 455.8692555838015 433.1408085404827 594.7808835195099 1.6483 1.8736 4.0995 11.595224668760979 29.826663424607847 -7.5421 -1.7933253174713948 0
TRUCK 0.0 0 -3.5828632928126427 -702.240140416996 119.72397232018403 -79.4769440091294 482.0486562541189 4.083 2.9959 5.8323 24.318409710109893 4.273240104194293 -4.9879 -2.6876388872264165 0
CAR 0.0 0 -1.4218998692652218 51.632162375979256 340.883109772591 226.0024938958417 415.7088466393958 1.4996 1.899 4.0996 15.06997719143732 48.90830630267005 -7.6 -1.7749669233050611 0
CAR 0.0 0 -1.6769445051976941 1512.0845029374987 315.14832128247974 1623.1457599008656 388.28515602152964 1.4954 1.9024 4.0993 43.9658907551556 14.156597147945064 -6.0972 -3.0279752999934297 0
TRAILER 0.0 0 -3.748526898405905 -550.1606614827783 53.11412208217115 79.19565206970077 389.427379942767 4.1525 3.0019 10.9977 30.841144212730587 5.671603982702824 -4.8941 -2.969281212655589 0
PEDESTRIAN 0.0 0 2.8497709005933505 612.7221239030905 128.30033104829275 646.7007929859686 197.50414868586108 1.7322 0.6996 0.7164 41.14 -8.7843 -5.9789 1.5316807742695877 0
VAN 0.0 0 3.054400286712253 2429.186652504757 258.2550773297616 3008.8442933109995 463.6972668916553 1.9996 2.198 5.9958 22.64167771725316 -49.228668156455505 -6.0941 1.6143678534163548 0
VAN 0.0 0 -1.6820180158033142 1762.0598499456316 292.07609601343194 1894.6127966610786 404.1487855066435 2.3712 2.209 6.002 48.53212928701358 7.7945646146889525 -5.7232 -3.066462083310483 0
VAN 0.0 0 -1.6039422144555775 1793.2695901341694 241.44121081123419 1885.5105538958628 306.4794052590435 2.008 2.2032 5.9814 68.7228 10.1755 -5.3721 -3.027670667115337 0
