CAR 0.0 0 2.925147255896621 1433.0571829621483 323.4641852387578 1709.7480623878578 515.1295119155833 1.551 1.9022 4.6956 21.426216649529778 -26.244879249415582 -6.4702 1.6140760596521566 0
CAR 0.0 0 2.9480375567959216 1351.7597818041775 214.2477662200455 1515.3925380617904 324.01799557450056 1.5 1.8998 4.0998 31.362216056937626 -28.35300005105842 -6.555 1.562018017330398 0
CAR 0.0 0 2.9828794172094777 1790.9186445031173 317.8193447507029 2130.548916450185 491.0698825823598 1.5 2.037 4.3995 21.699242349269593 -33.445525963278186 -6.4402 1.6146851398907593 0
CAR 0.0 0 -0.9940099072728376 341.7557028050369 412.16492459822626 549.4944922360729 525.5285423647694 1.5999 1.899 4.0996 15.665229969479949 31.50403810578469 -7.4486 -1.7574534447408663 0
CAR 0.0 0 -1.0373461766927798 274.4858533618859 376.16088529974814 461.44427555102703 467.24944634754814 1.5 1.899 4.0996 16.771612300547034 37.46817146669068 -7.4503 -1.757453444740867 0
CAR 0.0 0 2.9095072505940873 1346.4741764388511 238.78242883823498 1528.8308112821305 364.2717468436463 1.5 1.8998 4.0998 28.1051226737469 -26.967706370943045 -6.4052 1.5445674198756585 0
CAR 0.0 0 3.0195152120594537 1606.4594835644164 203.13899521203513 1799.5272478745856 307.74052179691097 1.5 1.8998 4.0998 31.978935012209924 -35.412668933019404 -6.4191 1.5969143524866567 0
CAR 0.0 0 -1.2832343530350938 127.69130529158483 409.47120406873773 344.94384766170475 517.220358989887 1.553 1.899 4.0996 12.810911650464865 36.31998833460315 -7.6325 -1.7574534447408667 0
CAR 0.0 0 -1.2290297296287123 179.9008773234412 456.4237796572422 429.89239819394186 595.6791857797847 1.6483 1.8736 4.0995 11.522163206144862 29.83267455077252 -7.5421 -1.7580622104290473 0
PEDESTRIAN 0.0 0 3.6013887586908444 756.1261974982076 114.21712400996562 785.0085114103128 179.73865828311958 1.7024 0.7548 0.7211 42.599220117295204 -12.748744953650586 -5.7738 2.2187577093109483 0
TRUCK 0.0 0 -1.5966385739983175 1728.2456533161278 242.8294728978847 1909.8584032375572 418.6598337583738 4.083 2.9959 5.8323 46.81177335638721 7.977017746838503 -4.9879 -2.9908413064371224 0
PEDESTRIAN 0.0 0 -2.301098395164329 2252.9589881619886 2554.8643688884013 3498.4634330202816 3538.5373278030274 1.8354 0.7406 1.0616 1.4967109080389402 -19.12943232644978 -6.551 -3.04477252578078 0
CAR 0.0 0 -1.3876147446187113 58.96975088900009 339.7938743457119 232.08331496692014 414.1284976219558 1.4996 1.899 4.0996 15.293074461581849 48.98747486278192 -7.6 -1.7574534447408674 0
CAR 0.0 0 -1.6897399097239325 1512.1409303351186 311.39599056545603 1621.0560566007664 382.69783167355206 1.4954 1.9024 4.0993 44.8583183503271 14.445062632204891 -6.0972 -3.0434344555096065 0
CAR 0.0 0 1.9795712612371659 923.2533350780816 -428.27316672077643 980.2179575426995 -354.9838996037275 1.5026 1.7336 4.1034 -58.731961076931206 -8.383634380065448 -8.5742 0.01900608361810033 0
TRAILER 0.0 0 -1.588424562183959 1717.427085419545 223.4809946579884 1908.0646878440857 398.54182334221434 4.1525 3.0019 10.9977 51.95602020244992 8.771980090667627 -4.8941 -2.9939342325180367 0
CAR 0.0 0 4.747302023482442 1039.441244492689 -262.1967880638817 1070.4887759821556 -235.4680648874768 1.4984 1.8986 4.0986 -128.3001 7.2284 -10.0523 2.9450000258674502 0
PEDESTRIAN 0.0 0 0.7624387094888327 1128.9913527494377 245.9394662292809 1152.2189657369802 285.39636547415205 1.7 0.699 0.7911 55.55727559230447 37.31610713499044 -6.3139 -0.5796320570379399 0
