CAR 0.0 0 2.942543078026025 1433.6104796866412 323.67479511397744 1710.5956093584625 515.4851146530441 1.551 1.9022 4.6956 21.41296103365298 -26.249703951478246 -6.4702 1.6315294449596554 0
CAR 0.0 0 2.9482110220496214 1351.2721901584282 213.94784000400017 1514.6618306740468 323.5733376658454 1.5 1.8998 4.0998 31.39655518372006 -28.353323000287514 -6.555 1.562018017330398 0
CAR 0.0 0 2.9823713157331233 1790.708029878566 317.61107340157884 2130.089016675489 490.7273229317609 1.5 2.037 4.3995 21.712665824077792 -33.45073626597258 -6.4402 1.6140760596521568 0
CAR 0.0 0 -0.9950947397844625 340.81217982266435 412.2361687205853 548.6774328667148 525.6426012169285 1.5999 1.899 4.0996 15.646707668515427 31.51152880568214 -7.4486 -1.7574534447408663 0
CAR 0.0 0 -1.0349535317825573 276.0157307822739 375.7465492296998 462.5804976107711 466.6345762320859 1.5 1.899 4.0996 16.82569437785215 37.500408500802365 -7.4503 -1.757453444740867 0
CAR 0.0 0 2.9268417470537975 1346.6702055850824 238.97173332770967 1529.1740522801003 364.56081593910636 1.5 1.8998 4.0998 28.08695452412654 -26.965507790980915 -6.4052 1.562023372950315 0
CAR 0.0 0 3.019763042790421 1603.672266104937 202.3938929175291 1795.845095776669 306.65129239841735 1.5 1.8998 4.0998 32.070558786808505 -35.38807381922492 -6.4191 1.5969143524866567 0
CAR 0.0 0 -1.2832721478337068 127.69135193222955 409.5498024325709 344.998829887742 517.3380730448184 1.553 1.899 4.0996 12.807456488541224 36.31007372490709 -7.6325 -1.7574534447408667 0
CAR 0.0 0 -1.2312280846347963 178.3802704079361 456.6505964773287 428.6758770282517 596.0459501490865 1.6483 1.8736 4.0995 11.4940011871513 29.83337265112422 -7.5421 -1.7580622104290473 0
PEDESTRIAN 0.0 0 3.576244740024932 681.2698251433518 117.8473129230499 713.7702188931243 184.86354445845217 1.7024 0.7548 0.7211 41.81147160700509 -10.662054251883095 -5.7738 2.2187577093109483 0
TRUCK 0.0 0 -1.6005343069311946 1729.8259566437055 247.53489493053522 1918.5907438171416 431.49876173727915 4.083 2.9959 5.8323 45.04683621667762 7.603395961669387 -4.9879 -2.9908413064371224 0
CAR 0.0 0 -1.3875477175356818 58.99375374265119 339.74135793576573 232.06852123491095 414.05396295680623 1.4996 1.899 4.0996 15.297027893040374 48.998148769298496 -7.6 -1.7574534447408674 0
CAR 0.0 0 -1.6930481896377958 1506.8360869486098 315.05633266653325 1618.0552519134988 388.1799935499006 1.4954 1.9024 4.0993 43.86496053466816 14.282867461069673 -6.0972 -3.0434344555096065 0
CAR 0.0 0 2.021442453771341 968.1734127079915 -542.3264380451145 1050.6535551791378 -432.9267794844995 1.5026 1.7336 4.1034 -44.677712450508096 -8.130758361082103 -8.5742 0.0015554491840667456 0
TRAILER 0.0 0 -1.59152773584853 1718.8397890480585 226.8674289619815 1915.7122557645575 409.5630365053454 4.1525 3.0019 10.9977 50.231991433952906 8.397142230224313 -4.8941 -2.9939342325180367 0
PEDESTRIAN 0.0 0 0.786331419116631 1156.2434148672685 244.61274920899172 1179.3564455736557 283.5475450342547 1.7 0.699 0.7911 57.166605577778064 36.76036734248823 -6.3139 -0.5621787645179964 0
CAR 0.0 0 -1.635658651932883 1669.2572667494444 257.82933714353874 1744.6682303865266 305.21267558822467 1.4954 1.9024 4.0992 66.8523 14.8524 -5.9684 -3.0434344555096065 0
CAR 0.0 0 2.038371167388976 1440.8970978849145 592.0158231780739 1689.0754586709334 825.5493540062529 1.5034 1.9028 4.1032 18.55122852576908 6.715734638433879 -6.8614 0.8879575779054432 0
