CAR 0.0 0 2.705426325038718 1326.5446144792766 190.0430478114003 1533.0376562784454 312.4867623165566 1.7194 1.8964 4.5202 24.922322949700902 -22.540645977820844 -6.5435 1.3071190965771684 0
PEDESTRIAN 0.0 0 3.5142866717720036 648.5331480510396 138.5262788739922 683.2188351915231 206.84783235154495 1.7 0.6968 0.7192 38.82086363090652 -7.142782479784066 -6.5112 2.1967451706389425 0
TRUCK 0.0 0 4.390134264414119 1704.3993130663985 257.64685386369285 1838.3662397981157 380.8675500017361 3.487 2.935 2.072 53.26010940411402 6.808559514254689 -5.9211 2.996917376801119 0
CAR 0.0 0 2.6692468460299006 1282.9494290735659 232.2557944820981 1493.6783361681635 359.83467556784615 1.504 1.9011 4.104 22.256611308660208 -19.230618234190658 -6.6643 1.307121847478894 0
CAR 0.0 0 -1.4887278549140748 222.69532159022123 453.84329493883655 449.31216896242216 588.6396033026282 1.5003 1.9029 4.0972 21.85710064558758 38.33157954498112 -8.2755 -2.067370310837955 0
CAR 0.0 0 -1.2652258711555295 389.65633715422774 413.2270937649553 571.6707748623277 524.8352999944779 1.4969 1.8793 4.0996 26.361953793707205 38.38146632863452 -8.2924 -2.067370310837955 0
CAR 0.0 0 2.689529635726438 1485.576229436703 238.45678968486078 1762.2672539398047 386.3057990330246 1.498 1.8978 4.2058 17.978910801486975 -21.05984569882303 -6.0071 1.3071218474788946 0
PEDESTRIAN 0.0 0 1.3400629061364624 632.4582008303919 140.91853801465433 667.7861550927361 210.1251670488494 1.7 0.6974 0.7026 38.40730701264626 -6.624589447387706 -6.4943 0.032453203031635944 0
CAR 0.0 0 4.382745928858457 1721.678447792081 334.78052238568233 1829.8169522766943 417.008421491824 1.5032 1.8996 4.0986 47.39012983207904 7.445915056743902 -6.7781 3.0199979204338043 0
TRAILER 0.0 0 4.404192938893292 1700.2578339676732 220.33970628648896 1852.9867140111219 367.6672580439569 4.117 3.002 6.0508 56.96449617086182 6.265071007017059 -5.4223 2.995539632768037 0
CAR 0.0 0 2.7772777556641417 2137.0604528839813 214.16154874778002 2476.0298951224827 343.9322592818809 1.4956 1.9016 4.1016 14.603487857772002 -36.06194793843918 -5.6954 1.3257885173400492 0
VAN 0.0 0 -0.3803328853683605 2685.7506289628873 412.282735048968 3626.5401286979954 746.969017404193 1.8784 2.1996 5.9972 4.204887846756266 -34.1688103603112 -6.9284 -1.772035088766517 0
CAR 0.0 0 -1.4241011709765528 176.4275799428862 298.69992639264444 316.33913153048974 362.9782344019679 1.501 1.901 4.1044 36.392866519927836 58.03455813550666 -8.2531 -2.067370310837955 0
