CAR 0.0 0 2.7231215257283417 1326.833858200706 189.79704978746594 1533.1489233860218 312.0830767694815 1.7194 1.8964 4.5202 24.947641598132 -22.56820990977187 -6.5435 1.3245723866681374 0
PEDESTRIAN 0.0 0 3.5122890032307943 643.1495458402349 138.5333933469344 677.9304672464687 206.89667522896292 1.7 0.6968 0.7192 38.85458011462909 -6.997126440112941 -6.5112 2.1967451706389425 0
TRUCK 0.0 0 4.319732293714125 1650.5121987574275 320.67033310149793 1840.5575512407725 503.6885605693174 3.487 2.935 2.072 36.648005435518876 10.027177655603015 -5.9211 2.9794644875480256 0
CAR 0.0 0 2.6687169978727248 1280.6500445117297 232.45413746934324 1491.2624836919615 360.17583846954983 1.504 1.9011 4.104 22.25437398392164 -19.16693585571657 -6.6643 1.3071218474788941 0
CAR 0.0 0 -1.4900573628119553 220.66276990812835 452.0243742318068 446.4731575621245 585.8553778368121 1.5003 1.9029 4.0972 21.947774793852506 38.4975538177397 -8.2755 -2.067370310837955 0
CAR 0.0 0 -1.264388009575369 390.315011509926 413.0398139939407 572.1528177281945 524.5498371313495 1.4969 1.8793 4.0996 26.384162880458522 38.38333055067735 -8.2924 -2.067370310837955 0
CAR 0.0 0 2.689734137405179 1485.501725132223 238.16471397836412 1761.8878446437054 385.81446205489164 1.498 1.8978 4.2058 18.00046763431369 -21.077478291368873 -6.0071 1.307121847478894 0
PEDESTRIAN 0.0 0 1.339626243719631 632.6830237354066 141.2446897651454 668.0544299769474 210.54298058440492 1.7 0.6974 0.7026 38.349980946098306 -6.621371967351551 -6.4943 0.032453203031635944 0
CAR 0.0 0 -3.2235142680778788 -303.7280959172501 293.25724318476887 -34.33128374955813 474.049016055875 1.5032 1.8996 4.0986 25.921820733680775 8.576049720983708 -6.7781 -2.8272984211105805 0
TRAILER 0.0 0 4.344667536856264 1653.7794569914668 261.3007894288104 1864.2949683188033 479.7399756331113 4.117 3.002 6.0508 40.37956488785566 9.429362444747913 -5.4223 2.9780861579256346 0
CAR 0.0 0 2.755683720234433 1849.4159630337817 217.78607771250054 2161.723265802152 354.0103127612132 1.4956 1.9016 4.1016 16.203793583821053 -29.08478975522277 -5.6954 1.3251734383817748 0
VAN 0.0 0 2.2261625699946688 940.3471167611629 326.03319937498895 1096.3616137716829 478.6229308979298 2.6032 2.3432 5.4312 33.73832692627983 26.91916081958285 -6.8554 1.0272968226432897 0
CAR 0.0 0 4.361660174411179 1709.3079523102456 298.93599914804946 1798.928454252079 365.19992265873896 1.5026 1.8998 4.0992 55.59407811422225 6.800545494677636 -6.6842 2.977527194182836 0
CAR 0.0 0 2.7357255236007356 1617.8669017450545 221.07367850081826 1876.1737633299053 345.9498542569489 1.5038 1.901 4.3724 20.17050009635403 -27.230970457539744 -6.4874 1.3245778884278983 0
CAR 0.0 0 4.361129856023742 1727.3197847940278 275.4399189113596 1807.3765384374724 331.7064785561175 1.5026 1.8998 4.0992 63.43778407232895 5.160466686880603 -6.6114 2.9600977287534684 0
CAR 0.0 0 1.5274817827383613 1589.9478716656258 662.6125648547008 1832.684382423832 962.7686518030805 1.4975 1.8986 4.1084 18.90509461893096 12.75574545528852 -7.3344 0.39868369841975776 0
