CAR 0.0 0 2.7227608801740923 1762.2275414297821 301.5246973780313 2158.1333732204334 487.61834184766366 1.5023 1.898 4.937 13.897241619386058 -24.564630549221775 -6.5925 1.3488135988365393 0
CAR 0.0 0 2.6566873989460897 1320.58620893441 235.06549107017088 1535.8644603998694 363.39339235724776 1.5177 1.898 4.0963 21.934856228325614 -20.032136834274613 -6.7131 1.2910181249559232 0
CAR 0.0 0 2.6561172133750683 1405.659711185873 311.5096538956938 1742.3171239375883 510.531379532722 1.5541 1.898 4.9169 15.694646427452255 -17.653539804932695 -6.7043 1.3385813619489224 0
CAR 0.0 0 -1.4710123343185177 211.06684170263875 440.87084546655876 436.43566476663096 578.6169172486742 1.6474 1.9008 4.0966 22.145940062870928 38.97455901043525 -8.1942 -2.0432209203316964 0
CAR 0.0 0 2.7213839667221054 1589.1781614609429 198.51673695919337 1812.9069286468514 301.9418222516873 1.396 1.8974 4.3588 23.222347918765415 -29.492884351076057 -6.6116 1.2956667494353806 0
CAR 0.0 0 -1.3039721708952519 349.629708305282 399.28131973698214 534.8405292620555 514.2538772750212 1.6474 1.9008 4.0966 26.38284478723431 39.585294958586 -8.1431 -2.078132818304195 0
TRAILER 0.0 0 1.4785702483896357 434.2329252190636 -33.82456158000788 514.3356218463215 61.98448890939747 4.11 3.0032 11.0896 85.22078705545735 -4.893543215635777 -5.5143 -0.06777537488725155 0
VAN 0.0 0 2.7857257005106724 2089.9696451160635 250.14899879127958 2634.560491701788 465.8022262373139 1.9972 2.1978 5.9954 12.245004049595032 -32.61795126850942 -6.1821 1.3630240930533906 0
CAR 0.0 0 2.7383864633046047 1518.256603216042 259.3174647242877 1787.63039297479 404.52155816933333 1.4974 1.8977 4.0982 18.023343106404827 -22.051652114118482 -6.4838 1.3642834977290486 0
CAR 0.0 0 -2.9792921711144666 -293.2024805852024 359.0939446566681 20.5230196254683 593.1634758898493 1.5036 1.8952 4.097 21.00682423346657 6.752168224292962 -6.6445 -2.7259818467076506 0
VAN 0.0 0 -0.3063446659226523 3225.5021457580638 348.7283763770888 4221.782611923886 662.9520527263151 2.5368 2.1676 5.7104 1.7613675770414352 -46.41096019306943 -6.6447 -1.744276458532303 0
CAR 0.0 0 -1.6973026433177223 1671.5875152524047 432.6284845613049 1832.4613217736048 577.4978869786366 1.5128 1.9018 4.1024 30.848627910661317 10.624356609796562 -6.5594 -2.9885113808839834 0
CAR 0.0 0 4.302966712798652 1480.5560064095098 321.0067104775124 1552.6041641291117 394.3992586088912 1.5022 1.9049 4.1038 48.73451487157892 14.651967920977917 -7.16 2.9631096288826786 0
PEDESTRIAN 0.0 0 2.7296148340903383 622.5449411704984 131.21524783655656 659.1701608170332 201.1959107792551 1.7526 0.7308 0.855 39.81668324544666 -6.607141849829218 -6.4758 1.4119964098222813 0
CAR 0.0 0 2.766247446921522 1781.999640059234 251.86732737934418 2080.6070902102915 390.6754882116748 1.4878 1.9007 4.104 16.607320707221668 -27.93355128393596 -6.404 1.3590294357723722 0
CAR 0.0 0 2.686918844331487 1332.872300910136 204.21337144847865 1527.0089826463616 314.8085471135286 1.4974 1.8976 4.0982 24.633205101946647 -22.367317584014742 -6.671 1.2944598052176606 0
CAR 0.0 0 -0.4598513639347126 2059.2523696001363 512.4280452036508 2688.275520052794 833.0771299031031 1.4954 1.7997 4.3148 6.469542965551399 -20.52262040758344 -6.9882 -1.756643377188384 0
