CAR 0.0 0 2.7244542131839964 1777.1535064642615 301.4217002142232 2175.4925665091073 487.2025812002228 1.5023 1.898 4.937 13.812903717427837 -24.859066135701564 -6.5925 1.3488135988365395 0
CAR 0.0 0 2.656659729123226 1320.6735149817544 235.11628814131518 1536.0008600156223 363.47270398468476 1.5177 1.898 4.0963 21.929940079755568 -20.030933029423647 -6.7131 1.2910181249559243 0
CAR 0.0 0 2.655970901148589 1406.1744680645236 311.8247738309939 1743.2562934001824 511.09369297148095 1.5541 1.898 4.9169 15.674606929512457 -17.64882841315667 -6.7043 1.3385813619489222 0
CAR 0.0 0 -1.4706547456088161 211.31949103798394 440.83164182694026 436.63155504041407 578.5532022838715 1.6474 1.9008 4.0966 22.15068014132583 38.973120375953364 -8.1942 -2.043220920331697 0
CAR 0.0 0 2.721383670377784 1588.1834295637607 198.3848193591676 1811.6941176132316 301.7495010735924 1.396 1.8974 4.3588 23.243465040995375 -29.480283044724082 -6.6116 1.2956667494353806 0
CAR 0.0 0 -1.303476283990231 350.32010525708597 399.512142817363 535.580674098945 514.5965835258177 1.6474 1.9008 4.0966 26.370891125029473 39.55147092617065 -8.1431 -2.078132818304195 0
TRAILER 0.0 0 1.348486883238937 394.8471684017648 3.7325262620991135 519.2234484320289 166.75834179890214 4.11 3.0032 11.0896 53.40086283063103 -2.2787334837690185 -5.5143 -0.05062562124399271 0
VAN 0.0 0 4.440805949014537 1670.2215550808778 363.2407025644218 1865.3040940131339 551.3540061560691 2.3536 2.2034 4.7012 31.43410383322327 10.495031982506578 -5.6925 3.121022027171549 0
VAN 0.0 0 2.785597678201028 2090.7632832872773 250.48318512371776 2636.225851248154 466.474303813159 1.9972 2.1978 5.9954 12.22057078621319 -32.60077667382944 -6.1821 1.3630240930533906 0
CAR 0.0 0 2.7397423900436824 1529.5080791203336 259.4085425599935 1800.3877188413958 404.5264396672768 1.4974 1.8977 4.0982 17.94708882943228 -22.279475798167088 -6.4838 1.3642834977290486 0
CAR 0.0 0 4.335516417951496 1693.28022401363 341.3665660615855 1803.9109350108424 429.2147478093636 1.5036 1.8952 4.097 44.57840064637472 8.614026706586527 -6.6445 2.9809770159290045 0
VAN 0.0 0 -1.0675821218938455 773.3063111088014 475.7090116743301 1236.1454282058448 1061.6021660999972 2.5368 2.1676 5.7104 10.272406189995914 -4.676034149820084 -6.6447 -1.989153700025919 0
CAR 0.0 0 4.343563486759194 1704.8234624840077 303.25664755441557 1798.4749926512764 373.44976704391263 1.5128 1.9018 4.1024 53.13375430266433 7.271991978466117 -6.5594 2.9631082532858892 0
CAR 0.0 0 4.302988562051761 1480.5270058536712 320.9712743942654 1552.5617250988525 394.3478989368396 1.5022 1.9049 4.1038 48.742212963614286 14.652968446859902 -7.16 2.9631096288826786 0
PEDESTRIAN 0.0 0 2.6774761472464714 624.5454726553754 131.54257005931012 661.1909461451751 201.6075209269236 1.7526 0.7308 0.855 39.743326057060685 -6.652472555772128 -6.4758 1.3596365322624513 0
CAR 0.0 0 -3.1103156037660904 -454.0116071817431 415.97582787277753 -83.74344591994684 685.7216169643108 1.4954 1.7998 4.3147 19.952387569741546 7.93878400051414 -7.0466 -2.6780430448414245 0
CAR 0.0 0 2.7700732111361344 1827.1209888009605 252.18753022206334 2131.356641554363 390.6226076633273 1.4878 1.9007 4.104 16.29154209653574 -28.89659832874421 -6.404 1.3590267776864633 0
CAR 0.0 0 2.688179307931811 1334.754986029208 202.9727220670816 1528.0521231338396 312.8233163853123 1.4974 1.8976 4.0982 24.76065812570374 -22.52004605196995 -6.6735 1.2944598052176606 0
