CAR 0.0 0 2.7159744445667027 1774.8093515608655 302.1901089422207 2173.7338783523405 488.6151400895411 1.5023 1.898 4.937 13.787047023742032 -24.763178180539924 -6.5925 1.3410568121408173 0
CAR 0.0 0 2.6704081640517128 1311.5353083557964 235.09444842660625 1525.7904858152617 363.5462710605588 1.5177 1.898 4.0963 21.991842577521854 -19.825977563908754 -6.7131 1.306144914168319 0
CAR 0.0 0 2.6592875496438033 1404.9475426022552 310.41625205738313 1740.3356786153893 508.56460679703787 1.5541 1.898 4.9169 15.758293461980315 -17.689444238996845 -6.7043 1.3410568121408173 0
CAR 0.0 0 -1.4784371434745842 217.55897142138483 440.09180432997573 441.6090705055679 577.3360655643817 1.6474 1.9008 4.0966 22.25381047738411 38.92013627012627 -8.1942 -2.059644171057918 0
CAR 0.0 0 2.6968274756707125 1587.1194817505132 198.42152770470798 1810.5597384417645 301.81768778255764 1.396 1.8974 4.3588 23.247513295574286 -29.44776749356503 -6.6116 1.2712330420857854 0
CAR 0.0 0 -1.2754152931184568 374.0608212861582 397.2400389088355 555.2846771036652 510.92820453364374 1.6474 1.9008 4.0966 26.821836997302356 39.27180471845379 -8.1431 -2.077097463577861 0
TRAILER 0.0 0 4.318796131955624 1617.7864554250148 269.9627191733873 1888.535603837489 569.1018729388738 4.11 3.0032 11.0896 35.9414130545261 10.489529003233487 -5.5143 2.975795188275357 0
VAN 0.0 0 4.345333648885163 1700.8632395650418 288.1451544850091 1813.9151462951197 383.7446630775506 1.9994999999999994 2.0167 6.000200000000007 52.28771204222794 7.330675917477304 -6.3098 2.9624863797598247 0
CAR 0.0 0 1.899526004930097 187.2353201614994 212.3069128174967 287.96428089478405 257.08951599489484 1.7 1.8454 4.0952 51.028116127735785 75.56092175053014 -7.2475 1.1057513997190864 0
TRUCK 0.0 0 -3.8539576822162447 -551.855804168971 117.06452939319423 -81.76657189107853 437.8147095334227 3.9074 3.0032 5.6574 29.339058514235177 10.864903490212239 -5.6171 -3.022285107517654 0
PEDESTRIAN 0.0 0 2.7728818351931794 625.9744586479153 131.68665968544428 661.8498966945306 200.31360859590845 1.7 0.6996 0.9374 39.72179807458809 -6.679942215101058 -6.4566 1.4538021921240931 0
VAN 0.0 0 4.389574635588812 1730.3345129968095 223.7877072448318 1814.6194178881663 291.0203986182592 2.3536 2.2034 4.7012 73.20271345101803 3.6234547720994885 -5.6925 2.9624863797598247 0
CAR 0.0 0 4.335078340355762 1719.9353851809628 271.5018012231788 1801.6710177591397 328.9284365832088 1.497 1.9045 4.1242 61.82823944521449 5.703853989885817 -6.3153 2.9327921430770307 0
