CAR 0.0 0 2.728857681855983 1335.763744413829 189.94892888102672 1543.2299940846426 312.21265186493775 1.7194 1.8964 4.5202 24.868662452741933 -22.784540996729483 -6.5435 1.329287223154536 0
PEDESTRIAN 0.0 0 2.8623402629108137 652.1084623036487 137.94428007693116 686.6474691149342 206.07284849635718 1.7 0.6968 0.7192 38.89993277070997 -7.257647223679508 -6.5112 1.5425810858228364 0
TRUCK 0.0 0 4.4131855647817355 1709.8114404832263 258.5370464517225 1845.0036676962027 382.42246655265706 3.487 2.935 2.072 53.06878781162144 6.661331183433131 -5.9211 3.020039438511599 0
TRAILER 0.0 0 4.42374986887483 1698.9458280406282 234.11342147103215 1856.44156657953 375.92025303024167 3.8402 3.1746 6.0448 56.511499622958674 6.2427704113546945 -5.7444 3.0211496524281416 0
CAR 0.0 0 2.711197072022412 1288.1858916726267 233.0642174233124 1500.1346346839375 361.0525336679933 1.504 1.9011 4.104 22.15236412382434 -19.2995713743876 -6.6643 1.3489112058221957 0
CAR 0.0 0 4.368126864669962 1696.946677097268 339.01168378392174 1800.8780634960706 420.8023653575491 1.5032 1.9025 4.0984 47.50590770365973 8.101593374555351 -6.9854 3.0106839122209634 0
CAR 0.0 0 -1.436230017383544 241.38486301315928 449.31338764773636 462.92020778435585 581.4823417254074 1.5003 1.9029 4.0972 22.29972159178886 38.33298605711331 -8.2755 -2.0415453642998926 0
TRUCK 0.0 0 1.4655670502693514 440.9302924522327 -29.130186872768412 507.3945635469772 50.30990062443625 4.0935 2.9956 3.2487 90.91528838382008 -5.283615309441533 -5.8272 -0.08435490020333669 0
CAR 0.0 0 -1.265929133565963 382.5818724219382 413.88577584849304 565.7716522883351 525.8831523504879 1.4969 1.8793 4.0996 26.233745204106594 38.46926177927963 -8.2924 -2.0604177559563235 0
TRAILER 0.0 0 1.3987616273873387 445.584769760852 24.129761617394387 511.6799747061405 61.05153402844639 1.2791 2.9956 7.5691 86.58038953250606 -4.986406707041212 -7.1889 -0.08435490020333661 0
CAR 0.0 0 2.0695001156705857 -69494.21035215369 -29960.656553009274 96533.57154799975 24034.29445839749 1.507 1.9022 4.2796 3.4452786800175015 19.751644348377457 -6.8916 2.9677380601423926 0
PEDESTRIAN 0.0 0 1.3027188278567157 635.3604829084286 144.86480502477474 671.2127942596553 215.15315598762376 1.7028 0.6996 0.6969 37.77428240111867 -6.599402936476226 -6.5034 0.0002754820865611407 0
CAR 0.0 0 3.8731666128918087 806.3148211581058 618.5133078674879 1087.9204841924736 926.3623243368955 1.4996 1.897 4.6336 15.70379235958903 21.43269296874552 -7.133 2.976809926474347 0
CAR 0.0 0 2.7783874839903895 2062.8414625319897 228.74467123901098 2398.357653852166 362.16395188802335 1.498 1.8978 4.2058 15.0141846221011 -34.4985946762998 -6.0071 1.3381509238857767 0
CAR 0.0 0 4.146982152951346 1399.7918017459024 485.2599036184635 1535.572158653648 657.0987160688965 1.4972 1.8964 4.1876 25.85059153510492 15.615559974873326 -7.046 2.9442272823651887 0
BICYCLE 0.0 0 1.3832371222381772 699.581701952484 120.90808031976488 744.7242030779578 192.55884874466264 1.7 0.8486 1.7004 39.8363 -9.0099 -6.3055 0.025322819173903426 0
CAR 0.0 0 1.3459101364458865 1798.483713487113 163.32578687483527 1833.7833389858315 182.9717765614716 1.5038 1.8964 4.0964 154.20873504794238 -12.949101717938479 -4.9409 -0.12990260492156275 0
CAR 0.0 0 4.289342115331161 1571.6451550986553 334.148286404308 1659.663262002815 416.4105806184609 1.5006 1.9012 4.3216 46.203667021897395 11.90061078428797 -6.9882 2.94615829817472 0
