CAR 0.0 0 2.935429756836863 1430.8125165830795 323.4756847061864 1707.0070513689254 515.1755026586276 1.551 1.9022 4.6956 21.426813202682915 -26.20198670005556 -6.4702 1.6247709188662327 0
CAR 0.0 0 2.963497780270594 1352.161323787993 213.74949357249466 1515.5504313234403 323.26916267607146 1.5 1.8998 4.0998 31.419123991790457 -28.38502812302608 -6.555 1.5770240091038403 0
CAR 0.0 0 2.9971379439707597 1792.4783431238677 318.3491262190882 2132.942359503557 491.93053081111816 1.5 2.037 4.3995 21.66455237881363 -33.45267189990102 -6.4402 1.6290845723854452 0
CAR 0.0 0 -1.0452096978332253 343.02994613742624 411.6955632096893 550.3481201471254 524.8065714849828 1.5999 1.899 4.0996 15.71045176050258 31.534954397342478 -7.4486 -1.8104714429084878 0
CAR 0.0 0 -1.0867635826335071 276.884615236561 375.67368136155636 463.3358695683182 466.52325579189693 1.5 1.899 4.0996 16.845973078540148 37.49509334207244 -7.4503 -1.8104606373881729 0
CAR 0.0 0 2.924398859570179 1346.7745635493645 238.98610472281723 1529.3029469119854 364.5819568382867 1.5 1.8998 4.0998 28.085549353248954 -26.96743868804301 -6.4052 1.5595760351837658 0
CAR 0.0 0 3.0172231022771276 1608.827901416107 203.27036157119696 1802.2863234097763 307.9168141819541 1.5 1.8998 4.0998 31.962709592182108 -35.46834073616602 -6.4191 1.5944905815285024 0
CAR 0.0 0 -1.3163082539051074 129.3888910668051 409.44072331255495 346.4818640063239 517.1651678884838 1.553 1.899 4.0996 12.839173410362472 36.2957866038538 -7.6325 -1.7933414657269229 0
CAR 0.0 0 -1.2588416081245963 183.84509037280876 456.2583707629453 433.34557628109974 595.3937546919317 1.6483 1.8736 4.0995 11.580530579596205 29.79199191841708 -7.5421 -1.7933253174713948 0
TRUCK 0.0 0 -3.458755938578947 -703.1933402314388 127.4452036455729 -63.22783911935419 503.8019541662289 4.083 2.9959 5.8323 23.50588622730871 3.539551980954489 -4.9879 -2.6004104520331563 0
CAR 0.0 0 -1.4149731041581666 54.67616797900242 340.6216621908048 228.65978249808052 415.3230597321747 1.4996 1.899 4.0996 15.149882983198212 48.90074576747315 -7.6 -1.7749669233050611 0
CAR 0.0 0 -1.6768660184251163 1513.5038818605312 315.3077252397925 1624.5993036358727 388.51425741855815 1.4954 1.9024 4.0993 43.961839907890315 14.112289257852066 -6.0972 -3.0279752999934297 0
TRAILER 0.0 0 -3.723505476033246 -619.2542666417137 58.85847317988706 57.30287389066541 413.52392444000526 4.1525 3.0019 10.9977 29.65801051861932 5.619041218902319 -4.8941 -2.882033067929899 0
PEDESTRIAN 0.0 0 2.8495505801995806 610.3431118902691 127.88925819516783 644.3674073891149 196.991180182791 1.7322 0.6996 0.7164 41.211799712818724 -8.70960029878052 -5.9789 1.5316807742695877 0
VAN 0.0 0 3.05166783856163 2389.8415157537715 259.2802650818061 2962.5738303706125 466.33059120444835 1.9996 2.198 5.9958 22.57370670831169 -48.211691036681366 -6.0941 1.6143678534163548 0
VAN 0.0 0 -1.684209161561881 1759.786235680051 294.9104155357643 1894.7373561317188 409.45787595560245 2.3712 2.209 6.002 47.64295721100191 7.7027085493314535 -5.7232 -3.066462083310483 0
VAN 0.0 0 -1.6053361066375136 1790.222197915262 243.1659566879276 1883.9652210362806 309.4033857671988 2.008 2.2032 5.9814 67.60629299195251 10.115380251731683 -5.3721 -3.027670667115337 0
CAR 0.0 0 -1.680027760252478 1627.5479286719549 343.0873353824052 1741.6783373046019 424.05524348738845 1.5018 1.9004 4.0996 43.3337 10.6004 -6.4956 -3.0279752999934297 0
