CAR 0.0 0 2.935268262185092 1431.6222110257359 323.8876435597196 1708.3304589301379 515.8743403864927 1.551 1.9022 4.6956 21.40105827296781 -26.206291985370385 -6.4702 1.624770918866233 0
CAR 0.0 0 2.963576157765964 1353.2661983979112 213.84034423715718 1516.8554752298046 323.3957962230812 1.5 1.8998 4.0998 31.40856238474575 -28.409796445256106 -6.555 1.5770240091038403 0
CAR 0.0 0 2.996972325463633 1789.786451915962 318.1169830559775 2129.4944541174646 491.5748745878958 1.5 2.037 4.3995 21.68092929880522 -33.40955847219901 -6.4402 1.6290845723854452 0
CAR 0.0 0 -1.0432495713825638 344.82097677518004 411.6547867612615 551.9626733460602 524.7339064236363 1.5999 1.899 4.0996 15.740594510018465 31.51031145636702 -7.4486 -1.8104714429084878 0
CAR 0.0 0 -1.084283393501285 279.32863684534175 376.356663788413 466.06111708449157 467.5102685465838 1.5 1.899 4.0996 16.845581736044597 37.35119962128611 -7.4503 -1.8104606373881729 0
CAR 0.0 0 2.9243591933855093 1346.7127921518118 239.02390832016383 1529.2555142953856 364.6405970835259 1.5 1.8998 4.0998 28.081954082909782 -26.9646340615338 -6.4052 1.5595760351837658 0
CAR 0.0 0 3.017201529184445 1609.3644363017397 203.375577925512 1802.9672845449034 308.0694727044413 1.5 1.8998 4.0998 31.949805836439666 -35.4756958986148 -6.4191 1.5944905815285024 0
CAR 0.0 0 -1.3148195637560374 130.30848991822918 409.49043120627204 347.36128759560063 517.234440806947 1.553 1.899 4.0996 12.851565132463074 36.27432596145543 -7.6325 -1.7933414657269229 0
CAR 0.0 0 -1.258928474255389 183.59300788928923 455.8023496426434 432.7973164695222 594.6776840912938 1.6483 1.8736 4.0995 11.593205906998461 29.837465053719228 -7.5421 -1.7933253174713948 0
TRUCK 0.0 0 -0.8895738275438027 -75.37326659876697 146.6847514643791 384.2540766492335 541.911284576192 4.083 2.9959 5.8323 21.81021372124427 -4.834492001818054 -4.9879 -1.402479699900519 0
CAR 0.0 0 -1.4143411431463202 55.05039430678482 341.56911631270157 229.6816821532713 416.6650905098232 1.4996 1.899 4.0996 15.096324911369283 48.69332138836151 -7.6 -1.7749669233050611 0
CAR 0.0 0 -1.6768555961464418 1513.2846117531417 315.2512296494258 1624.3565465041688 388.43132381178197 1.4954 1.9024 4.0993 43.96988820070012 14.121537559070497 -6.0972 -3.0279752999934297 0
TRAILER 0.0 0 -2.6585528944933974 -585.3102723001552 91.45331179346482 178.2988095456639 544.7956186032372 4.1525 3.0019 10.9977 24.489735494867702 0.7609073322701541 -4.8941 -2.1839394620981434 0
PEDESTRIAN 0.0 0 2.8529356339738863 611.6665735414535 126.16567137564323 645.3940614480646 194.775829068781 1.7322 0.6996 0.7164 41.5249953741414 -8.705360107107932 -5.9789 1.5316807742695877 0
VAN 0.0 0 3.0335889314619933 2156.928434769295 265.07794671301133 2685.186634771803 481.51205181739203 1.9996 2.198 5.9958 22.207812113015727 -42.43457457493871 -6.0941 1.6143678534163548 0
VAN 0.0 0 -1.6187907595823723 1779.2378853885643 261.3999623990025 1887.884281409438 340.60244695278027 2.008 2.2032 5.9814 58.14180500323278 8.997609960560133 -5.3721 -3.0279752999934297 0
CAR 0.0 0 3.0469057386513203 2198.900253349862 259.8318029534156 2520.928306575724 388.09343207459386 1.4978 1.9028 4.0956 25.982601198561728 -46.199629274870155 -6.4348 1.6119305876840413 0
