CAR 0.0 0 2.925056736429013 1434.077143368109 323.83153976619224 1711.2937588042428 515.7491665183237 1.551 1.9022 4.6956 21.403071941872632 -26.254332256553656 -6.4702 1.6140760596521562 0
CAR 0.0 0 2.9480310187984387 1351.7788887151169 214.25919893908568 1515.4209848705343 324.034942585201 1.5 1.8998 4.0998 31.360908297328997 -28.353001271563052 -6.555 1.562018017330398 0
CAR 0.0 0 2.9828126006955333 1790.7937575950027 317.90729178058893 2130.4877753344476 491.216841254879 1.5 2.037 4.3995 21.693704321864416 -33.43906830661212 -6.4402 1.6146851398907596 0
CAR 0.0 0 -0.9940707066462178 341.5919101741973 412.043460741953 549.2629796853257 525.3446072016449 1.5999 1.899 4.0996 15.669233706581382 31.520046873080346 -7.4486 -1.7574534447408663 0
CAR 0.0 0 -1.0356888354850493 275.576039718891 375.9146399008596 462.28708814148547 466.8830292033253 1.5 1.899 4.0996 16.806972087103635 37.48400553736846 -7.4503 -1.757453444740867 0
CAR 0.0 0 2.9092151642038964 1346.1534630056663 239.0863090165014 1528.6515377967362 364.74151522240703 1.5 1.8998 4.0998 28.076158214887577 -26.9492871232119 -6.4052 1.5445674198756585 0
CAR 0.0 0 3.019686951822278 1606.645787633119 202.91259000102318 1799.5692770345058 307.40080524624744 1.5 1.8998 4.0998 32.00666960958689 -35.43350021898413 -6.4191 1.5969143524866567 0
CAR 0.0 0 -1.283085797690446 127.79281022915026 409.51069754825585 345.06468858247695 517.2789356203972 1.553 1.899 4.0996 12.810784117336958 36.313329718633355 -7.6325 -1.7574534447408667 0
CAR 0.0 0 -1.2273830278010331 180.64705267991354 456.3845787433664 430.5400889551744 595.612734141775 1.6483 1.8736 4.0995 11.533475794035255 29.82570870675971 -7.5421 -1.7574534447408667 0
PEDESTRIAN 0.0 0 3.639926479581159 885.8045115065819 104.64456109162637 911.4052902135064 166.62050236887134 1.7024 0.7548 0.7211 44.7713278171635 -16.68381026492679 -5.7738 2.2187577093109483 0
TRUCK 0.0 0 -1.5962436498022745 1728.6906041671596 242.4221222022795 1909.65705461065 417.5400710843241 4.083 2.9959 5.8323 46.98536671865322 7.998072979307082 -4.9879 -2.9908413064371224 0
PEDESTRIAN 0.0 0 -2.1279402587935934 1485.6166159816967 1063.2358902347453 1765.033454119868 1413.42237251676 1.8354 0.7406 1.0616 6.8618634145870745 -18.917376038492165 -6.551 -3.0453816988558193 0
CAR 0.0 0 -1.3748023795528352 64.65677610998155 339.366277807795 237.09375357787405 413.49464553580424 1.4996 1.899 4.0996 15.439792205854946 48.96040757258469 -7.6 -1.7574534447408672 0
TRAILER 0.0 0 -1.589052179872622 1718.1881458369041 223.74877821823887 1908.3495027265842 398.44344734392035 4.1526 3.0019 10.9977 52.08006287298576 8.771755798589803 -4.9096 -2.994543022300242 0
CAR 0.0 0 1.6782734995116866 442.64864794840156 11.527863011685065 494.2036395343297 45.52878024760424 1.5 1.9032 4.1049 90.24448338849335 6.686906452223518 -6.6873 0.16763328574304456 0
PEDESTRIAN 0.0 0 0.7498945255255476 1069.7536044752171 245.98106004669808 1093.196048424519 286.52472635075037 1.7 0.6991 0.791 52.27209658943963 38.53416406697948 -6.1958 -0.5796320570379399 0
CAR 0.0 0 -1.670627594658149 1593.6182967624666 272.92150865024576 1677.9780332633138 326.04110146576824 1.4954 1.9024 4.0993 59.00840086200609 15.846797910275548 -6.0972 -3.060890406115459 0
