CAR 0.0 0 2.7162814250088836 1773.7460298626982 301.4973505110232 2171.597390193801 487.3908246116019 1.5023 1.898 4.937 13.829460037509296 -24.788340084243995 -6.5925 1.3410568121408173 0
CAR 0.0 0 2.670351784615159 1312.3614145767144 235.32076358320987 1526.8850759427182 363.8945263689911 1.5177 1.898 4.0963 21.967062203752857 -19.83061715859951 -6.7131 1.3061449141683192 0
CAR 0.0 0 2.6593708790099813 1405.507913904562 310.4346432882249 1741.0199958498183 508.5889883966622 1.5541 1.898 4.9169 15.75409154011595 -17.698796597216738 -6.7043 1.3410568121408173 0
CAR 0.0 0 -1.4780522179943576 217.84765178607773 440.0764048553582 441.8507867601542 577.3091079402031 1.6474 1.9008 4.0966 22.25741416234546 38.91625147810308 -8.1942 -2.059644171057918 0
CAR 0.0 0 2.7142903636391744 1588.5873616353292 198.60685965425833 1812.3408914324477 302.08712761559894 1.396 1.8974 4.3588 23.217334268665457 -29.467371607808065 -6.6116 1.2886889732761404 0
CAR 0.0 0 -1.2600116184291141 371.6208475402896 396.833302535288 552.9002172741249 510.3373903320291 1.6474 1.9008 4.0966 26.830258434153194 39.356311138241374 -8.1431 -2.059644171057918 0
TRAILER 0.0 0 4.349036155442425 1643.420713739004 244.5023771902615 1865.8589986924471 474.13645948034883 4.11 3.0032 11.0896 43.912947609714315 9.163943452401815 -5.5143 2.975170838212328 0
CAR 0.0 0 4.33851572929959 1458.39459460363 325.4876941062063 1529.176335982817 398.64980072645693 1.5021 1.9038 4.0982 48.78324695811142 15.301385263546381 -7.3727 3.0046951467276104 0
VAN 0.0 0 4.362214751674892 1712.0113290672762 265.75121448371397 1810.5636337131386 345.4330295863533 1.9994999999999994 2.0167 6.000200000000007 60.37893355343712 5.955716248832157 -6.3098 2.9624863797598247 0
CAR 0.0 0 2.196477047639954 583.1467324191482 285.2804753443243 697.6834432502096 356.9863298242287 1.7 1.8454 4.0952 40.412326632091144 43.50656563123263 -7.2475 1.0882981071991429 0
TRUCK 0.0 0 4.329619347750022 1629.0660266786942 284.58949982101683 1845.179112655975 511.44449862118256 3.9074 3.0032 5.6574 37.34711512225412 10.306022474164745 -5.6171 2.9806550537520806 0
PEDESTRIAN 0.0 0 2.771265856047772 622.3296927686249 131.82723356644217 658.273612444896 200.52444607080946 1.7 0.6996 0.9374 39.719428315704974 -6.575811256713159 -6.4566 1.4538021921240931 0
