CAR 0.0 0 2.9344390403106457 1432.3448186221092 323.531607567859 1708.9295100389927 515.2537364331719 1.551 1.9022 4.6956 21.422488283335486 -26.22955080280545 -6.4702 1.6235461259287363 0
CAR 0.0 0 2.9400970592364084 1355.923535311383 214.90995507659986 1520.503431759017 324.97409145725084 1.5 1.8998 4.0998 31.286153666591623 -28.43225707078607 -6.555 1.5540367973984677 0
CAR 0.0 0 2.973381437216431 1789.395784784064 319.5451133583334 2130.4569712414086 493.94557944045005 1.5 2.037 4.3995 21.590472575832887 -33.33773138031003 -6.4402 1.6063940518724338 0
CAR 0.0 0 -1.0494905152179537 342.8463234375864 411.8822372636615 550.3048111690381 525.0917660451576 1.5999 1.899 4.0996 15.697484110934116 31.517395353106835 -7.4486 -1.814376792617349 0
CAR 0.0 0 -1.0915479469965215 276.9808762194364 376.0130934178247 463.65467287527423 467.01967727217493 1.5 1.899 4.0996 16.82576529620032 37.44397497676085 -7.4503 -1.815035752896246 0
CAR 0.0 0 2.918476379795834 1346.7478639546862 239.08030110330225 1529.3309720312627 364.7269295906548 1.5 1.8998 4.0998 28.076554412435005 -26.963433191607987 -6.4052 1.55373295563943 0
CAR 0.0 0 2.9942332203688 1607.979028391402 203.13460436931223 1801.231792253444 307.7211761466615 1.5 1.8998 4.0998 31.979380584517706 -35.454557834371215 -6.4191 1.5714874523490754 0
CAR 0.0 0 -1.3334391869219702 132.22024121479768 409.6169717544851 349.2056659306078 517.4132102461754 1.553 1.899 4.0996 12.876290584543458 36.22680873178877 -7.6325 -1.8150357528962455 0
CAR 0.0 0 -1.2658746408501584 181.30245206208807 456.2215714964149 431.01866771436335 595.3519790417323 1.6483 1.8736 4.0995 11.547917698761799 29.831397561815923 -7.5421 -1.796926865373165 0
TRUCK 0.0 0 1.0738764095718856 448.06487002620815 85.82690090283106 670.944467902391 358.9680713902642 4.083 2.9959 5.8323 29.577129165482347 -9.136045154950393 -4.9879 -0.14006839869717433 0
CAR 0.0 0 -1.4374045743778279 62.60921661988404 341.034290973111 236.36145912570555 415.8690224614428 1.4996 1.899 4.0996 15.28720171212571 48.64982577889327 -7.6 -1.8150357528962455 0
CAR 0.0 0 -1.5806126849899211 1510.4196392854283 315.0470590266168 1621.489764605291 388.1442913889496 1.4954 1.9024 4.0993 43.950665674742055 14.202129229752114 -6.0972 -2.931490519625712 0
TRAILER 0.0 0 -0.6086077173849922 -105.12553656307408 84.92602333620698 418.49230733284963 499.2810439325169 4.1525 3.0019 10.9977 25.73042729589642 -3.7767208630791806 -4.8941 -1.239670008219974 0
VAN 0.0 0 3.0181493495907343 2091.981323525947 269.77798679028353 2612.7266053292306 491.8944636882878 1.9996 2.198 5.9958 21.874236736982326 -40.663734346669855 -6.0941 1.6063940518724342 0
VAN 0.0 0 -1.5938949011037664 1762.672400129445 285.5442211542519 1891.5540320912996 383.31740199822656 2.008 2.2032 5.9814 48.80011027321273 7.936791494514301 -5.3721 -2.985217987574505 0
CAR 0.0 0 3.032372861266791 1889.5723499032658 266.6477013887408 2173.6341941616715 401.4896355213778 1.4978 1.9028 4.0956 25.532310580823403 -38.28422280893856 -6.4348 1.6238473516340513 0
CAR 0.0 0 -1.6174573621839763 1615.5600217137353 339.0139661687282 1729.4609284015546 419.11269864736806 1.5018 1.9004 4.0996 43.37849540818721 10.951616038109256 -6.4196 -2.9663937196666668 0
VAN 0.0 0 -1.6872300415423016 1686.9859737650327 380.82708992845005 1882.9888317822565 565.4557524748049 2.3712 2.209 6.002 32.233126959347224 6.3011534216962755 -6.1021 -3.002847768687575 0
PEDESTRIAN 0.0 0 0.4388308651236432 199.7813567954367 -1063.5604437483858 324.9134343841874 -802.6673477594624 1.7156 0.6988 1.0352 -21.347371247191823 -20.30865533053624 -7.6748 -2.424942486591099 0
