CAR 0.0 0 2.994166879348249 1341.7824257470902 198.34945829299767 1512.0369397402212 314.9294727587946 1.594 1.8966 4.5394 31.68207773383182 -28.26297343520619 -6.3337 1.600338874245188 0
CAR 0.0 0 -1.221002269315417 196.4280665396044 462.7883323234813 449.7280083018673 598.5774702392551 1.5196 1.8976 4.1761 11.666286147483067 29.33482178076244 -7.5683 -1.7714513563579624 0
PEDESTRIAN 0.0 0 1.3438654934359002 628.3132698647538 139.09716128991602 665.4124998163584 208.75089680883843 1.7 0.7848 0.6973 39.9218006614624 -9.38986515223203 -6.0576 0.03527947359358132 0
TRUCK 0.0 0 -1.6517887685240014 1767.9421537798223 261.26486646746315 1905.2030443669264 388.60418707083176 3.4079 2.7742 1.8309 50.28812025179649 7.977240385025786 -5.2988 -3.048531819335291 0
TRAILER 0.0 0 -1.8621407804222136 47.57530309154364 4.819020873123417 293.42204504333165 152.4890278415685 3.5682 3.0012 10.9976 54.310333516635104 8.389381437016947 -5.2107 -3.0427454332082586 0
CAR 0.0 0 -1.6859053046205144 1767.2222786239943 343.1064334758101 1879.754615326123 426.7468094282157 1.5064 1.8966 4.1132 44.68136468388909 7.305197000991981 -6.2711 -3.0496920303081225 0
CAR 0.0 0 -0.9798094043610077 357.99695094455296 420.29745267675145 568.5842110557501 533.6989529866529 1.5195 1.8976 4.1014 15.54993105514016 30.51692538941723 -7.441 -1.7540086913347361 0
CAR 0.0 0 2.9943540267976365 1321.7374315957436 241.5402682222257 1500.862787517362 367.6692135616452 1.4987 1.9049 4.0972 28.04445747179811 -26.373033426893635 -6.4483 1.6352454592850747 0
CAR 0.0 0 -1.3181143734838994 101.17422388395991 359.789320396875 288.6261372587971 444.3039255922571 1.5196 1.8976 4.1284 14.74591517141872 43.736620904031554 -7.532 -1.7714513563579624 0
CAR 0.0 0 3.000011271518759 1497.3690103429487 266.88124010713506 1727.6342141647606 410.14176885351566 1.5032 1.8952 4.1044 25.00480499496578 -29.025567254838236 -6.2698 1.6352454592850747 0
CAR 0.0 0 4.832255208920962 1086.8865376064132 -257.5013010275733 1125.2383621835145 -226.8129209543188 1.4952 1.9028 4.1046 -109.60972565570022 7.976786281346571 -8.1952 3.0460925428424637 0
TRUCK 0.0 0 1.616442958414857 410.3428734683498 -14.199555280609088 493.1127434207982 64.6120839313528 3.6148 3.2348 2.3654 80.99719892555024 5.350921483594885 -5.7722 0.10029631116745565 0
TRAILER 0.0 0 1.5627904960811032 359.8958948123886 -1.1244376837611467 492.413380289682 88.8622389951051 3.1098 3.3536 10.442 75.09149604123394 5.06280438921683 -6.0304 0.08868136636738409 0
CAR 0.0 0 4.760619529286415 1044.7767479518932 -240.00276520055547 1073.149127475404 -216.41793948368573 1.5044 1.9032 4.0978 -140.57452053998082 9.712848539921575 -9.4954 2.977674094340651 0
CAR 0.0 0 1.9178993438888938 1007.4423805661143 -422.72769177082233 1077.7558700524346 -348.5661359345747 1.4968 1.8978 4.1026 -57.13645829354003 -5.158586699326044 -8.2622 -0.0065944610982945065 0
