CAR 0.0 0 2.7369909359743496 1330.4596470594672 190.16777080310263 1537.5080658752818 312.6380885769162 1.7194 1.8964 4.5202 24.88128669150733 -22.63060381359761 -6.5435 1.3382817434541792 0
PEDESTRIAN 0.0 0 -1.7024400342738515 649.7047406941056 137.99755208437838 684.2934032916079 206.1590947623084 1.7 0.6968 0.7192 38.90618638138475 -7.190819402753336 -6.5112 -3.0212435291045563 0
TRUCK 0.0 0 4.3478667310962935 1703.7738007040132 257.4737788994485 1837.532331294624 380.55486248182876 3.487 2.935 2.072 53.307468481351954 6.822627856197558 -5.9211 2.954589946740443 0
TRAILER 0.0 0 4.355266885878286 1698.3074557964744 232.33017237507116 1853.157596195012 371.7186352712301 3.8402 3.1746 6.0448 57.333139760304924 6.168196486976915 -5.7444 2.951256435673922 0
CAR 0.0 0 2.7058463713308702 1284.1908720309145 233.18176954436612 1495.7648805131205 361.28605041485343 1.504 1.9011 4.104 22.168244730836392 -19.202765145918605 -6.6643 1.344290322825816 0
CAR 0.0 0 4.318689812369305 1702.6026622704005 339.8643658496052 1807.6080742775496 422.0101390366361 1.5032 1.9025 4.0984 47.42520640968124 7.947376021834016 -6.9854 2.961074677280605 0
CAR 0.0 0 -1.4583012870104137 228.76938684043208 451.0246182385199 452.93830057441204 584.2370125877388 1.5003 1.9029 4.0972 22.081016395679942 38.429202442159244 -8.2755 -2.04660312373549 0
CAR 0.0 0 -1.2881051185247019 386.1118290901838 413.5368434614495 568.7038379752836 525.3299749629325 1.4969 1.8793 4.0996 26.299273771246217 38.42713860141033 -8.2924 -2.086445960933754 0
CAR 0.0 0 2.7205858196253905 1486.4016985570763 237.39658269591027 1762.1310388349475 384.50768164029154 1.498 1.8978 4.2058 18.050811961640516 -21.146406690503717 -6.0071 1.33729912391633 0
CAR 0.0 0 4.847108867610448 2062.4147433380263 -826.8911263089713 2543.9473634382625 -552.242589553791 1.4996 1.9038 4.0952 -15.156720349924292 26.288770331001675 -7.4733 2.9891023650271724 0
PEDESTRIAN 0.0 0 1.3244727787560993 634.1494549857641 140.52510781580915 669.387696964934 209.59624041424246 1.7 0.6975 0.7026 38.469878797896385 -6.681671906369584 -6.4952 0.015570256983676761 0
CAR 0.0 0 0.6127587813325739 172.68220925194635 209.7661878428545 300.68426235080506 326.48591421485196 1.5054 1.9306 4.096 33.65508937673148 3.4796625827113354 -7.1517 -0.12362268538558328 0
