CAR 0.0 0 2.736887757079872 1328.773100806291 190.03006884048858 1535.5100992979435 312.4363813123323 1.7194 1.8964 4.5202 24.908279471486424 -22.598744453705287 -6.5435 1.338281743454179 0
PEDESTRIAN 0.0 0 2.988561061510773 646.2733057914409 138.4645612579959 680.9895791941967 206.78510649684299 1.7 0.6968 0.7192 38.84637444572372 -7.083591840739402 -6.5112 1.6717520111948678 0
TRUCK 0.0 0 4.347897933796171 1703.7484393751176 257.42768295579845 1837.4611349316633 380.46813216754066 3.487 2.935 2.072 53.323389617534055 6.821506143735975 -5.9211 2.954589946740443 0
CAR 0.0 0 2.706553518342843 1284.7949201118768 232.81082344719024 1496.1579763682166 360.6914582385353 1.504 1.9011 4.104 22.196402945607506 -19.238657470993367 -6.6643 1.3445949556756323 0
CAR 0.0 0 -1.462947268473695 225.27920119549964 451.3514421628672 450.0931963261798 584.7740761710232 1.5003 1.9029 4.0972 22.029802800996315 38.466192615190245 -8.2755 -2.04660312373549 0
CAR 0.0 0 -1.2904810428802054 384.044188535452 413.86068104210153 567.0503517767327 525.8323097257235 1.4969 1.8793 4.0996 26.251229520241985 38.44227695358171 -8.2924 -2.086445960933754 0
CAR 0.0 0 2.720431149658184 1487.7682850293304 237.84034453561625 1764.1263682066403 385.236236024256 1.498 1.8978 4.2058 18.010451452411065 -21.14505283248537 -6.0071 1.33729912391633 0
PEDESTRIAN 0.0 0 1.323265481137317 632.5635780362196 140.89076260913828 667.8855793565041 210.0886669042098 1.7 0.6974 0.7026 38.41139447014467 -6.628174462778734 -6.4943 0.015570256983676761 0
TRAILER 0.0 0 1.4022494377723134 450.3490318975653 -25.681345109929318 513.2871563319259 41.898747298527304 3.5054 2.9277 8.5474 100.59511472253484 -6.249020649442874 -6.2739 -0.1541603103573966 0
CAR 0.0 0 4.3228064861259075 1704.143382476103 332.9754328065182 1809.3294792958752 414.4985866030639 1.5032 1.8996 4.0986 47.46896217052946 7.939562792226863 -6.7781 2.961074677280605 0
TRAILER 0.0 0 4.360530459700304 1700.9754312461796 219.71880538785663 1852.8314604580632 366.0410979433751 4.117 3.002 6.0508 57.31282990710499 6.198423482278669 -5.4223 2.951256435673922 0
CAR 0.0 0 2.872148719261401 2991.625845181555 197.57724025446 3378.555234162257 305.1881386806371 1.4956 1.9016 4.1016 9.324550698514864 -62.02486738407667 -5.6954 1.37950176162735 0
