CAR 0.0 0 2.925023011982182 1435.271485091143 324.1648087554824 1713.0262671312719 516.3083362939151 1.551 1.9022 4.6956 21.381951297375295 -26.267991953345188 -6.4702 1.6140760596521557 0
PEDESTRIAN 0.0 0 0.7258338107669537 981.2453022257138 249.09015820580774 1004.7384378570383 290.87252924504924 1.7 0.6991 0.7911 48.10183636004094 40.57585766616587 -6.2141 -0.5796320570379399 0
CAR 0.0 0 2.9480264664439444 1351.7920786082886 214.2671400578123 1515.4406515647634 324.0467146676801 1.5 1.8998 4.0998 31.36 -28.353 -6.555 1.562018017330398 0
CAR 0.0 0 2.9830226005019473 1786.7716454336876 316.29115794156013 2124.0718242014937 488.5854047371406 1.5 2.037 4.3995 21.79958034110523 -33.43186177714474 -6.4402 1.6143805533885185 0
CAR 0.0 0 -0.9935916412339018 342.4439252633691 412.5035106363532 550.3521026250778 526.0399841849924 1.5999 1.899 4.0996 15.657685337192818 31.45572040643799 -7.4486 -1.7574534447408663 0
CAR 0.0 0 -1.0368700410763698 274.73891833687367 376.01056425368347 461.57682175932825 467.0279633539454 1.5 1.899 4.0996 16.785809868267442 37.48538363871996 -7.4503 -1.7574534447408667 0
CAR 0.0 0 2.909279568610386 1346.6440540260955 239.0995262620704 1529.223640451424 364.7574052305379 1.5 1.8998 4.0998 28.074748639470688 -26.96031077042541 -6.4052 1.544567383306676 0
CAR 0.0 0 3.0197170715395543 1607.5610670077601 202.99374671399977 1800.6578659704564 307.51431089216277 1.5 1.8998 4.0998 31.996664589898312 -35.452917412408 -6.4191 1.5969143524866567 0
CAR 0.0 0 -1.2839279222899105 127.36126679018678 409.78018565205593 344.85669507926985 517.6850067962372 1.553 1.899 4.0996 12.792108905173126 36.28649056501538 -7.6325 -1.7574534447408667 0
CAR 0.0 0 -1.2310315933533014 178.027857283222 456.52336594386867 428.2675025389736 595.8478672790211 1.6483 1.8736 4.0995 11.493740620535537 29.85004109342416 -7.5421 -1.7574534447408667 0
PEDESTRIAN 0.0 0 3.6710719320295677 1024.183491089603 94.62519905590676 1052.4220638499398 152.84280010582563 1.7024 0.7548 0.7211 47.34613091329847 -21.53122636273059 -5.7738 2.2187577093109483 0
TRUCK 0.0 0 -1.5962332969324275 1728.6003437689003 242.3998079203184 1909.536948196754 417.4815210968 4.083 2.9959 5.8323 46.992049269601665 8.001720014326844 -4.9879 -2.9908413064371224 0
PEDESTRIAN 0.0 0 -1.9627908739610942 1180.9248326568118 560.8194915604645 1293.4113309971872 755.8932219052764 1.8354 0.7406 1.0616 14.062438776250787 -18.569683901281305 -6.551 -3.04477252578078 0
CAR 0.0 0 -1.3878054168978804 58.75778061698282 338.6579300078278 231.08026597492167 412.5205292902318 1.4996 1.899 4.0996 15.363684652190656 49.234599129289876 -7.6 -1.7574534447408667 0
CAR 0.0 0 1.577339326645007 457.91393939667694 23.389142752886922 519.3438371305878 65.41835403275888 1.4964 1.9028 4.1049 73.90514798663845 1.961103275880574 -6.0111 0.09618390726240349 0
TRAILER 0.0 0 -1.5889887993355711 1718.4833623615607 223.71014116219573 1908.5335867554481 398.31020291626106 4.1526 3.0019 10.9977 52.10893853002135 8.769081949457332 -4.9096 -2.994543022300242 0
CAR 0.0 0 4.867487277910187 1038.8764283077448 -264.7442062477251 1070.6680173992545 -237.22066247243495 1.5012 1.8967 4.0976 -125.2181 6.698500000000001 -9.9423 3.063220953932501 0
CAR 0.0 0 -1.2128676773086047 1505.8339768938365 -659.5441364285816 1710.1950539493187 -500.91825809993 1.4984 1.8986 4.0987 -33.26346077106244 3.2514018206000035 -8.2432 -3.1287153274818054 0
CAR 0.0 0 0.2638654446987903 -77.85054042659749 368.99150554375007 227.67750213171473 577.1899564281177 1.5 1.9032 4.1049 20.76741278465841 -3.342426568118259 -6.6873 0.0827779746539169 0
