CAR 0.0 0 2.72798329405633 1775.5999642765046 301.6586945791952 2173.9771044926597 487.65099111412826 1.5023 1.898 4.937 13.80991098461488 -24.813434305378234 -6.5925 1.352655634908364 0
CAR 0.0 0 2.6647705737305407 1313.110738647446 235.1221764110471 1527.5692151538017 363.5714928724694 1.5177 1.898 4.0963 21.979125983038163 -19.859807619127047 -6.7131 1.300287801406882 0
CAR 0.0 0 2.6705638202708437 1408.0015376268414 311.5548380251602 1745.145664413827 510.57600998669926 1.5541 1.898 4.9169 15.678857402370118 -17.693931382895215 -6.7043 1.3526556349083636 0
CAR 0.0 0 -1.5321645863140585 216.79943633118867 440.63153996262133 441.2739247070179 578.1849399949671 1.6474 1.9008 4.0966 22.2131 38.8926 -8.1942 -2.112005731420875 0
CAR 0.0 0 2.7263974756692413 1590.7069042846158 199.026241515691 1815.0524046111075 302.7101298917495 1.396 1.8974 4.3588 23.15805578652884 -29.47941540405799 -6.6116 1.3008901068240033 0
CAR 0.0 0 -1.3265799296604546 359.66848058928434 398.62136640890935 543.3366956643058 513.157131158748 1.6474 1.9008 4.0966 26.54712485562237 39.44170789356205 -8.1431 -2.112005731420875 0
TRAILER 0.0 0 4.447169404052421 1666.9304664708789 220.18585916764226 1845.303207287255 393.00388710198223 4.11 3.0032 11.0896 54.942084380465346 7.372953165677212 -5.5143 3.0458113162218337 0
PEDESTRIAN 0.0 0 2.794255129513691 752.6445082331152 113.39949515159229 786.0561348483737 179.56718732548453 1.7 0.6968 0.9282 39.942793647842265 -10.487836584094996 -6.1004 1.4111268072147436 0
CAR 0.0 0 4.266268171341331 1483.6199204655932 325.18876481163954 1554.781964905274 397.9847279248612 1.5021 1.9038 4.0982 49.30431174257113 14.534460427632489 -7.3727 2.9284830667030453 0
VAN 0.0 0 4.391518294764987 1737.133379373874 247.52925175548677 1825.6108880175382 314.919828420761 1.9994999999999994 2.0167 6.000200000000007 69.42477055561382 3.7726723107190185 -6.3098 2.9767344146944934 0
