CAR 0.0 0 2.7230447804157256 1327.8224951783193 190.04637134462536 1534.46469599103 312.47537445472244 1.7194 1.8964 4.5202 24.913076107701773 -22.573074980047306 -6.5435 1.3245750439438138 0
PEDESTRIAN 0.0 0 3.516708039180772 652.5823415129311 137.923577805881 687.1100878689361 206.04272525201776 1.7 0.6968 0.7192 38.90049688500808 -7.271149659065613 -6.5112 2.1967451706389425 0
TRUCK 0.0 0 4.384616946496939 1699.9759269425576 264.4895821285333 1840.1914170875957 393.9674955787696 3.487 2.935 2.072 50.82502771261198 7.237805698698407 -5.9211 2.996917376801119 0
CAR 0.0 0 2.6690404911057923 1280.6977106158595 232.07312522125787 1491.027818641495 359.5722225012058 1.504 1.9011 4.104 22.287202604868764 -19.190934538575377 -6.6643 1.307121847478894 0
CAR 0.0 0 -1.4895898042474252 221.05611991657335 452.0741143410815 446.8446223215322 585.9281796608915 1.5003 1.9029 4.0972 21.948313727963523 38.487145386466636 -8.2755 -2.067370310837955 0
CAR 0.0 0 -1.2657835133903608 389.17289192672337 413.3084414503199 571.2869869398531 524.9611113886127 1.4969 1.8793 4.0996 26.350222525476937 38.38457949533528 -8.2924 -2.067370310837955 0
CAR 0.0 0 2.689676435517903 1485.8057685852318 238.29540462326747 1762.3641545996209 386.03052269224605 1.498 1.8978 4.2058 17.989205323626653 -21.075100772462875 -6.0071 1.3071218474788946 0
PEDESTRIAN 0.0 0 1.3396098507886647 632.9841875968352 141.3277600014149 668.3622423241612 210.64759735269138 1.7 0.6974 0.7026 38.33383529296503 -6.627026634686073 -6.4943 0.032453203031635944 0
CAR 0.0 0 4.358649865742596 1709.0015690781438 342.6648769965517 1819.8504261546361 429.02820920726435 1.5032 1.8996 4.0986 45.511340428525074 8.04215002698981 -6.7781 3.0025524356826883 0
TRAILER 0.0 0 4.39954122155131 1695.5564269728602 225.05718259732907 1855.0257057400006 380.05943663324547 4.117 3.002 6.0508 54.46309663244254 6.720242261113839 -5.4223 2.995539632768037 0
CAR 0.0 0 2.758625845249659 1884.947667701145 217.3093010581038 2200.704791707396 352.71077513685066 1.4956 1.9016 4.1016 16.01494208660112 -29.920338730234203 -5.6954 1.3251706819726938 0
VAN 0.0 0 -0.32626592933089404 3326.8984739551256 355.318480943735 4248.9834128225775 609.2353580866128 1.8784 2.1996 5.9972 1.5270031113862375 -51.79502800543031 -6.9284 -1.772035088766517 0
CAR 0.0 0 -1.3840471762703053 210.1571241039701 315.51437485735363 357.1475050308547 386.07034365457037 1.501 1.901 4.1044 34.39702612268471 53.94968725932412 -8.2531 -2.067370310837955 0
VAN 0.0 0 -0.8899397473976264 -2653.964355087834 661.5049629967804 -666.7016638703138 1675.6646146734881 2.6032 2.3432 5.4312 12.092318586876196 11.087492868433001 -6.8554 0.01506701306313304 0
CAR 0.0 0 2.7875917100159135 2182.0546119968685 198.8859379378101 2491.2695645554236 310.84816314907334 1.5038 1.901 4.3724 16.813118773682486 -42.63953474524652 -6.1565 1.324577888427898 0
