CAR 0.0 0 2.7244998713424993 1775.8731413357295 301.1191665911775 2173.6036052231957 486.6808877410647 1.5023 1.898 4.937 13.836381367784918 -24.85438573832085 -6.5925 1.3488135988365393 0
CAR 0.0 0 2.656892603161972 1319.9962455131836 234.6997517605386 1534.9256395951488 362.8219813878223 1.5177 1.898 4.0963 21.970042781207766 -20.041689343908256 -6.7131 1.2910181249559243 0
CAR 0.0 0 2.6561213865253492 1405.6456443901807 311.5008111203165 1742.2912228640632 510.5155966062628 1.5541 1.898 4.9169 15.695207060974806 -17.65367896675899 -6.7043 1.3385813619489222 0
CAR 0.0 0 -1.471822224232604 210.50268643824674 440.97445402729454 436.0079886707978 578.7842498617165 1.6474 1.9008 4.0966 22.134361188425242 38.97655335790884 -8.1942 -2.043220920331697 0
CAR 0.0 0 2.721318354922614 1588.0508876826245 198.4622987417582 1811.6195541964873 301.8702994953267 1.396 1.8974 4.3588 23.236367025918334 -29.468427950812238 -6.6116 1.2956667494353806 0
CAR 0.0 0 -1.303395598346897 350.49721740082055 399.61621976824534 535.7958721337732 514.7524371992903 1.6474 1.9008 4.0966 26.364060115406723 39.538912270067534 -8.1431 -2.078132818304195 0
TRAILER 0.0 0 1.3752115350310343 404.58131647767067 -7.085375629845742 515.9074681673914 135.18206979332467 4.11 3.0032 11.0896 60.0582276056693 -2.7579694090457156 -5.5143 -0.06777537488725156 0
VAN 0.0 0 -3.6280455594573233 -528.0434146966115 212.73155041220815 -126.12845448775082 470.7991577051293 2.3536 2.2034 4.7012 25.130240402928305 9.748091269194756 -5.6925 -2.882853778639384 0
VAN 0.0 0 2.785695972621304 2089.1199949333127 250.09220778660153 2633.42649661412 465.7037680063461 1.9972 2.1978 5.9954 12.25370784201445 -32.60553227248775 -6.1821 1.3630240930533906 0
CAR 0.0 0 2.7379642951581955 1514.9902276031532 259.32629857587966 1783.9587704430635 404.57776167196494 1.4974 1.8977 4.0982 18.043039847021404 -21.983285097552645 -6.4838 1.3642834977290486 0
CAR 0.0 0 4.3158630812368335 1668.7641973787972 366.2191465384094 1789.389239251332 467.79780893623723 1.5036 1.8952 4.097 39.748850826286095 9.773040794966416 -6.6445 2.9809770159290045 0
VAN 0.0 0 -0.6888215382398577 1315.151410848995 458.80923737153466 1989.317607910893 994.9194562882411 2.5368 2.1676 5.7104 8.632522497816542 -11.032847708838434 -6.6447 -1.8498138291247819 0
CAR 0.0 0 4.3306036229312515 1694.9747111891295 321.34812243472004 1797.1993481329062 400.5743846741 1.5128 1.9018 4.1024 48.28225771579238 8.150717921701695 -6.5594 2.9631082532858897 0
CAR 0.0 0 4.302950685904708 1480.471938871342 321.01190460390393 1552.5203698421271 394.4076238615827 1.5022 1.9049 4.1038 48.73180608154719 14.654486605975318 -7.16 2.9631096288826786 0
PEDESTRIAN 0.0 0 2.678197244416363 624.6352232976028 131.1252408637819 661.2135273385204 201.06216510116363 1.7526 0.7308 0.855 39.8198499086248 -6.667203250837417 -6.4758 1.3596365322624513 0
CAR 0.0 0 -2.9790683007668037 -487.7892464024489 544.3368530202309 -23.191311444283535 936.5941237541485 1.4954 1.7998 4.3147 14.979009696094192 6.136816580803708 -7.0466 -2.6780430448414245 0
CAR 0.0 0 2.766135899446789 1788.9687740814136 253.08708693511232 2089.6917635334407 392.57153656094056 1.4878 1.9007 4.104 16.480434022582585 -27.981248834258285 -6.404 1.3590267776864629 0
CAR 0.0 0 2.688402571013195 1329.8674896941222 201.9042976828188 1521.8651986616185 311.23070907969395 1.4974 1.8976 4.0982 24.90776178212503 -22.480170563551976 -6.6735 1.2944598052176606 0
