CAR 0.0 0 2.7367975598651766 1327.8677795067772 189.99793652645982 1534.473569738507 312.39603976578377 1.7194 1.8964 4.5202 24.918137308966 -22.578205918231138 -6.5435 1.3382817434541792 0
PEDESTRIAN 0.0 0 4.302346388685899 653.5368939538206 138.18170994084923 688.0853004375829 206.3677228117584 1.7 0.6968 0.7192 38.848837826752906 -7.288926289107529 -6.5112 2.982444598412634 0
TRUCK 0.0 0 4.347907191321809 1703.2588035814 257.34335722221095 1836.8574194119676 380.3203183144806 3.487 2.935 2.072 53.34220432522672 6.834754127826992 -5.9211 2.954589946740443 0
TRAILER 0.0 0 4.355241827082121 1697.6617027958168 232.27673965834435 1852.3470168492777 371.6153217786035 3.8402 3.1746 6.0448 57.34047364643951 6.19009735355769 -5.7444 2.951256435673922 0
CAR 0.0 0 2.706636641804425 1285.9151169940098 232.92502561114972 1497.4947166139764 360.8590198932614 1.504 1.9011 4.104 22.179210433472285 -19.256947719644987 -6.6643 1.3445949556756323 0
CAR 0.0 0 4.318846023522577 1702.699403750352 339.6407995421398 1807.602900146024 421.67605460957526 1.5032 1.9025 4.0984 47.47465846848613 7.938630973463322 -6.9854 2.961074677280605 0
CAR 0.0 0 -1.454638545774372 231.491148942193 450.69458357294013 455.1135430528892 583.7026242600831 1.5003 1.9029 4.0972 22.125609858199486 38.40572395224662 -8.2755 -2.04660312373549 0
CAR 0.0 0 -1.286560809158834 387.5272648823231 413.3910912979574 569.8767110337283 525.0994969747436 1.4969 1.8793 4.0996 26.326072593960525 38.41067854025978 -8.2924 -2.086445960933754 0
CAR 0.0 0 2.7205632632748755 1486.676662231118 237.47413341491674 1762.52059039247 384.634478815987 1.498 1.8978 4.2058 18.043535523429576 -21.146908498414124 -6.0071 1.33729912391633 0
PEDESTRIAN 0.0 0 1.3240014491824132 635.6220608074622 141.17343039940067 670.9280554007624 210.4191774913763 1.7 0.6975 0.7026 38.349097380229026 -6.702378812691833 -6.4952 0.015570256983676761 0
CAR 0.0 0 0.9086811652490735 276.4795303645653 145.07860104681816 365.75189851471856 229.27914251518 1.5054 1.9306 4.096 42.9609847420563 2.0379107188953007 -7.1517 -0.1410786359914363 0
