CAR 0.0 0 2.7238186097355404 1772.7329261621078 301.6764344755299 2170.640196728669 487.7272082096547 1.5023 1.898 4.937 13.82622329872342 -24.75700610877616 -6.5925 1.3488135988365393 0
CAR 0.0 0 2.6567529223389568 1320.4400034024245 234.95662236558974 1535.6177736791346 363.22293748467877 1.5177 1.898 4.0963 21.945128597536936 -20.03564281751476 -6.7131 1.2910181249559232 0
CAR 0.0 0 2.65611720731504 1405.654565440253 311.5084675360409 1742.3097785666137 510.52931376526396 1.5541 1.898 4.9169 15.694740193634427 -17.653499473825036 -6.7043 1.3385813619489222 0
CAR 0.0 0 -1.4711860257833425 210.89623294392916 440.7991886665632 436.2440818265901 578.5069634823778 1.6474 1.9008 4.0966 22.14884525096098 38.98296087337045 -8.1942 -2.043220920331697 0
CAR 0.0 0 2.7213711314197626 1590.1233503683454 198.6612097915931 1814.0769734229198 302.1540465469843 1.396 1.8974 4.3588 23.200307357053532 -29.50280099278724 -6.6116 1.2956667494353806 0
CAR 0.0 0 -1.3041391323285494 349.3749562121602 399.1803554872143 534.558472913369 514.1035303507654 1.6474 1.9008 4.0966 26.3885877027276 39.599160875671465 -8.1431 -2.078132818304195 0
TRAILER 0.0 0 1.4428797621638627 422.36879369238136 -24.373605015921683 513.4046406072838 87.2473252624965 4.11 3.0032 11.0896 74.35875295788763 -3.9042685188114064 -5.5143 -0.06777537488725155 0
VAN 0.0 0 -2.189685859792261 -151.25393059196597 369.9785840163042 275.43117249021515 824.6329340017897 2.3536 2.2034 4.7012 14.438338239077671 2.895092526484303 -5.6925 -2.358134626609696 0
VAN 0.0 0 2.7857920148692825 2089.274928846333 249.93913132771027 2633.2813439831793 465.38463322868495 1.9972 2.1978 5.9954 12.261622294215703 -32.62453897674134 -6.1821 1.3630240930533906 0
CAR 0.0 0 2.738405651866697 1517.8496350044234 259.2169948846738 1787.079693590478 404.3626574360965 1.4974 1.8977 4.0982 18.032773586942522 -22.049715546601426 -6.4838 1.3642834977290486 0
CAR 0.0 0 -1.7258462874726521 1714.458279487294 462.64893800705136 1898.3368889825929 624.3918596508838 1.5036 1.8952 4.097 28.908641096980205 10.03001651390948 -6.6445 -3.005502318411546 0
VAN 0.0 0 -0.3752676835208155 2602.986385056852 391.82062295996695 3579.113826272643 780.9141204831799 2.5368 2.1676 5.7104 4.365582234462307 -31.555345199032736 -6.6447 -1.761718341955894 0
CAR 0.0 0 4.275908161504184 1663.0215284232409 371.8386752824733 1788.264342389561 478.8134600504174 1.5128 1.9018 4.1024 38.24079334543812 10.073720500332852 -6.5594 2.9459673840729934 0
CAR 0.0 0 4.3028797080289065 1480.3764004057302 321.0895474300914 1552.451220095097 394.5216699056482 1.5022 1.9049 4.1038 48.712103479396916 14.657093616182813 -7.16 2.9631096288826786 0
PEDESTRIAN 0.0 0 2.6960383381371367 624.7699453972291 130.9206833794949 661.3139075267 200.79414900079863 1.7526 0.7308 0.855 39.85687464469383 -6.676939126327467 -6.4758 1.3770898247823946 0
CAR 0.0 0 2.7664528539564137 1782.114923622727 251.54402336733253 2080.3936779765963 390.14827220729336 1.4878 1.9007 4.104 16.628320233646175 -27.963871334913335 -6.404 1.3590267776864629 0
CAR 0.0 0 2.688076482698574 1329.3212139423674 202.20495927426296 1521.578624906766 311.749655206325 1.4974 1.8976 4.0982 24.86890012311335 -22.43420003499669 -6.671 1.2944598052176606 0
