CAR 0.0 0 2.7366485502617657 1328.3129821518698 190.24664603132152 1535.1833864124956 312.79454665686006 1.7194 1.8964 4.5202 24.88746079838172 -22.569210877835488 -6.5435 1.338281743454179 0
PEDESTRIAN 0.0 0 2.988253773295087 645.2700301660497 138.42493028106966 679.998108724667 206.74152626058 1.7 0.6968 0.7192 38.85984773837532 -7.057684667678618 -6.5112 1.6717520111948678 0
TRUCK 0.0 0 4.347788566705335 1702.4786951829217 257.3900271559478 1836.0686800823064 380.42783529226506 3.487 2.935 2.072 53.307294222106144 6.863689140903871 -5.9211 2.954589946740443 0
CAR 0.0 0 2.707002534623925 1287.0442935308279 232.69812635630444 1498.5827241095092 360.48638804378965 1.504 1.9011 4.104 22.19149403373725 -19.296040710630443 -6.6643 1.3445949556756323 0
CAR 0.0 0 -1.4628663895876242 225.40134812725623 451.4568175094513 450.26143544339317 584.9351439946286 1.5003 1.9029 4.0972 22.024533335556757 38.45644910357778 -8.2755 -2.04660312373549 0
CAR 0.0 0 -1.289566822513341 384.86068581577007 413.7570909808158 567.7162813888136 525.6701886820463 1.4969 1.8793 4.0996 26.268226870789857 38.43436257632301 -8.2924 -2.086445960933754 0
CAR 0.0 0 2.7205434346686044 1488.3784906602857 237.79049281098946 1764.766773159682 385.1437413765599 1.498 1.8978 4.2058 18.01042659551807 -21.16080029611807 -6.0071 1.33729912391633 0
PEDESTRIAN 0.0 0 1.3237239942469854 633.5282001351544 140.83791087528436 668.8250595237696 210.01357626104746 1.7 0.6974 0.7026 38.41425553079776 -6.655320905798981 -6.4943 0.015570256983676761 0
TRAILER 0.0 0 1.2961312542084493 1815.9219056040633 191.9339440213289 1913.1748744364597 262.0939901195915 3.5054 2.9277 8.5474 105.66463366056527 -6.942717248688183 -6.2739 -0.1541603103573966 0
CAR 0.0 0 4.322741607826303 1704.117185828559 333.07077959090947 1809.3500525724605 414.64179345402584 1.5032 1.8996 4.0986 47.447549630871585 7.942912590169762 -6.7781 2.961074677280605 0
TRAILER 0.0 0 4.360492754985048 1700.2039857106213 219.66875821677965 1851.8781015696036 365.9446945916554 4.117 3.002 6.0508 57.3164806167571 6.225114021888333 -5.4223 2.951256435673922 0
CAR 0.0 0 2.8515334319520966 2898.2672681420145 198.9410686402628 3280.864657977841 308.6248452240776 1.4956 1.9016 4.1016 10.011045493943502 -58.89135526645094 -5.6954 1.3620457264259145 0
