CAR 0.0 0 3.0148218831263387 1343.193029670899 198.66753148323684 1513.8645018756292 315.412069974412 1.594 1.8966 4.5394 31.643420738016843 -28.28564961562432 -6.3337 1.6210677637018256 0
CAR 0.0 0 -1.2353892168977687 194.45658084924165 463.4555556814194 448.41339235057404 599.6335585413491 1.5196 1.8976 4.1761 11.61705206670707 29.303177170236957 -7.5683 -1.7828567597874547 0
PEDESTRIAN 0.0 0 1.1344431771006167 627.0584434285219 138.28441414919027 664.0944507867503 207.72440916317748 1.7 0.7848 0.6973 40.05708518098192 -9.340090210963549 -6.0576 -0.17496862750956493 0
TRUCK 0.0 0 -1.6003956539143884 1759.1421417653285 265.0480200118201 1900.0285699035428 396.2499517346098 3.4079 2.7742 1.8309 48.720949855102525 7.960452347337245 -5.2988 -2.9935192807144797 0
TRAILER 0.0 0 -1.5968639082215867 1731.4502402419039 240.70408519277493 1914.7410034881786 397.3478464056817 3.5682 3.0012 10.9976 52.6186384509325 8.50052021817903 -5.2107 -2.9984216935191634 0
CAR 0.0 0 -1.6667048111553995 1763.2618610398042 346.8640275979675 1877.91452131462 432.46556575517627 1.5064 1.8966 4.1132 43.81192042532584 7.256461713095781 -6.2711 -3.027719941514197 0
CAR 0.0 0 -0.9722617480642685 358.838403066866 420.2658343647045 569.3339405097192 533.6460825901818 1.5195 1.8976 4.1014 15.564390405804694 30.506809012228402 -7.441 -1.7473622960181396 0
CAR 0.0 0 2.992375503154115 1315.1825736134765 241.6265135411937 1493.3764401501023 367.8603499506463 1.4987 1.9049 4.0972 28.038348169548716 -26.21718894621393 -6.4483 1.6343890336265965 0
CAR 0.0 0 2.995227099319836 1494.9611559851671 271.87873645739177 1728.5397083411037 418.0784648698525 1.5032 1.8952 4.1044 24.610341416444797 -28.782374954205366 -6.2698 1.634389033626596 0
CAR 0.0 0 3.0556867103981102 1953.1460433021332 239.83204412455365 2281.6472643714756 380.99813558120843 1.4966 1.9946 4.6048 25.27212130395757 -39.59325763053805 -5.8821 1.6296117114002369 0
CAR 0.0 0 -1.1095887596838456 189.10471267043434 318.52971155508095 344.08164389953316 385.83974528910426 1.4992 1.9014 4.0972 19.25805125362209 49.35835019765264 -7.3685 -1.759421345856444 0
CAR 0.0 0 -1.277148031149613 146.59429223238607 408.9046386664713 361.3356419304933 513.9645986288735 1.5018 1.9002 4.0982 13.1503 36.1227 -7.6156 -1.7828567597874547 0
CAR 0.0 0 3.09890507762982 2380.90679567783 212.55717629017423 2683.3393091321427 318.6984489376052 1.5038 1.895 4.1 29.8773 -55.3125 -6.2408 1.6321307886544327 0
