TRUCK 0.0 0 1.6558009296615606 401.48062301365184 -8.892068679500978 494.68288833729395 93.5059224301909 4.019 2.916 2.729 69.26917755719718 2.726376149872344 -5.5219 0.1770991263252167 0
CAR 0.0 0 3.0036955864053665 1337.6193174404902 198.48699144969765 1507.3547049378572 315.1835025061483 1.594 1.8966 4.5394 31.665437276129047 -28.147423307808648 -6.3337 1.6105393675152717 0
CAR 0.0 0 -1.1778330170742137 200.96691593234814 462.7145233663817 453.7819709137984 598.434295758478 1.5196 1.8976 4.1761 11.72893753043505 29.277413417352225 -7.5683 -1.7342789932111524 0
CAR 0.0 0 1.6180651626764304 417.8826946046214 4.886689827631801 475.21767395928924 47.32249521077542 1.8149 1.9014 4.1022 84.71214465659297 6.570538227327351 -6.1082 0.10470072598036383 0
VAN 0.0 0 2.043736136175334 1203.5215437743125 -793.9051120472407 1454.6510963055161 -479.8908938867372 2.6198 2.2122 6.0322 -29.354544233156645 -4.417777057892274 -7.5887 0.031140035998307912 0
CAR 0.0 0 -1.8545364042179735 1353.9062483288499 530.4052587224887 1598.5358906264587 740.9554706955081 1.499 1.9016 4.112 18.72613641093229 8.12030765652801 -6.2283 -3.0233332519838063 0
PEDESTRIAN 0.0 0 1.7339526350027852 630.8824231274291 139.0371637180589 667.860528677291 208.65982314369535 1.7 0.7848 0.6973 39.933482532172164 -9.457269446647592 -6.0576 0.4242919206872831 0
TRUCK 0.0 0 -1.6428088196351185 1768.8957760086137 261.330369215479 1906.2429946080363 388.71964636796434 3.4079 2.7742 1.8309 50.28966979572083 7.950295435149866 -5.2988 -3.0395974269518478 0
TRAILER 0.0 0 -1.8069453283184644 75.22832120512705 1.1028354265935234 307.35337714616946 142.44497929159354 3.5682 3.0012 10.9976 56.284962411594115 8.48817232049081 -5.2107 -3.052921796683383 0
CAR 0.0 0 -1.6855637894482356 1767.3954187512047 343.09602780703773 1879.9150156990588 426.7299859776805 1.5064 1.8966 4.1132 44.68726166475756 7.301887048665594 -6.2711 -3.0493759430220515 0
CAR 0.0 0 -0.908885151799692 357.0336371179546 420.4648036885981 567.81297079165 533.9585838011384 1.5195 1.8976 4.1014 15.526525576356583 30.514856542472828 -7.441 -1.6819270272704947 0
CAR 0.0 0 4.885830570631104 1096.9176914313293 -284.7232808963805 1142.2028960866337 -247.4904119268247 1.5034 1.8968 4.0982 -94.38834682314285 5.723679991021589 -8.2291 3.081900071005257 0
CAR 0.0 0 2.9463002192477394 1315.568980789517 241.46951836735718 1493.7262182717707 367.61592360333253 1.4987 1.9049 4.0972 28.053084757741544 -26.23144334306293 -6.4483 1.5881233509515706 0
CAR 0.0 0 -1.295618136236506 114.11027845582228 402.4896261044534 328.8706041022719 505.885969709589 1.5196 1.8976 4.1284 12.893771559650597 37.37156056775926 -7.6049 -1.7517376108074119 0
TRAILER 0.0 0 1.5493684707544335 386.6728133313163 64.48523242666386 508.2863064021044 120.20603562600513 1.2972 3.2042 7.6122 64.75519703723211 1.8447491480011315 -7.0427 0.17915388867624044 0
BICYCLE 0.0 0 1.745573943547871 866.6619243546656 229.00527872353015 906.2609148626549 322.60642286966936 1.7402 0.8236 1.4456 31.79325183119577 -15.606733444159763 -6.8021 0.47570316638641924 0
CAR 0.0 0 -1.6767004984097962 1596.0609123516094 353.44529001117894 1721.2483967939675 443.090101374721 1.4986 1.895 4.0984 39.19462761671856 10.392479076787478 -6.2699 -3.0130775779322945 0
CAR 0.0 0 -1.7100371040369684 1393.3846711472156 362.5912905515461 1532.2613332367348 457.8530424130103 1.5038 1.8954 4.152 34.25319172184724 13.916107907984683 -6.3408 -3.0089030420877094 0
CAR 0.0 0 4.984793269516352 1236.9377929563207 -390.4990604307768 1319.3483537917502 -325.3057494063009 1.498 1.8954 4.1042 -61.53895859258967 5.231685684876345 -8.3635 3.141428118190829 0
CAR 0.0 0 -1.41931628101044 32.61294532556246 297.6810481494812 179.90678889470735 356.7770045099975 1.5196 1.8976 4.1284 17.788606653990463 59.75425291859064 -7.532 -1.7342843053404915 0
CAR 0.0 0 3.0661750406625963 2527.7429395536406 244.81304589923522 2886.520559306288 366.00240495416256 1.5032 1.8952 4.1044 26.531093931113073 -55.25288672226944 -6.2698 1.6071949858009207 0
CAR 0.0 0 4.863028694314637 1039.2475205983137 -280.111156085053 1074.2610431682867 -249.21374575073557 1.5034 1.8968 4.0982 -114.2824 5.0097 -9.8725 3.0469927222473094 0
CAR 0.0 0 -1.2136281550567218 1415.7587295648689 -605.0705692796936 1584.312881800293 -469.4531690851992 1.496 1.899 4.103 -37.19079292917294 2.7248132893665327 -8.3985 -3.1273049186527997 0
CAR 0.0 0 -1.6478973505820567 1675.2306211605924 284.21365710926693 1761.2199473667108 340.7235911584123 1.4994 1.9016 4.0998 58.43266991610069 12.711445315621257 -6.2208 -3.0393757420720453 0
