CAR 0.0 0 2.7240195436050882 1772.6301081337429 301.3290751764141 2170.0737998119466 487.1068459338107 1.5023 1.898 4.937 13.844943970023948 -24.77792218053617 -6.5925 1.3488135988365393 0
CAR 0.0 0 2.6567664451341937 1320.3821090236654 234.92893643749855 1535.5319413867267 363.1798370709864 1.5177 1.898 4.0963 21.94787823020244 -20.036066527007424 -6.7131 1.2910181249559232 0
CAR 0.0 0 2.656117467576256 1405.6590647514245 311.50916409230274 1742.315846918242 510.530503203247 1.5541 1.898 4.9169 15.694676724758018 -17.653549916245094 -6.7043 1.3385813619489224 0
CAR 0.0 0 -1.4726082574951356 209.95630710436066 441.07666620975436 435.5949566017228 578.94923648316 1.6474 1.9008 4.0966 22.123038452703778 38.9783414996353 -8.1942 -2.043220920331697 0
CAR 0.0 0 2.721380591987776 1589.299473404222 198.53779570887974 1813.0593985001392 301.97293544492953 1.396 1.8974 4.3588 23.219255895357175 -29.493888166381183 -6.6116 1.2956667494353806 0
CAR 0.0 0 -1.3035428706446335 350.7529868348076 400.0219568208303 536.2508753529888 515.364383105182 1.6474 1.9008 4.0966 26.332791393758974 39.49869130732952 -8.1431 -2.078132818304195 0
TRAILER 0.0 0 1.4634014308305763 430.50849927166394 -29.71441812601248 515.452640572534 72.82827761145847 4.11 3.0032 11.0896 80.16214226472275 -4.507802174761952 -5.5143 -0.06777537488725155 0
VAN 0.0 0 -1.7791212578446904 238.98288146558488 459.29492317566735 642.1207644438945 1053.8901810561802 2.3536 2.2034 4.7012 10.606185295133079 -0.10468598273078644 -5.6925 -2.32325163594942 0
VAN 0.0 0 2.785852403967511 2089.7525029853723 249.89222523477298 2633.7488997385803 465.27740053033546 1.9972 2.1978 5.9954 12.261311819339838 -32.639604633217395 -6.1821 1.3630240930533906 0
CAR 0.0 0 2.7384361898074943 1517.8965718468291 259.1821820483824 1787.1006039479 404.30519802807794 1.4974 1.8977 4.0982 18.034873588219792 -22.0529477736669 -6.4838 1.3642834977290486 0
CAR 0.0 0 -3.2654266811943904 -374.0535620213809 307.4430743648401 -74.13299756128677 503.56645471064473 1.5036 1.8952 4.097 24.547190330563463 8.80534154525836 -6.6445 -2.7786305061663876 0
VAN 0.0 0 -0.32567325597381247 2965.8687185924787 367.6614753221159 3964.228202721921 713.2989836123478 2.5368 2.1676 5.7104 2.9159171439812 -39.60400587704684 -6.6447 -1.7442764585323032 0
CAR 0.0 0 4.377442810594312 1649.1571574938787 399.1659216921971 1787.124428825624 522.7123817935225 1.5128 1.9018 4.1024 34.31880824026425 10.755987896805332 -6.5594 3.0678121754004253 0
CAR 0.0 0 4.302949883833974 1480.312470991107 320.9815072898616 1552.3467895235249 394.3648422687806 1.5022 1.9049 4.1038 48.7359996503543 14.659407391120364 -7.16 2.9631096288826786 0
PEDESTRIAN 0.0 0 2.695158300955999 624.401378314518 131.37035347936563 661.0219704561268 201.38388252370666 1.7526 0.7308 0.855 39.77603964258982 -6.653572396426096 -6.4758 1.3770898247823946 0
CAR 0.0 0 2.748353448362862 1783.5864915118611 252.82193124622498 2083.392429621586 392.2084774516365 1.4878 1.9007 4.104 16.53305699216157 -27.886451907513255 -6.404 1.3415734851665193 0
CAR 0.0 0 2.6879317516961443 1329.7632994917826 202.45529227366436 1522.2544190912797 312.13067529647253 1.4974 1.8976 4.0982 24.839352874696736 -22.425800817172675 -6.671 1.2944598052176606 0
