TRUCK 0.0 0 1.7131058096569844 417.538034046577 -26.186425995725585 494.7395042712134 59.12879402233061 4.019 2.916 2.729 83.33607794582613 5.613738486490618 -5.5219 0.1770991263252167 0
CAR 0.0 0 3.003719116289484 1338.6932309492067 198.63310000504958 1508.682313562718 315.40115575081256 1.594 1.8966 4.5394 31.647683737327995 -28.169067386241828 -6.3337 1.6105393675152717 0
CAR 0.0 0 -1.160527897654218 200.74058266072888 462.4725584662865 453.40763179043995 598.057228780973 1.5196 1.8976 4.1761 11.734424125867582 29.302157388325988 -7.5683 -1.7168203829013897 0
CAR 0.0 0 1.6587161450032757 442.3444630244977 -10.032338711782721 491.07953305558334 26.316067757875043 1.8149 1.9014 4.1022 97.60287165424502 8.342962694247175 -6.1082 0.10470072598036383 0
VAN 0.0 0 2.082600409777832 1322.809164820592 -1038.3770426173617 1710.9463596490539 -571.9747803959098 2.6198 2.2122 6.0322 -23.059682471534924 -4.076049932344458 -7.5887 0.031140035998307912 0
CAR 0.0 0 -4.195545888655943 -5131.6824708199 927.125078776425 -1977.2610912742773 1902.3399687529723 1.499 1.9016 4.112 8.270637144246262 6.932793529820735 -6.2283 -3.022723708213006 0
PEDESTRIAN 0.0 0 1.7332378386633756 629.9357879054195 139.25899361531538 666.9874540212301 208.94739507517724 1.7 0.7848 0.6973 39.89584907894193 -9.436352881924915 -6.0576 0.4242919206872831 0
TRUCK 0.0 0 -1.6428642298344578 1767.6343457603455 261.23702893656656 1904.860623210959 388.55364286995814 3.4079 2.7742 1.8309 50.29005593384852 7.986347999916049 -5.2988 -3.0395974269518478 0
TRAILER 0.0 0 -1.809407409323276 73.63999965314689 1.1478394480281198 306.2370378681221 142.59494042871628 3.5682 3.0012 10.9976 56.25350642438796 8.522761569195549 -5.2107 -3.052921796683383 0
CAR 0.0 0 -1.6856030115128013 1767.2914181696597 343.14085277826365 1879.8386748601915 426.79844455836314 1.5064 1.8966 4.1132 44.67550552249259 7.302503779501624 -6.2711 -3.0493759430220515 0
CAR 0.0 0 -0.9426156264788604 357.94319931019 420.2692453479536 568.5162642730711 533.6564475606685 1.5195 1.8976 4.1014 15.550590571829218 30.52071750345187 -7.441 -1.716785877540502 0
CAR 0.0 0 4.854077866804469 1071.4535661454274 -258.027062645924 1108.9259037133656 -227.2723554041508 1.5034 1.8968 4.0982 -110.03390015265798 6.875095462308425 -8.2291 3.0644465064279367 0
CAR 0.0 0 2.9460909730003912 1314.9676848636898 241.60714035729 1493.1176089724781 367.83254044301 1.4987 1.9049 4.0972 28.04024808858247 -26.212823500306133 -6.4483 1.5881233509515706 0
CAR 0.0 0 -1.2629760795906284 125.81870347368695 412.32331235411067 346.5581956762084 520.5093800060893 1.5196 1.8976 4.1284 12.646987831218775 35.91792908597702 -7.6049 -1.7342843053404915 0
TRAILER 0.0 0 1.6286560504146697 405.8521798153824 34.8168616542203 505.42384990657933 77.86603902125368 1.2972 3.2042 7.6122 78.8461735845889 4.774201330050329 -7.0427 0.17915388867624044 0
BICYCLE 0.0 0 1.7816773789328793 744.8403711247413 169.0593361158138 779.38980216553 245.59650110925676 1.7402 0.8236 1.4456 39.25586058583285 -12.556100299662205 -6.8021 0.47570316638641924 0
CAR 0.0 0 -1.7444339135835745 1497.2598794999226 430.30293032142924 1670.491893571847 565.3270728845977 1.4986 1.895 4.0984 27.544694564467953 9.07588943636157 -6.2699 -3.0130775779322945 0
CAR 0.0 0 -1.8910303516361673 1085.583837929849 500.26237323520513 1327.0963177566955 686.2748406193167 1.5038 1.8954 4.152 17.852983402681804 12.108228216040523 -6.3408 -3.0089030420877094 0
CAR 0.0 0 4.963013643630276 1151.3568733089444 -326.5189577062736 1209.8685338451614 -279.1570561188959 1.498 1.8954 4.1042 -78.29970648006585 5.495256901216106 -8.3635 3.141428118190829 0
CAR 0.0 0 -1.4214660810009756 39.18465724237311 316.49353653269634 199.6903587412903 382.94346756326894 1.5196 1.8976 4.1284 16.372962440092923 54.29441023256518 -7.532 -1.7517376108074119 0
CAR 0.0 0 3.045345609278839 2216.563959605002 254.50386021919914 2545.2404898691707 383.88155200980293 1.5032 1.8952 4.1044 25.75399480172686 -46.315899985738355 -6.2698 1.6071949858009207 0
CAR 0.0 0 -1.2471575342155834 1221.8066275758254 -447.6835867583094 1318.4186147329483 -365.91238350304366 1.496 1.899 4.103 -52.65739943834937 2.0347994284008575 -8.3985 -3.1273049186527997 0
CAR 0.0 0 -1.6497822050502633 1646.147946191709 316.5827436262054 1750.4770449701246 388.1451781276745 1.4994 1.9016 4.0998 47.743398098688196 11.199992863214524 -6.2208 -3.0168523042503694 0
CAR 0.0 0 -1.2306769076774509 1421.1406404853162 -504.7958745418482 1559.1470502169796 -402.41932203109246 1.5034 1.8968 4.0982 -44.33856215354398 5.963960971699878 -8.2669 -3.0962025008686545 0
CAR 0.0 0 -1.2008228929397775 1505.0605290737483 -655.0845888410464 1709.7560804949187 -496.51691123109504 1.5034 1.8968 4.0982 -33.141556122652815 3.1965382740711155 -8.1409 -3.114335395357164 0
