CAR 0.0 0 3.011697195526364 1342.3914239967226 198.35468606667797 1512.7385406363128 314.9318367987984 1.594 1.8966 4.5394 31.68143214487245 -28.278744129462304 -6.3337 1.6177921667651314 0
CAR 0.0 0 -1.2215552069060789 196.02494758019182 462.8266016591454 449.3902336181628 598.6397994442685 1.5196 1.8976 4.1761 11.659619951782348 29.337090758700235 -7.5683 -1.7714513563579624 0
PEDESTRIAN 0.0 0 1.3439386701005802 626.7339271094895 138.67520975615744 663.8409365627236 208.22331629107867 1.7 0.7848 0.6973 39.991322830656024 -9.339263434606568 -6.0576 0.0352794735935813 0
TRUCK 0.0 0 -1.6517820468153013 1767.550257122769 261.2028904241032 1904.7403104808277 388.4872127727253 3.4079 2.7742 1.8309 50.30024278979885 7.9904478279749425 -5.2988 -3.048531819335291 0
TRAILER 0.0 0 -1.8651138433787202 46.461588045240525 4.987299501693977 292.90300140229544 152.94317142755344 3.5682 3.0012 10.9976 54.22471257414176 8.380999158255555 -5.2107 -3.0427454332082586 0
CAR 0.0 0 -1.6860259292328588 1767.1067526228424 343.2803230947413 1879.7341867228063 427.01059866344406 1.5064 1.8966 4.1132 44.641909024519286 7.301470469303533 -6.2711 -3.0496920303081225 0
CAR 0.0 0 -0.9969409335374879 358.27456771137076 420.27261356052884 568.8220063805041 533.6596400617882 1.5195 1.8976 4.1014 15.555455907829119 30.515087388405263 -7.441 -1.7714513563579624 0
CAR 0.0 0 2.994242489946873 1323.3160139690042 241.98801496030737 1502.9499273030772 368.3423320126466 1.4987 1.9049 4.0972 28.001626299206027 -26.394714761136868 -6.4483 1.6352454592850747 0
CAR 0.0 0 -1.3172160115807559 101.65028456670606 359.85261315208504 289.11325567948927 444.39303907264974 1.5196 1.8976 4.1284 14.751189054369501 43.71627335775734 -7.532 -1.7714513563579624 0
CAR 0.0 0 2.9979053116383256 1507.1018476698105 271.69197343755974 1742.580492322996 417.66357757132556 1.5032 1.8952 4.1044 24.619607929015363 -29.047548910335877 -6.2698 1.6352454592850747 0
CAR 0.0 0 4.789236262155908 1089.9534628998008 -251.90201331179293 1126.9236074949981 -222.46827114008363 1.5038 1.8956 4.1518 -114.0233735796635 9.0594743800096 -8.2426 3.0077970091202064 0
TRUCK 0.0 0 2.296571906382181 1441.5747884523005 -1875.1461185775518 2096.1976859260044 -905.2870779410614 3.4461 3.0048 1.7389 -13.284114434038607 -6.761091394320346 -7.3737 0.06508000585727713 0
CAR 0.0 0 -1.269196128927614 1185.4940681078015 -403.44901062779803 1269.0723577460335 -332.9938562896799 1.5044 1.9032 4.0978 -58.11413933428883 2.14718748962325 -8.118 -3.1309524143388496 0
TRAILER 0.0 0 2.236636451044837 1131.6483285024094 -1572.2409904231206 1895.9287457609814 -559.1280527324901 3.1096 3.3536 10.442 -18.97297263699709 -7.144484985674438 -7.1405 0.07152017549412495 0
CAR 0.0 0 0.7673120145051368 116.20001065066963 225.7169650145906 302.0262057954394 347.5201823453148 1.5162 1.9006 4.1032 31.3282099436714 -1.039139655090127 -6.7749 0.12267489246373638 0
VAN 0.0 0 2.1248638877916313 733.177451734321 -460.21677296059545 800.7537672887573 -359.94734275249834 1.9203 2.1008 4.4984 -54.38450448103408 -15.102791447678014 -8.1745 0.06590596732688835 0
PEDESTRIAN 0.0 0 -1.7797188957389893 642.7265409595401 130.32340073532527 675.4470925990579 198.69640817309718 1.7 0.6962 0.6968 40.751400427361 -9.65059958263575 -5.9535 -3.106313179996212 0
