CAR 0.0 0 2.7246407696018697 1776.9313102346553 301.0760615320165 2174.7877387420517 486.58736016740676 1.5023 1.898 4.937 13.832259805239152 -24.877677629951524 -6.5925 1.3488135988365393 0
CAR 0.0 0 2.6568161796185503 1320.4032026802427 234.87118366437474 1535.5111170535888 363.08825511600736 1.5177 1.898 4.0963 21.952682349831875 -20.040158154288292 -6.7131 1.291018124955925 0
CAR 0.0 0 2.6559596248835247 1406.1982868771884 311.84538433981436 1743.3060302871006 511.1306336491106 1.5541 1.898 4.9169 15.673353358497117 -17.648342336237036 -6.7043 1.3385813619489222 0
CAR 0.0 0 -1.471881770900898 210.43040087852773 440.92358445723795 435.9144170561339 578.7056838693823 1.6474 1.9008 4.0966 22.136865811835246 38.98166460800856 -8.1942 -2.043220920331697 0
CAR 0.0 0 2.7210514106324766 1588.9617446126204 198.52862818382545 1812.6802398122495 301.96250927918817 1.396 1.8974 4.3588 23.222711261364314 -29.485797455258435 -6.6116 1.295362116557288 0
CAR 0.0 0 -1.3031439992691851 350.3805494857092 399.2527659535304 535.4875497596192 514.2033201840547 1.6474 1.9008 4.0966 26.393347415314793 39.57277983997032 -8.1431 -2.078132818304195 0
TRAILER 0.0 0 -0.4822871601525295 96.78145173451874 90.49632240814125 396.2368876064147 482.72281497631553 4.11 3.0032 11.0896 27.08402736796554 1.9766983216709715 -5.5143 -1.2900968806057656 0
TRUCK 0.0 0 0.9806861989578843 468.6193882721994 94.58651920374278 669.7266509417345 346.5993852358664 3.9074 3.0032 5.6574 29.76294173243472 -3.395573997933556 -5.6171 -0.23309269896845825 0
VAN 0.0 0 4.35384216470377 1701.5637962688497 272.02412189695417 1822.1788682798945 375.96033824351 2.3536 2.2034 4.7012 50.434798897341594 7.600111469617899 -5.6925 2.9639173527315954 0
VAN 0.0 0 2.7855541612728008 2091.601058994733 250.67071496644172 2637.6281367373495 466.8429282396777 1.9972 2.1978 5.9954 12.204387839817159 -32.599562058945764 -6.1821 1.3630240930533906 0
CAR 0.0 0 2.774221242232538 1821.7109833239504 253.55596504171297 2122.1479919444946 391.3058328610408 1.4974 1.8977 4.0982 16.4694236531338 -29.00631739386063 -6.4838 1.3642834977290486 0
CAR 0.0 0 2.8181046444085247 2386.1435581286323 227.86560821015058 2738.8593914875023 351.6730570019508 1.4878 1.9007 4.1038 13.172673721560535 -43.16397531817261 -6.1085 1.3590267776864635 0
CAR 0.0 0 2.68727248333269 1324.2519275300954 202.3830672850929 1516.0475835488085 312.03109843935476 1.4974 1.8976 4.0982 24.896499981605437 -22.300599994814956 -6.6735 1.2944598052176606 0
CAR 0.0 0 -1.3332506595373972 291.4344775101993 365.02225762277175 459.4954173890878 455.97083868486794 1.5016 1.8992 4.1002 29.4554 44.8714 -8.2364 -2.078132818304195 0
CAR 0.0 0 4.359314365902746 1716.8245999039823 281.9993873318474 1798.8206683116814 340.9504715481479 1.5036 1.8952 4.097 61.0106 5.864 -6.6445 2.9635237234090614 0
VAN 0.0 0 4.375241740334836 1631.5596351638458 378.839508964707 1807.3262527004877 573.8007131982833 2.5368 2.1676 5.7104 33.61179453236933 10.892015319094613 -6.6447 3.072383966779012 0
