CAR 0.0 0 2.716337776109401 1773.9251189032634 301.43692865123984 2171.7296267099496 487.2798686395421 1.5023 1.898 4.937 13.831531608750542 -24.795781405148613 -6.5925 1.3410568121408173 0
CAR 0.0 0 2.6530402073588375 1312.672577883221 235.2015536090572 1527.1410934891962 363.70224647912903 1.5177 1.898 4.0963 21.975212169721395 -19.84500756152961 -6.7131 1.2886889732761382 0
CAR 0.0 0 2.659234919583156 1405.8505010986046 310.6955799993325 1741.6977085552148 509.05542578160544 1.5541 1.898 4.9169 15.737889053230585 -17.693336792364963 -6.7043 1.3410568121408173 0
CAR 0.0 0 -1.4753248287300522 219.8300311326337 439.8467616068797 443.436231968252 576.9310053424781 1.6474 1.9008 4.0966 22.289956232180256 38.89893510744753 -8.1942 -2.059644171057918 0
CAR 0.0 0 2.71413161109264 1585.3640107570989 198.40845476487883 1808.620589474818 301.81676054645453 1.396 1.8974 4.3588 23.261869860636313 -29.402011132285836 -6.6116 1.2886889732761388 0
CAR 0.0 0 -1.2593026295425722 372.44741829105345 396.9586795859925 553.7011155276473 510.5187682769295 1.6474 1.9008 4.0966 26.82847508931528 39.32873828112833 -8.1431 -2.0596441710579176 0
TRAILER 0.0 0 -1.974687560390373 -243.99792432635837 104.88585004735681 227.090506315809 559.5318775847206 4.11 3.0032 11.0896 25.476596768355826 5.163685043316578 -5.5143 -2.1033648259081157 0
TRUCK 0.0 0 -0.19812458373262887 307.5985801757254 142.860596286535 569.81379543729 482.32443259775226 3.9074 3.0032 5.6574 23.497572910449456 -0.6044447799550845 -5.6171 -1.1725863745745642 0
PEDESTRIAN 0.0 0 2.7707706524253997 622.8844787508234 132.25604187230437 658.8876193600858 201.07837318397827 1.7 0.6996 0.9374 39.63701404220394 -6.578573900741143 -6.4566 1.4538021921240931 0
VAN 0.0 0 4.364985561092895 1706.7597869562344 255.24535378089624 1814.198498600355 345.91359762830365 2.3536 2.2034 4.7012 56.50810194037961 6.696057055601276 -5.6925 2.9624863797598247 0
CAR 0.0 0 4.3765754197233475 1729.031109251859 270.9440509151315 1805.4663708334608 324.1985803442528 1.4966 1.8962 4.1044 66.31950808030363 4.688333290051938 -6.7089 2.9722800107190577 0
