CAR 0.0 0 2.7245405100900166 1775.3581252846193 300.9609888250214 2172.797070189254 486.4057914990064 1.5023 1.898 4.937 13.847740257903752 -24.854918725208464 -6.5925 1.3488135988365395 0
CAR 0.0 0 2.656805747864259 1320.2383986598134 234.85310185134082 1535.3134299215885 363.0616094091061 1.5177 1.898 4.0963 21.95531428618461 -20.037563666291366 -6.7131 1.2910181249559243 0
CAR 0.0 0 2.6561243505022603 1405.6668859875626 311.50178027750974 1742.3174607668511 510.5170138272954 1.5541 1.898 4.9169 15.695033453620214 -17.65402041982396 -6.7043 1.3385813619489222 0
CAR 0.0 0 -1.475037159016136 208.1518771874897 441.16624267637866 434.08110390058647 579.1074775300872 1.6474 1.9008 4.0966 22.1010682216168 39.00299944743925 -8.1942 -2.043220920331697 0
CAR 0.0 0 2.7212595367167838 1588.6770790612607 198.63133944344634 1812.4618112323872 302.1238598246156 1.396 1.8974 4.3588 23.21412143367813 -29.467162530182264 -6.6116 1.2956667494353806 0
CAR 0.0 0 -1.3033906433926745 350.51691973214423 399.63168631526105 535.822006934165 514.7756637763438 1.6474 1.9008 4.0966 26.362974019269195 39.53717867485817 -8.1431 -2.078132818304195 0
TRAILER 0.0 0 1.3670439972808006 405.32751685271774 -4.78587905407727 519.6472523065368 141.6140022741537 4.11 3.0032 11.0896 58.53694920381892 -2.7574882834064756 -5.5143 -0.06777537488725156 0
VAN 0.0 0 -3.680507564950916 -502.7179889981976 197.46127675789148 -124.72104036645202 438.62400219030957 2.3536 2.2034 4.7012 26.51009455384226 10.088136065509188 -5.6925 -2.9183515845742405 0
VAN 0.0 0 2.7856117567169467 2091.418029453221 250.542917130044 2637.1344485866784 466.58316678844585 1.9972 2.1978 5.9954 12.212948851953692 -32.60870396355599 -6.1821 1.3630240930533906 0
CAR 0.0 0 2.738130047554142 1513.673295675093 258.85441713236065 1782.042879931787 403.8239123674966 1.4974 1.8977 4.0982 18.083691462952412 -21.986448903648434 -6.4838 1.3642834977290486 0
CAR 0.0 0 4.32006407726977 1671.8943749634439 360.5234275621102 1789.9338511997541 458.9056325714841 1.5036 1.8952 4.097 40.73205278064185 9.594828240504555 -6.6445 2.9809770159290045 0
VAN 0.0 0 -0.8788144589482341 1371.6449816015402 552.1490737983953 2257.7593726642804 1263.6335264966062 2.5368 2.1676 5.7104 6.302235357066886 -10.069668144589663 -6.6447 -1.989153700025919 0
CAR 0.0 0 4.333615900894834 1697.0301181471762 317.1188647473831 1797.228055778486 394.1953174882631 1.5128 1.9018 4.1024 49.33533067240708 7.9670326991776115 -6.5594 2.9631082532858892 0
CAR 0.0 0 4.303037861037859 1480.4573838996214 320.8904964470961 1552.4614048433828 394.23086141732495 1.5022 1.9049 4.1038 48.75970720238348 14.65535655709526 -7.16 2.9631096288826786 0
PEDESTRIAN 0.0 0 2.677951132939754 624.5525835403406 131.25569774649335 661.1527391491304 201.23306772665808 1.7526 0.7308 0.855 39.79625095966565 -6.661093433351114 -6.4758 1.3596365322624513 0
CAR 0.0 0 -3.0056298425108414 -476.09752097795905 510.7284556028017 -37.32469125427557 868.0910730232814 1.4954 1.7998 4.3147 16.08073608394488 6.5199683585934185 -7.0466 -2.6780430448414245 0
CAR 0.0 0 2.766964879236407 1792.5549120597059 252.25849408212125 2092.81898307755 391.17750584907725 1.4878 1.9007 4.104 16.512424787673787 -28.131012704491734 -6.404 1.3590267776864629 0
CAR 0.0 0 2.688312141651633 1329.6779208331932 201.98513174745108 1521.7177345514601 311.3573805725079 1.4974 1.8976 4.0982 24.90052805631595 -22.46902006910727 -6.6735 1.2944598052176606 0
