CAR 0.0 0 2.7246728850826925 1775.8421722736762 300.8299319980659 2173.195666038282 486.1637996532916 1.5023 1.898 4.937 13.851672643368294 -24.872960312236565 -6.5925 1.3488135988365393 0
CAR 0.0 0 2.656780465664992 1320.3868933969604 234.9124367115239 1535.5246066622847 363.153686744085 1.5177 1.898 4.0963 21.949258735063587 -20.03720725580956 -6.7131 1.2910181249559243 0
CAR 0.0 0 2.655971689489876 1406.1781366005346 311.8245717803524 1743.2604413243714 511.09326888511134 1.5541 1.898 4.9169 15.674597015133994 -17.648903775826668 -6.7043 1.3385813619489222 0
CAR 0.0 0 -1.4775076401587948 206.50484287132446 441.61286332215326 432.92042940446976 579.8209937105099 1.6474 1.9008 4.0966 22.05845016425475 38.997869788094775 -8.1942 -2.043220920331697 0
CAR 0.0 0 2.721145730217053 1590.783131908309 198.63342684651823 1814.775824685569 302.10402050206613 1.396 1.8974 4.3588 23.198314104118264 -29.523496896808055 -6.6116 1.2953621165572875 0
CAR 0.0 0 -1.3037665060640902 349.68929007481415 399.1436618795064 534.8153689001562 514.0449188426451 1.6474 1.9008 4.0966 26.39506775470954 39.59607272205766 -8.1431 -2.078132818304195 0
TRAILER 0.0 0 1.1427702844751884 376.4128466698259 42.53701803686671 552.0921701391302 290.8663649525584 4.11 3.0032 11.0896 37.43307981457655 -1.5781756109477154 -5.5143 -0.10298388646568032 0
VAN 0.0 0 4.351108792862379 1683.9242611544312 296.67229979855523 1822.7563404317277 421.4969919968257 2.3536 2.2034 4.7012 43.310108463417905 8.922823996226276 -5.6925 2.9810367679284973 0
VAN 0.0 0 2.7857189591073217 2090.903813500402 250.28255130138325 2635.960647844896 466.05719754607975 1.9972 2.1978 5.9954 12.23131005913076 -32.62431948334847 -6.1821 1.3630240930533906 0
CAR 0.0 0 2.7531358686227576 1629.227340613814 256.95374106532756 1910.182005085448 399.25307167197394 1.4974 1.8977 4.0982 17.48734162867253 -24.547546144515525 -6.4838 1.3642834977290486 0
CAR 0.0 0 4.358677895508874 1707.6695931365796 308.43479692601807 1802.5324655883433 379.6509157481043 1.5036 1.8952 4.097 52.504102166416715 7.24612982899046 -6.6445 2.9809770159290045 0
VAN 0.0 0 -3.4114088536191685 -639.0549743298933 302.45175056467525 -136.05667686619557 653.8751313335042 2.5368 2.1676 5.7104 22.275253003556237 9.595196049120876 -6.6447 -2.756935631257139 0
CAR 0.0 0 4.361358930456067 1719.7761814302905 278.2915728389518 1801.635014563193 336.7425125299796 1.5128 1.9018 4.1024 61.58772439994695 5.693753953938397 -6.5594 2.9631082532858892 0
CAR 0.0 0 4.302965311506616 1480.4851164221054 320.99461933095176 1552.527517164359 394.38231201566396 1.5022 1.9049 4.1038 48.73604952521851 14.654150153470493 -7.16 2.9631096288826786 0
PEDESTRIAN 0.0 0 2.66065672866958 624.5728390856583 131.16386578301234 661.1582062630818 201.11306019687126 1.7526 0.7308 0.855 39.81310474433974 -6.664351666620449 -6.4758 1.3421832397425082 0
CAR 0.0 0 4.324906930619338 1630.5993428607671 435.09803180217006 1767.7564423638669 571.7200140331153 1.4954 1.7998 4.3147 32.41044561795721 11.266771355002541 -7.0466 3.041131280997928 0
CAR 0.0 0 2.785050154837669 1993.257676811807 249.13242002387722 2312.966421450648 383.5664122241013 1.4878 1.9007 4.104 15.386252514546316 -32.92117534993224 -6.404 1.3590267776864635 0
CAR 0.0 0 2.6872960454670656 1324.1844037377398 202.3430957714403 1515.9431550507056 311.97022993826874 1.4974 1.8976 4.0982 24.9012 -22.302 -6.6735 1.2944598052176606 0
