CAR 0.0 0 2.93516889758123 1430.8075653091153 323.82401799003077 1707.2809252756517 515.7744534863755 1.551 1.9022 4.6956 21.405433586797486 -26.192557525151756 -6.4702 1.6247709188662327 0
CAR 0.0 0 2.9636117642668287 1353.9352515643945 213.9100988400115 1517.6545730399923 323.49453253949827 1.5 1.8998 4.0998 31.40048257064499 -28.424147825800446 -6.555 1.5770240091038403 0
CAR 0.0 0 2.997266513457043 1790.8342219278995 317.82400075073537 2130.4527532090406 491.0784953391609 1.5 2.037 4.3995 21.698995029686294 -33.443633793607 -6.4402 1.6290845723854452 0
CAR 0.0 0 -1.0427228966524165 345.3093793297856 411.6506084765114 552.4076059477615 524.724654474983 1.5999 1.899 4.0996 15.748439645900262 31.50282569923674 -7.4486 -1.8104714429084878 0
CAR 0.0 0 -1.0886972590325896 275.5070298134586 375.82460282798667 462.1622291810204 466.7515704358198 1.5 1.899 4.0996 16.811544223733527 37.49836743960433 -7.4503 -1.8104606373881729 0
CAR 0.0 0 2.924013316130202 1348.050739889941 239.7125736275597 1531.2230607340218 365.6869117898154 1.5 1.8998 4.0998 28.01586128634961 -26.97127835087506 -6.4052 1.5595760351837658 0
CAR 0.0 0 3.0173396138952033 1610.3707185834594 203.31042004990638 1804.0499902350814 307.9636669890451 1.5 1.8998 4.0998 31.957712614703944 -35.50776262849319 -6.4191 1.5944905815285024 0
CAR 0.0 0 -1.3131487980778194 131.25104991874122 409.243267218475 348.05451961101994 516.859019010557 1.553 1.899 4.0996 12.877441073522355 36.28991036907292 -7.6325 -1.7933414657269229 0
CAR 0.0 0 -1.257853870958162 184.41810120496763 455.8806480041154 433.59906140396674 594.795652761488 1.6483 1.8736 4.0995 11.601465440718407 29.8185590281838 -7.5421 -1.7933253174713948 0
TRUCK 0.0 0 -3.8337340332951237 -652.3575695550364 103.83261906837359 -80.58909272015136 436.6864571724099 4.083 2.9959 5.8323 26.1812067844365 5.337883139805549 -4.9879 -2.9143778732990544 0
CAR 0.0 0 -1.4221791793798155 51.5121463504198 340.92238736497956 225.9183148566319 415.765144637698 1.4996 1.899 4.0996 15.064963185983647 48.90248098250408 -7.6 -1.7749669233050611 0
CAR 0.0 0 -1.6769435296477142 1511.889555093138 315.109799635593 1622.9366092462947 388.2288919700279 1.4954 1.9024 4.0993 43.97032253763789 14.163948408221437 -6.0972 -3.0279752999934297 0
TRAILER 0.0 0 -3.7430771919495496 -468.24418841753175 43.777845512274126 99.53559723323534 352.3502432621191 4.1525 3.0019 10.9977 32.91659711133252 6.132768595159813 -4.8941 -3.039084602718273 0
PEDESTRIAN 0.0 0 2.8538264132519533 614.6895490504263 126.17996351465943 648.4543186571617 195.11846004523392 1.7322 0.6996 0.7164 41.32499488577515 -8.81771631572105 -5.9497 1.5316807742695877 0
VAN 0.0 0 3.0621509088854078 2540.9284366996903 254.34844004364956 3137.2144705319533 454.32792577570984 1.9996 2.198 5.9958 22.923232571526093 -52.29056479923869 -6.0941 1.6143678534163548 0
VAN 0.0 0 -1.6782575162245403 1769.49463341369 287.69149643458564 1898.1023891190162 395.93767571617053 2.3712 2.209 6.002 50.06375963843388 7.851908959248901 -5.7232 -3.066462083310483 0
