TRUCK 0.0 0 1.7037926485397463 414.80740388605216 -23.348354311542213 494.62859572163217 64.77004324428997 4.019 2.916 2.729 80.65431239770389 5.0688021482332015 -5.5219 0.1770991263252167 0
CAR 0.0 0 3.0038788630551925 1338.9835432633479 198.4870578520762 1508.91892284283 315.1706378299405 1.594 1.8966 4.5394 31.665405232375527 -28.183241942987287 -6.3337 1.6105393675152717 0
CAR 0.0 0 -1.1609695004974254 200.4795382089476 462.6427458570087 453.2907746914689 598.3249994529215 1.5196 1.8976 4.1761 11.724999646411948 29.29067698624705 -7.5683 -1.7168203829013897 0
CAR 0.0 0 1.6517974112864862 438.44100376416833 -7.388653518873503 488.6468826942843 30.021729041797716 1.8149 1.9014 4.1022 95.05262870181745 7.96828377118384 -6.1082 0.10470072598036383 0
VAN 0.0 0 2.0749652631313453 1299.1690012198571 -984.963474823036 1656.2082773479506 -553.1310777233064 2.6198 2.2122 6.0322 -24.133393866372053 -4.1206851963181 -7.5887 0.031140035998307912 0
CAR 0.0 0 -2.0666644687436277 1073.2411894004422 715.9842525017264 1466.2476158177083 1115.6737247497206 1.499 1.9016 4.112 10.495112936937712 7.184849194796943 -6.2283 -3.022723708213006 0
PEDESTRIAN 0.0 0 1.7335114252374755 630.1991387762224 139.1506861524866 667.2235833741964 208.80813261359583 1.7 0.7848 0.6973 39.91408589122848 -9.441253008112907 -6.0576 0.4242919206872831 0
TRUCK 0.0 0 -1.6429218010413957 1766.5069332350952 261.16459164518284 1903.6362445410398 388.4270700931465 3.4079 2.7742 1.8309 50.28640183892426 8.017932248078155 -5.2988 -3.0395974269518478 0
TRAILER 0.0 0 -1.811575485562817 72.19981756398184 1.173825260530442 305.19812881567645 142.69362686048362 3.5682 3.0012 10.9976 56.23255816505976 8.557617287486297 -5.2107 -3.052921796683383 0
CAR 0.0 0 -1.685587680986578 1766.925839686993 343.05164678255 1879.4423297035235 426.66578819939605 1.5064 1.8966 4.1132 44.68673118294101 7.3134479057093476 -6.2711 -3.0493759430220515 0
CAR 0.0 0 -0.9101855513558029 355.88663979029985 420.5794847691743 566.8386205991629 534.1393447837511 1.5195 1.8976 4.1014 15.503104489150509 30.52118720512675 -7.441 -1.6819270272704947 0
CAR 0.0 0 4.8565733178054655 1077.6076120760993 -263.0509657110367 1116.5900684561936 -231.096185846234 1.5034 1.8968 4.0982 -106.6595364313883 6.72207818714237 -8.2291 3.0644465064279367 0
CAR 0.0 0 2.946384722099098 1314.0816638225222 241.07245304538756 1491.776668816334 367.0199340307436 1.4987 1.9049 4.0972 28.091185340421212 -26.209983318673164 -6.4483 1.5881233509515706 0
CAR 0.0 0 -1.2401293165604566 130.457043484748 416.9017920539372 354.0334062017326 527.3588305689464 1.5196 1.8976 4.1284 12.524218033592327 35.28421351929107 -7.6049 -1.7168309998735665 0
TRAILER 0.0 0 1.6146887357286268 401.1079368962298 39.945465992599324 504.6125616720324 85.08895068797935 1.2972 3.2042 7.6122 76.0124260610256 4.254530388135566 -7.0427 0.17915388867624044 0
BICYCLE 0.0 0 1.7761865730795325 770.1182791790161 179.1617494899084 804.304916347536 258.50533536608935 1.7402 0.8236 1.4456 37.790975741806854 -13.27093129982607 -6.8021 0.47570316638641924 0
CAR 0.0 0 -1.7261097427925909 1525.3902729654033 410.64260415322383 1685.8568372388668 533.1967396189228 1.4986 1.895 4.0984 29.971875667744495 9.308330088714081 -6.2699 -3.0130775779322945 0
CAR 0.0 0 -1.8344491013155488 1171.5525149402201 460.77024505380484 1381.980622565095 617.6349334791277 1.5038 1.8954 4.152 21.134416459370957 12.54290432506395 -6.3408 -3.0089030420877094 0
CAR 0.0 0 4.9671337297817155 1164.546523125999 -337.0656404611957 1226.7165664336899 -286.88747505633376 1.498 1.8954 4.1042 -74.91128719949182 5.385919783529184 -8.3635 3.141428118190829 0
CAR 0.0 0 -1.4280141810500937 36.39806654682364 312.1259461876699 193.9157941482884 376.842711258533 1.5196 1.8976 4.1284 16.650855459412544 55.50790000785809 -7.532 -1.7517376108074119 0
CAR 0.0 0 3.049204008527557 2276.904469826774 253.91590215312038 2613.3513282057797 382.40275408090514 1.5032 1.8952 4.1044 25.782119011968494 -47.85255855443921 -6.2698 1.6071949858009207 0
CAR 0.0 0 -1.204766779998972 1246.7397099935827 -471.8404339068581 1352.7395623265595 -382.42431165188947 1.496 1.899 4.103 -49.451273210662166 1.985175714637301 -8.3985 -3.092398333612913 0
CAR 0.0 0 -1.6439682727958695 1653.024689570047 308.95198115501125 1752.988950699717 376.84073804222686 1.4994 1.9016 4.0998 49.931867519146344 11.51029320547894 -6.2208 -3.0168523042503694 0
CAR 0.0 0 -1.226288457793716 1475.2991550506174 -537.2834125215919 1631.3459041054502 -423.6157914330072 1.5034 1.8968 4.0982 -41.2137294589751 6.238509648986605 -8.2669 -3.0962025008686545 0
