CAR 0.0 0 2.7241238348038825 1780.7489325657184 302.6043460117779 2181.2296996808905 489.2652498977461 1.5023 1.898 4.937 13.729918307075783 -24.850175612196924 -6.5925 1.3488135988365393 0
CAR 0.0 0 2.6565548982499245 1318.9239465005364 234.9166200277023 1533.89616263033 363.1776032651849 1.5177 1.898 4.0963 21.958521061014718 -20.00387630989599 -6.7131 1.2910181249559247 0
CAR 0.0 0 2.6559651903024717 1406.1855677455667 311.8349881633488 1743.2801051908064 511.1120114419374 1.5541 1.898 4.9169 15.673989667726772 -17.64857476428828 -6.7043 1.3385813619489222 0
CAR 0.0 0 -1.4715070420225036 210.7077374900492 440.9067223736581 436.14525242487474 578.6765427552871 1.6474 1.9008 4.0966 22.140438990073996 38.978105340257294 -8.1942 -2.043220920331697 0
CAR 0.0 0 2.721187620642487 1589.7730586985124 198.43803244483615 1813.4878739608705 301.8140733520487 1.396 1.8974 4.3588 23.226144840967915 -29.51730265249381 -6.6116 1.295362116557288 0
CAR 0.0 0 -1.303933402356255 349.5863156748845 399.1990826737908 534.7557344075575 514.129813856764 1.6474 1.9008 4.0966 26.38929317380415 39.593310321237034 -8.1431 -2.078132818304195 0
TRAILER 0.0 0 0.01494363043630964 210.52064419840755 81.56294758370132 472.90618946553883 441.5043958466432 4.11 3.0032 11.0896 28.445962168288823 0.7351776538884494 -5.5143 -0.9584670883825523 0
TRUCK 0.0 0 1.2045529457433106 463.87284077913074 79.96540000445147 648.6718470041411 309.20698397558084 3.9074 3.0032 5.6574 32.565940373835815 -3.452198070731093 -5.6171 -0.04133901996175923 0
VAN 0.0 0 4.367449982594162 1690.3873102461812 275.6156220218941 1812.5680395267034 382.6771805663489 2.3536 2.2034 4.7012 49.08331070000983 8.096695957768823 -5.6925 2.981374829953033 0
VAN 0.0 0 2.785604850148956 2089.563925642605 250.31427124318373 2634.433449834407 466.1521348972553 1.9972 2.1978 5.9954 12.237989618874469 -32.59233360519635 -6.1821 1.3630240930533906 0
CAR 0.0 0 2.768600040519341 1757.6061160721406 253.2155949211664 2050.212994611631 391.56085113284104 1.4974 1.8977 4.0982 16.913667145643185 -27.619614654798838 -6.4838 1.3642834977290486 0
CAR 0.0 0 2.8095643521090023 2246.7021661596227 230.8715308411646 2589.8217438879637 358.3398457274179 1.4878 1.9007 4.1038 13.975678015326967 -39.28075701116449 -6.1085 1.3590267776864635 0
CAR 0.0 0 2.6873213018655706 1324.1040245777688 202.29894939499945 1515.821437541259 311.9030706857022 1.4974 1.8976 4.0982 24.906433084393605 -22.30339992982908 -6.6735 1.2944598052176606 0
CAR 0.0 0 4.35422280215253 1718.7494210795435 290.21676900594645 1805.163354878925 352.8318233495772 1.5036 1.8952 4.097 58.211750822429465 6.15649127216912 -6.6445 2.9635237234090614 0
VAN 0.0 0 4.344025867753571 1639.809541181229 399.20543746591846 1834.224945010181 615.7736212534069 2.5368 2.1676 5.7104 31.20216679621336 10.91059910222346 -6.6447 3.0549333319403855 0
CAR 0.0 0 4.370563283385357 1724.7281392042958 264.7782215908138 1799.914864379145 317.25306489940937 1.5128 1.9018 4.1024 67.22087097187224 4.763153167147384 -6.5594 2.9631082532858892 0
CAR 0.0 0 4.302186872945176 1472.4736253398435 320.46590501781174 1544.1703499982025 393.68793099911665 1.5022 1.9049 4.1038 48.7152 14.8982 -7.16 2.9631096288826786 0
