CAR 0.0 0 2.727909332374887 1776.1540056779054 301.87870375138647 2174.909307960009 488.0364186009505 1.5023 1.898 4.937 13.795139646995581 -24.80959009787497 -6.5925 1.352655634908364 0
CAR 0.0 0 2.682001940269335 1311.4394144588928 235.0824868885369 1525.6743689195973 363.52848411618044 1.5177 1.898 4.0963 21.993496092184305 -19.82455375392306 -6.7131 1.3177437404017989 0
CAR 0.0 0 2.670670266231846 1408.4072198271238 311.50635117798754 1745.5770135509215 510.4818101924959 1.5541 1.898 4.9169 15.679180242997482 -17.703444393494646 -6.7043 1.3526556349083636 0
CAR 0.0 0 -1.5323522730589283 216.40679407167767 440.1754658296268 440.6577541579756 577.4782507870663 1.6474 1.9008 4.0966 22.238042110268506 38.93395446593314 -8.1942 -2.112005731420875 0
CAR 0.0 0 2.7266033782237025 1590.141366606773 198.65064517836987 1814.0870675249814 302.13757296012375 1.396 1.8974 4.3588 23.201273401391862 -29.504416079141752 -6.6116 1.3008901068240033 0
CAR 0.0 0 -1.3292915941408618 356.9263287006461 398.4702988158911 540.8288765066841 512.9553392119007 1.6474 1.9008 4.0966 26.53022827284599 39.509780949635086 -8.1431 -2.112005731420875 0
TRAILER 0.0 0 4.442880018496107 1669.7361283916537 224.8936733950532 1858.4372462425724 407.64989423091214 4.11 3.0032 11.0896 52.64758182470843 7.504479933082237 -5.5143 3.0458113162218337 0
PEDESTRIAN 0.0 0 2.8375480672245583 672.5626893843627 116.58087787292502 707.5212771456846 184.41761163081455 1.7 0.6968 0.9282 39.808750489224515 -8.070431502066892 -6.1004 1.4809399772945164 0
CAR 0.0 0 4.264221105891629 1484.2979304886028 328.12677667574997 1556.5087382150514 402.23120669911697 1.5021 1.9038 4.0982 48.64803044730232 14.505154421634355 -7.3727 2.9284830667030453 0
VAN 0.0 0 4.39056566398824 1731.6365625789335 248.15955218430383 1819.9894923278484 316.0314491392003 1.9994999999999994 2.0167 6.000200000000007 68.92452993852046 4.069006131915595 -6.3098 2.9767344146944934 0
CAR 0.0 0 1.7964398059712907 1362.0023943930914 511.09546253296253 1502.3893469143418 708.0980177581429 1.7 1.8454 4.0952 24.22766717025496 16.077136339722454 -7.2475 0.6238170164179695 0
TRUCK 0.0 0 4.430365556835941 1676.7463581276095 250.66983504282499 1852.7218623747078 422.62887797654423 3.9074 3.0032 5.6574 47.568920275937984 8.08333318945171 -5.6171 3.0458113162218337 0
