CAR 0.0 0 3.0143914899096744 1340.0654839388003 198.6818364568624 1510.287937743368 315.46411899056795 1.594 1.8966 4.5394 31.641745549506396 -28.202896300748808 -6.3337 1.6210677637018256 0
CAR 0.0 0 -1.235346070687648 194.5287775391293 463.54658665506514 448.54263045322256 599.7756012794575 1.5196 1.8976 4.1761 11.614852707385612 29.294071147324658 -7.5683 -1.782856759787455 0
PEDESTRIAN 0.0 0 1.1348941199048328 627.2886371075477 138.05863380389252 664.2817773984681 207.4359181008802 1.7 0.7848 0.6973 40.09520337298871 -9.341713577866972 -6.0576 -0.17496862750956493 0
TRUCK 0.0 0 -3.606900500089942 -404.86898832347754 152.3935686715174 -84.32508726416063 374.675283577797 3.4079 2.7742 1.8309 27.095006260109688 4.675570685148054 -5.2988 -2.871048128037994 0
TRAILER 0.0 0 -3.588086965469971 -525.838738596656 81.92010650267832 81.29377262022695 390.28303656399606 3.5682 3.0012 10.9976 30.867568694971204 5.64125131194565 -5.2107 -2.8759505408426778 0
CAR 0.0 0 -2.212714574703568 -192.59478439491082 371.2020403256019 160.9916948655751 599.2136454665786 1.5064 1.8966 4.1132 19.381249916590004 -2.9827882393736784 -6.2711 -2.2075891134904766 0
CAR 0.0 0 -0.9723067765006578 358.78624170926935 420.2563848337327 569.279896811112 533.6320413809582 1.5195 1.8976 4.1014 15.564092085104619 30.50862338895979 -7.441 -1.7473622960181396 0
CAR 0.0 0 2.9927024173246295 1315.1703990201656 241.2235815605799 1493.1196271186366 367.24207515474365 1.4987 1.9049 4.0972 28.076511405209256 -26.230359420498957 -6.4483 1.6343890336265965 0
CAR 0.0 0 2.9963601514432634 1490.7771705270325 269.4922543715452 1721.8830408207925 414.33673141093675 1.5032 1.8952 4.1044 24.799630225860454 -28.783662082399346 -6.2698 1.634389033626596 0
CAR 0.0 0 3.045843320304092 1844.9687418859228 241.82158339347276 2157.401213693122 385.44425857844857 1.4966 1.9946 4.6048 25.12680204223957 -36.961944226145334 -5.8821 1.629611711400237 0
VAN 0.0 0 2.6430228562676694 697.9867530219404 291.37847360343153 902.90832200679 413.1108288167183 2.5328 2.5828 5.9969 27.592729303557615 31.593224615680125 -6.1644 1.4824174381269106 0
TRUCK 0.0 0 2.046023374992848 961.2248668705245 -539.1510915020533 1048.7884798844116 -423.8448496775948 1.8452 2.0012 2.6602 -43.283369609275795 -8.41259382067605 -8.1752 0.02922435761566963 0
CAR 0.0 0 -1.2767440673286496 147.68262012841737 410.2324625699355 362.26496463650267 515.4037710099143 1.5018 1.9002 4.0982 13.162893605301424 36.109044340306724 -7.6497 -1.7828567597874547 0
CAR 0.0 0 2.09493899659825 1354.6933830426547 530.7194649939082 1576.2940415186167 719.0054058613066 1.498 1.9016 4.1004 20.613340580327684 8.869912775676614 -6.8214 0.9234142650911563 0
CAR 0.0 0 3.0316159054317007 1584.1351284033608 233.47595661611356 1797.1269560023725 354.1960523820422 1.5038 1.895 4.1 28.557714482620856 -32.91483896324411 -6.4074 1.6321307886544327 0
