CAR 0.0 0 2.7288800240490287 1335.6628469152733 189.90628796168738 1543.0807777847695 312.1446706073128 1.7194 1.8964 4.5202 24.874095863169664 -22.78548687703174 -6.5435 1.329287223154536 0
CAR 0.0 0 4.828450535369983 2387.1339281530636 -999.2141513359346 3097.779554961572 -620.156440226482 1.5032 1.765 4.3145 -10.98831185315522 26.235409781223265 -7.2959 2.975791357899945 0
PEDESTRIAN 0.0 0 2.862660379947957 654.176486050028 138.2154106187481 688.7185984095967 206.40635632377717 1.7 0.6968 0.7192 38.83874913938537 -7.30520017433295 -6.5112 1.5425810858228364 0
TRUCK 0.0 0 4.413231077749551 1709.9900918367869 258.50119495284787 1845.1601221886183 382.35012262511094 3.487 2.935 2.072 53.08562574230965 6.6536161141465655 -5.9211 3.020039438511599 0
TRAILER 0.0 0 4.423749734416324 1698.9473001632869 234.11377584116923 1856.4437536995747 375.921041064509 3.8402 3.1746 6.0448 56.511375731096784 6.242733881929597 -5.7444 3.0211496524281416 0
CAR 0.0 0 4.86317273945085 2623.3666994273985 -1468.2148290550383 3731.6575942696436 -800.7826481656439 1.5032 1.765 4.0984 -7.383121547986351 21.758915646062125 -7.2116 2.9595571840305195 0
CAR 0.0 0 2.7115719180989375 1287.632414630105 232.5038427296561 1499.0915483761705 360.17186446690863 1.504 1.9011 4.104 22.204500410634775 -19.321038579890203 -6.6643 1.3489112058221957 0
CAR 0.0 0 4.368054116725672 1696.9365661747697 339.12232680215055 1800.9222833303288 420.9672063398738 1.5032 1.9025 4.0984 47.48203532025342 8.104679313059359 -6.9854 3.0106839122209634 0
CAR 0.0 0 -1.435104116875515 242.9974506480633 450.48497575984004 465.00741440430556 583.2683952505479 1.5003 1.9029 4.0972 22.242368145434014 38.22031734396889 -8.2755 -2.0415453642998926 0
TRUCK 0.0 0 1.4316687266823322 428.8522789614779 -18.822235720961782 504.68613859761473 71.98397409147996 4.0935 2.9956 3.2487 79.5966898368316 -4.207612253805369 -5.8272 -0.08435490020333669 0
CAR 0.0 0 -1.2631280247954557 385.5940230752889 414.0638045907502 568.5288552410678 526.1214154502824 1.4969 1.8793 4.0996 26.25123121569334 38.39533545352016 -8.2924 -2.0604177559563235 0
TRAILER 0.0 0 1.3516190358395384 432.32260881898475 42.06740726478034 507.6856700238431 86.684328689526 1.2791 2.9956 7.5691 75.11686549656176 -3.8177120851982362 -7.1889 -0.08435490020333661 0
CAR 0.0 0 3.8880999431145162 1071.583072786488 708.6618614563507 1349.0963918956222 1108.7619216355222 1.507 1.9022 4.2796 13.908830436368618 17.76513157640247 -6.8916 2.9496756607112578 0
PEDESTRIAN 0.0 0 1.3066228167993812 632.6446093611953 141.69540506896453 668.1721464408347 211.26886014190535 1.7028 0.6996 0.6969 38.23203564014727 -6.602239881055408 -6.489 0.0002754820865611407 0
CAR 0.0 0 4.191150994867684 1215.883933713538 435.2057067693202 1350.1314638489098 581.3868789820195 1.4996 1.897 4.6336 28.42047201526381 19.22052589128991 -7.133 2.9942659262455553 0
CAR 0.0 0 2.793958529700462 2292.9813179064845 224.02925760023888 2646.4346577783153 351.3088806295462 1.498 1.8978 4.2058 13.743731513358824 -40.63135881385096 -6.0071 1.338150923885777 0
CAR 0.0 0 4.231993385853312 1507.2202853745848 397.6635669641982 1611.0937784411858 512.334401565143 1.4972 1.8964 4.1876 35.270793661181486 13.885052753681732 -7.046 2.9442272823651887 0
BICYCLE 0.0 0 1.3319539153853441 776.5206603953651 161.5253534606724 828.5196232609181 244.2724262006897 1.7 0.8486 1.7004 33.7443 -9.7346 -6.5014 0.007842915966959524 0
