CAR 0.0 0 4.855633608000442 2012.0647833317096 -951.7184187932829 2565.9870810983416 -605.935016064153 1.5196 1.9044 4.1024 -13.595864137491192 22.623609277158092 -7.3259 2.9619996004587223 0
CAR 0.0 0 2.7288174406895527 1335.8490413355623 190.0108326071847 1543.3784600071654 312.312151263312 1.7194 1.8964 4.5202 24.861203158196194 -22.781599897923527 -6.5435 1.329287223154536 0
CAR 0.0 0 4.855402389402646 4442.3993630007 -3456.0711713639053 9445.47049187559 -1204.7955371867265 1.5032 1.765 4.3145 -0.49483396475303465 24.137188607121686 -7.2959 2.975791357899945 0
PEDESTRIAN 0.0 0 2.8634824788478053 655.8918231114532 138.08360673074176 690.3849648600856 206.22416994437646 1.7 0.6968 0.7192 38.850764582851085 -7.3558764338724405 -6.5112 1.5425810858228364 0
TRUCK 0.0 0 4.413283281070341 1709.6022655809745 258.37313437012864 1844.622511765684 382.116840934343 3.487 2.935 2.072 53.12209404421759 6.661284577750619 -5.9211 3.020039438511599 0
TRAILER 0.0 0 4.423749525813346 1698.949939099191 234.114371982021 1856.4476181297402 375.9223609098476 3.8402 3.1746 6.0448 56.51117179457282 6.242666255066868 -5.7444 3.0211496524281416 0
CAR 0.0 0 4.895638896341742 4925.156658641632 -7451.886777200314 16886.54955155747 -1562.0813075794363 1.5032 1.765 4.0984 0.34075277031314477 20.34154351161898 -7.2116 2.958648780373742 0
CAR 0.0 0 2.711105580988469 1286.659066955645 232.88267468275262 1498.2928529765509 360.7831459806813 1.504 1.9011 4.104 22.178024332611987 -19.27622439740272 -6.6643 1.348911205822196 0
CAR 0.0 0 4.368020590310568 1696.9337603446402 339.17368466789145 1800.9449132223026 421.04370625921973 1.5032 1.9025 4.0984 47.470996022475944 8.106052023239812 -6.9854 3.0106839122209634 0
CAR 0.0 0 -1.4359661329982707 241.7617301215654 449.58730606994874 463.4081569516879 581.8997885450235 1.5003 1.9029 4.0972 22.286281481506602 38.30658492480387 -8.2755 -2.0415453642998926 0
TRUCK 0.0 0 1.3922051996343403 414.910562095209 -7.175699702259207 501.34460293677176 96.53710127628271 4.0935 2.9956 3.2487 69.75687462900132 -3.259282497082839 -5.8272 -0.08435490020333669 0
CAR 0.0 0 -1.2649741636565794 383.54302166388493 413.8847649964252 566.6204225893651 525.8728515124366 1.4969 1.8793 4.0996 26.2439878594574 38.45028861911579 -8.2924 -2.0604177559563235 0
CAR 0.0 0 1.33243605199573 1810.141248485013 187.72109945204636 1851.5249288768198 211.3041736149696 1.5038 1.8964 4.0964 133.7137535443483 -10.514752901784826 -6.1955 -0.12990260492156275 0
TRAILER 0.0 0 1.2956446495242453 418.67292001610423 62.74821996518998 504.790255250134 117.07034653777242 1.2791 2.9956 7.5691 64.98459937740229 -2.859115171571432 -7.1889 -0.08435490020333661 0
CAR 0.0 0 4.12000646141632 1358.4513881798512 513.4749733074792 1509.8361278530947 715.2843510175393 1.507 1.9022 4.2796 23.065650246018546 16.04025534359431 -6.8916 2.949371027833165 0
PEDESTRIAN 0.0 0 1.3078527354288976 632.75376746391 140.95592294186264 668.1713149766578 210.31668360387062 1.7028 0.6996 0.6969 38.35762803034993 -6.625914540850551 -6.489 0.0002754820865611407 0
CAR 0.0 0 4.287372473823097 1364.5985304232865 355.3484998989541 1453.7821112571453 451.2661927652697 1.4996 1.897 4.6336 39.793622832064344 17.448163397806365 -7.133 2.9936567533400043 0
CAR 0.0 0 2.8060502232090787 2515.552595267583 220.1782056042092 2884.9746446922277 342.069303722826 1.498 1.8978 4.2058 12.374749320770425 -46.900031179125854 -6.0071 1.338150923885777 0
BICYCLE 0.0 0 1.0872109998430304 855.4095516496703 208.64592265108786 915.7869982685615 304.47407319008636 1.7 0.8486 1.7004 28.4376 -10.1755 -6.6934 -0.20262610502629172 0
CAR 0.0 0 4.274058566355843 1553.5948331630882 349.88528203653266 1644.4489707598432 438.25573908342204 1.4972 1.8964 4.1876 43.25205164572497 12.532983180390755 -7.046 2.9442272823651887 0
