CAR 0.0 0 2.705517928671226 1327.9380018760435 190.14971475967903 1534.6821836391887 312.6418715539843 1.7194 1.8964 4.5202 24.90080980849694 -22.567560376118337 -6.5435 1.3071190965771695 0
PEDESTRIAN 0.0 0 3.515754632860037 651.2406352313594 138.22108916871701 685.8348288461093 206.43530627474763 1.7 0.6968 0.7192 38.85685435099009 -7.225482916721259 -6.5112 2.1967451706389425 0
TRUCK 0.0 0 4.372860769393374 1701.2841550713342 256.9427231195891 1834.3654015622951 379.6095222056781 3.487 2.935 2.072 53.44006372255513 6.885699988929782 -5.9211 2.9794614585281236 0
CAR 0.0 0 2.7210812716446755 1283.7745458598602 233.0591073877384 1495.2072592802983 361.09671443629367 1.504 1.9011 4.104 22.18156315724045 -19.200789866278043 -6.6643 1.3594899471340491 0
CAR 0.0 0 -1.4896538690463812 221.05236004471928 452.1598163740894 446.8918538812383 586.0602539444484 1.5003 1.9029 4.0972 21.94313108040636 38.48101634762524 -8.2755 -2.067370310837955 0
CAR 0.0 0 -1.2661875238349318 388.7611157015345 413.3084014535396 570.922995434221 524.9648149307121 1.4969 1.8793 4.0996 26.345858701147286 38.39276772501028 -8.2924 -2.067370310837955 0
CAR 0.0 0 2.689682090819309 1485.011218131156 238.15212866416195 1761.3197036410045 385.80008513969676 1.498 1.8978 4.2058 18.00429932069075 -21.068304793791754 -6.0071 1.3071218474788946 0
PEDESTRIAN 0.0 0 1.33967546070977 633.0950607800996 141.31370526321268 668.4690603000847 210.62870328540882 1.7 0.6974 0.7026 38.335525092481525 -6.630365230806708 -6.4943 0.032453203031635944 0
TRAILER 0.0 0 1.3024714081610922 1806.6006560602461 182.5338262553395 1890.8183903927118 243.36858775444404 3.5054 2.9277 8.5474 119.34904928631185 -8.825007182888964 -6.2739 -0.1541603103573966 0
CAR 0.0 0 4.347524869600546 1716.9920627781157 334.3918660802069 1824.38829840533 416.4780466077593 1.5032 1.8996 4.0986 47.390624867876824 7.579924772366834 -6.7781 2.9851065712829645 0
TRAILER 0.0 0 4.386669890759299 1698.4612752303544 220.19868228758997 1850.7262858222268 367.37957629176617 4.117 3.002 6.0508 56.985574682486046 6.325429656559105 -5.4223 2.9780836854013915 0
CAR 0.0 0 2.8239861999828264 2672.106562893621 202.71042019037054 3043.4437599924377 317.76192946758414 1.4956 1.9016 4.1016 11.557628406490487 -51.59846123180297 -5.6954 1.3432498668291273 0
VAN 0.0 0 -0.41880869951447286 1708.8922399463977 482.8127983730866 2505.27488717035 943.011585181191 1.8784 2.1996 5.9972 7.361383108913389 -16.466485358828784 -6.9284 -1.6673122362394595 0
CAR 0.0 0 -1.5047157079856326 125.0140499333097 275.04367870547304 254.7472243557138 330.9612213691523 1.501 1.901 4.1044 39.62340810027966 64.96757947463044 -8.2531 -2.067370310837955 0
