CAR 0.0 0 2.7277650079079248 1777.4046170451268 302.33846523618575 2176.966832018741 488.84068663555644 1.5023 1.898 4.937 13.763766619540458 -24.803356672304638 -6.5925 1.352655634908364 0
CAR 0.0 0 2.664499015662067 1312.7923399443955 235.39717013013546 1527.42427892337 364.0103144402424 1.5177 1.898 4.0963 21.957705712095386 -19.83560916492782 -6.7131 1.300287801406882 0
CAR 0.0 0 2.670694702753879 1408.1421962886375 311.4122435756532 1745.1642699574218 510.3156882924848 1.5541 1.898 4.9169 15.685802428490092 -17.702848137210832 -6.7043 1.3526556349083636 0
CAR 0.0 0 -1.5321016826310672 216.93133799961282 440.78475937580276 441.4808987599271 578.422407422168 1.6474 1.9008 4.0966 22.204733662720486 38.87872963676191 -8.1942 -2.112005731420875 0
CAR 0.0 0 2.7264735620077687 1589.6461290178013 198.77398575092252 1813.6564214103269 302.33302955334807 1.396 1.8974 4.3588 23.19210810909517 -29.477921562049556 -6.6116 1.3008901068240033 0
CAR 0.0 0 -1.326378208016688 360.0957778621988 398.85497758511355 543.8454894781196 513.5064276159609 1.6474 1.9008 4.0966 26.53194057280732 39.412923871576226 -8.1431 -2.112005731420875 0
TRAILER 0.0 0 4.447002452028789 1666.9393731890846 220.35698632807697 1845.6587461576019 393.5364320518568 4.11 3.0032 11.0896 54.852635107189144 7.381531436384418 -5.5143 3.0458113162218337 0
PEDESTRIAN 0.0 0 2.7917052070101134 743.3033131054758 113.58272981450843 776.8637136067979 179.884956986163 1.7 0.6968 0.9282 39.96494101172268 -10.208823764524384 -6.1004 1.4111268072147436 0
CAR 0.0 0 4.264972229503684 1482.5036761070778 326.73781843038984 1554.189773871489 400.2360456707793 1.5021 1.9038 4.0982 48.92987034989463 14.563636558131037 -7.3727 2.9284830667030453 0
VAN 0.0 0 4.391507936626988 1737.230221618956 247.55784160513764 1825.7380532146901 314.9650172562221 1.9994999999999994 2.0167 6.000200000000007 69.41298059805446 3.770315331293899 -6.3098 2.9767344146944934 0
