CAR 0.0 0 3.012017620116288 1343.6362726010573 198.16732669296982 1514.0415784235527 314.62789866643317 1.594 1.8966 4.5394 31.70420792587887 -28.31997426045604 -6.3337 1.6177921667651312 0
CAR 0.0 0 -1.2192655063138167 197.94123897133565 463.2234102746326 451.40201392955254 599.2489491895985 1.5196 1.8976 4.1761 11.67113931031622 29.274781336621377 -7.5683 -1.7714513563579624 0
PEDESTRIAN 0.0 0 1.3434908153742546 628.3434219756853 139.3379620483375 665.4762866114752 209.0569809064356 1.7 0.7848 0.6973 39.88166274662362 -9.395442894236608 -6.0576 0.03527947359358132 0
TRUCK 0.0 0 -1.651700079028125 1767.6549081886408 261.1040879785527 1904.7475014460895 388.2896872203078 3.4079 2.7742 1.8309 50.33902663367962 7.993928059030671 -5.2988 -3.048531819335291 0
TRAILER 0.0 0 -1.8617439658406683 48.00596989270005 4.878773192762788 293.85469847963316 152.6310228955916 3.5682 3.0012 10.9976 54.28393397908075 8.36379491011288 -5.2107 -3.0427454332082586 0
CAR 0.0 0 -1.6858788233974966 1767.6930354114647 343.14684304509984 1880.2263642858604 426.80499482035617 1.5064 1.8966 4.1132 44.68276639605575 7.293756326034144 -6.2711 -3.0496920303081225 0
CAR 0.0 0 -0.9807674718897588 357.16935049263793 420.4029125308466 567.8961914476176 533.8638390834311 1.5195 1.8976 4.1014 15.531824553727507 30.519133751683107 -7.441 -1.754008691334736 0
CAR 0.0 0 2.9943845599934606 1321.918161583314 241.5382011715878 1501.0693661107537 367.66442115670213 1.4987 1.9049 4.0972 28.044596599763683 -26.37732275280632 -6.4483 1.6352454592850747 0
CAR 0.0 0 -1.3178295773624558 101.30853377924903 359.74048981268726 288.7160445164643 444.23256466980257 1.5196 1.8976 4.1284 14.751344452468983 43.74270947332226 -7.532 -1.7714513563579624 0
CAR 0.0 0 2.9986595027211793 1501.1582104645968 269.49109190984353 1733.995018533561 414.2338115428483 1.5032 1.8952 4.1044 24.795257751981687 -29.005650648319858 -6.2698 1.6352454592850747 0
CAR 0.0 0 1.5363711052037123 394.6195194708873 39.078116606977055 460.17535906319864 82.12948539388903 1.5162 1.9006 4.1032 73.95109879118084 5.060555273979636 -6.7749 0.10522774726853645 0
CAR 0.0 0 4.956298761107265 1141.075235937219 -355.832869069261 1211.4304631206385 -295.31974390486397 1.632 2.0088 4.1048 -67.72597590110726 2.6147924563509535 -7.9664 3.1159162353538514 0
CAR 0.0 0 4.824202604053208 1040.36807282629 -253.58550484190008 1072.6372296656994 -226.64564682215578 1.5044 1.9512 4.0978 -125.71691084565798 6.9703316855911694 -9.2429 3.0300625032870436 0
CAR 0.0 0 4.952806553092081 1226.0594746706006 -376.6137576346453 1305.197183311124 -314.4802507932965 1.4952 1.9028 4.1046 -63.319373716386124 5.298841532064175 -8.1952 3.1159162353538514 0
TRUCK 0.0 0 1.049336876177549 151.10689889211682 108.26871265027313 364.42905698004904 288.0227028271952 3.6148 3.2348 2.3654 35.254312997905416 -0.8931451195608648 -5.7722 0.11775794801211564 0
TRAILER 0.0 0 0.7039652307525811 -65.03573405254924 142.5248219337438 376.7404761232353 437.5362178272392 3.1098 3.3536 10.442 29.599534629940074 -1.5901966974969088 -6.0304 0.12388799494330478 0
VAN 0.0 0 2.5477164408514343 779.7680163655177 -1660.5948830263048 1087.7196181376587 -875.7266131562942 1.9202 2.1008 4.4984 -15.260471116043501 -12.89846564739301 -7.2846 0.04814879101889463 0
