CAR 0.0 0 4.961409722062388 6177.188045012636 -353899.2300633303 756115.285676749 -2041.8220244355437 1.5196 1.9044 4.1024 1.880112645365763 19.823566025787414 -7.3259 2.9619996004587223 0
CAR 0.0 0 2.7287690223163783 1335.8737918454055 190.0732808454073 1543.4599405994497 312.41333650945415 1.7194 1.8964 4.5202 24.854108107390925 -22.777063220656743 -6.5435 1.329287223154536 0
CAR 0.0 0 1.3358485090504615 1837.5386270803558 224.90262459261493 1898.2875163691458 260.2361760809855 1.4992 1.8969 4.0968 95.34312213786592 -5.1034748858835615 -6.5027 -0.10597203456309086 0
CAR 0.0 0 3.764130854038178 725.9492284741596 687.3162022478132 1032.3059557491113 1037.9266158536 1.5032 1.765 4.3145 13.79343586845135 21.465524256360354 -7.2959 2.9583443922002948 0
PEDESTRIAN 0.0 0 2.863572604915259 656.195818030397 138.09552189710467 690.6853776886678 206.23725509336109 1.7 0.6968 0.7192 38.84668792465178 -7.363744799243858 -6.5112 1.5425810858228364 0
TRUCK 0.0 0 4.413104647392921 1709.8369300697636 258.6511273839713 1845.1406266395916 382.63813380106126 3.487 2.935 2.072 53.0289809051779 6.665482645082037 -5.9211 3.020039438511599 0
TRAILER 0.0 0 4.423749093922614 1698.9597604224134 234.11617524204726 1856.4614032234115 375.9262873104255 3.8402 3.1746 6.0448 56.51060562658329 6.24239179316996 -5.7444 3.0211496524281416 0
CAR 0.0 0 3.9186375448305295 1126.1656713532298 710.0895270667104 1365.533607753061 1069.3971934388812 1.5032 1.765 4.0984 14.820211557576663 17.549519788386785 -7.2116 2.958648780373742 0
CAR 0.0 0 4.850901512215503 2813.6849398595973 -1357.8555231198075 3867.58721453476 -777.2148649496729 1.5023 1.8994 4.0966 -7.423780381958425 25.578155024024895 -7.6193 2.978920720091531 0
CAR 0.0 0 2.711175282797262 1287.2199547732766 232.90565345915707 1498.9362390933718 360.81288704123244 1.504 1.9011 4.104 22.172377382740237 -19.287444332030844 -6.6643 1.348911205822196 0
CAR 0.0 0 4.368069762512976 1696.9425697500355 339.0992895358852 1800.9174182002005 420.93284031418574 1.5032 1.9025 4.0984 47.48707403227661 8.103915736499674 -6.9854 3.0106839122209634 0
CAR 0.0 0 -1.4362110770659164 241.41242696770405 449.3339322201549 462.95619579080216 581.5136552204934 1.5003 1.9029 4.0972 22.298706551577308 38.33101687611781 -8.2755 -2.0415453642998926 0
CAR 0.0 0 4.872282079457521 1909.9954731878838 -883.3638326832191 2384.8037854669547 -583.5256695373827 1.498 1.9032 4.0998 -15.483424417154064 23.129092657999927 -7.5598 2.976634614978629 0
TRUCK 0.0 0 1.2851187282768115 379.0880814427965 22.394856094860977 492.95396966694835 160.30389482697808 4.0935 2.9956 3.2487 52.79371405457395 -1.6320905225551186 -5.8272 -0.08435490020333669 0
CAR 0.0 0 -1.2666972646087171 382.0717166610542 414.1413289814803 565.4582029663378 526.2694088472017 1.4969 1.8793 4.0996 26.207775560466064 38.458937604698896 -8.2924 -2.0604177559563235 0
CAR 0.0 0 1.3269798114409064 1819.8090449440233 197.5883569830974 1867.1061887430585 224.63714940110134 1.5038 1.8964 4.0964 118.89796049891741 -8.477739673910373 -6.1955 -0.12990260492156275 0
TRAILER 0.0 0 1.1487486953212716 383.69714923270595 114.02216676276105 496.32200224146845 196.59927707633116 1.2791 2.9956 7.5691 48.221852133518944 -1.244187933646069 -7.1889 -0.08435490020333661 0
CAR 0.0 0 4.282778249618666 1511.9229812449853 382.64634226613606 1613.8090294910835 493.1980010508132 1.507 1.9022 4.2796 36.42362384119441 13.786830639838557 -6.8916 2.9842776128730515 0
PEDESTRIAN 0.0 0 1.3063914127270873 632.3137543526851 141.75920722817676 667.8566792126757 211.35338894448873 1.7028 0.6996 0.6969 38.2233 -6.5917 -6.489 0.0002754820865611407 0
CAR 0.0 0 4.369791014610661 1552.9264539227327 259.2401083778202 1607.8661980769884 307.87799383847135 1.4996 1.897 4.6335 70.165 11.7108 -7.1148 2.9762034608200607 0
BICYCLE 0.0 0 0.9626544718555151 979.5688595478275 313.2266980255294 1069.902775864508 444.4627444909625 1.7 0.8486 1.7005 19.862 -9.7143 -6.7802 -0.254989024837602 0
CAR 0.0 0 4.068396438562029 1655.0760443379402 69.29843006601978 1788.2743508947676 123.96440821120375 1.504 1.9012 4.1042 40.0249 -49.9584 -5.6589 2.5532393466111407 0
CAR 0.0 0 2.8495029908175424 3050.843942886921 199.16465600843125 3441.1342438711495 304.82883385404193 1.498 1.8978 4.2058 8.9962 -65.22 -5.8482 1.3556041236191512 0
