CAR 0.0 0 3.0120971874911047 1344.0963071425565 198.1450667857952 1514.5541430864782 314.58882670063235 1.594 1.8966 4.5394 31.70691154549131 -28.333089076793684 -6.3337 1.6177921667651314 0
CAR 0.0 0 -1.2213201067695683 196.3405934975882 463.13932414565596 449.8952742915827 599.1271509550852 1.5196 1.8976 4.1761 11.652912052201225 29.304792968106664 -7.5683 -1.7714513563579624 0
PEDESTRIAN 0.0 0 1.342654508161012 625.028244771444 139.06559472765932 662.2667083667878 208.72962998614435 1.7 0.7848 0.6973 39.92494522467973 -9.301583418954241 -6.0576 0.0352794735935813 0
TRUCK 0.0 0 -1.6517676962110892 1767.5678297097907 261.18549216549434 1904.7407030531297 388.4524422945045 3.4079 2.7742 1.8309 50.30704550782791 7.991080938710457 -5.2988 -3.048531819335291 0
TRAILER 0.0 0 -1.8631536854116462 47.19442466633896 4.876276376148761 293.2439202383938 152.64356733262832 3.5682 3.0012 10.9976 54.28116348268195 8.386582273682993 -5.2107 -3.0427454332082586 0
CAR 0.0 0 -1.6859563242148137 1766.899045110739 343.1315554555117 1879.4581220484808 426.78683370952984 1.5064 1.8966 4.1132 44.66914509849643 7.311172486533314 -6.2711 -3.0496920303081225 0
CAR 0.0 0 -0.998698461767038 356.83233502530146 420.5494795594073 567.6848082177625 534.0883060507597 1.5195 1.8976 4.1014 15.5190418471362 30.509256041202022 -7.441 -1.7714513563579624 0
CAR 0.0 0 2.994382346790335 1322.409581604237 241.63750300249455 1501.694710491613 367.8124221500353 1.4987 1.9049 4.0972 28.035043867535627 -26.385433194482218 -6.4483 1.6352454592850747 0
CAR 0.0 0 -1.318172010334592 101.13990751825922 359.76942880477577 288.580098652159 444.27531939385625 1.5196 1.8976 4.1284 14.746440615280955 43.74080743230674 -7.532 -1.7714513563579624 0
CAR 0.0 0 2.9983568606940816 1505.707320846487 270.790410870554 1740.2757502623174 416.2478493447509 1.5032 1.8952 4.1044 24.690865252629234 -29.052622195202165 -6.2698 1.6352454592850747 0
CAR 0.0 0 4.787969470352988 1087.8308731604957 -249.64452233379174 1124.1490085130858 -220.7385200527204 1.5038 1.8956 4.1518 -115.7198281291481 9.216248294878822 -8.2426 3.0077970091202064 0
TRUCK 0.0 0 2.324628809597121 1540.962336868986 -2246.2827851501565 2368.3693715662107 -1016.6648027182206 3.4461 3.0048 1.7389 -11.62885305129705 -6.695693377615814 -7.3737 0.06508000585727712 0
CAR 0.0 0 -1.2715023554503972 1175.292738369812 -395.6751825574035 1255.8205409286657 -327.5694150113004 1.5044 1.9032 4.0978 -59.582030282655495 2.1029054070118907 -8.118 -3.1309524143388496 0
TRAILER 0.0 0 2.2611436303064685 1161.1758102049953 -1831.828930237029 2092.0592958117695 -593.3408363880625 3.1096 3.3536 10.442 -17.309882183730807 -7.078355086010923 -7.1405 0.07152017549412495 0
CAR 0.0 0 0.8224703872621996 140.65577849944955 210.98682174090877 315.07558176988675 325.2886522939005 1.5162 1.9006 4.1032 32.90409269202512 -0.8299761663897278 -6.7749 0.10522607845770394 0
VAN 0.0 0 2.1565660871754213 724.2815652192296 -472.8049125285711 794.9544160842356 -368.0081336791143 1.9203 2.1008 4.4984 -52.75909917902465 -15.29916271819639 -8.1745 0.08335665058627718 0
PEDESTRIAN 0.0 0 -1.7809961767305176 642.4377416485951 131.05921651354697 675.2684415177075 199.63783395775283 1.7 0.6962 0.6968 40.6217432508679 -9.656923211789067 -5.9535 -3.106313179996212 0
