CAR 0.0 0 2.7160411670362485 1774.9524652138145 302.1062455606235 2173.793775461129 488.46266461790395 1.5023 1.898 4.937 13.790540513146357 -24.771452467922582 -6.5925 1.3410568121408173 0
CAR 0.0 0 2.6886241772165356 1316.2229324332027 235.04284421563742 1530.9802166104346 363.4091864775753 1.5177 1.898 4.0963 21.96547204756265 -19.934985752454274 -6.7131 1.3236008615349644 0
CAR 0.0 0 2.659233718622883 1405.5949946743035 310.6380309765468 1741.3345823992938 508.9553938040922 1.5541 1.898 4.9169 15.74248691719042 -17.691274345527177 -6.7043 1.3410568121408173 0
CAR 0.0 0 -1.4705314732391666 223.33857804682995 439.4653549155672 446.25812010301183 576.3009738009843 1.6474 1.9008 4.0966 22.346100472788898 38.866312310302646 -8.1942 -2.059644171057918 0
CAR 0.0 0 2.714355820463294 1587.820683922551 198.40946393985604 1811.3184693425103 301.7914317023912 1.396 1.8974 4.3588 23.243580439301088 -29.467897212686662 -6.6116 1.2886889732761388 0
CAR 0.0 0 -1.2662170508767492 366.3292970688036 397.5754482673359 548.6366578179171 511.51045401932953 1.6474 1.9008 4.0966 26.70867776642401 39.39858872843791 -8.1431 -2.0596441710579176 0
TRAILER 0.0 0 -3.870298443801145 -550.2856307415194 75.61525328825954 -1.9168185831752038 450.55777875770826 4.11 3.0032 11.0896 31.336160919634658 10.441600216319962 -5.5143 -3.097950320485915 0
VAN 0.0 0 4.332702485312244 1687.1858097140475 303.69142693914205 1809.3863856092162 411.1958612218875 1.9994999999999994 2.0167 6.000200000000007 47.65839373153769 8.28787763116483 -6.3098 2.9624863797598247 0
TRUCK 0.0 0 -3.383420549955707 -579.6232414417018 152.61711756082082 -37.628640807491124 537.662104550571 3.9074 3.0032 5.6574 24.861582564381138 9.129112026569864 -5.6171 -2.690699806415723 0
PEDESTRIAN 0.0 0 2.770907508359105 622.9637044070003 132.19138540452462 658.9558248954675 200.99360559721475 1.7 0.6996 0.9374 39.6483708224571 -6.582617654492022 -6.4566 1.4538021921240931 0
VAN 0.0 0 4.382776495023465 1725.4424308863902 232.79427528935656 1816.534927011178 306.48042816892064 2.3536 2.2034 4.7012 67.60003027998742 4.582499388055982 -5.6925 2.9624863797598247 0
CAR 0.0 0 4.326372082320403 1709.9880214764253 283.3137363722941 1797.3138349091103 346.3371455678553 1.497 1.9045 4.1242 57.29076791849738 6.635745982124384 -6.3153 2.9327921430770307 0
CAR 0.0 0 2.6752951870327055 1283.391525293954 203.18891806072787 1471.5317833224817 313.54222558590527 1.4974 1.9028 4.1016 25.1475 -21.2535 -6.6858 1.2886889732761388 0
