VAN 0.0 0 4.391565004410174 1737.7213192261156 247.5421873265619 1826.26880473108 314.932090864137 1.9994999999999994 2.0167 6.000200000000007 69.4367672066396 3.7466532778339343 -6.3098 2.9767344146944934 0
CAR 0.0 0 2.727846352522928 1776.512205579186 302.0458672749479 2175.544181546494 488.3302962706374 1.5023 1.898 4.937 13.784304384164773 -24.8054634119522 -6.5925 1.352655634908364 0
CAR 0.0 0 2.6659355567236247 1320.5805326150253 235.09113348118453 1535.8778258954787 363.43401705870406 1.5177 1.898 4.0963 21.93270144149123 -20.030405054592443 -6.7131 1.300287801406882 0
CAR 0.0 0 2.6705759145162986 1408.0868508614967 311.55842245287886 1745.2507260088869 510.58114448834687 1.5541 1.898 4.9169 15.678176923704982 -17.69531637281685 -6.7043 1.3526556349083636 0
CAR 0.0 0 -1.5321645863140585 216.79943633118867 440.63153996262133 441.2739247070179 578.1849399949671 1.6474 1.9008 4.0966 22.2131 38.8926 -8.1942 -2.112005731420875 0
CAR 0.0 0 2.7265934531199196 1590.1771167522527 198.6698742545298 1814.1439433924393 302.1668069230687 1.396 1.8974 4.3588 23.199007744422687 -29.50331705299352 -6.6116 1.3008901068240033 0
CAR 0.0 0 -1.3286082254795035 357.73983271577185 398.6329561431394 541.639168394431 513.19348381198 1.6474 1.9008 4.0966 26.525249155419566 39.479355823798294 -8.1431 -2.112005731420875 0
CAR 0.0 0 1.2969785473439956 1852.3659748999696 212.13439396460328 1903.4311461488244 240.84105624025312 1.5 1.9032 4.098 115.00177383389881 -9.980239474125584 -6.8759 -0.1539043397097295 0
TRAILER 0.0 0 4.4473912616590425 1666.9326682233775 219.96011411522016 1844.8521002261584 392.301190600148 4.11 3.0032 11.0896 55.060912576467324 7.361054985048415 -5.5143 3.0458113162218337 0
CAR 0.0 0 1.2890297803616344 438.16521383616345 41.6997558768549 487.2610521044868 83.28061361759396 1.4993 1.8979 4.0993 75.07103069114831 -3.5191084585831973 -7.12 -0.14846436207423386 0
PEDESTRIAN 0.0 0 2.7708468487508138 918.6046694219126 102.4364445822162 949.5981415710683 163.74831305029872 1.7 0.6968 0.9282 41.20503953549552 -16.27644418788109 -6.1004 1.3412780209478408 0
