CAR 0.0 0 2.7366912591346777 1328.9480418335336 190.29403437756196 1535.931931616305 312.86325337929037 1.7194 1.8964 4.5202 24.877800098321213 -22.581569445708222 -6.5435 1.3382817434541792 0
PEDESTRIAN 0.0 0 4.301585744218743 651.1060625279354 138.1064063967062 685.686014699481 206.28878218067612 1.7 0.6968 0.7192 38.87790342933513 -7.225409390503555 -6.5112 2.982444598412634 0
TRUCK 0.0 0 4.347789484263168 1703.1996894714546 257.49450866856665 1836.938829281767 380.60818987545923 3.487 2.935 2.072 53.28667781053528 6.843324988104085 -5.9211 2.954589946740443 0
TRAILER 0.0 0 4.355234454603351 1697.4966723195719 232.26424734586075 1852.141537561083 371.5916703321104 3.8402 3.1746 6.0448 57.341793095324206 6.195761487656524 -5.7444 2.951256435673922 0
CAR 0.0 0 2.7066615777357477 1286.3233691346945 232.97309377867825 1497.986802575105 360.93030000607666 1.504 1.9011 4.104 22.172389180801567 -19.263222115093072 -6.6643 1.3445949556756323 0
CAR 0.0 0 4.318828302204231 1702.7162867648256 339.67167271217073 1807.637306302384 421.72185368695506 1.5032 1.9025 4.0984 47.468366251147536 7.938899743050748 -6.9854 2.961074677280605 0
CAR 0.0 0 -1.4548466278543721 231.28632712533943 450.62569784523305 454.8948856225456 583.5986085354372 1.5003 1.9029 4.0972 22.127953162934663 38.41427285677904 -8.2755 -2.04660312373549 0
CAR 0.0 0 -1.287412094123988 386.822943363842 413.5447736760775 569.3365697102488 525.3353105742756 1.4969 1.8793 4.0996 26.30616396094861 38.41238518597004 -8.2924 -2.086445960933754 0
CAR 0.0 0 2.7204434308948615 1487.725985101401 237.81635379403843 1764.054228202065 385.1964018019303 1.498 1.8978 4.2058 18.012442479993883 -21.145770730408916 -6.0071 1.33729912391633 0
PEDESTRIAN 0.0 0 1.3238149569892934 633.052244518354 140.67094757670128 668.331545873481 209.7918971184347 1.7 0.6975 0.7026 38.45185711808095 -6.648309212643521 -6.4952 0.015570256983676761 0
CAR 0.0 0 0.8671072638883807 261.68798054801425 153.8244798301125 355.9374112541245 242.15597357580015 1.5054 1.9306 4.096 41.4322981574666 2.3027535200228826 -7.1517 -0.1410786359914363 0
