CAR 0.0 0 3.014391875360303 1339.643667488652 198.61286757530468 1509.7587673959576 315.3605642160321 1.594 1.8966 4.5394 31.650120737865414 -28.194923182063054 -6.3337 1.6210677637018256 0
CAR 0.0 0 -1.2353448258148765 194.5094158220301 463.49977365374366 448.49223638621794 599.7024454419031 1.5196 1.8976 4.1761 11.616218102890766 29.29850356435346 -7.5683 -1.7828567597874547 0
PEDESTRIAN 0.0 0 1.1346286417979352 627.213081091038 138.2058028861158 664.2309107269497 207.6235356968339 1.7 0.7848 0.6973 40.070398250760626 -9.342649754586965 -6.0576 -0.17496862750956493 0
TRUCK 0.0 0 -1.5994508516570862 1759.3817779725016 263.78290999875816 1898.9976243910658 393.73214697578527 3.4079 2.7742 1.8309 49.16522160246086 8.029918497195027 -5.2988 -2.9935192807144797 0
TRAILER 0.0 0 -1.596099448602815 1732.0926535215244 239.8832201716985 1914.0159345447648 395.0517522971251 3.5682 3.0012 10.9976 53.0241403961077 8.558228995550685 -5.2107 -2.9984216935191634 0
CAR 0.0 0 -1.6662206050558777 1763.6286513607974 346.15070665297077 1877.8948027553577 431.3808588118836 1.5064 1.8966 4.1132 43.96665545626319 7.2736664016408605 -6.2711 -3.027719941514197 0
CAR 0.0 0 -0.9719486428587781 359.2257345508547 420.3582522367859 569.7499984030553 533.7841245612298 1.5195 1.8976 4.1014 15.565438690335782 30.49102595400544 -7.441 -1.7473622960181396 0
CAR 0.0 0 2.99223680859364 1314.3190939850097 241.6257170811948 1492.3828120664582 367.8668696125566 1.4987 1.9049 4.0972 28.03869392002688 -26.197079430485456 -6.4483 1.6343890336265965 0
CAR 0.0 0 2.995130690778903 1494.3552179182852 271.8946361169607 1727.8436677369266 418.10961106244827 1.5032 1.8952 4.1044 24.609366151402014 -28.768908815994156 -6.2698 1.634389033626596 0
CAR 0.0 0 3.0583283951936884 1981.0021917435931 238.821281310788 2312.9355105673726 379.0368946228641 1.4966 1.9946 4.6048 25.3555286107956 -40.320904414293146 -5.8821 1.6296117114002369 0
CAR 0.0 0 -1.1196757005548248 182.3343935662501 316.59993937193747 336.37791871571517 383.1564084417077 1.4992 1.9014 4.0972 19.280020269929864 49.96736702238234 -7.3685 -1.759421345856444 0
CAR 0.0 0 -1.3098114068568782 98.7927680823096 362.48989304500617 285.4161274975921 446.47696365274334 1.5006 1.8984 4.1012 14.666648277825086 43.761433803036695 -7.5939 -1.755079248103253 0
CAR 0.0 0 -1.277148031149613 146.59429223238607 408.9046386664713 361.3356419304933 513.9645986288735 1.5018 1.9002 4.0982 13.1503 36.1227 -7.6156 -1.7828567597874547 0
