CAR 0.0 0 2.9250366808118216 1434.0346427774334 323.8482233180437 1711.2551249010512 515.7783510214613 1.551 1.9022 4.6956 21.4020733607209 -26.253077339500344 -6.4702 1.6140760596521568 0
CAR 0.0 0 2.948092632252587 1351.6042545967205 214.15239765425585 1515.1596216148955 323.8766008488527 1.5 1.8998 4.0998 31.37312808662906 -28.353090015487187 -6.555 1.562018017330398 0
CAR 0.0 0 2.9822426869484797 1788.3475223132727 317.88784729623416 2127.5466932299505 491.2108324174867 1.5 2.037 4.3995 21.69638893750276 -33.39122411766935 -6.4402 1.6143806461473198 0
CAR 0.0 0 -0.9947795498260376 341.0457781535941 412.1697046229759 548.8469967086593 525.5400287496474 1.5999 1.899 4.0996 15.6539235491604 31.515039124773164 -7.4486 -1.7574534447408663 0
CAR 0.0 0 -1.0354078330565932 275.67720169205404 375.7620412664736 462.2774728617359 466.6590665181246 1.5 1.899 4.0996 16.818629816393695 37.504355854209045 -7.4503 -1.757453444740867 0
CAR 0.0 0 2.9269144844195205 1346.3035597403698 238.8107573549138 1528.6523859478 364.31680255092385 1.5 1.8998 4.0998 28.10246214967292 -26.962687177192596 -6.4052 1.562023372950315 0
CAR 0.0 0 3.01948411904624 1604.0361791115802 202.85222727773473 1796.5920420468883 307.3326093883687 1.5 1.8998 4.0998 32.014225980443165 -35.36623191967551 -6.4191 1.5969143524866567 0
CAR 0.0 0 -1.2818551382135575 128.54630035029882 409.5364104559302 345.77476318085075 517.313209073077 1.553 1.899 4.0996 12.821598115313172 36.29764180992293 -7.6325 -1.7574534447408667 0
CAR 0.0 0 -1.2320330042552552 177.79480447496405 456.65990383722186 428.1526571418948 596.0643255070069 1.6483 1.8736 4.0995 11.485883903236125 29.840800855858518 -7.5421 -1.7580622104290473 0
PEDESTRIAN 0.0 0 3.5795284193974832 690.1979084302869 117.39621354604319 722.2573827176187 184.2290850111142 1.7024 0.7548 0.7211 41.90700985829406 -10.905558664622342 -5.7738 2.2187577093109483 0
TRUCK 0.0 0 -1.5996041300122386 1730.3792189916185 246.5183723750338 1917.5529778154225 428.69302818083594 4.083 2.9959 5.8323 45.43854732031583 7.662975151415599 -4.9879 -2.9908413064371224 0
CAR 0.0 0 -1.3834103397999349 60.825817811239396 339.60629833050865 233.684408270012 413.85356307797747 1.4996 1.899 4.0996 15.344058094820308 48.98887736121872 -7.6 -1.7574534447408674 0
CAR 0.0 0 -1.692914333179638 1509.8846284006488 315.44998598277886 1621.2066891444645 388.74858713145983 1.4954 1.9024 4.0993 43.84452257101128 14.183689812681791 -6.0972 -3.0434344555096065 0
CAR 0.0 0 2.012637996810712 959.9059599091248 -523.1593462517121 1037.8189824920746 -420.1616868107414 1.5026 1.7336 4.1034 -46.505957737700264 -8.191329215211548 -8.5742 0.0015554491840667456 0
TRAILER 0.0 0 -1.5906922724762942 1719.570037570817 226.06230225340533 1914.8180640324563 406.89839823361183 4.1525 3.0019 10.9977 50.66039021182845 8.46054383620715 -4.8941 -2.9939342325180367 0
PEDESTRIAN 0.0 0 0.782609565786267 1135.5073292198547 244.24314858958968 1158.6969312291133 283.54780467353504 1.7 0.699 0.7911 55.9817 37.2166 -6.2554 -0.5621787645179964 0
CAR 0.0 0 -1.635658651932883 1669.2572667494444 257.82933714353874 1744.6682303865266 305.21267558822467 1.4954 1.9024 4.0992 66.8523 14.8524 -5.9684 -3.0434344555096065 0
