VAN 0.0 0 4.391635279464229 1738.8671451331425 247.59771177081373 1827.5725793932497 315.00544839277416 1.9994999999999994 2.0167 6.000200000000007 69.44436937792074 3.6981668189577914 -6.3098 2.9767344146944934 0
CAR 0.0 0 2.7280535664476537 1775.338288962533 301.4968626618572 2173.4624417449922 487.36527482247556 1.5023 1.898 4.937 13.819909438130932 -24.819077826736812 -6.5925 1.352655634908364 0
CAR 0.0 0 2.665972264137922 1320.4459067997977 235.02020797941015 1535.6731922095075 363.32343144634854 1.5177 1.898 4.0963 21.939650791148985 -20.03179841261771 -6.7131 1.300287801406882 0
CAR 0.0 0 2.6705076089188706 1407.9303664440367 311.6135779177389 1745.122286306565 510.6834672880503 1.5541 1.898 4.9169 15.676073326356327 -17.690020648266483 -6.7043 1.3526556349083636 0
CAR 0.0 0 -1.5321645863140585 216.79943633118867 440.63153996262133 441.2739247070179 578.1849399949671 1.6474 1.9008 4.0966 22.2131 38.8926 -8.1942 -2.112005731420875 0
CAR 0.0 0 2.7266583056581934 1590.4879978325055 198.61665819390086 1814.4364479252686 302.0814175351779 1.396 1.8974 4.3588 23.20224453282233 -29.51736643577549 -6.6116 1.3008901068240033 0
CAR 0.0 0 -1.3289881022983412 357.7898429531914 399.0478974646072 541.916775968458 513.8208841060062 1.6474 1.9008 4.0966 26.49066016901911 39.442404821077346 -8.1431 -2.112005731420875 0
CAR 0.0 0 1.3804225977192028 497.85262870028674 4.214839805155143 536.3338574330588 34.07740564096657 1.5 1.9032 4.098 98.82849334134058 -8.329683740078895 -6.8759 -0.1539043397097295 0
TRAILER 0.0 0 4.447408785285811 1666.9589527284888 219.94545445617655 1844.8555290120642 392.254174861359 4.11 3.0032 11.0896 55.06942356637032 7.359264551104514 -5.5143 3.0458113162218337 0
CAR 0.0 0 1.1084350198526534 365.6415797065723 98.57181126445829 432.89701245504006 162.19220322429894 1.4993 1.8979 4.0993 53.044605142358115 -0.14994072920686152 -7.12 -0.14845372406235152 0
PEDESTRIAN 0.0 0 2.7624800199604653 957.044703792723 99.54516453561125 988.6769418582039 159.61535145692508 1.7 0.6968 0.9282 41.60293640174939 -17.805249498845384 -6.1004 1.3238181678765994 0
