CAR 0.0 0 2.7232380590626235 1328.8117135480004 189.96419598438612 1535.4965284094064 312.32878952015704 1.7194 1.8964 4.5202 24.9153228717048 -22.60514222043199 -6.5435 1.3245723866681374 0
PEDESTRIAN 0.0 0 3.516700013050069 650.8928602030363 137.522878168694 685.6554786265921 205.6435641396755 1.7 0.7048 0.7016 38.868339711985335 -7.2219308726235125 -6.4929 2.1967451706389425 0
TRUCK 0.0 0 4.366447687320641 1666.4321691783737 355.9587959460971 1893.7259775495081 573.0641961938246 3.487 2.935 2.072 31.622076544780345 10.166752701654866 -5.9211 3.0492400671659925 0
CAR 0.0 0 2.6689361886253886 1281.6435283423652 232.38045355922273 1492.3154370737188 360.0474406321488 1.504 1.9011 4.104 22.254296206140975 -19.193714811778463 -6.6643 1.3071218474788941 0
CAR 0.0 0 -1.4899826929357147 220.77263389525947 452.11924627866483 446.6246356912845 586.0004700088504 1.5003 1.9029 4.0972 21.943059864792133 38.488791433441875 -8.2755 -2.067370310837955 0
CAR 0.0 0 -1.2669930578381237 388.03911810443236 413.40210236375333 570.3350158507725 525.1112518917424 1.4969 1.8793 4.0996 26.330605785631775 38.399628871299015 -8.2924 -2.067370310837955 0
CAR 0.0 0 2.6898402993887407 1485.5343788126836 238.02527041273646 1761.783992597397 385.5789833437089 1.498 1.8978 4.2058 18.010366920751814 -21.087299391887036 -6.0071 1.307121847478894 0
PEDESTRIAN 0.0 0 1.3406046919795744 634.8279670921592 141.1525246197245 670.1471278523618 210.40862064123337 1.7 0.6974 0.7026 38.351950421994204 -6.680944989489094 -6.4943 0.032453203031635944 0
CAR 0.0 0 -2.6159366464563845 -144.26565090099265 349.49274918549423 121.34888929826526 568.6458823841984 1.5032 1.8996 4.0986 21.546497836527163 5.5130564218005444 -6.7781 -2.617898302856984 0
TRAILER 0.0 0 4.395969953698857 1657.2873764845426 282.3659770671897 1904.6734226812164 539.9495927298415 4.117 3.002 6.0508 35.36778811898976 9.808454838921715 -5.4223 3.0478664041244525 0
CAR 0.0 0 2.755366055611858 1849.4710660355747 217.81463940857282 2161.8203262611232 354.05751231025164 1.4956 1.9016 4.1016 16.20136672017092 -29.083144713751956 -5.6954 1.3248688080523314 0
VAN 0.0 0 2.271138456337805 756.7634450710194 290.1412363385424 908.0044861126756 415.64828760093815 2.6032 2.3432 5.4312 37.13640610946866 34.129103375566515 -6.8554 1.0971069482395255 0
CAR 0.0 0 4.36933315107082 1707.3517769320083 313.67378544469875 1804.4329045069715 386.90896808541174 1.5026 1.8998 4.0992 51.42900458005433 7.37830854314429 -6.6842 2.994956601495209 0
CAR 0.0 0 4.3701173399290685 1716.9325353457823 286.89346934662757 1802.0875697828224 348.35871989278655 1.5026 1.8998 4.0992 58.98555829020108 6.124513123684141 -6.6114 2.977527194182836 0
CAR 0.0 0 1.7067172824490822 1396.174546179838 533.7730505808765 1544.7695888982253 729.5279356954056 1.4975 1.8986 4.1084 23.70443622322486 15.48578392341847 -7.3344 0.5382260821740401 0
CAR 0.0 0 4.370886707730594 1729.641989753664 260.8172006345503 1801.3069084921867 310.05467237639715 1.5026 1.9046 4.099 70.7986 4.0528 -6.7036 2.9600977287534684 0
