CAR 0.0 0 2.724285372041361 1776.7472728363637 301.6265251877851 2175.280094881268 487.5756010098259 1.5023 1.898 4.937 13.804685299696963 -24.837680285403863 -6.5925 1.3488135988365393 0
CAR 0.0 0 2.656864107952609 1320.1103359415997 234.75657846574538 1535.096499670296 362.91048876084284 1.5177 1.898 4.0963 21.964423040239296 -20.040710942646673 -6.7131 1.2910181249559232 0
CAR 0.0 0 2.6561182483028283 1405.6600892124407 311.50835842480933 1742.3162261993427 510.52902862261897 1.5541 1.898 4.9169 15.694714673762004 -17.653604350665372 -6.7043 1.3385813619489224 0
CAR 0.0 0 -1.4712520746042768 210.89856580336652 440.89915700967464 436.30652656626086 578.6627854970184 1.6474 1.9008 4.0966 22.142646785743782 38.97535037654761 -8.1942 -2.043220920331697 0
CAR 0.0 0 2.721331599676061 1590.0582953140374 198.71019321955052 1814.0504568681715 302.2302269972567 1.396 1.8974 4.3588 23.195692487002482 -29.495810360404626 -6.6116 1.2956667494353806 0
CAR 0.0 0 -1.3041627709201817 349.3164501822515 399.1429128770928 534.485637600171 514.0474256701855 1.6474 1.9008 4.0966 26.39110647939682 39.603586597415905 -8.1431 -2.078132818304195 0
TRAILER 0.0 0 1.4505477138662037 424.0273461116852 -26.408715829797124 512.6543138580687 81.78292385108502 4.11 3.0032 11.0896 76.46408641659434 -4.051260641414878 -5.5143 -0.06777537488725155 0
VAN 0.0 0 -1.9568459042697481 10.071085190328555 395.1130048084535 400.0009310170227 885.4311077254174 2.3536 2.2034 4.7012 13.10854743024302 1.5728798159843984 -5.6925 -2.32325163594942 0
VAN 0.0 0 2.7857484056992368 2089.890853425558 250.0977995940653 2634.3563781135927 465.69834495319685 1.9972 2.1978 5.9954 12.248479432115525 -32.62150418948424 -6.1821 1.3630240930533906 0
CAR 0.0 0 2.7381740436584066 1519.2019250369813 259.78891716156824 1789.1285737131536 405.27969869520035 1.4974 1.8977 4.0982 17.985149328074407 -22.040730393328076 -6.4838 1.3642834977290486 0
CAR 0.0 0 -3.4588293374630865 -357.5364287879207 271.1425880754296 -85.48230896933651 442.0445883712436 1.5036 1.8952 4.097 27.286836719073566 9.630782656827792 -6.6445 -2.918235855811829 0
VAN 0.0 0 -0.3262840644362086 2733.5082051240875 379.352966349624 3708.652088519818 747.3087772456145 2.5368 2.1676 5.7104 3.957682103956231 -34.60246171875958 -6.6447 -1.72681900447984 0
CAR 0.0 0 4.303309521269345 1654.6229324013555 380.76301938662374 1783.441625550894 493.0738270920389 1.5128 1.9018 4.1024 36.82062506510052 10.40632154006967 -6.5594 2.980558888124516 0
CAR 0.0 0 4.302933872492579 1480.218122534802 320.9846456450901 1552.2517695528265 394.3703092736041 1.5022 1.9049 4.1038 48.73358321074302 14.66224368156744 -7.16 2.9631096288826786 0
PEDESTRIAN 0.0 0 2.678088017546993 624.5183390091721 131.16469321638675 661.1046897359466 201.11456448965598 1.7526 0.7308 0.855 39.813303364820705 -6.662829756091428 -6.4758 1.3596365322624513 0
CAR 0.0 0 2.7664426673831715 1780.008765021254 251.2465221127356 2077.7254587855195 389.6913572438734 1.4878 1.9007 4.104 16.662086056937618 -27.943289160359633 -6.404 1.3590267776864629 0
CAR 0.0 0 2.6880282543697875 1329.4684934314548 202.2883568189209 1521.803748627954 311.87658268873383 1.4974 1.8976 4.0982 24.85905104030781 -22.431400295722018 -6.671 1.2944598052176606 0
