CAR 0.0 0 3.011848690432519 1343.4512391551539 198.3424055339756 1513.9453459820547 314.90261792526803 1.594 1.8966 4.5394 31.6829080150653 -28.307160791049533 -6.3337 1.6177921667651312 0
CAR 0.0 0 -1.2207573918974148 196.68797039344304 462.9563724460308 450.081051189914 598.8387720533995 1.5196 1.8976 4.1761 11.663870773617575 29.31618720561383 -7.5683 -1.7714513563579624 0
PEDESTRIAN 0.0 0 1.343502408185229 627.7043096420574 139.1781782853855 664.8419659317873 208.85743690154246 1.7 0.7848 0.6973 39.907888200944136 -9.375226951101746 -6.0576 0.03527947359358132 0
TRUCK 0.0 0 -1.6517352937322782 1767.9935480613158 261.1981232766423 1905.1881848830965 388.471040610183 3.4079 2.7742 1.8309 50.3137834434199 7.980048916946911 -5.2988 -3.048531819335291 0
TRAILER 0.0 0 -1.862053583500059 47.607094413333556 4.81378323579838 293.4360643456023 152.47496312839812 3.5682 3.0012 10.9976 54.312988510776655 8.389721059536061 -5.2107 -3.0427454332082586 0
CAR 0.0 0 -1.6858810334039886 1767.473200178041 343.11161510667625 1879.997582743831 426.7530786851238 1.5064 1.8966 4.1132 44.685595364765376 7.299679774212353 -6.2711 -3.0496920303081225 0
CAR 0.0 0 -0.9611194001890366 359.1253171926094 420.2221783930745 569.5677808804699 533.5781555294958 1.5195 1.8976 4.1014 15.571045953794561 30.506779482501763 -7.441 -1.7365580581160818 0
CAR 0.0 0 2.994409959580441 1322.2234837177286 241.56692740244804 1501.437893545943 367.7057716159051 1.4987 1.9049 4.0972 28.041781554416865 -26.383478483836907 -6.4483 1.6352454592850747 0
CAR 0.0 0 -1.3189659300044123 100.73239561509166 359.7666284561056 288.1997305300391 444.2733893735363 1.5196 1.8976 4.1284 14.738889042179133 43.74911556326641 -7.532 -1.7714513563579624 0
CAR 0.0 0 3.00027963727044 1496.2574500928513 266.2958074670416 1725.9047496823691 409.2274143292899 1.5032 1.8952 4.1044 25.052325412614092 -29.024433132501198 -6.2698 1.6352454592850743 0
TRAILER 0.0 0 1.6782912724277208 433.4354175722448 -36.171480895291495 516.8129793465787 20.284572230545535 3.1098 3.3536 10.442 112.51497026253936 10.918283777692446 -6.0304 0.08868136636738409 0
CAR 0.0 0 2.075987919917324 1176.3160962632228 -676.5918471259994 1330.1954808189523 -513.5922017205655 1.4968 1.8978 4.1026 -33.671035894915846 -4.441867282519967 -8.2622 0.06321456859383115 0
VAN 0.0 0 -0.057269443541443366 1594.2381316262288 552.5611296558533 2135.839396333116 951.1891796439118 1.9202 2.1008 4.4984 12.668529836683604 -24.68993558345498 -6.8328 -1.244260946349224 0
CAR 0.0 0 3.1149814431031575 2781.2711607173756 215.72077621197064 3197.1171444982906 333.3324816101064 1.4966 1.9946 4.6048 27.49130634608258 -63.76183132586016 -5.8821 1.6352454592850743 0
CAR 0.0 0 -1.110993590965287 172.1923628076261 279.12955525022295 300.5554163196905 331.2170578403482 1.4992 1.9014 4.0972 23.12342170395526 61.04287757690773 -7.3685 -1.7714513563579624 0
