CAR 0.0 0 3.0036363278783744 1339.8221430766353 198.91679057773226 1510.1639558558525 315.8329174349077 1.594 1.8966 4.5394 31.61327555726612 -28.18596323332065 -6.3337 1.6105393675152717 0
CAR 0.0 0 -1.1776396156184874 201.09169164720316 462.65402272362 453.852441414022 598.3389003943521 1.5196 1.8976 4.1761 11.73271041156277 29.281039414229742 -7.5683 -1.7342843053404915 0
PEDESTRIAN 0.0 0 1.7345319012761795 630.2622911361203 138.5281598136458 667.1937889034618 208.0160071565412 1.7 0.7848 0.6973 40.01827833362217 -9.430689949897543 -6.0576 0.4242919206872831 0
TRUCK 0.0 0 -1.6429275709203641 1767.2407371592785 261.2712897136115 1904.493231790361 388.62755668474045 3.4079 2.7742 1.8309 50.26711686794392 7.993754208768111 -5.2988 -3.0395974269518478 0
TRAILER 0.0 0 -1.8098861796425798 73.2978089326527 1.1483344013864998 305.9798307942605 142.60409375556762 3.5682 3.0012 10.9976 56.25141890613544 8.532401538498698 -5.2107 -3.052921796683383 0
CAR 0.0 0 -1.685593400977404 1765.9598231602708 342.8903721865273 1878.433598703262 426.42789291391864 1.5064 1.8966 4.1132 44.700553979936586 7.339745235516208 -6.2711 -3.0493759430220515 0
CAR 0.0 0 -0.92589011052036 357.36298939462347 420.40542645295426 568.0752107623504 533.8665331144459 1.5195 1.8976 4.1014 15.5346376614266 30.515788584525076 -7.441 -1.699329916822116 0
CAR 0.0 0 2.945891870900824 1315.4723639817807 241.95089715847536 1493.9053332887775 368.35571073190096 1.4987 1.9049 4.0972 28.007602513186 -26.213132148775184 -6.4483 1.5881233509515706 0
CAR 0.0 0 -1.3252928005862206 79.09670858212206 360.9417643534603 268.95623789454356 446.0875414999689 1.5196 1.8976 4.1284 14.262646118703305 43.95396376700758 -7.532 -1.7342843053404915 0
CAR 0.0 0 2.970605351155995 1488.0776689750849 266.9784407223037 1716.8775920867722 410.3854982844464 1.5032 1.8952 4.1044 25.000917508336236 -28.82179447335695 -6.2698 1.6071949858009207 0
CAR 0.0 0 -1.8618272692854982 1300.2073415650923 549.5778045550462 1582.552516944684 807.6260213177968 1.6286 1.9033 4.096 16.057341521076925 7.681407222839009 -5.8659 -2.998848718283731 0
CAR 0.0 0 2.4036919379682007 1604.0348970088146 -2823.9081043154506 2634.386082947213 -1341.5134942944735 1.7 2.0361 3.853 -11.015821086204461 -6.905370515568652 -8.2722 0.06434486649369442 0
CAR 0.0 0 -1.3000166879270671 1193.5243797249636 -355.7933739054598 1263.9601080176087 -299.56448804700744 1.5038 1.8956 4.1518 -68.7225521093198 5.282738742704321 -8.2426 -3.131038877818941 0
CAR 0.0 0 -1.7503501129137549 1364.8044914603236 394.44779100699327 1523.0743129093896 507.32401578372225 1.5026 1.902 4.1038 29.63650538799905 12.682855271931263 -6.3397 -3.0203957641892134 0
TRUCK 0.0 0 1.9278579251568047 922.3846955690881 -399.8901443284214 1003.7542356221535 -282.2256516593059 3.4461 3.0048 1.7389 -61.2354673810742 -7.659924435667948 -7.3737 0.01727821534683585 0
CAR 0.0 0 -1.2665936538768057 125.21511196267225 414.1479112588896 344.5398019821652 521.7655085578285 1.5196 1.8976 4.1284 12.702050014643284 36.16401275015609 -7.6972 -1.7342843053404915 0
CAR 0.0 0 -1.247617728146351 1342.988780949627 -518.4546734831118 1479.3512442575304 -409.42332456118476 1.4986 1.895 4.0984 -42.27726103702434 2.7522386557606113 -7.9985 -3.13518142364265 0
