CAR 0.0 0 2.9251292419865784 1433.8297969487592 323.674566538199 1710.864161050252 515.482158665481 1.551 1.9022 4.6956 21.412847640799296 -26.253869462716104 -6.4702 1.614076059652156 0
CAR 0.0 0 2.9480294801831444 1351.7837126044942 214.26194556230294 1515.4280835772372 324.03901203244055 1.5 1.8998 4.0998 31.360594097228514 -28.35300762642771 -6.555 1.562018017330398 0
CAR 0.0 0 2.982470725032731 1786.8913707106235 317.7399045928451 2125.6598038752213 490.9814582291844 1.5 2.037 4.3995 21.70668952423527 -33.36887766748628 -6.4402 1.6146851398907596 0
CAR 0.0 0 -0.9947291527707921 341.08723786827454 412.16372809070987 548.8809923117477 525.5306842954174 1.5999 1.899 4.0996 15.65489090163619 31.515022760703552 -7.4486 -1.757453444740866 0
CAR 0.0 0 -1.0384454872692062 273.6494846625623 376.1718237878287 460.6772147319037 467.2699395061612 1.5 1.899 4.0996 16.755955572034285 37.48188174739008 -7.4503 -1.7574534447408667 0
CAR 0.0 0 2.9092730206316046 1346.5544759134082 239.09059179446015 1529.1151148344288 364.74448375160085 1.5 1.8998 4.0998 28.07562904342439 -26.95853173792275 -6.4052 1.5445673833066762 0
CAR 0.0 0 3.0198319664521187 1608.3873035714687 202.93816097393437 1801.5452469524896 307.4243441710667 1.5 1.8998 4.0998 32.0034311717415 -35.47941584156085 -6.4191 1.5969143524866567 0
CAR 0.0 0 -1.283644554142713 127.47690473519313 409.5878301062974 344.8284384704696 517.3962341381533 1.553 1.899 4.0996 12.802386389727747 36.30882010469074 -7.6325 -1.7574534447408667 0
CAR 0.0 0 -1.2282460158487178 179.9239322540107 456.16218681573434 429.7293913169469 595.2672622030029 1.6483 1.8736 4.0995 11.53161572752078 29.85638781598393 -7.5421 -1.7574534447408667 0
PEDESTRIAN 0.0 0 3.6562740256422472 954.6756198816676 99.85932075914783 981.5701683031159 160.02456854441732 1.7024 0.7548 0.7211 45.96439440778397 -19.011705045159285 -5.7738 2.2187577093109483 0
TRUCK 0.0 0 -1.5962553499028505 1728.2450303849862 242.38483398068624 1909.1758759195848 417.4493355842793 4.083 2.9959 5.8323 46.9891791909669 8.010569859764473 -4.9879 -2.9908413064371224 0
PEDESTRIAN 0.0 0 -2.0346190837162013 1306.3170268006147 745.6476804564935 1473.4248466796273 996.8487163462767 1.8354 0.7406 1.0616 10.421336320375605 -18.84528159539174 -6.551 -3.045077297963178 0
CAR 0.0 0 -1.388607913704881 58.52715722745274 339.79569386890853 231.67113502670014 414.1332586243617 1.4996 1.899 4.0996 15.283750162136506 48.99626595924029 -7.6 -1.7574534447408667 0
CAR 0.0 0 1.6627269461353842 478.2098789395996 -12.388234424404583 522.5992313992793 17.109816176379468 1.4964 1.9028 4.1049 101.49325552205165 6.970511711663442 -6.0111 0.09618390726240347 0
TRAILER 0.0 0 -1.588951129245224 1718.3335526448918 223.65632387143614 1908.3017865677105 398.14046510934855 4.1526 3.0019 10.9977 52.133743700940364 8.778124153136716 -4.9096 -2.994543022300242 0
CAR 0.0 0 5.001711127109811 1199.4980020241064 -413.00512501297186 1285.7943107493109 -340.6567511458154 1.4984 1.8986 4.0987 -57.12062302143909 2.433307566410261 -8.2432 3.1370140388056007 0
CAR 0.0 0 1.387004741982103 359.75237117047607 82.00745440701496 447.52906089237894 140.52218217315257 1.5 1.9032 4.1049 56.23993970513112 1.5075332867178208 -6.6873 0.0827779746539169 0
PEDESTRIAN 0.0 0 0.7391646150653448 1027.6628127845754 247.20284157635155 1051.125124999202 288.3190262763989 1.7 0.6991 0.791 50.27900103964542 39.53606695516949 -6.1958 -0.5796320570379399 0
CAR 0.0 0 -1.6475090300565403 1680.9645706380984 250.94539344517887 1752.2172392784282 295.3559467454617 1.4955 1.9024 4.0993 70.931 15.2674 -5.9707 -3.060890406115459 0
