CAR 0.0 0 2.7244494101710597 1778.136898792685 301.60443794649274 2176.8798892863815 487.514512416758 1.5023 1.898 4.937 13.797475682468992 -24.865940784558354 -6.5925 1.3488135988365393 0
CAR 0.0 0 2.656526924693602 1319.1420513432647 234.99242386232854 1534.1975934195048 363.2949102868019 1.5177 1.898 4.0963 21.950600107155946 -20.004070261898544 -6.7131 1.2910181249559247 0
CAR 0.0 0 2.655964404138796 1406.2007448356362 311.8395645880913 1743.3028960235297 511.1200568939484 1.5541 1.898 4.9169 15.673655056990379 -17.64864573157444 -6.7043 1.3385813619489222 0
CAR 0.0 0 -1.470900102946652 211.1230646525353 440.81492701833395 436.45073704306867 578.5291653301698 1.6474 1.9008 4.0966 22.149931566359623 38.97781225304153 -8.1942 -2.043220920331697 0
CAR 0.0 0 2.7212917340623424 1591.2371861026857 198.4807845097102 1815.1342887016153 301.8639056021998 1.396 1.8974 4.3588 23.21084556077755 -29.552068568826176 -6.6116 1.295362116557288 0
CAR 0.0 0 -1.3037879987554284 349.9018509043156 399.38337896084005 535.1385483329309 514.4057227215033 1.6474 1.9008 4.0966 26.3772005036645 39.57099508297223 -8.1431 -2.078132818304195 0
TRAILER 0.0 0 -0.2243417597448818 164.6971379230201 85.91218347948191 443.0671965596475 460.9654028983208 4.11 3.0032 11.0896 27.74319909448505 1.2463638290323296 -5.5143 -1.1330255842677752 0
TRUCK 0.0 0 1.0831476839765326 466.1236566190685 87.52365984369469 659.3118886457843 328.4462017184016 3.9074 3.0032 5.6574 31.064767565467857 -3.4175698570253497 -5.6171 -0.14580027683415092 0
VAN 0.0 0 4.3517111146607785 1695.8355395017857 274.09344112940073 1817.4504301723662 379.81211809154587 2.3536 2.2034 4.7012 49.66346934305489 7.865737026079458 -5.6925 2.9639173527315954 0
VAN 0.0 0 2.785409119298513 2091.900967885952 250.97167252819156 2638.634912376912 467.45772178681574 1.9972 2.1978 5.9954 12.185086260940247 -32.57525539541366 -6.1821 1.3630240930533906 0
CAR 0.0 0 2.7711271315962067 1792.4073820570961 254.3441102321111 2090.2639870950516 392.9509593264233 1.4974 1.8977 4.0982 16.609651485689522 -28.289223517071846 -6.4838 1.3642834977290486 0
CAR 0.0 0 2.81400916381285 2317.228748740296 229.35113833179423 2665.31754434677 354.9629155366175 1.4878 1.9007 4.1038 13.574175868443751 -41.22236616466855 -6.1085 1.3590267776864635 0
CAR 0.0 0 2.687296894553606 1324.1779656394838 202.3410023977383 1515.9344927099837 311.96707450204974 1.4974 1.8976 4.0982 24.90146653299952 -22.301999962322018 -6.6735 1.2944598052176606 0
CAR 0.0 0 4.356248425246125 1721.0321259929885 287.4470590730509 1806.2073628119902 348.78698863805636 1.5036 1.8952 4.097 59.1975592522612 5.948099161964977 -6.6445 2.9635237234090614 0
VAN 0.0 0 4.351596395048035 1639.232387775372 388.9129128782206 1825.0149744668192 594.3232029004603 2.5368 2.1676 5.7104 32.42082554153405 10.82127136132695 -6.6447 3.0549333319403855 0
CAR 0.0 0 4.37199804379213 1725.8625265795 262.7189737021814 1800.0618969591194 314.3002204944141 1.5128 1.9018 4.1024 68.1782282074624 4.590048912205781 -6.5594 2.9631082532858892 0
