CAR 0.0 0 2.994287978661588 1343.1633094302756 198.42615636692761 1513.6706935951695 315.0359418266852 1.594 1.8966 4.5394 31.67273156067153 -28.295795727987585 -6.3337 1.600338874245188 0
CAR 0.0 0 -1.2182394156449068 198.44822190348967 462.6035268160221 451.42572233564835 598.2760583924955 1.5196 1.8976 4.1761 11.699475002915978 29.32281883740495 -7.5683 -1.7714513563579624 0
PEDESTRIAN 0.0 0 1.3434625797432371 627.5669491316978 139.1701975354954 664.709461075005 208.84807620413102 1.7 0.7848 0.6973 39.90913084873356 -9.37140387189169 -6.0576 0.03527947359358132 0
TRUCK 0.0 0 -1.6517717985375966 1767.3268095463245 261.1587215810688 1904.4675703470914 388.40300414868835 3.4079 2.7742 1.8309 50.31037564079566 7.998520016380737 -5.2988 -3.048531819335291 0
TRAILER 0.0 0 -1.8625706863493179 47.40921848097286 4.842067035283552 293.34079573747164 152.5515266120935 3.5682 3.0012 10.9976 54.298526193931025 8.388604429427524 -5.2107 -3.0427454332082586 0
CAR 0.0 0 -1.6859018315413676 1767.226642155797 343.10160953473354 1879.7562917357475 426.7394848947881 1.5064 1.8966 4.1132 44.68248475926038 7.30527583345257 -6.2711 -3.0496920303081225 0
CAR 0.0 0 -0.9811365654353451 356.87434606536374 420.4693998196919 567.670131713141 533.9664847796877 1.5195 1.8976 4.1014 15.5238637435619 30.516914578739396 -7.441 -1.7540086913347361 0
CAR 0.0 0 2.9945238889168238 1321.9592587328593 241.3747479837545 1501.0175258983552 367.41321064623224 1.4987 1.9049 4.0972 28.06006625751307 -26.383816878362733 -6.4483 1.6352454592850747 0
CAR 0.0 0 -1.3180925333330913 101.18755287394646 359.79821002900076 288.64484840991884 444.31672040427964 1.5196 1.8976 4.1284 14.745642365559252 43.73478859685472 -7.532 -1.7714513563579624 0
CAR 0.0 0 2.9993878716239735 1497.6224399011676 267.79692397085876 1728.6097499913583 411.58708608941777 1.5032 1.8952 4.1044 24.931404922319647 -28.99542318171354 -6.2698 1.6352454592850747 0
CAR 0.0 0 4.713710866874984 1048.4860314525054 -226.16090093634614 1075.23624236378 -204.8062809160507 1.5044 1.9512 4.0978 -151.79228033327513 11.950294260105967 -9.2429 2.942796040687327 0
CAR 0.0 0 4.845009497316603 1099.900324980505 -278.61647549841484 1144.1306162975434 -242.86154858689872 1.4952 1.9028 4.1046 -97.00526290278013 6.448145162998067 -8.1952 3.0460925428424637 0
TRUCK 0.0 0 1.5474025812018415 374.4614448517296 5.970449048775861 476.2732131204484 101.16223492886678 3.6148 3.2348 2.3654 66.90413721974303 3.2047492837950697 -5.7722 0.10000235004237282 0
TRAILER 0.0 0 1.4740412172470028 314.4482471805057 21.619286930198914 481.71309513882574 136.08992146686828 3.1098 3.3536 10.442 61.37963460051395 2.7006498609023204 -6.0304 0.08868136636738408 0
CAR 0.0 0 4.806886405702787 1040.3872880373067 -253.26726975578262 1071.2870148544112 -227.00533276474226 1.5044 1.9032 4.0978 -128.93720189799083 7.444770133970827 -9.4954 3.0125856748776965 0
