CAR 0.0 0 2.736718565753052 1327.9916943623095 190.11232552133214 1534.7099106607673 312.58037709680747 1.7194 1.8964 4.5202 24.904583304340147 -22.571998181690855 -6.5435 1.338281743454179 0
PEDESTRIAN 0.0 0 2.8864443666628383 651.1709714796276 137.9913686243367 685.7331476748443 206.1403305797508 1.7 0.6968 0.7192 38.897736843834316 -7.2307547155142196 -6.5112 1.567098590132319 0
TRUCK 0.0 0 4.347770791130756 1702.1851701118378 257.37110534421817 1835.7370243933904 380.3991593599646 3.487 2.935 2.072 53.307233343870635 6.873001396121481 -5.9211 2.954589946740443 0
TRAILER 0.0 0 4.355251685205736 1698.2890204628459 232.34610702018583 1853.159431582528 371.7569812486584 3.8402 3.1746 6.0448 57.32501507393996 6.169802970258542 -5.7444 2.951256435673922 0
CAR 0.0 0 2.7064848385235414 1284.115818076761 232.76362136561573 1495.3643325711548 360.6247644034027 1.504 1.9011 4.104 22.204920877682287 -19.22623721114309 -6.6643 1.3445949556756323 0
CAR 0.0 0 4.31880887102938 1702.6746730072266 339.6936329097277 1807.602041153868 421.75502035123793 1.5032 1.9025 4.0984 47.462929676872264 7.940757217219186 -6.9854 2.961074677280605 0
CAR 0.0 0 -1.4544102768067284 231.77584630917306 450.8750319973281 455.46709795678936 583.9775667396708 1.5003 1.9029 4.0972 22.11720335781423 38.38772605649367 -8.2755 -2.04660312373549 0
CAR 0.0 0 -1.2913272889371878 383.1798292376922 413.85021907851717 566.2809339078447 525.8245959269086 1.4969 1.8793 4.0996 26.242933573990406 38.46025167915388 -8.2924 -2.086445960933754 0
CAR 0.0 0 2.7204155744646235 1488.8800741356215 238.0507497058501 1765.5978732874028 385.5753078026767 1.498 1.8978 4.2058 17.988587038240762 -21.153876510504883 -6.0071 1.33729912391633 0
PEDESTRIAN 0.0 0 1.320690332093433 628.101899831539 141.4065550999284 663.5799095499717 210.78495539257827 1.7 0.6974 0.7026 38.35175950986825 -6.49534731959072 -6.4943 0.015570256983676761 0
CAR 0.0 0 1.2150333867468794 387.1809505638952 65.8497321239637 443.9851906511539 116.4857377855102 1.5054 1.9306 4.096 64.29381231841558 -0.9835762001677806 -7.1517 -0.1410786359914363 0
TRUCK 0.0 0 -0.005286265782645516 -125.49533849279142 228.86632954024128 201.94202085261074 553.8598646151005 3.5570000000000004 2.5127999999999995 3.866599999999999 23.01629328812156 4.935592506701089 -6.322 -0.1531045480775087 0
TRAILER 0.0 0 -0.4666239004677203 -680.2725164937218 287.91965585136194 118.3369452636677 969.5345503651217 3.5054 2.9277 8.5474 17.04565909517808 5.882192429024466 -6.2739 -0.15446494323548965 0
