TRUCK 0.0 0 1.6816026636417292 406.8623919040194 -16.716535978874468 492.96091694395705 77.98594794817944 4.019 2.916 2.729 74.98725550287482 3.9886820053912997 -5.5219 0.1770991263252167 0
CAR 0.0 0 3.003797268981125 1341.1135296969123 198.93178925169173 1511.6547896300583 315.8440294802473 1.594 1.8966 4.5394 31.611431624030494 -28.21915788135553 -6.3337 1.6105393675152717 0
CAR 0.0 0 -1.1753716875862175 202.75272287774484 462.5212722262947 455.26205923071245 598.1211316466221 1.5196 1.8976 4.1761 11.75937264214642 29.26942563472064 -7.5683 -1.7342630584530845 0
CAR 0.0 0 1.6364780530174117 429.9577038793776 -1.663828058060686 483.3842811912452 38.066421489323695 1.8149 1.9014 4.1022 89.95214279696232 7.218925925057173 -6.1082 0.10470072598036383 0
VAN 0.0 0 2.059068768743827 1245.3383489093628 -877.6138398887475 1540.915961331919 -513.1884511810844 2.6198 2.2122 6.0322 -26.752220945620753 -4.300126022986829 -7.5887 0.031140035998307912 0
CAR 0.0 0 -1.9280204317391891 1254.4843549201876 598.9128972656632 1550.655090060726 870.7708001764503 1.499 1.9016 4.112 14.944064522320613 7.688960524749358 -6.2283 -3.022723708213006 0
PEDESTRIAN 0.0 0 1.7339422297781866 630.3714109761606 138.92239657435346 667.3552492890868 208.51679416924364 1.7 0.7848 0.6973 39.95233109781563 -9.441369066402656 -6.0576 0.4242919206872831 0
TRUCK 0.0 0 -1.642809376907443 1769.212795640204 261.3737728963326 1906.6105504171537 388.8009269795979 3.4079 2.7742 1.8309 50.28232033647845 7.940037408809773 -5.2988 -3.0395974269518478 0
TRAILER 0.0 0 -1.8077489937044235 74.8759480409324 1.1560750318258048 307.18431580903876 142.58710605155034 3.5682 3.0012 10.9976 56.25594327187939 8.485545827406183 -5.2107 -3.052921796683383 0
CAR 0.0 0 -1.6856172083041836 1766.954021912876 343.1041726716875 1879.4965629304552 426.74506696335555 1.5064 1.8966 4.1132 44.67614349499266 7.310978763316269 -6.2711 -3.0493759430220515 0
CAR 0.0 0 -0.9099118839920828 356.29742677422814 420.7423432637432 567.3229539277721 534.3842459139775 1.5195 1.8976 4.1014 15.500851717027729 30.49772599409436 -7.441 -1.6819270272704947 0
CAR 0.0 0 4.861958989583414 1091.1507020239426 -274.1585015840396 1133.5317690806003 -239.5097302441202 1.5034 1.8968 4.0982 -99.91080898884896 6.416043636810259 -8.2291 3.0644465064279367 0
CAR 0.0 0 2.946020184868466 1315.9095633061308 241.88006231072671 1494.3655223257315 368.24304143062443 1.4987 1.9049 4.0972 28.01415402237375 -26.22568081775736 -6.4483 1.5881233509515706 0
CAR 0.0 0 -1.252607214655002 120.12618908583576 407.18691635266634 337.7135982637227 512.8555973180447 1.5196 1.8976 4.1284 12.780877317394598 36.658886357085535 -7.6049 -1.7168309998735665 0
TRAILER 0.0 0 1.5869094600995601 396.5900480371197 50.64480591373452 507.7137367137054 100.26466838732384 1.2972 3.2042 7.6122 70.69711911755661 3.042210772007725 -7.0427 0.17915388867624044 0
BICYCLE 0.0 0 1.7620819248737438 816.0152384798404 201.55884052158953 851.6745331754641 287.23413193724605 1.7402 0.8236 1.4456 34.86790186409384 -14.45476113946689 -6.8021 0.47570316638641924 0
CAR 0.0 0 -1.698363105081024 1561.3736745080637 378.24343539236065 1701.8327485433724 481.59647028036966 1.4986 1.895 4.0984 34.61654984757178 9.94062241908762 -6.2699 -3.0130775779322945 0
CAR 0.0 0 -1.7582960869860995 1303.442325974655 403.6839431973947 1471.0264994008637 522.8988241574945 1.5038 1.8954 4.152 27.670165903678114 13.20539679558891 -6.3408 -3.0089030420877094 0
CAR 0.0 0 4.97579912313996 1195.803871120721 -361.1674786786922 1266.7197943838573 -304.3708294504292 1.498 1.8954 4.1042 -68.20283165884085 5.233349899130902 -8.3635 3.141428118190829 0
CAR 0.0 0 -1.4340909273634475 33.8539822857698 306.582721860581 187.51446076370996 369.1228118761676 1.5196 1.8976 4.1284 17.04328365637602 57.095510160059824 -7.532 -1.7517376108074119 0
CAR 0.0 0 3.057714883398643 2390.3748998901547 248.93368459936613 2736.346072701294 373.625444898818 1.5032 1.8952 4.1044 26.192945297943584 -51.21509644175178 -6.2698 1.6071949858009207 0
CAR 0.0 0 -1.1922244371319675 1316.4955887900064 -527.5797713042415 1446.9955751133691 -419.62236689498445 1.496 1.899 4.103 -43.3860784699938 2.2819805348060775 -8.3985 -3.092398333612913 0
CAR 0.0 0 -1.6336913102362 1669.2715051481132 295.997538679693 1761.72090182835 357.8008598584243 1.4994 1.9016 4.0998 54.211342505644346 11.976122902081697 -6.2208 -3.0168523042503694 0
