CAR 0.0 0 2.716060533422037 1776.855625620862 302.41399828388774 2176.420580169686 488.98456584982074 1.5023 1.898 4.937 13.763149728102196 -24.78781836665263 -6.5925 1.3410568121408173 0
CAR 0.0 0 2.6354267660191004 1309.7358433118713 234.8387445592177 1523.5878516283412 363.16310321503227 1.5177 1.898 4.0963 22.02556684586171 -19.80117618382035 -6.7131 1.2712330420857847 0
CAR 0.0 0 2.6593296162973177 1405.768642432296 310.550102019612 1741.449416027618 508.79363355271386 1.5541 1.898 4.9169 15.74629718678363 -17.698361212166564 -6.7043 1.3410568121408173 0
CAR 0.0 0 -1.4776565592493358 218.17452143745095 440.11532880359283 442.1584205107387 577.3663923782667 1.6474 1.9008 4.0966 22.257961175379254 38.907586686587145 -8.1942 -2.059644171057918 0
CAR 0.0 0 2.714389883419776 1588.5655378325146 198.458981675563 1812.1814944893138 301.8595576073144 1.396 1.8974 4.3588 23.232902625913752 -29.482609723852008 -6.6116 1.2886889732761395 0
CAR 0.0 0 -1.2819642679012193 368.19910635138024 397.78043729047914 550.4042221391509 511.8021303117027 1.6474 1.9008 4.0966 26.711476261374457 39.343185256251076 -8.1431 -2.077097463577861 0
TRAILER 0.0 0 4.326303678523953 1620.6915418446026 263.4492722107146 1877.2957558094981 543.9942736151405 4.11 3.0032 11.0896 37.661753071752095 10.292373964895752 -5.5143 2.975795188275357 0
VAN 0.0 0 4.349316910700199 1702.9676107596463 282.81290585065443 1812.4827321420194 374.51761298373617 1.9994999999999994 2.0167 6.000200000000007 54.010939343381416 7.055351855646087 -6.3098 2.9624863797598247 0
CAR 0.0 0 2.0027488230284596 258.1259789013732 224.22472283801525 361.8398311501795 273.003339438085 1.7 1.8454 4.0952 48.90389840293954 68.31489115496649 -7.2475 1.1057513997190864 0
TRUCK 0.0 0 -1.7747793079494774 1611.2376450742904 317.49084335613634 1872.9307298321364 601.9689550311141 3.9074 3.0032 5.6574 31.02890528397816 11.160581039155211 -5.6171 -3.09210090879522 0
PEDESTRIAN 0.0 0 2.7718304378648497 623.9342885249414 131.8557745184526 659.8620375562269 200.54933214755218 1.7 0.6996 0.9374 39.703814049223816 -6.6189858158920405 -6.4566 1.4538021921240931 0
VAN 0.0 0 4.392553470276033 1735.6564744024731 220.21047354772838 1817.4892331890132 284.8689028728958 2.3536 2.2034 4.7012 75.81247405978135 3.030362712847222 -5.6925 2.9624863797598247 0
CAR 0.0 0 2.673085311237317 1284.3602644284194 206.28241162713945 1472.9971487681444 317.208165178958 1.4974 1.9028 4.1016 25.0541 -21.2274 -6.7407 1.2886889732761388 0
CAR 0.0 0 4.338771477814529 1724.5371311029123 266.50264821487167 1803.9163806340298 321.6160682154077 1.497 1.9045 4.1242 63.96880611588643 5.250298704131643 -6.3153 2.9327921430770307 0
CAR 0.0 0 -1.3351592233495277 286.4058284493367 362.3543130961011 454.7803711152811 452.83152064359797 1.4982 1.8994 4.098 29.4392 45.0252 -8.1687 -2.077097463577861 0
