CAR 0.0 0 3.0027851321296133 1341.8419859005865 198.49047909696552 1512.198416209341 315.14880188362093 1.594 1.8966 4.5394 31.664939404069116 -28.258166637918357 -6.3337 1.6090655205051596 0
CAR 0.0 0 -1.222542694963025 195.31216750035705 462.9101803321381 448.8041874115009 598.7749072710549 1.5196 1.8976 4.1761 11.647283944073349 29.339682607284217 -7.5683 -1.7714513563579624 0
PEDESTRIAN 0.0 0 1.3433680505768546 626.1157493972701 138.88248273712136 663.2799484591237 208.49049023486313 1.7 0.7848 0.6973 39.956238546023215 -9.326915792347425 -6.0576 0.0352794735935813 0
TRUCK 0.0 0 -1.6517643703633393 1767.5724853168208 261.1815383991514 1904.741468521333 388.4445306969772 3.4079 2.7742 1.8309 50.30860930447782 7.991208867213509 -5.2988 -3.048531819335291 0
TRAILER 0.0 0 -1.8627880488676525 47.331364108924014 4.85548888964409 293.3075785553323 152.58748776579185 3.5682 3.0012 10.9976 54.2917441190781 8.387635308492829 -5.2107 -3.0427454332082586 0
CAR 0.0 0 -1.6860870043773055 1766.83469072392 343.3306423251308 1879.499774841822 427.088433179465 1.5064 1.8966 4.1132 44.62543665598078 7.305459423846212 -6.2711 -3.0496920303081225 0
CAR 0.0 0 -0.9983772032715191 356.9912581833609 420.38403444455486 567.7205500560746 533.8362129843009 1.5195 1.8976 4.1014 15.530103454896581 30.52393413365037 -7.441 -1.7714513563579624 0
CAR 0.0 0 2.9945353468495366 1322.3551102805186 241.43837984182602 1501.5112914168237 367.50731165302966 1.4987 1.9049 4.0972 28.053913469112384 -26.39090649338795 -6.4483 1.6352454592850747 0
CAR 0.0 0 -1.3186202002658471 100.9478176750761 359.926906600705 288.51398227140305 444.50421623390514 1.5196 1.8976 4.1284 14.73350602372395 43.71656518418138 -7.532 -1.7714513563579624 0
CAR 0.0 0 2.9984686605420805 1504.3877806847165 270.37965909156696 1738.4278161190132 415.6098100452445 1.5032 1.8952 4.1044 24.723740454852862 -29.040336383399872 -6.2698 1.6352454592850747 0
CAR 0.0 0 4.784351729256834 1081.8188769905903 -243.2664603101904 1116.309159272585 -215.8387313080487 1.5038 1.8956 4.1518 -120.8091917776019 9.686570039486487 -8.2426 3.0077970091202064 0
TRUCK 0.0 0 2.322117125704491 1631.062774223634 -2563.2620347971138 2617.9210774589324 -1101.8593427123521 3.4461 3.0048 1.7389 -10.600349627618579 -6.561411852928011 -7.3737 0.047624064965096496 0
CAR 0.0 0 -1.278018436601344 1147.4430528993075 -374.62469947438154 1219.923737376538 -312.75623259473997 1.5044 1.9032 4.0978 -63.98570312775549 1.9700591591778116 -8.118 -3.1309524143388496 0
TRAILER 0.0 0 2.25289075013648 1195.0863222595676 -2033.8743219895327 2277.0832609034446 -615.9298434769213 3.1096 3.3536 10.442 -16.302361259754232 -6.844758169724145 -7.1405 0.05406425722112945 0
CAR 0.0 0 1.0043069594705671 200.79373349862448 173.9973285739293 348.07738658549476 270.58072305267785 1.5162 1.9006 4.1032 37.564454216576465 -0.21698913133544195 -6.7749 0.10522774726853645 0
VAN 0.0 0 2.1866105073725013 724.2386860565922 -513.4356645362591 801.841893457943 -393.46205909036837 1.9203 2.1008 4.4984 -48.0456213902655 -15.037850211046273 -8.1745 0.08335665058627718 0
PEDESTRIAN 0.0 0 -1.7806700620593183 641.3933176215204 130.62379241687083 674.2105967148867 199.0878611238519 1.7 0.6962 0.6968 40.69742017680771 -9.620129354783765 -5.9535 -3.106313179996212 0
CAR 0.0 0 -1.213954521301291 1544.795774893718 -698.7537223090306 1782.7313321561062 -512.7695477512653 1.632 2.0088 4.1048 -30.6395 2.9749 -7.9664 -3.1323571738532365 0
