CAR 0.0 0 3.0037513726066836 1340.5687037275068 198.89885889866088 1511.0082523487645 315.79784307951905 1.594 1.8966 4.5394 31.615431313323 -28.20634795700879 -6.3337 1.6105393675152717 0
CAR 0.0 0 -1.1412818066995072 202.24860556932825 462.7543947772158 454.9693257227563 598.4888372780973 1.5196 1.8976 4.1761 11.74450785971891 29.255792907142013 -7.5683 -1.699377694422411 0
VAN 0.0 0 2.243940990378139 2017.243602222123 -4530.825165168513 5059.431429933978 -1136.638112049372 2.6198 2.2122 6.0322 -9.154891359189811 -3.6593831130514327 -7.5887 0.03114003599830792 0
PEDESTRIAN 0.0 0 1.7342190619070792 629.5240708007336 138.5485519698113 666.4907653824941 208.04618678154446 1.7 0.7848 0.6973 40.01437415885871 -9.411342246670982 -6.0576 0.4242919206872831 0
TRUCK 0.0 0 -1.6428261042246428 1769.2391444899529 261.4003732525012 1906.6643093443638 388.85328705697424 3.4079 2.7742 1.8309 50.27335200694948 7.937798592363386 -5.2988 -3.0395974269518478 0
TRAILER 0.0 0 -1.8080452292200655 74.86176273428107 1.202149482016147 307.2573717691043 142.70340230126703 3.5682 3.0012 10.9976 56.232410869228644 8.474981956573727 -5.2107 -3.052921796683383 0
CAR 0.0 0 -1.6856219715602625 1767.5520912764769 343.21739791173286 1880.1279905193358 426.91261289382703 1.5064 1.8966 4.1132 44.66475301072482 7.2942461002167525 -6.2711 -3.0493759430220515 0
CAR 0.0 0 -0.9260033365717921 357.34118111471633 420.48727913442565 568.1095566262219 533.9909225835289 1.5195 1.8976 4.1014 15.530026266790191 30.50762286417059 -7.441 -1.6993431898568838 0
CAR 0.0 0 2.9465591165344915 1314.5360365012104 240.94857840205805 1492.2245638294073 366.8258055167675 1.4987 1.9049 4.0972 28.10280429884607 -26.224737170755855 -6.4483 1.5881233509515706 0
CAR 0.0 0 -1.334633270492238 73.07846535629166 351.77422055089505 256.781146639545 432.8841631604744 1.5196 1.8976 4.1284 14.68446670336143 45.75554128355518 -7.532 -1.7342843053404915 0
CAR 0.0 0 2.9797676577397203 1578.7231808754461 271.0004250902966 1825.6088209803163 415.8685657765437 1.5032 1.8952 4.1044 24.64241901597516 -30.607352003362124 -6.2698 1.6071949858009207 0
CAR 0.0 0 -1.3331516086856654 1097.0241290984159 -276.3487047893492 1140.0941379837118 -241.27849012426054 1.5034 1.8968 4.0982 -99.00793160555898 6.641883090986429 -8.2669 -3.1311229896829524 0
CAR 0.0 0 4.968704337221598 1112.7594610635197 -342.5009707318781 1175.3968151536965 -288.77568636319063 1.5012 1.8966 4.1044 -70.62262091616024 1.824661289013143 -7.9189 3.129098419081561 0
CAR 0.0 0 4.938277639890312 1170.5252513685389 -340.48087672140235 1233.7099883664887 -289.4487848606642 1.5064 1.8966 4.1132 -74.33314006401241 5.5510829661392815 -8.4218 3.1115694772907663 0
CAR 0.0 0 -1.6319339418587147 1639.8079585081866 312.4023187249358 1750.7773477595963 392.1615425161297 1.6286 1.9033 4.096 45.25843772411127 10.838497077011631 -5.8659 -2.998848718283731 0
CAR 0.0 0 2.0713888434827377 977.3196080920055 -566.1591743630393 1078.3480132346194 -438.9809019151955 1.7 2.0361 3.853 -41.639989468647094 -8.055462371356679 -8.2722 0.04689157397375113 0
CAR 0.0 0 5.0278313357296645 1318.0748949845636 -513.8440522563362 1450.7255040603234 -406.02284530588224 1.499 1.9016 4.112 -42.64603350503965 2.1421500289579063 -7.9597 3.1371435214583197 0
CAR 0.0 0 -1.251020496384566 1579.3380167564408 -608.5360427983694 1777.9685153471303 -468.00349522679437 1.5038 1.8956 4.1518 -35.7635 6.4219 -8.2426 -3.131038877818941 0
