CAR 0.0 0 2.724310640414746 1776.0502968888666 301.4610436900639 2174.2506302854117 487.290111420566 1.5023 1.898 4.937 13.817492083304646 -24.835178897650596 -6.5925 1.3488135988365395 0
CAR 0.0 0 2.6567072494910526 1320.5183359888142 235.02806511733732 1535.7600108834883 363.3350015474221 1.5177 1.898 4.0963 21.938502611309634 -20.032943818728025 -6.7131 1.2910181249559243 0
CAR 0.0 0 2.6559815642585995 1406.1451380734875 311.80370378487817 1743.1995325202045 511.0560084968945 1.5541 1.898 4.9169 15.675916922523616 -17.649235272464143 -6.7043 1.3385813619489222 0
CAR 0.0 0 -1.4701176169762185 211.99118799042407 441.32328055994606 437.5123072295522 579.3128591039401 1.6474 1.9008 4.0966 22.126229501216248 38.92424665236198 -8.1942 -2.043220920331697 0
CAR 0.0 0 2.7213889625904972 1589.8978432607248 198.60520728904515 1813.778070811301 302.0702365690742 1.396 1.8974 4.3588 23.20780577501199 -29.502741793830708 -6.6116 1.2956667494353806 0
CAR 0.0 0 -1.3035753060284465 350.0953773975799 399.37674064671745 535.3057161519157 514.393782590812 1.6474 1.9008 4.0966 26.379845518291013 39.56770763509749 -8.1431 -2.078132818304195 0
TRAILER 0.0 0 1.3642020396561354 398.1331195720419 -0.09487469304965636 517.8152761240814 155.35928612443354 4.11 3.0032 11.0896 55.618501725121284 -2.431178892886418 -5.5143 -0.05062562124399271 0
VAN 0.0 0 -1.714632812720958 1680.641631747986 381.91689201252007 1895.7671898431158 589.5466714550266 2.3536 2.2034 4.7012 29.296589675581316 10.517183884792288 -5.6925 -3.0225393882994727 0
VAN 0.0 0 2.7855123790496092 2088.6685569462766 250.3645696499055 2633.475506285847 466.27563397995186 1.9972 2.1978 5.9954 12.240762961357532 -32.56799331984553 -6.1821 1.3630240930533906 0
CAR 0.0 0 2.738596799603278 1521.9327325882068 259.6806782606951 1792.1056684533708 405.06789395287973 1.4974 1.8977 4.0982 17.975588775335073 -22.1043850159504 -6.4838 1.3642834977290486 0
CAR 0.0 0 4.329655021121388 1690.3393790027928 349.7608237175564 1805.0803528827391 442.0817951662134 1.5036 1.8952 4.097 42.919027282924304 8.882148168293167 -6.6445 2.9809770159290045 0
VAN 0.0 0 -0.9704980118737292 1022.076270788611 506.5961662940649 1636.3777818409799 1141.1560968613944 2.5368 2.1676 5.7104 8.570904404454902 -6.987591576149903 -6.6447 -1.989153700025919 0
CAR 0.0 0 4.3395257687972615 1702.957694168581 309.1316740331773 1799.5359270426059 382.1933991687874 1.5128 1.9018 4.1024 51.488157562052116 7.530109673187875 -6.5594 2.9631082532858892 0
CAR 0.0 0 4.302959452777001 1480.4867718222804 321.0029126124731 1552.5322190414752 394.39438070906715 1.5022 1.9049 4.1038 48.73415626858516 14.654070819543094 -7.16 2.9631096288826786 0
PEDESTRIAN 0.0 0 2.6954112765091467 624.121210665873 131.1522691206046 660.7118202524332 201.10144240510792 1.7526 0.7308 0.855 39.818165024279374 -6.652283005112446 -6.4758 1.3770898247823946 0
CAR 0.0 0 -3.059192073893325 -456.96404547270663 452.72250955341696 -61.88390766638156 754.5909106177451 1.4954 1.7998 4.3147 18.28418885964626 7.286271914172838 -7.0466 -2.6780430448414245 0
CAR 0.0 0 2.7687057121600427 1812.7990117879929 252.3723879857386 2115.5601506756752 391.1052777510735 1.4878 1.9007 4.104 16.372873561728554 -28.565157789270746 -6.404 1.359026777686463 0
CAR 0.0 0 2.6881310526038167 1329.2984400221483 202.14694664769445 1521.4225074540886 311.6109793673971 1.4974 1.8976 4.0982 24.88606060469779 -22.446719080217857 -6.6735 1.2944598052176606 0
