CAR 0.0 0 2.7245745876474223 1776.4017578028308 301.09056338547316 2174.1860716581473 486.6215121415059 1.5023 1.898 4.937 13.83469152319243 -24.866488835000773 -6.5925 1.3488135988365393 0
CAR 0.0 0 2.6566760459617207 1320.6449054721163 235.09064212123056 1535.9492486176052 363.43247839344593 1.5177 1.898 4.0963 21.93232021485229 -20.031890267045704 -6.7131 1.2910181249559243 0
CAR 0.0 0 2.655973079648357 1406.1817865549576 311.8235606927628 1743.26372555988 511.09138021098806 1.5541 1.898 4.9169 15.674631095931336 -17.649014800044046 -6.7043 1.3385813619489222 0
CAR 0.0 0 -1.470732538509559 211.27544383102205 440.8608097056532 436.61089748348866 578.5991263874721 1.6474 1.9008 4.0966 22.14846390641688 38.971680528074515 -8.1942 -2.043220920331697 0
CAR 0.0 0 2.721091487999894 1590.0208269746736 198.61113290547755 1813.9185160254344 302.0780192608678 1.396 1.8974 4.3588 23.206278412272727 -29.5054103415064 -6.6116 1.2953621165572875 0
CAR 0.0 0 -1.3035420798726685 350.18761356888655 399.4395057732506 535.4226330174312 514.4879042875097 1.6474 1.9008 4.0966 26.37556520418168 39.56041779200725 -8.1431 -2.078132818304195 0
TRAILER 0.0 0 1.2325723762650966 385.14879649875365 33.82641652763788 549.6184230091877 261.22315287752195 4.11 3.0032 11.0896 40.22407475223957 -1.8282503903653904 -5.5143 -0.05062830928862412 0
VAN 0.0 0 4.346482511041083 1681.4432236883679 303.0871819814466 1825.3297150986073 433.54616734314965 2.3536 2.2034 4.7012 41.79185962585175 9.153197055198858 -5.6925 2.981374829953033 0
VAN 0.0 0 2.7855864574844897 2089.717366509292 250.3674054691273 2634.7306705200044 466.25839814009703 1.9972 2.1978 5.9954 12.233931598771857 -32.59019064308175 -6.1821 1.3630240930533906 0
CAR 0.0 0 2.749559530859483 1601.8182974218687 257.7068097743274 1880.127878784029 400.82792194249936 1.4974 1.8977 4.0982 17.609748521864443 -23.911729145550396 -6.4838 1.3642834977290486 0
CAR 0.0 0 4.355511885571363 1703.2965360973074 312.531534049734 1799.8542966662123 385.7641420239639 1.5036 1.8952 4.097 51.3252456395212 7.527097891660281 -6.6445 2.9809770159290045 0
VAN 0.0 0 -3.168224923778728 -603.3245300576805 335.0514302346206 -78.11243329170397 729.5115863669156 2.5368 2.1676 5.7104 20.09886162897556 8.293956129584663 -6.6447 -2.634788150084926 0
CAR 0.0 0 4.35917096599985 1713.3491862189098 280.64556522447486 1795.8993157854482 340.22037749049383 1.5128 1.9018 4.1024 60.55776747296516 6.060240260478016 -6.5594 2.9631082532858897 0
CAR 0.0 0 4.302888408973904 1480.4798450898925 321.0981473605171 1552.5597795462138 394.53322166494905 1.5022 1.9049 4.1038 48.711961607153526 14.653942629984783 -7.16 2.9631096288826786 0
PEDESTRIAN 0.0 0 2.6932969645183573 620.984910704519 131.70830296430162 657.7123512363098 201.85154759987688 1.7526 0.7308 0.855 39.73573765420701 -6.550053403439856 -6.4758 1.3770898247823946 0
CAR 0.0 0 4.313159330253678 1638.3244272458999 454.829051732138 1786.7821295433662 604.1183309860035 1.4954 1.7998 4.3147 30.53918208362034 11.259231107091713 -7.0466 3.041131280997928 0
CAR 0.0 0 2.781718611468152 1955.169868215698 250.0380403719621 2271.671471072968 385.512573753029 1.4878 1.9007 4.104 15.584101521348153 -31.961360414010485 -6.404 1.3590267776864635 0
CAR 0.0 0 2.6872960454670656 1324.1844037377398 202.3430957714403 1515.9431550507056 311.97022993826874 1.4974 1.8976 4.0982 24.9012 -22.302 -6.6735 1.2944598052176606 0
CAR 0.0 0 -1.334232648417796 293.55943585316066 367.80353505890645 461.14087869267746 458.87709709860235 1.5016 1.8992 4.1002 29.5011 44.8619 -8.3248 -2.078132818304195 0
