CAR 0.0 0 2.7239831600848117 1773.6795314385001 301.5756949881389 2171.6200968951157 487.53213541534274 1.5023 1.898 4.937 13.8257787483084 -24.781889850779546 -6.5925 1.3488135988365393 0
CAR 0.0 0 2.6566470894047716 1320.709493252513 235.1387586513746 1536.058252100156 363.5078203814795 1.5177 1.898 4.0963 21.927783230891436 -20.030340941440038 -6.7131 1.2910181249559232 0
CAR 0.0 0 2.6561182393607377 1405.6616836733297 311.50874048982735 1742.318517268135 510.5296948940772 1.5541 1.898 4.9169 15.694684833554104 -17.653616203568024 -6.7043 1.3385813619489224 0
CAR 0.0 0 -1.4812965940053033 203.6847874410097 441.7140974490088 430.53181427083234 580.0079533349266 1.6474 1.9008 4.0966 22.026613839194415 39.039241803867114 -8.1942 -2.043220920331697 0
CAR 0.0 0 2.721317026383436 1590.244309882224 198.75620288915857 1814.2968585387057 302.29907969600725 1.396 1.8974 4.3588 23.189530423805543 -29.49588005121215 -6.6116 1.2956667494353806 0
CAR 0.0 0 -1.3037854751984073 350.1898024805048 399.6774422120015 535.5589754701635 514.8481444267386 1.6474 1.9008 4.0966 26.355609818947197 39.539739258802285 -8.1431 -2.078132818304195 0
TRAILER 0.0 0 1.4601790257007494 429.4767792911905 -28.85603493065173 515.4183233655526 75.11941031768333 4.11 3.0032 11.0896 79.17438219812973 -4.419334925252146 -5.5143 -0.06777537488725155 0
VAN 0.0 0 -1.819670588308984 174.05405895493323 441.8662477183961 575.0053495660827 1006.8246879034225 2.3536 2.2034 4.7012 11.231775828910564 0.3147054669480096 -5.6925 -2.32325163594942 0
VAN 0.0 0 2.7858226381343316 2089.4912119677715 249.91198874937044 2633.4803917621794 465.3239019087449 1.9972 2.1978 5.9954 12.261824920467392 -32.63196606579852 -6.1821 1.3630240930533906 0
CAR 0.0 0 2.7385002984400604 1517.5163518193845 259.0229311376728 1786.5261356730277 404.04997696770016 1.4974 1.8977 4.0982 18.04818680617819 -22.055380162499052 -6.4838 1.3642834977290486 0
CAR 0.0 0 -3.313913704057187 -380.4250828846896 298.2414172171133 -85.21635037164052 487.91177991090234 1.5036 1.8952 4.097 25.23691602900763 9.130007295900176 -6.6445 -2.7960812311521352 0
VAN 0.0 0 -0.3127451756535866 2908.7378392410164 371.30083991712974 3904.463306342222 723.3702407638569 2.5368 2.1676 5.7104 3.163008674365972 -38.2658653390054 -6.6447 -1.7268604754784924 0
CAR 0.0 0 4.34599170607172 1649.5699364066902 394.09158711035286 1784.8316096312574 514.5024716957232 1.5128 1.9018 4.1024 34.962551848474796 10.689559267435937 -6.5594 3.0329108249891203 0
CAR 0.0 0 4.302966623909858 1480.2288297039931 320.9422324081327 1552.2472668432515 394.3084078960476 1.5022 1.9049 4.1038 48.74361073222924 14.662072417499651 -7.16 2.9631096288826786 0
PEDESTRIAN 0.0 0 2.6958245006080244 624.7333985236176 131.04215320420147 661.2970732316013 200.95296317670716 1.7526 0.7308 0.855 39.834600184904666 -6.672350388422095 -6.4758 1.3770898247823946 0
CAR 0.0 0 2.7484808527913343 1785.9153947748225 252.96169445962613 2086.144626014468 392.40631304619524 1.4878 1.9007 4.104 16.508612593693712 -27.925336848003933 -6.404 1.3415734851665193 0
CAR 0.0 0 2.6879558831187924 1329.689567069845 202.41354085199714 1522.141698556436 312.0671224160028 1.4974 1.8976 4.0982 24.844277416099505 -22.42720068681001 -6.671 1.2944598052176606 0
