CAR 0.0 0 2.7053127458671677 1326.1872243944786 190.12398609709558 1532.7087771506851 312.6230489991647 1.7194 1.8964 4.5202 24.91582410687843 -22.52488096998625 -6.5435 1.3071190965771686 0
PEDESTRIAN 0.0 0 3.515629481564919 650.4619125162961 138.12097969033286 685.0552200704703 206.31227703281363 1.7 0.6968 0.7192 38.87952904082024 -7.207503693135475 -6.5112 2.1967451706389425 0
TRUCK 0.0 0 4.390583406936946 1707.0299495716924 257.4214045237663 1840.960447142527 380.3759698502881 3.487 2.935 2.072 53.402157518491116 6.707927308681856 -5.9211 2.996917376801119 0
CAR 0.0 0 2.66850636771102 1280.505469102357 232.6804003834136 1491.2721113589064 360.535758608696 1.504 1.9011 4.104 22.235674321457658 -19.150099094053335 -6.6643 1.307121847478894 0
CAR 0.0 0 -1.4881959310664092 223.57233901645964 454.6811280064956 450.5677085809971 589.923896688064 1.5003 1.9029 4.0972 21.81507832614325 38.25667139694747 -8.2755 -2.067370310837955 0
CAR 0.0 0 -1.2687542111037073 386.46443558178504 413.6075561084822 569.0533797007138 525.4323007042373 1.4969 1.8793 4.0996 26.297287392635702 38.414486473173916 -8.2924 -2.067370310837955 0
CAR 0.0 0 2.6898294184635008 1484.0386035662718 237.78515875277125 1759.8480703770456 385.1951937493835 1.498 1.8978 4.2058 18.036682480160742 -21.072554594524313 -6.0071 1.3071218474788946 0
PEDESTRIAN 0.0 0 1.339705215501681 632.8629219442851 141.23902516470548 668.230245774743 210.5343680342162 1.7 0.6974 0.7026 38.34979264675559 -6.626307402608533 -6.4943 0.032453203031635944 0
CAR 0.0 0 4.382805120040035 1721.2903511699046 334.6132050510975 1829.2952520045387 416.7617084826049 1.5032 1.8996 4.0986 47.419657950767245 7.4531384546479895 -6.7781 3.0199979204338043 0
TRAILER 0.0 0 4.4217045501471315 1700.8711776949788 220.3504736629874 1853.700113088743 367.66932811969156 4.117 3.002 6.0508 56.97688687947118 6.2421511506906615 -5.4223 3.0129955833738897 0
CAR 0.0 0 2.8090762170608947 2386.6811527021873 210.7267569808096 2745.4816134453267 334.795116859337 1.4956 1.9016 4.1016 13.126199079166847 -42.63369381466882 -5.6954 1.343249866829127 0
VAN 0.0 0 -0.4146321105355528 2218.006305690595 441.32722076999295 3098.395099259447 826.3358162197499 1.8784 2.1996 5.9972 5.978811179160007 -25.089547655019906 -6.9284 -1.7545848079282806 0
CAR 0.0 0 -1.4337506765788337 164.89711350062785 287.66805102338293 299.11626990442767 347.88987770225657 1.501 1.901 4.1044 38.04754716144976 60.731063127335744 -8.2531 -2.067370310837955 0
CAR 0.0 0 2.8224672477099366 2842.8691249191515 174.02218549143566 3189.15654055543 269.90110952391154 1.5038 1.901 4.3724 12.3818 -65.2161 -5.8167 1.324577888427898 0
