CAR 0.0 0 3.0149079664656524 1342.4322191827412 198.43989325839553 1512.8416481269408 315.06431026899986 1.594 1.8966 4.5394 31.671074748347465 -28.275961041921395 -6.3337 1.6210677637018256 0
CAR 0.0 0 -1.235375279121489 194.46812007653733 463.4577977547057 448.4254031890543 599.6369972328812 1.5196 1.8976 4.1761 11.617126739900607 29.30281555883067 -7.5683 -1.782856759787455 0
PEDESTRIAN 0.0 0 1.1348440902054595 627.1462628563979 138.0559761009474 664.1452265378423 207.4333562403143 1.7 0.7848 0.6973 40.09555617840834 -9.337845267047088 -6.0576 -0.17496862750956493 0
TRUCK 0.0 0 -1.6345985454860115 1749.0749557451281 286.6985786267108 1911.6572215277904 439.74255329581774 3.4079 2.7742 1.8309 42.0333888885423 7.057209024621756 -5.2988 -3.010969915553106 0
TRAILER 0.0 0 -2.3404873551658083 -85.43600107720951 24.240877593220088 234.48788377571722 206.5785703078748 3.5682 3.0012 10.9976 45.85250949364925 7.542412593308698 -5.2107 -3.0158723283577897 0
CAR 0.0 0 -1.7033700072800004 1736.8422672418478 400.5545845291342 1880.9721382410994 516.1695698182822 1.5064 1.8966 4.1132 34.46122811735122 6.18641240849138 -6.2711 -3.027719941514197 0
CAR 0.0 0 -0.9727312067459412 358.3941951543754 420.27603050822347 568.9338425911697 533.6641335143225 1.5195 1.8976 4.1014 15.557097028228894 30.512825804483697 -7.441 -1.7473622960181396 0
CAR 0.0 0 2.9923079955762404 1315.2179760637532 241.716227660055 1493.4712345824241 367.9977411934023 1.4987 1.9049 4.0972 28.02985314128249 -26.215022973508272 -6.4483 1.6343890336265965 0
CAR 0.0 0 2.995357314351332 1490.52046994849 270.8325294891586 1722.5761324766625 416.462805152004 1.5032 1.8952 4.1044 24.694161285560362 -28.727444853817634 -6.2698 1.634389033626596 0
CAR 0.0 0 3.0454876936223854 1840.882695692295 241.83260984031426 2152.6240207312753 385.50670309841337 1.4966 1.9946 4.6048 25.12707811833083 -36.86813709820823 -5.8821 1.6296117114002369 0
CAR 0.0 0 -1.076604627470142 221.64893502485836 339.1110284101936 388.87899960014533 414.89163652497683 1.4992 1.9014 4.0972 18.21486577825111 44.25721654139503 -7.3685 -1.759421345856444 0
CAR 0.0 0 -1.3099115862036768 98.73183578458577 362.4480176444818 285.33008914925415 446.41693360552216 1.5006 1.8984 4.1012 14.667935645368068 43.76996059335657 -7.5939 -1.755079248103253 0
VAN 0.0 0 2.0324110943661315 1385.3434188905046 469.4401180977872 1714.7030880315758 783.2271810252295 2.5328 2.5828 5.9969 20.154931564713465 7.459447646829073 -6.1644 0.8361536043386286 0
CAR 0.0 0 3.056620117326371 1809.952336760384 227.4976754480475 2051.296247142234 344.1937533138034 1.5038 1.895 4.1 28.86305614722532 -38.79665229910955 -6.353 1.6321307886544327 0
TRUCK 0.0 0 1.9546553374928508 891.1047781236393 -371.3414015913758 941.045075858329 -307.918294638624 1.8452 2.0012 2.6602 -68.0792 -9.03 -8.1752 0.02922435761566963 0
