CAR 0.0 0 2.934515071054358 1431.4752316723786 323.2199918595918 1707.6135127983391 514.7282618128718 1.551 1.9022 4.6956 21.442147316181877 -26.221428143487387 -6.4702 1.623546125928737 0
CAR 0.0 0 2.940752414400306 1352.3690965765513 213.48307114930924 1515.6269753416166 322.86893094061935 1.5 1.8998 4.0998 31.449629926804704 -28.402015959249656 -6.555 1.5540367973984677 0
CAR 0.0 0 2.9729864166964086 1786.1811584179006 319.59262160061013 2126.66168166252 494.05886807580424 1.5 2.037 4.3995 21.58937478841047 -33.27187090601784 -6.4402 1.6063940518724338 0
CAR 0.0 0 -1.0519514598174102 340.80885015913293 412.16231726333416 548.6248844404862 525.530187087838 1.5999 1.899 4.0996 15.650634468065432 31.5196975058261 -7.4486 -1.814376792617349 0
CAR 0.0 0 -1.0899572822030148 278.0307754773214 375.7750714493631 464.46593686552177 466.66556155386576 1.5 1.899 4.0996 16.859949742828526 37.45933448546944 -7.4503 -1.815035752896246 0
CAR 0.0 0 2.918383435969252 1345.4468298282782 238.94778014543118 1527.753109702708 364.535031140805 1.5 1.8998 4.0998 28.089609991339678 -26.93768532908538 -6.4052 1.55373295563943 0
CAR 0.0 0 2.994127292174297 1608.503659989628 203.36206631853676 1801.9897946729197 308.05653428421454 1.5 1.8998 4.0998 31.9515120267184 -35.45309326327656 -6.4191 1.5714874523490754 0
CAR 0.0 0 -1.3335051449720308 132.17125110021485 409.5882812156795 349.14064128016105 517.3705149587339 1.553 1.899 4.0996 12.876781961704353 36.231228129828125 -7.6325 -1.8150357528962455 0
CAR 0.0 0 -1.2491997719106278 180.78358941404238 456.3465330099231 430.63691284278997 595.5519755205198 1.6483 1.8736 4.0995 11.536626196898842 29.827268816219842 -7.5421 -1.7794770025999547 0
CAR 0.0 0 -1.4379252879904503 62.41772877482679 341.3843339639801 236.43046062679957 416.3664935476349 1.4996 1.899 4.0996 15.260369925866138 48.58026720145533 -7.6 -1.8150357528962455 0
CAR 0.0 0 -1.5807529843125827 1510.3007280471793 315.2224711198268 1621.475945451316 388.40664438957094 1.4954 1.9024 4.0993 43.90705854699007 14.191503325405378 -6.0972 -2.931490519625712 0
TRAILER 0.0 0 1.7047365751299228 405.17783855369737 -39.461704951047025 524.8753458034349 66.62322791127896 4.1525 3.0019 10.9977 78.73824472821751 3.8009805761634627 -4.8941 0.15668156196939406 0
VAN 0.0 0 3.018540000691977 2084.2821909314744 267.9810201254863 2599.686742312427 488.45807546315893 1.9996 2.198 5.9958 22.01438022381845 -40.625833723793804 -6.0941 1.6063940518724342 0
VAN 0.0 0 -1.2427661051293608 245.77072278259027 416.11211351470735 666.12987672898 937.9258565088107 2.008 2.2032 5.9814 13.036129044135766 -11.026692124811088 -5.3721 -1.8854760066652734 0
CAR 0.0 0 -1.6179556337843788 1615.6098226496674 339.7728204531226 1729.9096827940004 420.24586156010156 1.5018 1.9004 4.0996 43.22227221555416 10.91013241217416 -6.4196 -2.9663937196666668 0
CAR 0.0 0 -0.32838328380746007 1629.47384151782 545.3561209556664 2139.268760324968 898.2491137701554 1.4988 1.8988 4.4506 12.858903663305002 -25.031321930216407 -6.6137 -1.5329927633305043 0
PEDESTRIAN 0.0 0 2.7842402409867737 616.2029359408107 128.5043103458565 649.8464334549274 195.99231617353007 1.7 0.7049 0.6977 41.3725 -8.848 -6.0007 1.463938363012554 0
CAR 0.0 0 3.005180615504457 1803.9218754289134 269.5942605344842 2080.396285462075 408.2222438617457 1.496 1.899 4.1016 25.103620785842395 -35.95417415366482 -6.3787 1.6063940518724338 0
CAR 0.0 0 -2.9852269799162183 -406.6021827893854 312.0693236573995 -51.7917658715732 499.64972492118903 1.5312 1.8982 4.1041 22.89858506553982 2.025901423469782 -6.3594 -2.4878879262309934 0
CAR 0.0 0 -1.6204633324512823 1708.4934706482688 415.65959297156627 1863.8090192098682 541.3644278657875 1.4975 1.9044 4.1025 31.852519625928 6.23465047047171 -6.2146 -2.9314905196257124 0
CAR 0.0 0 2.176065510718371 1051.9068081385456 -770.326127746341 1205.4693385364592 -571.4123141877878 1.496 1.899 4.1016 -30.30016664366792 -7.889563401383862 -8.3294 0.07054068556718553 0
CAR 0.0 0 2.0370162536598606 961.2136677108258 -512.427767829971 1044.8253159482165 -410.9769606325359 1.496 1.899 4.1016 -46.518282988961175 -8.061296247566592 -8.355 0.03565157389656077 0
