CAR 0.0 0 3.014620821382917 1341.2625220718728 198.59837286457065 1511.605346382842 315.3225673673325 1.594 1.8966 4.5394 31.651849630934272 -28.238078734645857 -6.3337 1.6210677637018256 0
CAR 0.0 0 -1.2352624684565037 194.63873318642106 463.6538632702702 448.7174246609639 599.9428540355437 1.5196 1.8976 4.1761 11.612590321354881 29.2829961593288 -7.5683 -1.782856759787455 0
PEDESTRIAN 0.0 0 1.134626036282162 626.6150806377095 138.06545834108778 663.6385925856999 207.44847025650526 1.7 0.7848 0.6973 40.093607769867106 -9.323804843817573 -6.0576 -0.17496862750956493 0
TRUCK 0.0 0 -1.6085548150763935 1756.0924350890787 275.8559403829285 1907.8396469360978 417.8567304356432 3.4079 2.7742 1.8309 45.19587146262451 7.434881095156779 -5.2988 -2.9935192807144797 0
TRAILER 0.0 0 -2.09506102969033 -36.16739443566537 16.3876701974966 254.00746500443344 184.40075953331058 3.5682 3.0012 10.9976 48.93710404161412 7.994771783712073 -5.2107 -2.9984216935191634 0
CAR 0.0 0 -1.6820772469325693 1752.2303164100663 369.51587915398045 1879.208607445061 467.27631712403496 1.5064 1.8966 4.1132 39.37383652592174 6.7483792121903 -6.2711 -3.027719941514197 0
CAR 0.0 0 -0.9715740495466271 359.5444838699131 420.3105387611358 570.0103049600085 533.7098491269782 1.5195 1.8976 4.1014 15.572789756785431 30.49090881081292 -7.441 -1.7473622960181396 0
CAR 0.0 0 2.9924566746377854 1315.910912174011 241.67092475037646 1494.2409251411746 367.9219880038005 1.4987 1.9049 4.0972 28.03391952469885 -26.232691944595565 -6.4483 1.6343890336265965 0
CAR 0.0 0 2.9957458843337985 1492.21470813223 270.62328573523143 1724.3992489759223 416.11460773030785 1.5032 1.8952 4.1044 24.709857970366926 -28.771428569672022 -6.2698 1.634389033626596 0
CAR 0.0 0 3.0455689873131604 1841.7893686859875 241.82643178132975 2153.679923439421 385.48668764414793 1.4966 1.9946 4.6048 25.127348042597507 -36.889194972160944 -5.8821 1.6296117114002369 0
CAR 0.0 0 -1.0882062715905438 209.61039996297433 331.66133922725896 372.45280387278893 404.3264684068369 1.4992 1.9014 4.0972 18.567527548684367 46.00835059927268 -7.3685 -1.759421345856444 0
CAR 0.0 0 -1.3098707822712767 98.75438253180889 362.4552554685792 285.35612560843373 446.42724762061164 1.5006 1.8984 4.1012 14.667940469281206 43.7682560560781 -7.5939 -1.755079248103253 0
VAN 0.0 0 -0.3242246980155925 -1502.0855679009376 405.85922935620204 -384.7862139982604 922.756148478743 2.5328 2.5828 5.9969 15.445817936918743 3.019152907644057 -6.1644 0.6092808355281463 0
CAR 0.0 0 -1.2772416345940099 146.4890381521381 408.7651927219281 361.1392979899441 513.755943987356 1.5018 1.9002 4.0982 13.155099917526824 36.14249968260323 -7.6157 -1.7828567597874547 0
