CAR 0.0 0 3.0034777861643045 1340.533649297671 199.22450087757034 1511.1831344058203 316.30621848687105 1.594 1.8966 4.5394 31.576034967979638 -28.19081661124394 -6.3337 1.6105393675152717 0
CAR 0.0 0 -1.1758333210337801 202.39407677037565 462.47514919606476 454.90529752292736 598.0511875622939 1.5196 1.8976 4.1761 11.756241910862176 29.2785937769687 -7.5683 -1.7342843053404915 0
PEDESTRIAN 0.0 0 1.7342261065682558 630.6738045498711 138.81670671051023 667.62911498659 208.38063416973455 1.7 0.7848 0.6973 39.97020642692084 -9.447373484641204 -6.0576 0.4242919206872831 0
TRUCK 0.0 0 -1.6427852170204906 1769.0830018338452 261.32301883517374 1906.4267731042023 388.70223040193844 3.4079 2.7742 1.8309 50.29732527977806 7.946227728067555 -5.2988 -3.0395974269518478 0
TRAILER 0.0 0 -1.8066116205249432 75.60128905804537 1.1322996419604765 307.6882955841627 142.51050808183135 3.5682 3.0012 10.9976 56.271948611649684 8.470509477001114 -5.2107 -3.052921796683383 0
CAR 0.0 0 -1.6857239358799336 1765.8105172426656 343.0741300062926 1878.385969795353 426.70677181503265 1.5064 1.8966 4.1132 44.658231016712506 7.336352458940807 -6.2711 -3.0493759430220515 0
CAR 0.0 0 -0.9416491852214539 358.89730338754146 420.30605118609685 569.4145629435178 533.7067876126771 1.5195 1.8976 4.1014 15.563178399407137 30.501686726631483 -7.441 -1.7167726053114256 0
CAR 0.0 0 2.9456139034379594 1314.8819236927932 242.1746582178648 1493.3610065193593 368.7045690021138 1.4987 1.9049 4.0972 27.98667750723636 -26.1919369699574 -6.4483 1.5881233509515706 0
CAR 0.0 0 -1.3472138944872518 67.76612957844718 356.5578500541581 255.2835854000051 439.80636671757804 1.5196 1.8976 4.1284 14.29913451551646 44.96325159273886 -7.532 -1.7342843053404915 0
CAR 0.0 0 2.973547457843333 1513.7593777939996 267.78474387913207 1747.4100535978973 411.41117670699873 1.5032 1.8952 4.1044 24.92552838229189 -29.34296044030341 -6.2698 1.6071949858009207 0
CAR 0.0 0 -1.6782460991340091 1566.0061060880826 366.1739244252644 1712.338454791709 477.729951340247 1.6286 1.9033 4.096 33.65240934861406 9.610512830369858 -5.8659 -2.998848718283731 0
CAR 0.0 0 2.156924168313669 1073.7496568851088 -809.5129091653941 1246.178938070757 -584.491759296621 1.7 2.0361 3.853 -28.87476464635243 -7.641134221309988 -8.2722 0.04689157397375113 0
CAR 0.0 0 5.00226792997999 1203.4389365731952 -417.1810804989644 1294.077121355551 -341.4756290527052 1.499 1.9016 4.112 -54.77077088606983 1.9867775667823222 -7.9597 3.1371435214583197 0
CAR 0.0 0 -1.2733162913659308 1361.2331892342033 -465.05770116929295 1480.180929282383 -375.4169726182065 1.5038 1.8956 4.1518 -48.79063213744156 5.786124257466528 -8.2426 -3.131038877818941 0
CAR 0.0 0 -1.6555524285965875 1543.9150465829646 302.02213879926666 1642.2976346176215 366.09270769392043 1.5026 1.902 4.1038 50.01207290251698 14.999016929684377 -6.3397 -3.0203957641892134 0
TRUCK 0.0 0 1.868725016665158 915.0169356741246 -312.5298664381104 972.1028480236919 -232.11186607948494 3.4461 3.0048 1.739 -85.1889 -6.2292 -7.3737 0.01727821534683585 0
