CAR 0.0 0 2.7246302199319166 1775.5485320306145 300.8477353375148 2172.8746067406896 486.2001975533274 1.5023 1.898 4.937 13.852510858944475 -24.866105018461578 -6.5925 1.3488135988365393 0
CAR 0.0 0 2.6565738999812467 1319.266148604515 234.95756318992926 1534.3092537017333 363.23830835056884 1.5177 1.898 4.0963 21.952766958524425 -20.00905238985709 -6.7131 1.2910181249559247 0
CAR 0.0 0 2.655969809064817 1406.1880382993074 311.8293860053421 1743.2772123461343 511.1018285852922 1.5541 1.898 4.9169 15.674279507955745 -17.648868717302097 -6.7043 1.3385813619489222 0
CAR 0.0 0 -1.4707031604068748 211.25984269388522 440.78888482029515 436.55387762346 578.4871616905937 1.6474 1.9008 4.0966 22.152798188703677 38.97739839266569 -8.1942 -2.043220920331697 0
CAR 0.0 0 2.7209821207042983 1587.8161664167312 198.4770677388842 1811.375397688907 301.8956191792901 1.396 1.8974 4.3588 23.236565018491195 -29.460542423087798 -6.6116 1.2953621165572875 0
CAR 0.0 0 -1.3035675190032174 350.299400697981 399.5791702776348 535.6002503062426 514.69827156476 1.6474 1.9008 4.0966 26.365039047069416 39.54607125487995 -8.1431 -2.078132818304195 0
TRAILER 0.0 0 0.3812620373289698 271.22366786734153 73.05763439927148 508.6472332757386 405.6538831423901 4.11 3.0032 11.0896 29.9984881702075 0.019495001094611553 -5.5143 -0.6789282530497306 0
TRUCK 0.0 0 1.2902972833823412 438.9941457775599 67.89902129695353 610.0142442850274 279.65285493305515 3.9074 3.0032 5.6574 35.31940829546977 -3.0044822571691663 -5.6171 0.02850869127378722 0
VAN 0.0 0 4.363873215802946 1689.1387048156594 280.3678417214754 1815.0787799550928 391.3422781723648 2.3536 2.2034 4.7012 47.660469412734535 8.294215930899362 -5.6925 2.981374829953033 0
VAN 0.0 0 2.785689953612687 2086.632426410316 249.77975795301296 2629.7924303578607 465.1140805221614 1.9972 2.1978 5.9954 12.287715227943888 -32.58411789089488 -6.1821 1.3630240930533906 0
CAR 0.0 0 2.763223964629865 1718.8860819651482 255.83992326655337 2009.5872421847698 396.3055952163719 1.4974 1.8977 4.0982 16.98805437728604 -26.55837774043818 -6.4838 1.3642834977290486 0
CAR 0.0 0 4.368157506723518 1712.2781407291293 294.583275700666 1800.3727655293424 359.2597835287449 1.5036 1.8952 4.097 56.65277174193605 6.578196769526314 -6.6445 2.9809770159290045 0
VAN 0.0 0 4.398728421801113 1642.919993861082 420.2620387132394 1856.0824035882645 660.5931614621899 2.5368 2.1676 5.7104 28.978401485724206 11.03608663950726 -6.6447 3.1247385419212126 0
CAR 0.0 0 4.368045326815839 1721.0951025213972 268.13364679230966 1797.751793867806 322.0945924383795 1.5128 1.9018 4.1024 65.66464597969663 5.111712538906178 -6.5594 2.9631082532858892 0
CAR 0.0 0 4.303066936433538 1480.3694425881981 320.83360555147743 1552.3510988990358 394.148806608376 1.5022 1.9049 4.1038 48.771338612074395 14.658214728196118 -7.16 2.9631096288826786 0
PEDESTRIAN 0.0 0 2.6608040463549583 625.2570304878263 131.23165940666416 661.8423687194047 201.19620951853133 1.7526 0.7308 0.855 39.79614943939535 -6.68115300813334 -6.4758 1.3421832397425082 0
CAR 0.0 0 4.220217240546954 1650.0267128435669 387.57149042196767 1767.3707927289934 495.5820936900276 1.4954 1.7998 4.3147 38.5137063875289 10.314408506555322 -7.0466 2.901525931352486 0
