CAR 0.0 0 2.7227509135660926 1326.7984736631986 190.24062069926393 1533.4901572518609 312.80465701078987 1.7194 1.8964 4.5202 24.898646733879502 -22.530975140016004 -6.5435 1.324575043943814 0
PEDESTRIAN 0.0 0 3.5142415431778864 647.4131430668734 138.2950074347041 682.0849134227441 206.55860651242432 1.7 0.6968 0.7192 38.868746536400344 -7.119596642158962 -6.5112 2.1967451706389425 0
TRUCK 0.0 0 4.389607866548017 1702.7923607267076 258.12590736657893 1837.1075630705063 381.8148767312447 3.487 2.935 2.072 53.052240838763225 6.8844466351016 -5.9211 2.996917376801119 0
CAR 0.0 0 2.6680511779428433 1279.1587671259688 232.9699018971382 1489.9877079937376 361.01013610110766 1.504 1.9011 4.104 22.21935482710819 -19.102515882370763 -6.6643 1.307121847478894 0
CAR 0.0 0 -1.4899938999575526 220.79738731111348 452.1811827168556 446.6826689430435 586.0956547313069 1.5003 1.9029 4.0972 21.939561846031715 38.4838864168821 -8.2755 -2.067370310837955 0
CAR 0.0 0 -1.2656328956236624 389.199640829418 413.1875126066692 571.2458981088336 524.7804095972481 1.4969 1.8793 4.0996 26.3603220235815 38.39371064286525 -8.2924 -2.067370310837955 0
CAR 0.0 0 2.689730518886905 1484.7929116005907 238.0487657422142 1760.9681528541664 385.62891280209686 1.498 1.8978 4.2058 18.013082038518395 -21.070635572585193 -6.0071 1.3071218474788946 0
PEDESTRIAN 0.0 0 1.340046875440057 632.4767408098605 140.9329911954578 667.8064656710379 210.14361890611906 1.7 0.6974 0.7026 38.40470820905679 -6.62467467915963 -6.4943 0.032453203031635944 0
CAR 0.0 0 4.382769444184975 1722.2940938826382 334.8623468079758 1830.5466581320766 417.1242821284219 1.5032 1.8996 4.0986 47.38335793230914 7.429215166717791 -6.7781 3.0199979204338043 0
TRAILER 0.0 0 4.403721433545566 1698.1468801959784 220.62091350953438 1851.0276215367694 368.4791334707511 4.117 3.002 6.0508 56.75576440578632 6.363479969800039 -5.4223 2.995539632768037 0
CAR 0.0 0 2.772528067566399 2075.856881562952 215.2001895284252 2409.817096611947 346.5138840443891 1.4956 1.9016 4.1016 14.935777155217682 -34.49798488772305 -5.6954 1.3251734383817761 0
VAN 0.0 0 -0.368068567644674 2818.876750518818 402.70019396341047 3767.4633904302486 722.247795852476 1.8784 2.1996 5.9972 3.6704471713209865 -37.1644802896932 -6.9284 -1.772035088766517 0
CAR 0.0 0 -1.3965984722199836 193.28335081928626 301.4134963734231 333.3730086602024 366.5987708178257 1.501 1.901 4.1044 36.24653059502993 57.021231752703 -8.2531 -2.067370310837955 0
