CAR 0.0 0 2.7244693092233536 1777.5075731717461 301.4598734714055 2175.956499350684 487.2654350941361 1.5023 1.898 4.937 13.808785416511224 -24.86337056845102 -6.5925 1.3488135988365393 0
CAR 0.0 0 2.656408857551617 1320.686494667248 235.43019538511533 1536.2565130308544 363.96912087408003 1.5177 1.898 4.0963 21.903052993135763 -20.011618093112233 -6.7131 1.2910181249559243 0
CAR 0.0 0 2.6559707429528614 1406.1857547358627 311.82760686286707 1743.2726487423934 511.09864342102173 1.5541 1.898 4.9169 15.67438901663063 -17.648906563022635 -6.7043 1.3385813619489222 0
CAR 0.0 0 -1.4706504289275428 211.32429545844224 440.83448229001385 436.6374469478308 578.5575809534411 1.6474 1.9008 4.0966 22.150547115899847 38.97282152662009 -8.1942 -2.043220920331697 0
CAR 0.0 0 2.7210949857266717 1589.5121191518172 198.5383568105414 1813.2933549315128 301.9714723893699 1.396 1.8974 4.3588 23.217623089257458 -29.49954047465223 -6.6116 1.2953621165572875 0
CAR 0.0 0 -1.3037333619535922 349.8618588889871 399.2893100159581 535.050079959934 514.2637057544438 1.6474 1.9008 4.0966 26.384677334560468 39.57996448687399 -8.1431 -2.078132818304195 0
TRAILER 0.0 0 0.6057892702444352 306.5062710188547 67.07482009620487 528.4235772894402 381.46503427229317 4.11 3.0032 11.0896 31.205911548791512 -0.4449283866930127 -5.5143 -0.5044025566235832 0
TRUCK 0.0 0 1.3012174106869945 433.76240734824955 62.61136121791592 598.9841663162131 266.6600057058546 3.9074 3.0032 5.6574 36.622396483972224 -2.927466515088364 -5.6171 0.028508691273787218 0
VAN 0.0 0 4.361428586730016 1695.887379528916 284.38951072022564 1826.0831334304075 398.5571744872986 2.3536 2.2034 4.7012 46.66886906608797 8.212642982841102 -5.6925 2.9810367679284973 0
VAN 0.0 0 2.785875948224308 2087.312012398921 249.53296409613608 2630.0707664978345 464.59034994300765 1.9972 2.1978 5.9954 12.2977801438438 -32.62401715340055 -6.1821 1.3630240930533906 0
CAR 0.0 0 2.7607175095189445 1697.078138795834 256.3405584888777 1985.6670570124595 397.3950447713149 1.4974 1.8977 4.0982 17.094954926001005 -26.04737898221994 -6.4838 1.3642834977290486 0
CAR 0.0 0 4.34876361183202 1708.4264328398667 296.9257386956146 1797.3764111625671 362.7229618023484 1.5036 1.8952 4.097 55.83886031954064 6.809919203038602 -6.6445 2.9635237234090614 0
VAN 0.0 0 -1.823471842018179 1649.6298652947019 434.2874931267827 1877.173908268378 691.0748700270179 2.5368 2.1676 5.7104 27.70226821142063 11.020833311276967 -6.6447 -3.0883417057240847 0
CAR 0.0 0 4.366525323150002 1720.8225792169108 270.44819120400433 1798.6633680210919 325.4201323412894 1.5128 1.9018 4.1024 64.69125899945314 5.249605266069159 -6.5594 2.9631082532858892 0
CAR 0.0 0 4.3028156585911566 1478.5624579809214 320.8182382122144 1550.5038517857558 394.1435361056244 1.5022 1.9049 4.1038 48.74253591304258 14.71283861993315 -7.16 2.9631096288826786 0
PEDESTRIAN 0.0 0 2.660421314359984 624.6397271004639 131.3222348242899 661.2490030848534 201.31922667954086 1.7526 0.7308 0.855 39.7833909418667 -6.661530165105019 -6.4758 1.3421832397425082 0
CAR 0.0 0 4.215213625859754 1651.3264006630366 395.41413128217465 1772.646113492818 507.8590762960093 1.4954 1.7998 4.3147 37.427678929398134 10.380691301195794 -7.0466 2.901525931352486 0
CAR 0.0 0 2.6873171033905887 1324.1199869074098 202.306711739851 1515.8448519301487 311.9148589119047 1.4974 1.8976 4.0982 24.9055 -22.3032 -6.6735 1.2944598052176606 0
