TRUCK 0.0 0 1.6624683530813957 401.0924140165448 -11.025290475369335 492.52096764307026 89.3103417106256 4.019 2.916 2.729 70.72412777946052 3.129062852600438 -5.5219 0.1770991263252167 0
CAR 0.0 0 3.0036723061277035 1338.1777854705927 198.60591293003984 1508.0733675237584 315.36365533578794 1.594 1.8966 4.5394 31.650991970116678 -28.156757255858047 -6.3337 1.6105393675152717 0
CAR 0.0 0 -1.1755019352313911 202.57645562768968 462.3264799691679 454.9661503854529 597.817583208699 1.5196 1.8976 4.1761 11.763887619936865 29.28926551385214 -7.5683 -1.7342789932111524 0
CAR 0.0 0 1.6227030463192824 420.15182458891684 3.230532231080028 476.5458571970208 44.98463332042315 1.8149 1.9014 4.1022 85.97244109219184 6.7683625437410075 -6.1082 0.10470072598036383 0
VAN 0.0 0 2.0467913898971464 1212.6011442432552 -810.6616139173622 1472.6142248136932 -486.70951773279455 2.6198 2.2122 6.0322 -28.782437693242766 -4.381504452700135 -7.5887 0.031140035998307912 0
CAR 0.0 0 -1.8739421701257932 1328.754055205861 549.241398982759 1587.0663127541052 775.7243050617055 1.499 1.9016 4.112 17.581640183934507 7.970395692866628 -6.2283 -3.0233332519838063 0
PEDESTRIAN 0.0 0 1.7332735341628032 629.2896012694438 139.08292238832402 666.3440320897903 208.72717575499124 1.7 0.7848 0.6973 39.92480928254074 -9.415641865343902 -6.0576 0.4242919206872831 0
TRUCK 0.0 0 -1.6428711413874981 1768.7436048360844 261.395784485637 1906.153616920728 388.851696649958 3.4079 2.7742 1.8309 50.26184210712429 7.950010802756158 -5.2988 -3.0395974269518478 0
TRAILER 0.0 0 -1.8075978281359897 74.94152420452697 1.1459200490818684 307.21532376642 142.56003276467555 3.5682 3.0012 10.9976 56.26146744600778 8.486093455485046 -5.2107 -3.052921796683383 0
CAR 0.0 0 -1.6855675645409611 1767.3889151370272 343.10096112802097 1879.9113465544701 426.7374893073265 1.5064 1.8966 4.1132 44.68607264507735 7.301849890902959 -6.2711 -3.0493759430220515 0
CAR 0.0 0 -0.9088034598107733 357.0976924009165 420.44871861742917 567.8609616465467 533.9337930382427 1.5195 1.8976 4.1014 15.52834016621466 30.51550969577179 -7.441 -1.6819270272704947 0
CAR 0.0 0 4.884314954669815 1092.1411112525761 -281.2254839819847 1136.299329583901 -244.86578016662773 1.5034 1.8968 4.0982 -96.19583433706691 5.762286899597365 -8.2291 3.081900071005257 0
CAR 0.0 0 2.9458692940376725 1316.2643061069834 242.135243493213 1494.9275746293672 368.6316428089327 1.4987 1.9049 4.0972 27.989957547105245 -26.225437454386466 -6.4483 1.5881233509515706 0
CAR 0.0 0 -1.2755895516380902 116.05026329651069 404.160588381299 331.83367534775977 508.36361176126115 1.5196 1.8976 4.1284 12.85003735940143 37.11893926267932 -7.6049 -1.7342843053404915 0
TRAILER 0.0 0 1.5601875567502266 390.2883385415165 60.63649686079343 508.85345177567507 114.62255600569041 1.2972 3.2042 7.6122 66.31523931549854 2.125094927999426 -7.0427 0.17915388867624044 0
BICYCLE 0.0 0 1.7500002412066957 851.5089778598607 221.03801692168523 889.7749494358128 312.33143623176704 1.7402 0.8236 1.4456 32.634687885740135 -15.280876153817127 -6.8021 0.47570316638641924 0
CAR 0.0 0 -1.6817143479312848 1587.1536231870446 359.09200552906316 1715.8320583448738 451.7874342883948 1.4986 1.895 4.0984 38.047904243630384 10.301660424398532 -6.2699 -3.0130775779322945 0
CAR 0.0 0 -1.7204893091853222 1372.9837426864417 371.74668773771975 1518.1445380716655 472.13133416917856 1.5038 1.8954 4.152 32.58943154546216 13.747665289632868 -6.3408 -3.0089030420877094 0
CAR 0.0 0 4.9827062769409975 1225.2126239541758 -382.7769394534682 1304.4534096150987 -319.8328848172482 1.498 1.8954 4.1042 -63.16487665305997 5.191879870244484 -8.3635 3.141428118190829 0
CAR 0.0 0 -1.4419088294453295 30.73202228138374 299.11794844342126 179.1744318639105 358.7742630805787 1.5196 1.8976 4.1284 17.611911026158847 59.35954925280897 -7.532 -1.7517376108074119 0
CAR 0.0 0 3.0643624307389388 2489.9847346185957 244.9924877153734 2844.132235608388 366.62512323718295 1.5032 1.8952 4.1044 26.527935269845045 -54.24196455225318 -6.2698 1.6071949858009207 0
CAR 0.0 0 4.863028694314637 1039.2475205983137 -280.111156085053 1074.2610431682867 -249.21374575073557 1.5034 1.8968 4.0982 -114.2824 5.0097 -9.8725 3.0469927222473094 0
CAR 0.0 0 -1.217091348462114 1387.973129976565 -583.3102164754881 1545.4146624021816 -455.67301500700876 1.496 1.899 4.103 -38.72759469589108 2.6068166080011475 -8.3985 -3.1273049186527997 0
CAR 0.0 0 -1.6501002650766345 1668.0346035903233 286.45292966088556 1755.4544810812627 343.98929645006905 1.4994 1.9016 4.0998 57.404703475829024 12.73331906711946 -6.2208 -3.0393757420720453 0
