CAR 0.0 0 2.9352971745352483 1429.9679950580478 323.4493692479078 1705.9511361049504 515.140131355301 1.551 1.9022 4.6956 21.428920189980087 -26.186672897446208 -6.4702 1.624770918866233 0
CAR 0.0 0 2.963645813189575 1352.9883735198691 213.70589971202475 1516.4607943677831 323.1970175972815 1.5 1.8998 4.0998 31.423997208382552 -28.408424295614 -6.555 1.5770240091038403 0
CAR 0.0 0 2.9973637613796367 1792.3422645588232 317.94619633820355 2132.3761164486696 491.26468376669413 1.5 2.037 4.3995 21.690308157774673 -33.46815635319295 -6.4402 1.6290845723854455 0
CAR 0.0 0 -1.0435626484744334 344.4406215040087 411.5561399190188 551.5479689756783 524.5860477257012 1.5999 1.899 4.0996 15.740016780186199 31.527360467268466 -7.4486 -1.8104714429084878 0
CAR 0.0 0 -1.0863551122262085 277.23795510653474 375.72306409056984 463.69651616168375 466.5936608906793 1.5 1.899 4.0996 16.84911010237276 37.4814292916549 -7.4503 -1.8104606373881729 0
CAR 0.0 0 2.924081277388315 1346.6348755491158 239.3565691004296 1529.3733116235999 365.15248721169934 1.5 1.8998 4.0998 28.050213025950068 -26.95088638866235 -6.4052 1.5595760351837658 0
CAR 0.0 0 3.017153993396004 1607.6766523054894 203.21407963258508 1800.9507589414277 307.84243230532485 1.5 1.8998 4.0998 31.969668406653927 -35.44075697632363 -6.4191 1.5944905815285024 0
CAR 0.0 0 -1.3159297180539546 129.6201381158644 409.44519159363387 346.6973993888762 517.1705595474008 1.553 1.899 4.0996 12.842643951527933 36.29140214422843 -7.6325 -1.7933414657269229 0
CAR 0.0 0 -1.2580427445949878 184.21332697910142 455.7227005795721 433.3028695095271 594.5484238566054 1.6483 1.8736 4.0995 11.604297087995368 29.835991197316037 -7.5421 -1.7933253174713948 0
TRUCK 0.0 0 0.23553655445487998 294.7724047397307 119.48936790623925 597.9821127486174 454.7523396074826 4.083 2.9959 5.8323 24.783065589698477 -8.136802075018865 -4.9879 -0.8028193440464437 0
CAR 0.0 0 -1.4142775353070587 55.08052377133559 341.58721616640923 229.72266176966772 416.69062352025884 1.4996 1.899 4.0996 15.095779500403937 48.68890092697783 -7.6 -1.7749669233050611 0
CAR 0.0 0 -1.6770018609610347 1511.6158449288953 315.1400619984287 1622.691177301198 388.27569813018476 1.4954 1.9024 4.0993 43.95688922009536 14.167875249780332 -6.0972 -3.0279752999934297 0
TRAILER 0.0 0 -1.5727864704033008 -322.8406131715259 92.37288634490363 318.9112308449633 538.9947147435647 4.1525 3.0019 10.9977 24.51145311142284 -2.054185453887161 -4.8941 -1.7301964410278625 0
PEDESTRIAN 0.0 0 2.8545510836731784 616.7550580122067 126.20693049068372 650.4346091832189 195.1406657149205 1.7322 0.6996 0.7164 41.32187734420829 -8.87508437264685 -5.9497 1.5316807742695877 0
VAN 0.0 0 3.031113378552714 2121.018039967421 264.7513511800312 2639.6610364545354 481.4617890734221 1.9996 2.198 5.9958 22.248436044260295 -41.667374977338895 -6.0941 1.6143678534163548 0
VAN 0.0 0 -1.6435962429044453 1772.7588484005485 271.89188167077737 1890.0979008097886 358.9591553812605 2.008 2.2032 5.9814 53.73215448603078 8.478424949973403 -5.3721 -3.045124050803461 0
CAR 0.0 0 3.0340924256411843 2014.3045525137948 260.1810144590024 2310.5167069863433 390.319233784518 1.4978 1.9028 4.0956 26.03227006358462 -41.687894622988395 -6.4348 1.6119305876840413 0
CAR 0.0 0 -1.6778940986289832 1629.3738101545398 339.9243978506845 1743.1854963796081 420.3892727201286 1.5018 1.9004 4.0996 43.490221345174966 10.603685607700282 -6.4196 -3.0279752999934297 0
VAN 0.0 0 -1.7160819513657517 1710.0329414865741 360.4307421189498 1888.2949747446874 524.4126591482772 2.3712 2.209 6.002 35.600645015980824 6.548997802636837 -6.1021 -3.0490160188445588 0
