TRUCK 0.0 0 1.4544432381172823 331.542215019371 46.51878946758248 479.68222267594007 204.25889073709496 4.019 2.916 2.729 44.68460450465707 -1.8569697993476737 -5.5219 0.1770991263252167 0
CAR 0.0 0 -1.9391184119908584 1007.579496764301 566.3197549098663 1282.9286385987696 792.1656174492092 1.5064 1.8967 4.1131 15.001772873136634 11.433446622234591 -6.6461 -2.9796581395269364 0
CAR 0.0 0 3.003433222576681 1337.3491597524526 198.76005452093239 1507.2246944123226 315.61195065025163 1.594 1.8966 4.5394 31.632315151205635 -28.128120275315805 -6.3337 1.6105393675152717 0
CAR 0.0 0 4.935908298673644 1096.2530087158668 -280.35322703807316 1138.806254046307 -245.45245661596581 1.5034 1.8968 4.0982 -100.25104866101448 6.809216147435596 -8.5994 3.134259445184084 0
CAR 0.0 0 -1.144692729030076 199.5779732876269 462.6181473302459 452.4579614364386 598.2920289316602 1.5196 1.8976 4.1761 11.713922911222191 29.305583189486747 -7.5683 -1.699377694422411 0
CAR 0.0 0 -0.9790994725770257 299.9493335636424 391.134527872024 496.5552851790168 490.37034061586974 1.5196 1.8976 4.1284 16.265152396322726 34.8768071115255 -7.4472 -1.7168283486647578 0
CAR 0.0 0 -1.8574143287825668 1295.1401071380226 578.0760071820497 1557.7069464859037 813.2333255446945 1.5011 1.8966 4.1043 17.02182977011381 8.150410880538042 -6.5801 -2.9796581395269364 0
CAR 0.0 0 1.5124938115823021 372.31446507455223 39.79631066113353 450.1012366238406 97.12569577108053 1.8149 1.9014 4.1022 64.58007714991092 3.2900545110471917 -6.1082 0.10470072598036383 0
CAR 0.0 0 1.645273846470998 426.40134972457616 6.763543106444146 480.15127982536853 41.651175830204416 1.5064 1.8966 4.1132 88.15524761879716 7.031484330525901 -6.2904 0.12710228116912003 0
VAN 0.0 0 1.987627456645627 1074.989303077269 -561.8037089108309 1215.9718580390734 -376.22394768066977 2.6198 2.2122 6.0322 -41.58418678751459 -4.933712934809224 -7.5887 0.03114003599830792 0
CAR 0.0 0 -1.6919115291625368 1585.3287107222727 357.5386578096925 1714.5673403468795 450.2762591521314 1.499 1.9016 4.112 38.003896372861135 10.336393430111196 -6.2283 -3.0239424248893574 0
PEDESTRIAN 0.0 0 1.7337553010988964 628.7720797117968 138.6593617160092 665.787701429177 208.19144450661747 1.7 0.7848 0.6973 39.99530964414166 -9.39342862535841 -6.0576 0.4242919206872831 0
TRUCK 0.0 0 -1.642776397156252 1769.4748526560045 261.3635525735451 1906.8678516852467 388.77668414966615 3.4079 2.7742 1.8309 50.29300756857004 7.934340134586872 -5.2988 -3.0395974269518478 0
TRAILER 0.0 0 -1.8067795613345854 75.49785830330985 1.1367101701118691 307.6182786209069 142.52399792719046 3.5682 3.0012 10.9976 56.26914585712343 8.472411421641729 -5.2107 -3.052921796683383 0
CAR 0.0 0 -1.685694375592984 1767.2595791983858 343.2823942192668 1879.8816018968384 427.0127762092102 1.5064 1.8966 4.1132 44.64471438524226 7.298151473053699 -6.2711 -3.0493759430220515 0
CAR 0.0 0 -0.9429128960692172 357.84257981071835 420.42843026047143 568.5297246435845 533.8986753540722 1.5195 1.8976 4.1014 15.540727154638779 30.50575869392931 -7.441 -1.7168283486647578 0
CAR 0.0 0 -1.2952240954381888 1205.5259084586717 -368.2759132738048 1280.151292573303 -308.60839896183074 1.5034 1.8968 4.0982 -65.5594237400069 4.990057505314089 -8.2291 -3.131473176424989 0
CAR 0.0 0 2.94556533149533 1315.0990036567223 242.27717994844812 1493.6725664509236 368.8600495629409 1.4987 1.9049 4.0972 27.976945652030967 -26.19358442503266 -6.4483 1.5881233509515706 0
CAR 0.0 0 -1.3134246798900369 77.98363738664557 366.1054958102315 269.7202805312313 452.6513320968095 1.5196 1.8976 4.1284 14.080913287417921 43.51706640335104 -7.6049 -1.7168309998735665 0
TRAILER 0.0 0 1.2656208992272302 294.4513199743799 160.1007643935136 497.7827479819473 268.2451891927571 1.2972 3.2042 7.6122 40.15442562562074 -2.6800381110515126 -7.0427 0.17919631084624332 0
BICYCLE 0.0 0 1.5335216772874145 1055.0774169426554 401.2675642154281 1134.9044688012589 547.5450338687257 1.7402 0.8236 1.4456 19.98725996905037 -18.14060120144231 -6.8021 0.3709978950934095 0
CAR 0.0 0 4.886829167716632 1036.5366219124012 -265.4398419527322 1069.1467028620707 -237.09911584968336 1.5034 1.8968 4.0982 -121.779 5.9767 -9.6676 3.081900071005257 0
CAR 0.0 0 -1.6273353830233068 1665.8264455378448 290.71536959774534 1754.6357074332586 349.5915917487553 1.4986 1.895 4.0984 56.3199487107714 12.559139179266847 -6.2699 -3.0136867508378455 0
CAR 0.0 0 -1.6380030065468898 1585.9510392863128 275.0211701424351 1668.5578084831086 327.2086573799458 1.5038 1.8954 4.152 60.30687554717126 16.449344474450413 -6.3408 -3.0263469084509356 0
CAR 0.0 0 5.024074807261907 1566.9501387021585 -606.8874271963899 1759.4897710807584 -469.2495089769366 1.498 1.8954 4.1042 -36.330145775069916 6.3545916699960046 -8.3635 3.141428118190829 0
