CAR 0.0 0 2.727884971664528 1776.190128840248 301.9251064609801 2175.011336948687 488.11897286412096 1.5023 1.898 4.937 13.792511477548954 -24.807224592325923 -6.5925 1.352655634908364 0
CAR 0.0 0 2.665915787132902 1320.5904296786707 235.11753915658664 1535.9091484102203 363.47566562041686 1.5177 1.898 4.0963 21.930379388397704 -20.028977681935977 -6.7131 1.300287801406882 0
CAR 0.0 0 2.6705584982926336 1408.0834206239986 311.5809401300798 1745.2700969702757 510.6219585811503 1.5541 1.898 4.9169 15.676973772945582 -17.69424893997067 -6.7043 1.3526556349083636 0
CAR 0.0 0 -1.5321645863140585 216.79943633118867 440.63153996262133 441.2739247070179 578.1849399949671 1.6474 1.9008 4.0966 22.2131 38.8926 -8.1942 -2.112005731420875 0
CAR 0.0 0 2.7267326004682095 1590.5295499365889 198.5138310312963 1814.3877885107074 301.9225554552405 1.396 1.8974 4.3588 23.212644049825787 -29.529505126133408 -6.6116 1.3008901068240033 0
CAR 0.0 0 -1.3268414785366178 359.6630084705332 398.8665097317 543.4696223044197 513.5281019478267 1.6474 1.9008 4.0966 26.526278617398113 39.42059514845131 -8.1431 -2.112005731420875 0
TRAILER 0.0 0 4.447342163971692 1666.9224735243222 220.00889669504798 1844.9373792591705 392.4535083266276 4.11 3.0032 11.0896 55.03490501785805 7.364007725653852 -5.5143 3.0458113162218337 0
PEDESTRIAN 0.0 0 2.8039285102177414 781.584416727107 111.29143649775057 814.2945050325311 176.54955806350293 1.7 0.6968 0.9282 40.19069064179714 -11.444786717079223 -6.1004 1.4111268072147432 0
VAN 0.0 0 4.391401627184051 1734.4885008079832 247.33373556500854 1822.5539907016955 314.6406425567748 1.9994999999999994 2.0167 6.000200000000007 69.44227805469576 3.879802399197519 -6.3098 2.9767344146944934 0
CAR 0.0 0 4.273632600264535 1496.7742272917699 317.67348206225023 1565.5378526864613 387.0323682990518 1.5021 1.9038 4.0982 51.34578444049075 14.140262676013716 -7.3727 2.9284830667030453 0
