CAR 0.0 0 2.935284511971377 1431.436595106837 323.8210259975467 1708.0494012641707 515.7619551804513 1.551 1.9022 4.6956 21.40525156059029 -26.204559864802093 -6.4702 1.6247709188662327 0
CAR 0.0 0 2.963602594008192 1352.8830682908313 213.74189877879397 1516.3630295519329 323.25174838273864 1.5 1.8998 4.0998 31.419889139354826 -28.40412020996951 -6.555 1.5770240091038403 0
CAR 0.0 0 2.996845591569852 1790.3855177955172 318.4417248350413 2130.53502058616 492.10634150618887 1.5 2.037 4.3995 21.65989705712803 -33.40686330581172 -6.4402 1.6290845723854452 0
CAR 0.0 0 -1.0442063938137929 343.91437241261144 411.63930859089896 551.1212136024635 524.7157235765984 1.5999 1.899 4.0996 15.727293669701199 31.526763519180662 -7.4486 -1.8104714429084878 0
CAR 0.0 0 -1.0863116706612077 277.25325747929116 375.6990335643391 463.6944300741759 466.5583993643259 1.5 1.899 4.0996 16.850939097391702 37.48464601060243 -7.4503 -1.8104606373881729 0
CAR 0.0 0 2.924386411195221 1346.5148078050813 238.95204609698197 1528.9831874666143 364.531967540841 1.5 1.8998 4.0998 28.088883332184007 -26.962570809683896 -6.4052 1.5595760351837658 0
CAR 0.0 0 3.01731142877728 1609.404879526625 203.21961076568743 1802.8972005627015 307.83614932244603 1.5 1.8998 4.0998 31.96888533867706 -35.48766220454404 -6.4191 1.5944905815285024 0
CAR 0.0 0 -1.3113778837231798 132.32413293508094 409.2227903339642 349.0259831053067 516.8223281219158 1.553 1.899 4.0996 12.895383608836225 36.27474646343361 -7.6325 -1.7933414657269229 0
CAR 0.0 0 -1.256042624439099 185.8411944779773 456.0830406125803 435.02906570616847 595.1051230903635 1.6483 1.8736 4.0995 11.613328495233397 29.779786603968695 -7.5421 -1.7933253174713948 0
TRUCK 0.0 0 -1.706657398442408 1661.4989515562436 288.88235812280055 1918.9030408465458 552.0069585919841 4.083 2.9959 5.8323 32.37485749508666 6.486531053596008 -4.9879 -3.0533306594136644 0
CAR 0.0 0 -1.4248479594512777 50.33886837302477 340.98400164398595 224.86639014128565 415.8583291501685 1.4996 1.899 4.0996 15.036746461259273 48.91366223325851 -7.6 -1.7749669233050611 0
CAR 0.0 0 -1.6770373849238394 1512.0818779094875 315.2790807521811 1623.2179897085643 388.4802113601847 1.4954 1.9024 4.0993 43.93538130212887 14.146755219049401 -6.0972 -3.0279752999934297 0
TRAILER 0.0 0 -3.29648450435935 -267.1602142366868 21.381593781940467 162.64135325087935 268.16564486354554 4.1525 3.0019 10.9977 39.118016704354865 7.128249690031766 -4.8941 -3.0565361548780694 0
CAR 0.0 0 2.446119585352613 479.2064934553963 288.52576757432087 606.7292408451341 347.2211918739964 1.5034 1.9028 4.1032 28.230753543210426 46.42844926843674 -6.8614 1.403422677109945 0
CAR 0.0 0 -1.6714945115897963 1626.8197126429075 329.13941357759614 1738.2553330804426 406.7273772731106 1.5018 1.9004 4.0996 44.482838455699536 10.952629381528501 -6.2447 -3.0279752999934297 0
PEDESTRIAN 0.0 0 2.851860146511918 612.1441417950759 126.78513004446233 646.1030996570846 195.90933715601489 1.7322 0.6996 0.7164 41.21326734547302 -8.761989608208681 -5.9497 1.5316807742695877 0
