CAR 0.0 0 2.7367003503919554 1327.4966931430588 190.05723093606167 1534.1109206659848 312.4973101988577 1.7194 1.8964 4.5202 24.914134673299824 -22.563846974159553 -6.5435 1.338281743454179 0
PEDESTRIAN 0.0 0 3.4875098700652156 647.6922221078847 137.98976936855902 682.314894326777 206.16392195502806 1.7 0.6968 0.7192 38.92064543884333 -7.136529956354811 -6.5112 2.1694285820345556 0
TRUCK 0.0 0 4.347770865460399 1702.7890208075096 257.45956161485054 1836.4666797809705 380.5520105170663 3.487 2.935 2.072 53.28962347816241 6.8559799209317305 -5.9211 2.954589946740443 0
TRAILER 0.0 0 4.355322462804309 1698.1344687416351 232.2407874633721 1852.8330876648001 371.5134230237283 3.8402 3.1746 6.0448 57.37096696654004 6.1698421954002844 -5.7444 2.951256435673922 0
CAR 0.0 0 2.7069286147328224 1286.5521739737455 232.69348012038824 1498.0300395902893 360.4848597495243 1.504 1.9011 4.104 22.19510760389167 -19.285252332037498 -6.6643 1.3445949556756323 0
CAR 0.0 0 4.318831202040453 1702.8117329914442 339.68604382818006 1807.7508995505386 421.74221118647495 1.5032 1.9025 4.0984 47.46700912555044 7.936302890631309 -6.9854 2.961074677280605 0
CAR 0.0 0 -1.4492250420654615 235.55633281819135 450.2506297022075 458.3923027047553 582.9800963935127 1.5003 1.9029 4.0972 22.189405330593324 38.366999604143174 -8.2755 -2.04660312373549 0
CAR 0.0 0 -1.2969936466762295 386.38273023843544 413.58714417653886 568.9702269055836 525.4025792666772 1.4969 1.8793 4.0996 26.298073344487058 38.41773953737086 -8.2924 -2.0955501179884926 0
PEDESTRIAN 0.0 0 1.3235228942083104 634.9248490730791 141.24574981846692 670.3449614305237 210.67350929358295 1.7028 0.6996 0.6969 38.294081056605144 -6.675335212371012 -6.489 0.015570256983676763 0
CAR 0.0 0 2.720193435365797 1486.7628640592698 237.99427102191504 1763.1436353376132 385.5096243714507 1.498 1.8978 4.2058 18.005292665140832 -21.114396831131 -6.0071 1.3372991239163303 0
CAR 0.0 0 1.768713161794048 -5518.238341141216 937.1159907884463 -2039.7944085363397 2070.022203122017 1.6029 1.897 4.2584 12.55614666208987 17.904029870320716 -6.9413 2.935949325173688 0
CAR 0.0 0 4.138338093058631 1218.080043653575 478.3326045093798 1357.4438632363826 634.3506036219695 1.4996 1.9038 4.0952 26.45791904776973 18.80957887405468 -7.4733 2.97200645132414 0
