CAR 0.0 0 2.9343982022719204 1432.6794756988124 323.667099700517 1709.4486123007432 515.4827640184776 1.551 1.9022 4.6956 21.41397427905018 -26.232255348623198 -6.4702 1.623546125928737 0
CAR 0.0 0 2.9399742119015997 1354.8498607423965 214.87977688429822 1519.2692610385518 324.93793874443804 1.5 1.8998 4.0998 31.289749580824157 -28.405750623963097 -6.555 1.5540367973984677 0
CAR 0.0 0 2.9735910190753936 1790.8810383527361 319.47718391982045 2132.164268533556 493.8170105259448 1.5 2.037 4.3995 21.593890218981127 -33.37023218734653 -6.4402 1.6063940518724338 0
CAR 0.0 0 -1.0522626745362804 340.47041959669514 412.1054244716739 548.276554305392 525.4455824039813 1.5999 1.899 4.0996 15.648432890644742 31.531446706887124 -7.4486 -1.814376792617349 0
CAR 0.0 0 -1.0960395066929163 273.73972455394227 376.30417575568833 460.8504306577238 467.4632956534452 1.5 1.899 4.0996 16.749071455548755 37.46101286245974 -7.4503 -1.815035752896246 0
CAR 0.0 0 2.9181816020946325 1344.1079616363668 238.9437197992752 1526.211795184775 364.5408503026405 1.5 1.8998 4.0998 28.090397734916728 -26.90644557134057 -6.4052 1.55373295563943 0
CAR 0.0 0 2.9942843006496487 1606.098387730392 202.80205035390495 1798.8724490251268 307.24033114610097 1.5 1.8998 4.0998 32.02026340033095 -35.42619465154244 -6.4191 1.5714874523490754 0
CAR 0.0 0 -1.3339456996033892 131.9809770518527 409.847099821956 349.1465300490258 517.7592593134233 1.553 1.899 4.0996 12.862336700374966 36.20182565468087 -7.6325 -1.8150357528962455 0
CAR 0.0 0 -1.2486764608253598 181.18800829538318 456.39547986379387 431.0372836159898 595.6264587512069 1.6483 1.8736 4.0995 11.540303105905913 29.817047429015997 -7.5421 -1.7794770025999547 0
CAR 0.0 0 -1.437715126103194 62.47884012226544 341.11153003283033 236.29438023328552 415.9792169665838 1.4996 1.899 4.0996 15.2794517542353 48.63627982113633 -7.6 -1.8150357528962455 0
CAR 0.0 0 -1.5806579440577273 1510.287575617249 315.08577589455314 1621.3851397642607 388.20284001833187 1.4954 1.9024 4.0993 43.93856684423222 14.202187514621965 -6.0972 -2.931490519625712 0
TRAILER 0.0 0 1.6063960335015794 345.28747008297705 -2.5160018699758426 536.6178300763992 173.22931399789698 4.1525 3.0019 10.9977 50.62844084135797 -1.8718886644870523 -4.8941 0.2090484119923025 0
VAN 0.0 0 3.018150407549313 2078.3105642708188 267.8352295933565 2591.915009504592 488.2687540399276 1.9996 2.198 5.9958 22.028100495745964 -40.50663718881475 -6.0941 1.6063940518724342 0
VAN 0.0 0 -1.6371140741248615 1705.6648846342828 364.05013790344395 1903.8223421352184 534.2600612267318 2.008 2.2032 5.9814 31.270830335341806 5.944482963999553 -5.3721 -2.9677705629465554 0
CAR 0.0 0 -1.617496110477507 1615.8260032979147 339.1231864920447 1729.7736642322075 419.2741860759506 1.5018 1.9004 4.0996 43.36159065451161 10.940001438067759 -6.4196 -2.9663937196666668 0
VAN 0.0 0 -1.3762744923546093 62.31255819695894 443.4023161023283 541.8674521038355 977.7977962805287 2.3712 2.209 6.002 13.696093333870401 -9.329151679861395 -6.1021 -1.8334279973869831 0
CAR 0.0 0 -3.0286409104200294 -559.6333778482107 383.1664372628497 -110.86735008106471 620.9744100983436 1.4988 1.8988 4.4506 19.8829148690958 1.4249612358383097 -6.6137 -2.4574386824452135 0
PEDESTRIAN 0.0 0 2.7842402409867737 616.2029359408107 128.5043103458565 649.8464334549274 195.99231617353007 1.7 0.7049 0.6977 41.3725 -8.848 -6.0007 1.463938363012554 0
CAR 0.0 0 3.0117372539721328 1866.4386077237116 268.2990098381705 2151.4024721649776 405.60769967911443 1.496 1.899 4.1016 25.181481407977426 -37.45045882483234 -6.3787 1.6063940518724338 0
CAR 0.0 0 -1.6551626739126244 1745.4730434536846 350.51405206165884 1861.5166317798403 437.83157661891795 1.5312 1.8982 4.1041 43.2625255910458 7.57496743654501 -6.3594 -3.0118817783258858 0
CAR 0.0 0 1.9829705778196305 909.4226592959435 -390.08828658702527 963.7767949639378 -326.535328499552 1.496 1.899 4.1016 -64.4781 -8.4519 -8.3529 0.04728114275572329 0
CAR 0.0 0 -1.6519629268222893 1775.1180799682313 311.42874533525617 1871.9912127746964 379.7912171786663 1.4975 1.9044 4.1025 52.2875 8.3565 -6.2146 -3.036202102157174 0
