CAR 0.0 0 2.6989344296554485 1773.5392922126591 301.2820269462424 2171.078645905352 487.0085376154634 1.5023 1.898 4.937 13.841929243012792 -24.798567197932282 -6.5925 1.3236008615349644 0
CAR 0.0 0 2.653210735033725 1312.6724332252563 234.99098157144158 1526.9799594355627 363.36915503262446 1.5177 1.898 4.0963 21.99323509599292 -19.858044051904674 -6.7131 1.2886889732761382 0
CAR 0.0 0 2.6591958521224353 1405.9749374795992 310.7765974441907 1741.929618838758 509.1999866712508 1.5541 1.898 4.9169 15.732759630889557 -17.691970842032788 -6.7043 1.3410568121408173 0
CAR 0.0 0 -1.4775887633298013 218.19666628129346 440.06019029099775 442.14447410031494 577.2802610433653 1.6474 1.9008 4.0966 22.26162092907553 38.911372114909696 -8.1942 -2.059644171057918 0
CAR 0.0 0 2.714202775389918 1587.5839880960634 198.60077134292192 1811.2337489545578 302.0887316539178 1.396 1.8974 4.3588 23.2253939616102 -29.441082230929144 -6.6116 1.2886889732761388 0
CAR 0.0 0 -1.2627989787361127 369.4968349348938 397.4178540784178 551.3487094142932 511.2413864556271 1.6474 1.9008 4.0966 26.75672364289315 39.348451928821916 -8.1431 -2.0596441710579176 0
TRAILER 0.0 0 -2.5746213026350278 -392.78901455456827 104.15063274998829 148.5637526407 563.0189502178255 4.11 3.0032 11.0896 25.90160065193647 6.670492224990426 -5.5143 -2.3476655547684455 0
VAN 0.0 0 4.302193634887506 1661.5835382299158 341.3446864495017 1806.7951588439564 480.26730096338326 1.9994999999999994 2.0167 6.000200000000007 39.16553701833305 9.871448353078973 -6.3098 2.9624863797598247 0
TRUCK 0.0 0 -0.7354155996198593 131.6861774092213 156.81867282683822 442.1706363634278 527.3517409985975 3.9074 3.0032 5.6574 22.488917722761656 1.3677960773097926 -5.6171 -1.4866983668383709 0
PEDESTRIAN 0.0 0 2.7699946247637244 621.8168980366394 132.4785287840645 657.8681819284582 201.37614165668512 1.7 0.6996 0.9374 39.603111261436965 -6.54294153479248 -6.4566 1.4538021921240931 0
VAN 0.0 0 4.369358981114188 1711.7703240264402 249.83733926631936 1815.340246190175 336.30176026497503 2.3536 2.2034 4.7012 58.8641977300684 6.229659307090573 -5.6925 2.9624863797598247 0
CAR 0.0 0 4.302694416528061 1689.3984898997082 315.85907833475005 1792.5169093387233 395.2718825636249 1.497 1.9045 4.1242 47.64053050539219 8.433286104550744 -6.3153 2.9327921430770307 0
CAR 0.0 0 2.694048886534304 1282.6008681639214 201.34652585733747 1470.352453946575 311.32025451151827 1.4974 1.9028 4.1016 25.214 -21.2705 -6.6551 1.3061449141683195 0
