CAR 0.0 0 3.0158532802845834 1342.2491585613734 198.58291283962407 1512.726343911422 315.28907706987025 1.594 1.8966 4.5394 31.653707943627914 -28.264686843702695 -6.3337 1.622155489895117 0
CAR 0.0 0 -1.224434277080829 193.92555170936458 463.0173802989375 447.6252913422967 598.9510996541501 1.5196 1.8976 4.1761 11.625227101866034 29.34965572041587 -7.5683 -1.7714513563579624 0
PEDESTRIAN 0.0 0 1.3442610278675768 628.9758814027898 139.008304045988 666.0332179981592 208.63407627858817 1.7 0.7848 0.6973 39.937068071154734 -9.405791857507563 -6.0576 0.035279473593581315 0
TRUCK 0.0 0 -1.6518291591846719 1767.4954368529234 261.26039292196634 1904.7423405726422 388.60208505113076 3.4079 2.7742 1.8309 50.277858128247274 7.988277947129266 -5.2988 -3.048531819335291 0
TRAILER 0.0 0 -1.8620290175808543 47.616650048771504 4.812482542990435 293.44078648120865 152.4714317240015 3.5682 3.0012 10.9976 54.313655996279806 8.389759924549153 -5.2107 -3.0427454332082586 0
CAR 0.0 0 -1.6860457910763818 1767.3031031962112 343.3469830553753 1879.956780609826 427.1102269357983 1.5064 1.8966 4.1132 44.631909144189166 7.294934769395453 -6.2711 -3.0496920303081225 0
CAR 0.0 0 -0.981553237261072 356.4652418773528 420.4605118051403 567.2895470187085 533.9553627145829 1.5195 1.8976 4.1014 15.51810875048921 30.5243523794164 -7.441 -1.754008691334736 0
CAR 0.0 0 2.9942745888404922 1322.7275879805259 241.83274879816784 1502.1788998318596 368.10925921806836 1.4987 1.9049 4.0972 28.016479968709522 -26.3862452339092 -6.4483 1.6352454592850747 0
CAR 0.0 0 -1.318734620742334 100.8547249970539 359.7826647884597 288.32474221399366 444.2959582600641 1.5196 1.8976 4.1284 14.740258413564423 43.74392549628663 -7.532 -1.7714513563579624 0
CAR 0.0 0 2.998228543366541 1506.2553541983027 271.07575044776684 1741.1295186852778 416.694781869934 1.5032 1.8952 4.1044 24.668229161973134 -29.053286791496156 -6.2698 1.6352454592850747 0
CAR 0.0 0 1.4732043111985647 366.3507744174975 58.926711848355886 442.58453046194353 108.90111075876783 1.5162 1.9006 4.1032 64.97219624168586 3.799214221844516 -6.7749 0.10522774726853645 0
CAR 0.0 0 4.970621808967631 1192.622362927659 -398.2121910634914 1279.3954909121387 -324.62063344310764 1.632 2.0088 4.1048 -58.437756349639635 2.601513964520104 -7.9664 3.1159162353538514 0
CAR 0.0 0 4.853843824885207 1039.3709186582366 -268.98458100943583 1074.8563590862198 -238.75696475827434 1.5044 1.9512 4.0978 -114.72095545012355 5.149345947436469 -9.2429 3.0475157958069867 0
CAR 0.0 0 4.983128492899206 1322.9943222475476 -434.84042021572986 1428.5286545268166 -355.00375925588804 1.4952 1.9028 4.1046 -52.619979326758504 5.82538195112996 -8.1952 3.133372182720497 0
TRUCK 0.0 0 0.48152828534526837 -60.813180560516315 198.44322952049626 269.16785777899025 454.77013553051944 3.6148 3.2348 2.3654 24.72792392109736 -2.2231988073535964 -5.7722 0.1349038018022741 0
TRAILER 0.0 0 -0.010819548315295163 -584.6168365272159 252.31827868841498 285.117064044925 814.7140722393532 3.1098 3.3536 10.442 19.021565152148963 -3.010727746118132 -6.0304 0.1413439455491577 0
