CAR 0.0 0 2.7365553493961863 1327.2849951792628 190.19880155166447 1533.9965288207356 312.73026460164306 1.7194 1.8964 4.5202 24.899903342541155 -22.546837338234624 -6.5435 1.338281743454179 0
PEDESTRIAN 0.0 0 4.232056518651375 651.8826373866436 138.04089933162035 686.439558302835 206.19879486837556 1.7 0.6968 0.7192 38.88438243735018 -7.248500828829996 -6.5112 2.9125309504655705 0
TRUCK 0.0 0 4.3477966934026 1701.5604701959414 257.24435989365395 1834.9485868747752 380.17427130184007 3.487 2.935 2.072 53.33810563339377 6.889115172211268 -5.9211 2.954589946740443 0
TRAILER 0.0 0 4.35515462585535 1696.618049969261 232.24656877417766 1851.117349336866 371.5812302139764 3.8402 3.1746 6.0448 57.325496947683796 6.2286529941646185 -5.7444 2.951256435673922 0
CAR 0.0 0 2.706128916185281 1284.3947952629942 233.24767974993674 1496.0424488099172 361.388028067378 1.504 1.9011 4.104 22.161221088805956 -19.203382003725867 -6.6643 1.3445949556756323 0
CAR 0.0 0 4.318916978536339 1702.744483534943 339.53946732908156 1807.601926203321 421.5246376054022 1.5032 1.9025 4.0984 47.49712674449337 7.934623347222395 -6.9854 2.961074677280605 0
CAR 0.0 0 -1.4545325130673468 231.61342766858584 450.76099328670125 455.258897783844 583.8036361112864 1.5003 1.9029 4.0972 22.12267311726893 38.398793669419845 -8.2755 -2.04660312373549 0
CAR 0.0 0 -1.2858486651841563 388.1668789069199 413.3101674277958 570.3986982408053 524.9728811102113 1.4969 1.8793 4.0996 26.339413853829903 38.40443746264204 -8.2924 -2.086445960933754 0
CAR 0.0 0 2.7205170115585102 1486.712455217617 237.54342719495318 1762.6310927778516 384.75070448689416 1.498 1.8978 4.2058 18.038288486837462 -21.143067770142856 -6.0071 1.33729912391633 0
PEDESTRIAN 0.0 0 1.3234993029459192 639.393072865573 142.39243763401603 674.8098144491089 211.96961824081515 1.7 0.6974 0.7026 38.1114 -6.7666 -6.4943 0.015570256983676761 0
CAR 0.0 0 0.9732048493788222 296.26633129303355 129.31466197011335 378.2075107133613 206.3349897877171 1.5054 1.9306 4.096 46.05285218422096 1.6855147922379599 -7.1517 -0.1410786359914363 0
