CAR 0.0 0 3.003058989991499 1342.2818860633658 198.22973313243546 1512.5303668052122 314.7380580366353 1.594 1.8966 4.5394 31.696632378818627 -28.28152104562976 -6.3337 1.6090655205051596 0
CAR 0.0 0 -1.2214673975504748 196.14671364261739 462.95233862225007 449.5886459529773 598.8357672192869 1.5196 1.8976 4.1761 11.656853588869893 29.32417061703929 -7.5683 -1.7714513563579624 0
PEDESTRIAN 0.0 0 1.343397566816211 626.2179766274689 138.88855086717643 663.3785858363564 208.4976203921732 1.7 0.7848 0.6973 39.95529054635563 -9.329767311226867 -6.0576 0.0352794735935813 0
TRUCK 0.0 0 -1.6517484558338613 1767.59191737711 261.16223633235825 1904.7418393078249 388.40595695787084 3.4079 2.7742 1.8309 50.31615714414871 7.9919130079020455 -5.2988 -3.048531819335291 0
TRAILER 0.0 0 -1.8641560998081879 46.81929473776458 4.933114249389885 293.0693858764832 152.7969355794079 3.5682 3.0012 10.9976 54.25224998887558 8.383722633759188 -5.2107 -3.0427454332082586 0
CAR 0.0 0 -1.6862732697229075 1763.162809708458 342.9814746674674 1875.8024566535973 426.58317231325174 1.5064 1.8966 4.1132 44.6216594182816 7.395946785163353 -6.2711 -3.0496920303081225 0
CAR 0.0 0 -0.9970814728860938 358.1510468400104 420.2859096427789 568.7176918739941 533.6805383385696 1.5195 1.8976 4.1014 15.55288002327639 30.515671662570952 -7.441 -1.7714513563579624 0
CAR 0.0 0 2.994184725980247 1322.861721195652 241.9698432660006 1502.4163823366043 368.31851029241994 1.4987 1.9049 4.0972 28.003485564738074 -26.384735833073652 -6.4483 1.6352454592850747 0
CAR 0.0 0 -1.318652263654554 100.98721077557632 360.1605983695589 288.7171160573454 444.8422507945509 1.5196 1.8976 4.1284 14.720474531820962 43.67443302191462 -7.532 -1.7714513563579624 0
CAR 0.0 0 2.998471073639373 1505.4616435680261 270.58321294008977 1739.8336680141629 415.9218816513098 1.5032 1.8952 4.1044 24.70725760873893 -29.05538836969171 -6.2698 1.6352454592850747 0
CAR 0.0 0 4.786733864927871 1085.769282979548 -247.45473803652453 1121.4574824217068 -219.05839722177836 1.5038 1.8956 4.1518 -117.4162826786327 9.373022209748044 -8.2426 3.0077970091202064 0
TRUCK 0.0 0 2.3202401635187355 1590.445152314441 -2452.2453496162225 2516.265936755295 -1073.0745646707117 3.4461 3.0048 1.7389 -10.937296293211627 -6.676208076692501 -7.3737 0.047624064965096496 0
CAR 0.0 0 -1.2737394756936926 1165.5720894587737 -388.2992266886392 1243.2446336734706 -322.39976117410464 1.5044 1.9032 4.0978 -61.04992123102216 2.0586233244005308 -8.118 -3.1309524143388496 0
TRAILER 0.0 0 2.2522039689093263 1178.89257710268 -1963.5647115782588 2201.468288825544 -608.4731347725627 3.1096 3.3536 10.442 -16.63618700041051 -6.988203580497592 -7.1405 0.05406425722112945 0
CAR 0.0 0 0.9046950413899879 161.98708359892248 197.77046749733577 326.5082161436983 305.53070883101253 1.5162 1.9006 4.1032 34.44611744921836 -0.6179588355968988 -6.7749 0.12267983435720448 0
VAN 0.0 0 2.1694931183880035 718.9825186407902 -486.217455601454 792.5428963997518 -376.5080572121841 1.9203 2.1008 4.4984 -51.12100527105975 -15.367202660187111 -8.1745 0.08335665058627718 0
PEDESTRIAN 0.0 0 -1.780972797846451 641.4790041660669 130.83204241227602 674.3203618299596 199.35332134701747 1.7 0.6962 0.6968 40.660871210810335 -9.626497050367277 -5.9535 -3.106313179996212 0
