CAR 0.0 0 3.0145233227481754 1339.9443793400674 198.50259609063076 1510.0308064284318 315.18573528138927 1.594 1.8966 4.5394 31.663501299434003 -28.207776540046687 -6.3337 1.6210677637018256 0
CAR 0.0 0 -1.2354212927178918 194.4313211193215 463.4533826287853 448.38902140413353 599.6303117597234 1.5196 1.8976 4.1761 11.616793875853132 29.30372561505972 -7.5683 -1.782856759787455 0
PEDESTRIAN 0.0 0 1.135108010647533 627.409404909129 137.95424811770974 664.3821062840366 207.30245566960272 1.7 0.7848 0.6973 40.112860148323314 -9.342849646456566 -6.0576 -0.17496862750956493 0
TRUCK 0.0 0 -3.56689200432228 -458.34067927203256 175.36404676827414 -104.88210251332028 416.32291042214615 3.4079 2.7742 1.8309 24.950043522698085 3.811573231297322 -5.2988 -2.8186925726052703 0
TRAILER 0.0 0 -3.584770687054166 -610.5819769369274 94.46439380078012 64.87469241106842 434.720240807593 3.5682 3.0012 10.9976 28.743341162360743 5.020653224218333 -5.2107 -2.823594985409953 0
CAR 0.0 0 -1.9441559847482568 -75.08880740092715 400.38900530022806 269.11549184691177 649.2086936153097 1.5064 1.8966 4.1132 18.032765011528273 -5.042681682123796 -6.2711 -2.1552291592528143 0
CAR 0.0 0 -0.9734505969371512 357.72981942911366 420.3087291735792 568.3470238507608 533.7176182720161 1.5195 1.8976 4.1014 15.54527676157101 30.520007405962335 -7.441 -1.7473622960181396 0
CAR 0.0 0 2.992852161539539 1314.7161804438915 240.95059024146718 1492.4329059589488 366.827278718418 1.4987 1.9049 4.0972 28.102557446494973 -26.228879251254202 -6.4483 1.6343890336265965 0
CAR 0.0 0 2.9960362587467038 1493.967635375702 270.5606908617157 1726.3993635712475 415.9983016989877 1.5032 1.8952 4.1044 24.71401733377127 -28.811150845455877 -6.2698 1.634389033626596 0
CAR 0.0 0 3.0460790079950835 1846.3871651615966 241.63030857912057 2158.8488697000985 385.1132378006631 1.4966 1.9946 4.6048 25.143357679107293 -37.007017855174446 -5.8821 1.629611711400237 0
VAN 0.0 0 2.625334041499054 628.1091409863147 279.28745749242466 826.6921781179352 391.46665174425664 2.5328 2.5828 5.9969 28.01372357095758 35.45252064951409 -6.1644 1.4824174381269108 0
TRUCK 0.0 0 2.055279050304067 978.5239079064777 -565.3466525606648 1073.028666501738 -441.1689654399819 1.8452 2.0012 2.6602 -41.02064338444201 -8.174664544285156 -8.1752 0.02922435761566963 0
CAR 0.0 0 -1.2767599282706659 147.66713410490135 410.21640803595534 362.2396508531455 515.3799647340576 1.5018 1.9002 4.0982 13.163371751641098 36.11131254293696 -7.6497 -1.7828567597874547 0
CAR 0.0 0 2.139744829298796 1273.646082875471 489.1975042600081 1477.2113198219877 649.4781449192265 1.498 1.9016 4.1004 22.1788648179204 11.066303667518856 -6.8214 0.9582996210256761 0
CAR 0.0 0 3.0313850135426232 1582.2512589053918 233.51290716951533 1795.0052652492545 354.2692602546328 1.5038 1.895 4.1 28.554534753942175 -32.866492598779416 -6.4074 1.6321307886544327 0
CAR 0.0 0 -1.3102247913556875 99.08592835781361 363.46188323430135 285.68498308391776 447.54305766841446 1.5006 1.8984 4.1011 14.6647 43.7491 -7.6209 -1.755079248103253 0
