CAR 0.0 0 3.016079388585055 1342.2725969169032 198.3125746976448 1512.5744806561668 314.86730612667094 1.594 1.8966 4.5394 31.686554791141006 -28.277526394394986 -6.3337 1.622155489895117 0
CAR 0.0 0 -1.219139285130258 197.8919242750989 462.89472110954426 451.12679388152685 598.7349644612134 1.5196 1.8976 4.1761 11.681943308114223 29.304715585873613 -7.5683 -1.7714513563579624 0
PEDESTRIAN 0.0 0 1.3441458138811209 628.9678017654578 139.078259825595 666.0356400499336 208.7230952866488 1.7 0.7848 0.6973 39.92537954431852 -9.406960023126045 -6.0576 0.035279473593581315 0
TRUCK 0.0 0 -1.6518485486192311 1767.4733006842023 261.2841152247513 1904.7436679084433 388.6494688544221 3.4079 2.7742 1.8309 50.26864161456379 7.987371740149877 -5.2988 -3.048531819335291 0
TRAILER 0.0 0 -1.863490225050284 47.07346658725971 4.896864321135759 293.1918362307684 152.69877034790022 3.5682 3.0012 10.9976 54.270759793369386 8.385138130682588 -5.2107 -3.0427454332082586 0
CAR 0.0 0 -1.6858982256892565 1767.2669082365928 343.102907132634 1879.7955231772019 426.74119599184564 1.5064 1.8966 4.1132 44.683064425182955 7.304373867490925 -6.2711 -3.0496920303081225 0
CAR 0.0 0 -0.9954543798426709 359.58762700613306 420.13725174456846 569.9349160042141 533.4465750898429 1.5195 1.8976 4.1014 15.582540268309206 30.508249497450876 -7.441 -1.7714513563579624 0
CAR 0.0 0 2.994261046003637 1323.6411713795178 242.0290855967183 1503.348860217756 368.40246706825644 1.4987 1.9049 4.0972 27.997645849186643 -26.40090638396098 -6.4483 1.6352454592850747 0
CAR 0.0 0 -1.3193765123456926 100.51985278836815 359.7571039580922 287.99559703486455 444.26071361126606 1.5196 1.8976 4.1284 14.735426610691217 43.75487976362941 -7.532 -1.7714513563579624 0
CAR 0.0 0 2.998113458488979 1506.763129724922 271.33492720453626 1741.9168658420074 417.1007140414025 1.5032 1.8952 4.1044 24.647693762937 -29.054102676752674 -6.2698 1.6352454592850747 0
CAR 0.0 0 1.4186003573217993 347.06494378934303 75.54289980675429 432.1886149898653 131.51681380583022 1.5162 1.9006 4.1032 58.93683730793414 2.7792321121427968 -6.7749 0.10522774726853645 0
CAR 0.0 0 4.983525375395169 1231.2910759911588 -436.0254228695489 1333.0360004283502 -350.1791467167843 1.632 2.0088 4.1048 -52.21031226599989 2.373793204969552 -7.9664 3.1159162353538514 0
CAR 0.0 0 4.877212795643901 1046.0861050448298 -278.64515687548095 1083.9505496587478 -246.2765402933775 1.5044 1.9512 4.0978 -108.64822073448659 4.691615668989469 -9.2429 3.06496908832693 0
CAR 0.0 0 4.99211719883739 1413.406540870241 -488.0523994791912 1546.1695175346374 -390.83766281407065 1.4952 1.9028 4.1046 -45.68365252303913 6.304419404094405 -8.1952 3.133372182720497 0
TRUCK 0.0 0 -0.009376638007482424 -347.88334334344916 313.1078530024 157.9751278199949 672.698010266576 3.6148 3.2348 2.3654 17.722966820099323 -3.1797292800879813 -5.7722 0.1349038018022741 0
TRAILER 0.0 0 -0.42404248939572675 -1862.325542868396 398.30273103835134 166.58267190006015 1597.9771113599697 3.1098 3.3536 10.442 11.974612307206181 -3.936651717576007 -6.0304 0.14134394554915766 0
