CAR 0.0 0 2.7278860913350425 1775.866986012772 301.86569131573907 2174.556210358824 488.0175633911407 1.5023 1.898 4.937 13.797541075153287 -24.80491858418162 -6.5925 1.352655634908364 0
CAR 0.0 0 2.6822193733221926 1313.3647611635556 235.17913219834705 1527.896156899819 363.6585858030497 1.5177 1.898 4.0963 21.97258559417598 -19.86201089496314 -6.7131 1.3177437404017984 0
CAR 0.0 0 2.670678496322008 1407.8373211641997 311.3633076845877 1744.751251844542 510.23196059110995 1.5541 1.898 4.9169 15.690198837102464 -17.699510939186137 -6.7043 1.3526556349083636 0
CAR 0.0 0 -1.5322929356529853 216.5317939747168 440.32134251151183 440.8543384952376 577.704267770353 1.6474 1.9008 4.0966 22.230052573575417 38.92072639839934 -8.1942 -2.112005731420875 0
CAR 0.0 0 2.7265292203835076 1588.8547227329655 198.58749783571454 1812.616676926376 302.0543720759691 1.396 1.8974 4.3588 23.217371577885455 -29.47662243299282 -6.6116 1.3008901068240033 0
CAR 0.0 0 -1.325983566915534 360.33115702488794 398.71189932993923 543.9730707455823 513.2876387909246 1.6474 1.9008 4.0966 26.54662227810063 39.4205862811614 -8.1431 -2.112005731420875 0
TRAILER 0.0 0 4.444243184024294 1667.0806121601663 223.18025655777802 1851.5602712294938 402.37673598674223 4.11 3.0032 11.0896 53.4147779580758 7.519619547527733 -5.5143 3.0458113162218337 0
PEDESTRIAN 0.0 0 2.7755903673696842 693.2744058859757 115.45971826764149 727.7815014634286 182.76921055869235 1.7 0.6968 0.9282 39.902330905801385 -8.696493550325359 -6.1004 1.4111268072147432 0
CAR 0.0 0 4.264128057570135 1484.440378070183 328.2828975459201 1556.7090873681252 402.4561512283425 1.5021 1.9038 4.0982 48.6155116221073 14.500412323288018 -7.3727 2.9284830667030453 0
VAN 0.0 0 4.391184460781438 1735.179159898199 247.74730338755217 1823.6090021126383 315.30504398138555 1.9994999999999994 2.0167 6.000200000000007 69.24940416364862 3.8779710651718946 -6.3098 2.9767344146944934 0
CAR 0.0 0 1.7214973537160434 1473.8239252681599 578.6885098234424 1649.8857916823395 828.0671356740883 1.7 1.8454 4.0952 21.22917120894157 14.32069477631251 -7.2475 0.5714793599365952 0
TRUCK 0.0 0 4.431534042089291 1676.600897297716 249.27282951156806 1850.549046852555 419.1726368123658 3.9074 3.0032 5.6574 48.05147566854344 8.03692924396671 -5.6171 3.0458113162218337 0
