CAR 0.0 0 4.190256400398997 1428.2939093910552 484.75804161771913 1559.1855573826663 647.7615607789234 1.5196 1.9044 4.1024 27.1803178485817 15.17667064522573 -7.3259 2.9794319110541143 0
CAR 0.0 0 2.729872991378733 1343.5305580560519 189.91344000025626 1551.8520472776459 312.0529722847236 1.7194 1.8964 4.5202 24.818497183379943 -22.986812405113863 -6.5435 1.329287223154536 0
CAR 0.0 0 1.3162547989849618 394.0209022580498 40.45800273518285 446.85950012581327 86.45275702778581 1.4992 1.8969 4.0968 68.73207517978426 -1.4260921294446662 -6.5027 -0.10597203456309086 0
CAR 0.0 0 4.26975095908565 1430.7274959761014 348.4496909375119 1505.0352831643377 434.63171673163174 1.5032 1.765 4.3145 43.05243786456253 15.962986526168597 -7.2959 2.9583443922002948 0
PEDESTRIAN 0.0 0 2.861293101894317 651.1651593103029 138.39269108427294 685.7854967902458 206.65659382042605 1.7 0.6968 0.7192 38.8271954854175 -7.218100499400719 -6.5112 1.5425810858228364 0
PEDESTRIAN 0.0 0 1.3061902673061763 638.1818182527885 143.42405657224793 673.7076070581973 213.15066765398615 1.703 0.6997 0.6969 38.07120110866959 -6.725188363963245 -6.515 0.0002754820865611407 0
TRUCK 0.0 0 4.413094975746745 1708.4144757222543 258.4554906410051 1843.4322507676318 382.3020505697335 3.487 2.935 2.072 53.065401388333996 6.705699830203756 -5.9211 3.020039438511599 0
TRAILER 0.0 0 4.423866808471793 1697.5819221608497 233.79443522603324 1854.4294037674388 375.21247627521143 3.8402 3.1746 6.0448 56.6222 6.2772 -5.7444 3.0211496524281416 0
CAR 0.0 0 4.274345765291151 1550.8179982936692 369.4809668806832 1640.9267113542533 464.2387371313825 1.5032 1.765 4.0984 40.85960487415102 12.721180573312026 -7.2116 2.9583443922002948 0
CAR 0.0 0 4.028678560704057 1095.9687806773677 535.7904773758783 1267.3816517806017 727.7831520706789 1.5023 1.8994 4.0966 22.32632153415901 19.94617442069517 -7.6193 2.9443192782087313 0
CAR 0.0 0 2.7181739961923164 1333.8878786765242 233.0701561727372 1551.1188887076057 360.52066389316053 1.504 1.9011 4.104 21.852702087495004 -20.329986795844984 -6.6643 1.348911205822196 0
CAR 0.0 0 4.883438128847023 3195.2944825335353 -1870.5205474393629 4750.673183344963 -975.3324739681065 1.5024 1.8994 4.0966 -5.309353405912905 24.787194956052737 -8.1652 2.9801382716960325 0
CAR 0.0 0 4.367951596507741 1696.9193937397722 339.27767074938293 1800.9810604605714 421.1987040361934 1.5032 1.9025 4.0984 47.448503445864965 8.109099550539353 -6.9854 3.0106839122209634 0
CAR 0.0 0 1.3073976266327099 1849.9265634721196 233.74696959298757 1917.1324904781147 272.87614012783337 1.5038 1.8964 4.0965 87.8863 -4.2348 -6.4398 -0.12990260492156275 0
CAR 0.0 0 -1.436058028789253 241.61509895917104 449.4662514154345 463.20987018304 581.7151001074128 1.5003 1.9029 4.0972 22.292399730323613 38.31789947063524 -8.2755 -2.0415453642998926 0
CAR 0.0 0 1.0340332546755302 292.84242099297495 120.28351893753553 377.9840218827548 199.85190876541654 1.4976 1.9118 4.096 44.20748606671994 1.588906841789852 -6.6302 -0.09725101745847313 0
CAR 0.0 0 1.8399441706047783 -4735.901558877365 1001.0286559859927 -1891.9440216914982 2028.198963740394 1.498 1.9032 4.0998 12.629322562924491 17.638375888933282 -7.5598 2.959181322458686 0
TRUCK 0.0 0 -0.004119706622833952 -261.15961151688384 316.9829748917526 299.7418303285534 866.9656627648171 4.0935 2.9956 3.2487 14.651522842588893 3.2148297642828605 -5.8272 -0.11926679817583517 0
CAR 0.0 0 -1.2693848071256988 379.6988480731423 414.4579521398806 563.5320768950326 526.7640103162762 1.4969 1.8793 4.0996 26.1573017379145 38.480603266080706 -8.2924 -2.0604177559563235 0
