CAR 0.0 0 2.925081666022723 1433.9928321139191 323.7777402401597 1711.1470804717887 515.6576454827597 1.551 1.9022 4.6956 21.40642130406919 -26.254182430154 -6.4702 1.614076059652156 0
CAR 0.0 0 2.9480373255322374 1351.7609087813576 214.2482478833276 1515.394101166727 324.01870685058066 1.5 1.8998 4.0998 31.362160910948422 -28.353008458183588 -6.555 1.562018017330398 0
CAR 0.0 0 2.9831807957820295 1786.3219118066027 316.45013404935685 2123.6935202667937 488.8531424037871 1.5 2.037 4.3995 21.78962632488011 -33.4156782425353 -6.4402 1.6146851398907596 0
CAR 0.0 0 -0.9922160930791596 343.5382959667035 412.2933061452568 551.214348776006 525.7134265639016 1.5999 1.899 4.0996 15.686041738755268 31.461006703727904 -7.4486 -1.757453444740866 0
CAR 0.0 0 -1.0366736795506344 274.8319257621543 375.9335060849784 461.6107714652536 466.9146321224108 1.5 1.899 4.0996 16.79243688709571 37.494886467611224 -7.4503 -1.7574534447408667 0
CAR 0.0 0 2.909141635281048 1346.8814042790723 239.31742005757442 1529.6322856600011 365.0901005530823 1.5 1.8998 4.0998 28.053873856536228 -26.958062004727577 -6.4052 1.5445673833066762 0
CAR 0.0 0 3.0197614708776754 1607.9124118398847 202.97667560697332 1801.040076673642 307.48585938909133 1.5 1.8998 4.0998 31.99873655352488 -35.46372662574438 -6.4191 1.5969143524866567 0
CAR 0.0 0 -1.2836494425365892 127.43664481336833 409.4597204971913 344.70190451415215 517.2045925781696 1.553 1.899 4.0996 12.807378874576267 36.32564406052392 -7.6325 -1.7574534447408667 0
CAR 0.0 0 -1.2284041032543755 179.91194969391404 456.42055146901333 429.90014882272453 595.6740334081094 1.6483 1.8736 4.0995 11.522423501558789 29.8328142361637 -7.5421 -1.7574534447408667 0
PEDESTRIAN 0.0 0 3.6576599596241937 959.0316044440884 99.18458437785833 985.9681787286404 159.12797024095923 1.7024 0.7548 0.7211 46.12980862955102 -19.17313108927859 -5.7738 2.2187577093109483 0
TRUCK 0.0 0 -1.5962657841400356 1728.2500818799817 242.39751467132135 1909.2001278951404 417.48372147731067 4.083 2.9959 5.8323 46.98422762399174 8.009500317764482 -4.9879 -2.9908413064371224 0
PEDESTRIAN 0.0 0 -2.0264779064502703 1291.4421855990695 722.8297987721631 1451.303363236 967.0447836337956 1.8354 0.7406 1.0616 10.78302439397051 -18.821878875505224 -6.551 -3.04477252578078 0
CAR 0.0 0 -1.3953762951008923 55.553284210591976 340.141613272378 229.13840468555998 414.63817705581556 1.4996 1.899 4.0996 15.199312213943598 48.98436286094514 -7.6 -1.7574534447408667 0
CAR 0.0 0 1.6560807500140016 476.57044619891815 -9.536769670323132 522.297491883349 20.92099782781397 1.4964 1.9028 4.1049 98.58943757005478 6.445984387710978 -6.0111 0.09618390726240347 0
TRAILER 0.0 0 -1.5889162635964282 1718.2372171673694 223.61052796458083 1908.1316339097373 397.9951768906777 4.1526 3.0019 10.9977 52.15572900593317 8.785116799936056 -4.9096 -2.994543022300242 0
CAR 0.0 0 5.006154353269274 1218.5302502150978 -428.226623867835 1310.872340656358 -351.2118778291208 1.4984 1.8986 4.0987 -54.59303735212623 2.4806835819635156 -8.2432 3.1370140388056007 0
CAR 0.0 0 1.342740009265003 342.62773058319107 94.89318379702642 437.7354261174137 158.3175427804674 1.5 1.9032 4.1049 52.533346611049055 0.9909635728437345 -6.6873 0.0827779746539169 0
PEDESTRIAN 0.0 0 0.7379883787206591 1023.3628462527907 247.3612863689443 1046.832404838724 288.5461746454773 1.7 0.6991 0.791 50.066013562897254 39.62745640987673 -6.1958 -0.5796320570379399 0
