CAR 0.0 0 2.72439028654851 1777.581979876132 301.60282946890806 2176.2276351394 487.5202334476729 1.5023 1.898 4.937 13.80089750120771 -24.855344418997817 -6.5925 1.3488135988365395 0
CAR 0.0 0 2.6566126568892794 1320.7849609753541 235.19572830058902 1536.186197368084 363.5970402569547 1.5177 1.898 4.0963 21.922419788278873 -20.02848446661716 -6.7131 1.2910181249559243 0
CAR 0.0 0 2.655979527777093 1406.2172586656363 311.82317728004995 1743.3054664430813 511.09012281878375 1.5541 1.898 4.9169 15.674450044439329 -17.649673640113253 -6.7043 1.3385813619489222 0
CAR 0.0 0 -1.4706757989047583 211.2962563372293 440.81815934431154 436.6032146847757 578.5324231285898 1.6474 1.9008 4.0966 22.151307664923237 38.97454645265935 -8.1942 -2.043220920331697 0
CAR 0.0 0 2.7212803648963 1589.9744677992346 198.77373680243866 1814.0166767777775 302.32905059077257 1.396 1.8974 4.3588 23.189704228592156 -29.486760805224634 -6.6116 1.2956667494353806 0
CAR 0.0 0 -1.3035077421336188 350.25165158771983 399.4721636268131 535.4976365932056 514.5367224715195 1.6474 1.9008 4.0966 26.373511670922436 39.55630555799161 -8.1431 -2.078132818304195 0
TRAILER 0.0 0 1.3161199124428782 392.5574810018707 16.857068077908824 534.301195131668 206.61706957533343 4.11 3.0032 11.0896 46.849464867272154 -2.116208838497979 -5.5143 -0.03317677652702169 0
VAN 0.0 0 4.363576672001834 1664.9847570322745 324.5050459155395 1824.454382641273 474.70184562714576 2.3536 2.2034 4.7012 37.25909847035756 10.027059050578378 -5.6925 3.0162887562482816 0
VAN 0.0 0 2.7858341401222853 2088.716305113069 249.7906269985302 2632.2966335891238 465.0906818829025 1.9972 2.1978 5.9954 12.27382052411536 -32.62776537159354 -6.1821 1.3630240930533906 0
CAR 0.0 0 2.7450636008671427 1568.1746916602667 258.5497118841997 1843.1071655314734 402.6307573531884 1.4974 1.8977 4.0982 17.764102788233888 -23.144456458891764 -6.4838 1.3642834977290486 0
CAR 0.0 0 4.328999589663521 1692.891845195234 324.5204530479278 1794.5957596295414 403.7613950788298 1.5036 1.8952 4.097 48.18347179116294 8.211382806716237 -6.6445 2.9635237234090614 0
VAN 0.0 0 -2.3562306534378195 -315.5803984653372 405.84978311789837 166.2448946007741 900.4190023887305 2.5368 2.1676 5.7104 15.775568543660523 4.534235420615845 -6.6447 -2.3032426087316713 0
CAR 0.0 0 4.353153945543973 1713.3753956465407 289.9414293654302 1800.8057805593842 353.76059247529497 1.5128 1.9018 4.1024 57.361985424532314 6.4634447585991115 -6.5594 2.9631082532858892 0
CAR 0.0 0 4.302941255786588 1480.5202066456147 321.034258152736 1552.5776908453372 394.43973909573793 1.5022 1.9049 4.1038 48.727488076989275 14.652950924241415 -7.16 2.9631096288826786 0
PEDESTRIAN 0.0 0 2.6779579135706966 624.2923396569945 131.191692265942 660.8864833215332 201.15156083830388 1.7526 0.7308 0.855 39.809766858718696 -6.655826277526045 -6.4758 1.3596365322624513 0
CAR 0.0 0 -3.494367904873271 -491.67951329250036 329.9495437914319 -169.12416439324633 533.149508877868 1.4954 1.7998 4.3147 25.073741916647485 10.39886994508012 -7.0466 -2.854194802171209 0
CAR 0.0 0 2.775292370224934 1888.9051498065373 252.16953459746892 2200.2772624064874 389.8087199718707 1.4878 1.9007 4.104 15.886278847251909 -30.266327477154768 -6.404 1.3590267776864633 0
CAR 0.0 0 2.6868230414938195 1333.8274501581398 204.50115444445194 1528.1910360113422 315.1921434885548 1.4974 1.8976 4.0982 24.607323587898076 -22.37754072972484 -6.6735 1.2944598052176606 0
