CAR 0.0 0 2.9251988515689984 1433.5749136757881 323.51970266401236 1710.427099721797 515.2188994050744 1.551 1.9022 4.6956 21.422505251214446 -26.253206592383748 -6.4702 1.6140760596521553 0
PEDESTRIAN 0.0 0 0.7171571327645327 955.7436902655293 250.8911208746726 979.410542027569 293.3404334936505 1.7 0.699 0.791 46.6008 40.8542 -6.2141 -0.5796320570379399 0
CAR 0.0 0 2.9480264664439444 1351.7920786082886 214.2671400578123 1515.4406515647634 324.0467146676801 1.5 1.8998 4.0998 31.36 -28.353 -6.555 1.562018017330398 0
CAR 0.0 0 2.982361779449386 1794.3166982015423 318.8170174417096 2135.6078380562203 492.68597305590885 1.5 2.037 4.3995 21.633712660948543 -33.46813153042123 -6.4402 1.6143805533885183 0
CAR 0.0 0 -0.9954773964620807 340.6092042394203 412.40834372801584 548.6067995249342 525.905954536871 1.5999 1.899 4.0996 15.634283314932274 31.495918042294853 -7.4486 -1.7574534447408667 0
CAR 0.0 0 -1.0360963384472108 275.33574860153414 376.01217918888665 462.13059967070126 467.02713638690784 1.5 1.899 4.0996 16.79638478113161 37.47422437180519 -7.4503 -1.7574534447408667 0
CAR 0.0 0 2.9263903152323345 1345.7047592763702 238.96752792203768 1528.0618451121277 364.5630493755854 1.5 1.8998 4.0998 28.0876448569584 -26.94302476913644 -6.4052 1.5617161737859602 0
CAR 0.0 0 3.01954363349369 1606.9732940594463 203.16774977479255 1800.1259799690959 307.77914810663367 1.5 1.8998 4.0998 31.97538297372112 -35.42473131466331 -6.4191 1.5969143524866567 0
CAR 0.0 0 -1.2831625525410537 127.80206447100043 409.7016095602135 345.2066309168346 517.5648266275567 1.553 1.899 4.0996 12.802540462333702 36.28911221502062 -7.6325 -1.7574534447408667 0
CAR 0.0 0 4.938892921223457 1125.8915484246838 -327.1123240109134 1177.337887060678 -283.94758466948787 1.5024 1.8984 4.0979 -86.8301 5.8762 -9.4133 3.109020331350383 0
CAR 0.0 0 -1.228003114061408 180.1336604015224 456.2404936085696 429.97423004622254 595.3891855973044 1.6483 1.8736 4.0995 11.531672620256183 29.846217019648854 -7.5421 -1.7574534447408667 0
PEDESTRIAN 0.0 0 3.6775825532103488 1054.2946120268348 91.6987463422024 1082.968266543502 148.8816470961391 1.7024 0.7548 0.7211 48.143591258641955 -22.704495035663417 -5.7738 2.2187577093109483 0
TRUCK 0.0 0 -1.6136266742215604 1728.60289671764 242.34290287089866 1909.4521228726064 417.32661262358477 4.083 2.9959 5.8323 47.01491167333353 8.005969612082444 -4.9879 -3.0082839819789715 0
PEDESTRIAN 0.0 0 -1.9334235007125393 1139.3605843269372 499.79589183079537 1236.1685314879012 676.5532005762751 1.8354 0.7406 1.0616 15.749719429451131 -18.450416572851037 -6.551 -3.04477252578078 0
CAR 0.0 0 -1.3912564595056103 56.99477583153237 336.47991943238344 227.88874819988234 409.4478331368337 1.4996 1.899 4.0996 15.472253094340546 49.743314965822464 -7.6 -1.7574534447408667 0
CAR 0.0 0 1.507633780775516 435.042401791966 50.58268014859548 510.48111225768207 102.91287089041118 1.4964 1.9028 4.1049 61.017033190171794 -0.1102305833000401 -6.0111 0.09618390726240349 0
CAR 0.0 0 -1.1545244180705525 1877.3170580953476 -956.0582521753415 2288.625068076302 -663.3795769404697 1.4984 1.8986 4.0987 -22.4323 4.175 -8.08 -3.0938034295093066 0
TRAILER 0.0 0 -1.6061857259766497 1721.0486516751066 223.69470251117238 1910.7370653009302 398.1879433240283 4.1526 3.0019 10.9977 52.1879 8.7123 -4.9096 -3.011985697842091 0
