CAR 0.0 0 2.935310276003303 1430.6290679757926 323.5914714005032 1706.8753025719666 515.3766998154551 1.551 1.9022 4.6956 21.41980817821712 -26.195403133905973 -6.4702 1.624770918866233 0
CAR 0.0 0 2.964057100854138 1352.9314972505113 213.18256591077937 1516.0845850307205 322.4148373771823 1.5 1.8998 4.0998 31.484056605566213 -28.429756518560968 -6.555 1.5770240091038403 0
CAR 0.0 0 2.997353748816272 1791.396604009719 317.7845061786238 2131.0848467417895 491.0070843680645 1.5 2.037 4.3995 21.70118391514303 -33.45662271221412 -6.4402 1.6290845723854452 0
CAR 0.0 0 -1.0458908983117545 342.6455678307661 411.97653377747616 550.1839450635036 525.2364849430779 1.5999 1.899 4.0996 15.689257458046967 31.510288229961844 -7.4486 -1.8104714429084878 0
CAR 0.0 0 -1.0842121354613146 278.8836992665894 375.7038272942836 465.2076648923044 466.55670221661876 1.5 1.899 4.0996 16.87984868390931 37.45406217990943 -7.4503 -1.8104606373881729 0
CAR 0.0 0 2.924324425396201 1345.7549485733769 238.88433586616316 1528.067725682417 364.4347814957252 1.5 1.8998 4.0998 28.09558571117111 -26.947182109555126 -6.4052 1.5595760351837658 0
CAR 0.0 0 3.0172073515038984 1608.6193439264055 203.26492263423356 1802.0478947769132 307.9104450322644 1.5 1.8998 4.0998 31.963388018198295 -35.463013214661004 -6.4191 1.5944905815285024 0
CAR 0.0 0 -1.3131907846182984 131.20112443336984 409.1625465943782 347.9523007021652 516.738436776277 1.553 1.899 4.0996 12.8802208542632 36.30092276117462 -7.6325 -1.7933414657269229 0
CAR 0.0 0 -1.2578824750973503 184.3626138258707 455.79764352552564 433.4905875991336 594.6653946545142 1.6483 1.8736 4.0995 11.603649395264409 29.826978472487554 -7.5421 -1.7933253174713948 0
TRUCK 0.0 0 -1.6597976935880683 -294.526543164042 152.14251711184755 250.68604490271593 563.705206015308 4.083 2.9959 5.8323 21.27249897810715 -2.7604020837578034 -4.9879 -1.6991464887872059 0
CAR 0.0 0 -1.4267298195041764 49.574820758573246 341.7965575897829 224.73052775607394 417.01492549526796 1.4996 1.899 4.0996 14.968917359932831 48.75822602104504 -7.6 -1.7749669233050611 0
CAR 0.0 0 -1.6768237008075964 1513.99508949148 315.34140031821875 1625.0900421229926 388.5614918178829 1.4954 1.9024 4.0993 43.96544170395582 14.098590730117277 -6.0972 -3.0279752999934297 0
TRAILER 0.0 0 -3.053454808439014 -663.4489891223044 86.48662545355526 121.78755569424999 526.4031257315918 4.1525 3.0019 10.9977 25.13632434497869 2.1640940286652093 -4.8941 -2.3933569735575317 0
PEDESTRIAN 0.0 0 2.85280670274288 612.9875082168209 126.54035611755984 646.71037778482 195.2476842504682 1.7322 0.6996 0.7164 41.457896926094556 -8.750613776381043 -5.9789 1.5316807742695877 0
VAN 0.0 0 3.035796232044409 2180.256252385428 264.0790534149839 2712.3771000772035 479.1585398719575 1.9996 2.198 5.9958 22.276247385234576 -43.030518651703936 -6.0941 1.6143678534163548 0
VAN 0.0 0 -1.6153090263149403 1783.1289367091383 256.72014471789333 1887.8663835198117 332.50136971040007 2.008 2.2032 5.9814 60.36035917650791 9.22679165733544 -5.3721 -3.0279752999934297 0
