CAR 0.0 0 2.7228970420279515 1325.8829540998654 189.91906723066515 1532.1938914320083 312.29390461872083 1.7194 1.8964 4.5202 24.940687536490998 -22.53386225321708 -6.5435 1.3245723866681374 0
PEDESTRIAN 0.0 0 3.516608088499085 650.4440062245365 137.47813453334504 685.2081611309038 205.58932213835314 1.7 0.7048 0.7016 38.879143223072816 -7.211170811828726 -6.4929 2.1967451706389425 0
TRUCK 0.0 0 4.3520416266580595 1666.2644577074452 351.64330452181173 1889.1363906773831 564.4638195977992 3.487 2.935 2.072 32.18099219754645 10.114650014932069 -5.9211 3.0317967176572274 0
CAR 0.0 0 2.6696260205795 1286.5936258303177 232.49488033223238 1497.925661105648 360.16997425898217 1.504 1.9011 4.104 22.21205890095926 -19.29819902580626 -6.6643 1.3071218474788941 0
CAR 0.0 0 -1.4900144271696074 220.71503569345634 452.0587885113346 446.53890353422906 585.9078872394733 1.5003 1.9029 4.0972 21.946175559054666 38.49415986162553 -8.2755 -2.067370310837955 0
CAR 0.0 0 -1.2685735253065213 386.72073131740717 413.67769360232086 569.3174845895428 525.534653322941 1.4969 1.8793 4.0996 26.294328474504596 38.403796768032635 -8.2924 -2.067370310837955 0
CAR 0.0 0 2.6896861889284747 1484.4285173817357 238.04712693673204 1760.5538875805705 385.63122834265624 1.498 1.8978 4.2058 18.01537100359518 -21.063312716309806 -6.0071 1.307121847478894 0
PEDESTRIAN 0.0 0 1.340609001117784 634.8375427503553 141.1521418011012 670.1564745226628 210.40805764472447 1.7 0.6974 0.7026 38.35195431711563 -6.68121029167504 -6.4943 0.032453203031635944 0
CAR 0.0 0 -2.6939583426175715 -182.5719278882348 344.78571477469444 89.65802388199133 560.8511519866022 1.5032 1.8996 4.0986 21.963858550317518 6.019882190977756 -6.7781 -2.617898302856984 0
TRAILER 0.0 0 4.3809591432621175 1659.4036023034967 280.00549447874374 1903.166399772383 532.9428786068911 4.117 3.002 6.0508 35.90863242425702 9.708541041919432 -5.4223 3.030421864386673 0
CAR 0.0 0 2.755284974188731 1849.7290291349896 217.98161146037276 2162.3162651486755 354.33436878748745 1.4956 1.9016 4.1016 16.187590442775683 -29.072119630984524 -5.6954 1.3248688080523314 0
VAN 0.0 0 2.2750577596493926 777.6556617983355 293.7637051108748 929.1474527461712 421.85298796806734 2.6032 2.3432 5.4312 36.78426774752585 33.24537013494123 -6.8554 1.0971069482395255 0
CAR 0.0 0 4.3705969541265635 1707.2830645492847 311.7078712950864 1803.3306731734133 384.0001335179156 1.5026 1.8998 4.0992 51.94285353117405 7.3172631026913955 -6.6842 2.994956601495209 0
CAR 0.0 0 4.370519628717876 1709.0796372621164 284.97935502275647 1792.5566290896263 345.6635240086973 1.5026 1.8998 4.0992 59.453228332216064 6.3439870777257585 -6.6114 2.977527194182836 0
CAR 0.0 0 1.7035352629621032 1417.764825992468 545.2216357167697 1572.3283542844754 749.1638409351499 1.4975 1.8986 4.1084 23.192708247185312 15.13509964593094 -7.3344 0.5382260821740401 0
CAR 0.0 0 4.370886707730594 1729.641989753664 260.8172006345503 1801.3069084921867 310.05467237639715 1.5026 1.9046 4.099 70.7986 4.0528 -6.7036 2.9600977287534684 0
