CAR 0.0 0 3.004022196298109 1340.7906708765488 198.60690188650102 1511.069972225823 315.34035489823395 1.594 1.8966 4.5394 31.650823280431084 -28.225304786228236 -6.3337 1.6105393675152717 0
CAR 0.0 0 -1.1571871225836567 203.38531115887463 462.64202080389185 455.9188963821565 598.3061240930932 1.5196 1.8976 4.1761 11.763507415694484 29.249755494672435 -7.5683 -1.7168309998735665 0
VAN 0.0 0 2.2150811883891164 1871.8299319484154 -3243.850376729248 3872.5496449105203 -1015.796074583696 2.6198 2.2122 6.0322 -10.671507308367694 -3.6675139055074797 -7.5887 0.03114003599830792 0
PEDESTRIAN 0.0 0 1.7337199606470588 628.8465182809048 138.69907739766208 665.8646495218461 208.2415294876821 1.7 0.7848 0.6973 39.98870608719897 -9.396207344594163 -6.0576 0.4242919206872831 0
TRUCK 0.0 0 -1.6427833151432414 1769.199715793603 261.3360919748602 1906.5591582772756 388.7263899424133 3.4079 2.7742 1.8309 50.295675251005015 7.94262601545803 -5.2988 -3.0395974269518478 0
TRAILER 0.0 0 -1.8080116780945734 74.6832966282437 1.1556648591255958 307.03824524546275 142.59052582513016 3.5682 3.0012 10.9976 56.255118511653315 8.491139322179832 -5.2107 -3.052921796683383 0
CAR 0.0 0 -1.6856070786167145 1767.5652630522568 343.19573111207757 1880.1293662701983 426.8797518761628 1.5064 1.8966 4.1132 44.66964367758885 7.294735473911577 -6.2711 -3.0493759430220515 0
CAR 0.0 0 -0.9263356561310593 357.0548671517659 420.5245142233955 567.872044520871 534.0491126483064 1.5195 1.8976 4.1014 15.523728154624042 30.508309403443562 -7.441 -1.6993431898568838 0
CAR 0.0 0 2.945787294172705 1313.1709392131686 241.62360299098194 1491.060940385168 367.87391939617163 1.4987 1.9049 4.0972 28.039253392567712 -26.170378387482888 -6.4483 1.5881233509515706 0
CAR 0.0 0 -1.3469383911173567 67.0072899778151 349.99733138530337 249.8553304930502 430.3604661347929 1.5196 1.8976 4.1284 14.673105587248145 46.21646084254618 -7.532 -1.7342843053404915 0
CAR 0.0 0 2.9851049545633517 1604.5346904986309 267.8150614779877 1853.1227058425086 410.578742291052 1.5032 1.8952 4.1044 24.884325702362048 -31.306226364602047 -6.2698 1.6071949858009207 0
CAR 0.0 0 -1.984660426308144 1177.483878187634 655.621094322534 1518.158255046637 985.390730131178 1.4994 1.9016 4.0998 12.59398159820736 7.342435853697509 -6.2208 -3.0168523042503694 0
CAR 0.0 0 -1.3269984722744097 1111.1740405103426 -289.046783343858 1158.1735090327659 -250.83235218524632 1.5034 1.8968 4.0982 -92.46893051156385 6.256942141058627 -8.2669 -3.1311229896829524 0
CAR 0.0 0 4.976603148636553 1146.5823799437837 -366.7377657182464 1218.295977815241 -306.01117265884363 1.5012 1.8966 4.1044 -64.35124520680476 2.032772368545227 -7.9189 3.129098419081561 0
CAR 0.0 0 4.9468850215493605 1203.2948751102992 -365.1588188526216 1275.5338353152295 -307.32009918533464 1.5064 1.8966 4.1132 -67.62020347179626 5.4287417665405275 -8.4218 3.1115694772907663 0
CAR 0.0 0 -1.6164012781525516 1665.2291230485823 293.4455976162088 1764.1887784852047 363.0536524554585 1.6286 1.9033 4.096 51.081214886808226 11.45442867014286 -5.8659 -2.998848718283731 0
CAR 0.0 0 2.0391778006695866 951.864807158268 -498.1267223586182 1035.305281045392 -394.9081003204411 1.7 2.0361 3.853 -48.03213647975165 -8.147218416553933 -8.2722 0.04689157397375113 0
CAR 0.0 0 5.040878794360819 1409.9494208219016 -585.6330045625033 1579.0608467678778 -451.62985294674957 1.499 1.9016 4.112 -36.765164691671615 2.480746954935615 -7.9597 3.1371435214583197 0
