CAR 0.0 0 2.9250697125862466 1433.9476449578149 323.78289668595244 1711.095864163858 515.667039817275 1.551 1.9022 4.6956 21.406131206433255 -26.253186800612614 -6.4702 1.6140760596521568 0
CAR 0.0 0 2.948387112354999 1350.7771996524218 213.64355044021175 1513.9203408921485 323.12230204948986 1.5 1.8998 4.0998 31.431459734086403 -28.3536437389967 -6.555 1.562018017330398 0
CAR 0.0 0 2.9819819796528844 1787.5624647717773 317.6663271899809 2126.387826482837 490.85245747391474 1.5 2.037 4.3995 21.710991748240904 -33.385557133075 -6.4402 1.6140760596521568 0
CAR 0.0 0 -0.9953033892895198 340.6584757252261 412.2811828274734 548.566725956895 525.7120467701562 1.5999 1.899 4.0996 15.641892554424164 31.509079053303594 -7.4486 -1.7574534447408663 0
CAR 0.0 0 -1.0358532827358715 275.4042798727066 375.85502263904317 462.0876683792601 466.79665794486766 1.5 1.899 4.0996 16.80774196896442 37.49582301091538 -7.4503 -1.757453444740867 0
CAR 0.0 0 2.926561201612106 1347.4095582722796 239.46402202327897 1530.3308355146087 365.31064932999186 1.5 1.8998 4.0998 28.039732971373994 -26.965177032418058 -6.4052 1.562023372950315 0
CAR 0.0 0 3.0196976748490734 1604.9119580716742 202.65939233838657 1797.4339032352634 307.037281701924 1.5 1.8998 4.0998 32.03784766575752 -35.403605946685694 -6.4191 1.5969143524866567 0
CAR 0.0 0 -1.2824178725534745 128.208483623764 409.54803168481396 345.47259020654354 517.3325134745936 1.553 1.899 4.0996 12.815731580191446 36.3017562826434 -7.6325 -1.7574534447408667 0
CAR 0.0 0 -1.2313828037493701 178.29632955176956 456.7243224086869 428.6517733147329 596.1625723963839 1.6483 1.8736 4.0995 11.490316987078044 29.827794934128782 -7.5421 -1.7580622104290473 0
PEDESTRIAN 0.0 0 3.5732751691719935 673.2314919185599 118.21918076155416 706.1256647813626 185.39066156327095 1.7024 0.7548 0.7211 41.732431997979255 -10.443418501205102 -5.7738 2.2187577093109483 0
TRUCK 0.0 0 -1.6015717947893064 1725.092907881616 248.18635107618064 1915.0956217867422 433.4067753335148 4.083 2.9959 5.8323 44.69623469874566 7.65641020057256 -4.9879 -2.9908413064371224 0
CAR 0.0 0 -1.38781767988581 58.86940127368235 339.7058175514784 231.92716243609152 414.0042166352579 1.4996 1.899 4.0996 15.29677908195223 49.00829148840115 -7.6 -1.7574534447408674 0
CAR 0.0 0 -1.6930877385023198 1506.5165076405353 315.0509726162998 1617.745425172604 388.1739499095008 1.4954 1.9024 4.0993 43.858758349029145 14.290538204073645 -6.0972 -3.0434344555096065 0
CAR 0.0 0 2.046735737579425 973.0369064877877 -558.1474594643056 1059.0994018319689 -443.37670997260636 1.5026 1.7336 4.1034 -43.29523019573528 -8.13906947695845 -8.5742 0.019008741704010037 0
TRAILER 0.0 0 -1.5923381478723149 1714.822453062107 227.3294976924061 1913.1105219336157 411.19977931100397 4.1525 3.0019 10.9977 49.89524365804996 8.439581248415259 -4.8941 -2.9939342325180367 0
PEDESTRIAN 0.0 0 0.7869189137791911 1158.8711643587724 244.50505805326273 1181.9763813466886 283.3955315598782 1.7 0.699 0.7911 57.3151625148767 36.700559428238925 -6.3139 -0.5621787645179964 0
CAR 0.0 0 -1.635658651932883 1669.2572667494444 257.82933714353874 1744.6682303865266 305.21267558822467 1.4954 1.9024 4.0992 66.8523 14.8524 -5.9684 -3.0434344555096065 0
CAR 0.0 0 2.065256841591013 1379.9526323200953 556.4686380013977 1612.9826021242461 762.6736811594998 1.5034 1.9028 4.1032 19.636153623167285 8.036768423356685 -6.8614 0.9053888501652224 0
