CAR 0.0 0 2.994185013193955 1340.4885821803646 198.11798555661755 1510.400911488124 314.5808780761257 1.594 1.8966 4.5394 31.710261262397488 -28.23941404128838 -6.3337 1.600338874245188 0
CAR 0.0 0 -1.2219811936925364 195.7000892535404 462.8230784227603 449.09391287626215 598.636271728591 1.5196 1.8976 4.1761 11.65544512833511 29.341982232990368 -7.5683 -1.7714513563579621 0
PEDESTRIAN 0.0 0 1.3438945285979746 628.3095721432124 139.07817985456555 665.4062084477794 208.7267767745218 1.7 0.7848 0.6973 39.92496701828099 -9.389389766356027 -6.0576 0.03527947359358132 0
TRUCK 0.0 0 -1.6517220576200138 1768.0176006894435 261.1831265090787 1905.1976156993794 388.44093472379376 3.4079 2.7742 1.8309 50.31988623889933 7.98037878984222 -5.2988 -3.048531819335291 0
TRAILER 0.0 0 -1.861504544829946 48.09326655849321 4.864283203489057 293.8930001979366 152.59212232571983 3.5682 3.0012 10.9976 54.291270138417616 8.364748711561028 -5.2107 -3.0427454332082586 0
CAR 0.0 0 -1.6858602969343786 1767.7837413942666 343.13299944482713 1880.306043847678 426.7834855573623 1.5064 1.8966 4.1132 44.687642473612556 7.292320175200531 -6.2711 -3.0496920303081225 0
CAR 0.0 0 -0.9627493731588727 357.665946725542 420.34763555731803 568.314338274149 533.7770479320096 1.5195 1.8976 4.1014 15.542268670258158 30.516976148266856 -7.441 -1.736558058116082 0
CAR 0.0 0 2.9948100885065614 1321.5539744882492 240.9429529129865 1500.2898682716527 366.7543258628498 1.4987 1.9049 4.0972 28.10116444642369 -26.388984821718637 -6.4483 1.6352454592850747 0
CAR 0.0 0 -1.3176275947911427 101.4160930711815 359.7570337548903 288.8277029649622 444.25594451961666 1.5196 1.8976 4.1284 14.752403580621873 43.737712182548776 -7.532 -1.7714513563579624 0
CAR 0.0 0 2.998095793812951 1503.12924788646 270.65813442195804 1737.1672541385503 416.0633620597541 1.5032 1.8952 4.1044 24.702380329693923 -29.002741717754862 -6.2698 1.6352454592850747 0
CAR 0.0 0 4.824916482322733 1071.2714266162366 -243.6235808988078 1105.521598141381 -216.183145038133 1.4952 1.9028 4.1046 -120.13340655379268 8.683866858394294 -8.1952 3.0460925428424637 0
TRAILER 0.0 0 1.6196278030142235 395.41570268028175 -17.300250464432953 504.23166697600703 56.569536479229136 3.1098 3.3536 10.442 88.91240224309473 7.187973843113898 -6.0304 0.08868136636738409 0
CAR 0.0 0 4.753242368147363 1045.6897632415728 -230.92845801738972 1072.239245919891 -209.14050634045756 1.5044 1.9032 4.0978 -149.97221494127314 11.324921611326479 -9.4954 2.977674094340651 0
CAR 0.0 0 1.9649640240408752 1049.6338455605985 -490.098711851878 1139.479054993937 -394.6499513344677 1.4968 1.8978 4.1026 -47.90279563311437 -5.030522584969882 -8.2622 0.01085818351204231 0
VAN 0.0 0 0.13018899050439114 1022.3612651234916 807.0615595111541 1537.871839835624 1543.0675977597928 1.9202 2.1008 4.4984 8.241089459345368 -16.762259937129606 -6.8328 -0.6847500006678794 0
CAR 0.0 0 1.742185904796672 455.62907206765396 -43.72699252630604 494.93297839427305 -18.941388252483204 1.5162 1.9006 4.103 119.0642 12.2916 -4.8514 0.10522774726853645 0
