CAR 0.0 0 3.0116903773611776 1341.727598354728 198.25549874408298 1511.9120039387628 314.7834951550339 1.594 1.8966 4.5394 31.693505979918143 -28.265780518311974 -6.3337 1.6177921667651312 0
CAR 0.0 0 -1.2203909680501277 196.865886026613 462.72765538157773 450.0814537018146 598.4798794700788 1.5196 1.8976 4.1761 11.674194648578645 29.334060751114492 -7.5683 -1.7714513563579624 0
PEDESTRIAN 0.0 0 1.3430911922895556 627.7471047601998 139.44462452206895 664.9215887890151 209.19606332784934 1.7 0.7848 0.6973 39.863517620891436 -9.38166298357733 -6.0576 0.03527947359358132 0
TRUCK 0.0 0 -1.6517257154476266 1767.6243706404373 261.135285307437 1904.7477904400548 388.35201750684166 3.4079 2.7742 1.8309 50.32684128531525 7.992768167271755 -5.2988 -3.048531819335291 0
TRAILER 0.0 0 -1.863081675166046 47.25969363803168 4.883439417865412 293.30597648261977 152.66027360837734 3.5682 3.0012 10.9976 54.27806718726538 8.3831421971087 -5.2107 -3.0427454332082586 0
CAR 0.0 0 -1.6858326371214103 1767.7801369601411 343.08780160419343 1880.279153178562 426.71513654725163 1.5064 1.8966 4.1132 44.69719360800554 7.294001759293567 -6.2711 -3.0496920303081225 0
CAR 0.0 0 -0.9801906261034997 357.71815905072197 420.3949925452219 568.3935826062358 533.8486351468531 1.5195 1.8976 4.1014 15.540584600314745 30.511217782937063 -7.441 -1.754008691334736 0
CAR 0.0 0 2.994206399270375 1322.888848158477 241.94847512699755 1502.4346113520396 368.2854633776813 1.4987 1.9049 4.0972 28.005495112577215 -26.38609119015587 -6.4483 1.6352454592850747 0
CAR 0.0 0 -1.3220428406968923 99.2083430251463 359.97980595442675 286.93668858846 444.58983857271795 1.5196 1.8976 4.1284 14.69747815241545 43.74050656148741 -7.532 -1.7714513563579624 0
CAR 0.0 0 2.9998192649510362 1497.7011408971082 267.2118377132062 1728.266780771587 410.66114120714457 1.5032 1.8952 4.1044 24.978160261261657 -29.019845265709602 -6.2698 1.6352454592850747 0
CAR 0.0 0 1.552180925504881 399.0820790807284 33.48185782839091 461.9656237595115 74.65500384115417 1.5162 1.9006 4.1032 76.90910011921189 5.64040612973877 -6.7749 0.10522774726853645 0
CAR 0.0 0 4.821294300254602 1039.113959548316 -249.53945103443456 1070.4723334127625 -223.45260527316958 1.5044 1.9512 4.0978 -129.02658111227046 7.383693040860075 -9.2429 3.0300625032870436 0
CAR 0.0 0 4.93063205561398 1205.3314745691284 -361.66042113478125 1278.5600655629958 -303.8265747591557 1.4952 1.9028 4.1046 -66.81294690159984 5.332031296255434 -8.1952 3.098460294461671 0
TRUCK 0.0 0 1.1785627839477126 198.74304243972614 87.23366072155058 387.3365733201722 249.34326743697386 3.6148 3.2348 2.3654 39.08994294306805 -0.4083189157614515 -5.7722 0.11775794801211566 0
TRAILER 0.0 0 0.9015667189727138 23.28929561058927 118.56657471433371 397.7794074946004 370.14983721997163 3.1098 3.3536 10.442 33.2357913764307 -1.1171934019364578 -6.0304 0.12388799494330474 0
VAN 0.0 0 2.5752906318298474 793.0686741333058 -1945.5364741470742 1155.8011482990341 -959.295118718671 1.9202 2.1008 4.4984 -13.70206171979775 -12.79417670651974 -7.2846 0.03069529861024094 0
