CAR 0.0 0 2.9251716364605675 1433.6514375979111 323.5746719029831 1710.5651380372535 515.3125029359431 1.551 1.9022 4.6956 21.419084572184364 -26.253177349438843 -6.4702 1.6140760596521562 0
CAR 0.0 0 2.948035630188082 1351.7653961408207 214.25113241986804 1515.4009008557523 324.02298546103714 1.5 1.8998 4.0998 31.361830997929967 -28.353000114057732 -6.555 1.562018017330398 0
CAR 0.0 0 2.9830469164736186 1790.586755279397 317.47719373237203 2129.8102858739067 490.5069988570921 1.5 2.037 4.3995 21.72129345724898 -33.45436972787117 -6.4402 1.6146851398907593 0
CAR 0.0 0 -0.995202665230282 340.6583326676439 412.1750611866486 548.4954661663165 525.5504808699743 1.5999 1.899 4.0996 15.64760547494026 31.520740502822765 -7.4486 -1.7574534447408663 0
CAR 0.0 0 -1.0352439067225676 275.903579738646 375.8941836636075 462.57656351955916 466.8513261471571 1.5 1.899 4.0996 16.81415515665276 37.480982320304335 -7.4503 -1.757453444740867 0
CAR 0.0 0 2.9093406984565444 1346.8551449414656 239.06346506834342 1529.4437800594462 364.70009409308994 1.5 1.8998 4.0998 28.078131074597195 -26.96655164770128 -6.4052 1.5445674198756585 0
CAR 0.0 0 3.019485382933575 1608.0384335702827 203.39932441301798 1801.494466905425 308.1161105243139 1.5 1.8998 4.0998 31.946985787218022 -35.43778223514236 -6.4191 1.5969143524866567 0
CAR 0.0 0 -1.2829908926535256 127.86461899707793 409.5596880534814 345.164889224283 517.3519047281897 1.553 1.899 4.0996 12.80976830718674 36.305965716883286 -7.6325 -1.7574534447408667 0
CAR 0.0 0 -1.2280018392122272 180.58877853527088 456.258667776049 430.39887258223354 595.4149024604491 1.6483 1.8736 4.0995 11.537103982422611 29.838099633586104 -7.5421 -1.7580622104290475 0
PEDESTRIAN 0.0 0 3.613117154235468 788.3973927867405 111.01773309185944 815.6848889102667 175.4253198299831 1.7024 0.7548 0.7211 43.284078794781394 -13.674888597560797 -5.7738 2.2187577093109483 0
TRUCK 0.0 0 -1.5962515943223643 1728.3799300175106 242.39587656688224 1909.3211774301512 417.47613448274217 4.083 2.9959 5.8323 46.98812353578403 8.006804336872282 -4.9879 -2.9908413064371224 0
PEDESTRIAN 0.0 0 -2.2557070973892444 1968.9285559986238 1955.074759299803 2734.9476717542275 2599.1821327325906 1.8354 0.7406 1.0616 2.7195073743568146 -19.101874462304277 -6.551 -3.04477252578078 0
CAR 0.0 0 -1.388315853825855 58.654261965403535 339.768028072625 231.77026744110557 414.0934286016933 1.4996 1.899 4.0996 15.288212115473824 48.999515554133396 -7.6 -1.7574534447408674 0
CAR 0.0 0 -1.6823390760002195 1523.1897456103138 302.97149432593864 1626.8784442982844 370.15803835461577 1.4954 1.9024 4.0993 47.267298862225175 14.870043485429385 -6.0972 -3.0434344555096065 0
CAR 0.0 0 1.9518978378777723 909.7814220115155 -384.6720266032604 958.022417832576 -323.8769168086942 1.5026 1.7336 4.1034 -67.11331208535358 -8.338538956989929 -8.5742 0.01900608361810033 0
TRAILER 0.0 0 -1.588790492372482 1718.4089235306392 223.31906005222064 1908.6121732585893 397.98888314414387 4.1525 3.0019 10.9977 52.07012439033629 8.766672966874854 -4.8941 -2.994543022300242 0
CAR 0.0 0 4.810542106283829 1040.253345439819 -276.7410763031578 1074.7846555858828 -246.529272829559 1.4984 1.8986 4.0986 -115.9674 5.3578 -9.8388 2.9973671285643406 0
PEDESTRIAN 0.0 0 0.7586408737822914 1113.2499577990275 246.64816303920878 1136.5316967795372 286.38965449957254 1.7 0.699 0.7911 54.6701 37.6462 -6.3139 -0.5796320570379399 0
