CAR 0.0 0 2.705715216025448 1329.099040280351 190.0926566823891 1535.927129533613 312.5338484771489 1.7194 1.8964 4.5202 24.89907063395453 -22.601949653754954 -6.5435 1.3071190965771684 0
PEDESTRIAN 0.0 0 3.5145894472886523 648.8039955207869 138.3972525208025 683.4662621293667 206.67986950818897 1.7 0.6968 0.7192 38.84174601592813 -7.154076787906378 -6.5112 2.1967451706389425 0
TRUCK 0.0 0 4.3902605396085725 1705.2926079453293 257.6061723350904 1839.2816404933587 380.7685990063808 3.487 2.935 2.072 53.295442525375144 6.775995787880291 -5.9211 2.996917376801119 0
CAR 0.0 0 2.6687382794903924 1279.3161360012043 232.17219858630608 1489.5610588884758 359.74536141551226 1.504 1.9011 4.104 22.287591835890076 -19.153871193487458 -6.6643 1.307121847478894 0
CAR 0.0 0 -1.4901202262689324 220.54116265973363 451.8906407996724 446.2885526277114 585.6505466668171 1.5003 1.9029 4.0972 21.954723226814696 38.509336605582256 -8.2755 -2.067370310837955 0
CAR 0.0 0 -1.2614891927281466 393.04095859183127 412.8091799359463 574.4394250982963 524.1808620683005 1.4969 1.8793 4.0996 26.431907562611194 38.347489590660594 -8.2924 -2.067370310837955 0
CAR 0.0 0 2.689391446462854 1483.594773703851 238.30702235007485 1759.8720252046173 386.0809315397885 1.498 1.8978 4.2058 18.00152673876059 -21.029293498671148 -6.0071 1.3071218474788946 0
PEDESTRIAN 0.0 0 1.3399312465716124 632.6087850217725 141.03685477123736 667.9512543161964 210.27622649746647 1.7 0.6974 0.7026 38.38604919000393 -6.625255305838268 -6.4943 0.032453203031635944 0
CAR 0.0 0 4.382964081862495 1722.4322189511663 334.5844355573301 1830.552142733205 416.7056655630993 1.5032 1.8996 4.0986 47.44649479523384 7.41695709749866 -6.7781 3.0199979204338043 0
TRAILER 0.0 0 4.404314741650105 1700.8837464269932 220.2765821446925 1853.598850181018 367.4787380311022 4.117 3.002 6.0508 57.01599958333029 6.237047088723828 -5.4223 2.995539632768037 0
CAR 0.0 0 2.7799048426574955 2180.060672638839 213.70759626996286 2522.8361857778173 342.5811959903267 1.4956 1.9016 4.1016 14.347038465425312 -37.14164807296402 -5.6954 1.3257885173400492 0
VAN 0.0 0 -0.38924493921313275 2594.0641275799276 418.34732496587776 3526.5004446873813 763.0263825353635 1.8784 2.1996 5.9972 4.568307505199986 -32.23846636075813 -6.9284 -1.772035088766517 0
CAR 0.0 0 -1.434013288128598 170.0231938842864 296.76536532260116 309.31516931461516 360.3576589294934 1.501 1.901 4.1044 36.595967032848044 58.61220109599254 -8.2531 -2.067370310837955 0
CAR 0.0 0 2.8224672477099366 2842.8691249191515 174.02218549143566 3189.15654055543 269.90110952391154 1.5038 1.901 4.3724 12.3818 -65.2161 -5.8167 1.324577888427898 0
