CAR 0.0 0 2.70585002070064 1329.5514714311596 190.00049091967185 1536.3521078515098 312.3780716982166 1.7194 1.8964 4.5202 24.90615191742084 -22.62110255661291 -6.5435 1.3071190965771677 0
PEDESTRIAN 0.0 0 3.5121249410230995 644.7972578403991 139.02226630054258 679.6202393308056 207.51336004155732 1.7 0.6968 0.7192 38.75830291814882 -7.0268388150456325 -6.5112 2.1967451706389425 0
TRUCK 0.0 0 4.3574687753073125 1672.9009821005134 297.072254179921 1842.2975286963774 457.1554432974381 3.487 2.935 2.072 41.58340094578624 9.015105188362092 -5.9211 2.996917376801119 0
CAR 0.0 0 2.667956219263564 1278.5417663581304 232.9653557413465 1489.2955593489132 361.010247549052 1.504 1.9011 4.104 22.22376685550525 -19.088940027291716 -6.6643 1.3071218474788941 0
CAR 0.0 0 -1.4892082567174434 221.94247876503778 453.1549673254805 448.2522554824072 587.5853856793418 1.5003 1.9029 4.0972 21.891465041181835 38.39392258505661 -8.2755 -2.067370310837955 0
CAR 0.0 0 -1.265589610075433 389.3167033616891 413.2570402299429 571.3865899003366 524.8830912193098 1.4969 1.8793 4.0996 26.355919415111707 38.38582681195894 -8.2924 -2.067370310837955 0
CAR 0.0 0 2.6897427607783717 1484.594590791157 237.99822965752008 1760.6925826149518 385.5465052031815 1.498 1.8978 4.2058 18.017923591927726 -21.069907789340675 -6.0071 1.307121847478894 0
PEDESTRIAN 0.0 0 1.3396253294475107 632.6816759490528 141.244932996854 668.0531420306265 210.5433033535544 1.7 0.6974 0.7026 38.34994800193133 -6.621329340412119 -6.4943 0.032453203031635944 0
CAR 0.0 0 -1.8337492029334532 1674.9476888514077 436.9727067951026 1832.1123429778875 578.3301025804025 1.5032 1.8996 4.0986 31.525719810879025 10.448881785324485 -6.7781 -3.1237604558083576 0
TRAILER 0.0 0 4.377644434091142 1670.8924718114506 246.50054280732198 1860.566597227751 438.10140693443736 4.117 3.002 6.0508 45.2184306392485 8.494699894251449 -5.4223 2.9955396327680366 0
CAR 0.0 0 2.7554931058660057 1849.5449024782122 218.1275439602831 2162.2931731217222 354.58213749690026 1.4956 1.9016 4.1016 16.178127646522356 -29.053471125485604 -5.6954 1.325179076384217 0
VAN 0.0 0 2.0095544438774535 1163.2390933202362 379.4550010407007 1328.064438933449 578.1876817214197 2.6032 2.3432 5.4312 29.472022403303292 20.183842814853215 -6.8554 0.8002097006005515 0
CAR 0.0 0 4.370874951364572 1711.419776585884 285.03783419370285 1794.1000600897814 344.98495753752945 1.5026 1.8998 4.0992 60.167645577199224 6.156680750899689 -6.6842 2.977527194182836 0
CAR 0.0 0 2.742973059403357 1681.7326569526947 219.23849508895276 1945.3623461836269 342.21029430239184 1.5038 1.901 4.3724 19.885773545825256 -28.95662712031982 -6.4874 1.3245778884278983 0
CAR 0.0 0 4.38467244807936 1725.9584778069218 265.704433464435 1800.8616798282299 317.7901759440535 1.5026 1.8998 4.0992 67.4513 4.6752 -6.6114 2.977527194182836 0
