CAR 0.0 0 2.736741815015124 1328.1011793411917 190.10136370270735 1534.8225161617556 312.5611166142399 1.7194 1.8964 4.5202 24.905038521598517 -22.575698276232178 -6.5435 1.338281743454179 0
PEDESTRIAN 0.0 0 2.885667307738018 632.8126883647485 133.89787700567786 667.5242459758534 201.90729061050067 1.7 0.6974 0.7026 39.17350950150707 -6.767846680724356 -6.4242 1.567098590132319 0
TRUCK 0.0 0 4.3478760383204875 1702.5152833092754 257.27668012813143 1835.9994237392168 380.2121600311889 3.487 2.935 2.072 53.34878139099121 6.857542407418851 -5.9211 2.954589946740443 0
CAR 0.0 0 2.7075416398189205 1289.403404424087 232.49528108727054 1501.0610684898004 360.1373489431002 1.504 1.9011 4.104 22.193679911440668 -19.361430996609805 -6.6643 1.3445949556756323 0
CAR 0.0 0 -1.4461869493697583 237.86929720088858 450.0391251123752 460.2824111641751 582.6323233184032 1.5003 1.9029 4.0972 22.223273123827564 38.341935317569764 -8.2755 -2.04660312373549 0
CAR 0.0 0 -1.2901677123563442 384.31791953182756 413.81940012153666 567.2700811969107 525.7681747202149 1.4969 1.8793 4.0996 26.25745520598618 38.44014814909844 -8.2924 -2.086445960933754 0
CAR 0.0 0 2.7206814682708664 1488.5334230727976 237.62795634145752 1764.7778089014982 384.8677511921279 1.498 1.8978 4.2058 18.021290627426364 -21.174696162730477 -6.0071 1.33729912391633 0
PEDESTRIAN 0.0 0 1.3245652853169951 633.1729196349097 140.22855531524542 668.387437421513 209.23248506317643 1.7 0.6974 0.7026 38.52141753168209 -6.6631616633293875 -6.4943 0.015570256983676761 0
CAR 0.0 0 1.2915245842307204 1841.3994247223422 241.9362073440783 1905.876913935118 279.89687279603487 1.5054 1.9306 4.096 91.26966239243471 -4.6623384327655035 -7.1517 -0.1410786359914363 0
TRUCK 0.0 0 1.1664609368835124 334.8567368024621 40.3573070152518 431.6502569230566 160.9921543144227 3.5570000000000004 2.5127999999999995 3.866599999999999 54.766080918699934 0.17297019602948627 -6.322 -0.15310454807750865 0
TRAILER 0.0 0 1.0873739326569107 289.8197940173691 49.30380272783388 420.88785040255743 206.21551677096653 3.5054 2.9277 8.5474 48.87528709511024 0.9764928834250783 -6.2739 -0.1541603103573966 0
CAR 0.0 0 4.322741476726813 1704.074062526273 333.06263344120606 1809.2977687751243 414.6300677555549 1.5032 1.8996 4.0986 47.44855804293122 7.9440345873299325 -6.7781 2.961074677280605 0
TRAILER 0.0 0 4.360560571873011 1699.8269487586572 219.54602031470353 1851.2589878746892 365.64513820461264 4.117 3.002 6.0508 57.37042048607013 6.2319753225789 -5.4223 2.951256435673922 0
