CAR 0.0 0 2.935249403600492 1431.4672565433607 323.8754967963876 1708.1307862158715 515.8552640111727 1.551 1.9022 4.6956 21.401893159062144 -26.203680961018122 -6.4702 1.624770918866233 0
CAR 0.0 0 2.964097810938762 1353.6196382932349 213.24890913526625 1516.9029974859932 322.5082728243481 1.5 1.8998 4.0998 31.476335427055563 -28.444780115254574 -6.555 1.5770240091038403 0
CAR 0.0 0 2.997131846952902 1792.708415837292 318.40276939544225 2133.2709580331493 492.01692165215064 1.5 2.037 4.3995 21.661001905445882 -33.454830074421274 -6.4402 1.6290845723854452 0
CAR 0.0 0 -1.045026654814181 343.26308877237193 411.7661963036095 550.6091376549748 524.9126843911515 1.5999 1.899 4.0996 15.710260704247123 31.523387616870266 -7.4486 -1.8104714429084878 0
CAR 0.0 0 -1.0828629030308157 280.03765940632013 375.84073673682536 466.3689254083172 466.75097008460676 1.5 1.899 4.0996 16.891650457319507 37.41301495074037 -7.4503 -1.8104606373881729 0
CAR 0.0 0 2.9242820436178514 1347.048869486206 239.18463148279724 1529.7419804363167 364.8845320483744 1.5 1.8998 4.0998 28.066498630345563 -26.966745051970978 -6.4052 1.5595760351837658 0
CAR 0.0 0 3.0173316804183328 1608.3600518967246 203.04680001493193 1801.5950231773863 307.58682547201346 1.5 1.8998 4.0998 31.990114430228623 -35.47110003684911 -6.4191 1.5944905815285024 0
CAR 0.0 0 -1.3142663415419045 130.55908478548005 409.20370325662174 347.3912431182795 516.8036675102882 1.553 1.899 4.0996 12.868206353453248 36.30634642786979 -7.6325 -1.7933414657269229 0
CAR 0.0 0 -1.2566184744718516 185.3380234022005 455.898004311548 434.4438526488631 594.817125297927 1.6483 1.8736 4.0995 11.61313624891788 29.803913911582377 -7.5421 -1.7933253174713948 0
TRUCK 0.0 0 -1.4890578361713271 -242.94921106510697 151.27969183605984 282.4825310277753 559.7912002709429 4.083 2.9959 5.8323 21.358447800740954 -3.256645198858437 -4.9879 -1.6472366678434978 0
CAR 0.0 0 -1.4265907101940885 49.63966437348991 341.8382515983126 224.82071325615104 417.07377675730777 1.4996 1.899 4.0996 14.967590705355995 48.7481388023992 -7.6 -1.7749669233050611 0
CAR 0.0 0 -1.6770475325017513 1514.1960915435209 315.6963620115811 1625.4857903752818 389.08986088419795 1.4954 1.9024 4.0993 43.88761455644941 14.067314050671124 -6.0972 -3.0279752999934297 0
TRAILER 0.0 0 -2.9837132839411864 -650.3777527913376 87.97235630289727 133.40502332277626 532.2478370469012 4.1525 3.0019 10.9977 24.934518740532564 1.8429149720285594 -4.8941 -2.3584533612084706 0
PEDESTRIAN 0.0 0 2.85255505974931 611.9493428697476 126.45697673005374 645.7052028107524 195.14711322220867 1.7322 0.6996 0.7164 41.472172039346546 -8.720039826944213 -5.9789 1.5316807742695877 0
VAN 0.0 0 3.033706353526156 2156.0858404445244 264.74512648331273 2683.491390846755 480.86973700648406 1.9996 2.198 5.9958 22.234178722587146 -42.441896897226066 -6.0941 1.6143678534163548 0
VAN 0.0 0 -1.6160423885515616 1782.5119328321796 257.73328092486923 1888.0810178814006 334.2481087604107 2.008 2.2032 5.9814 59.87393832131419 9.169710728501963 -5.3721 -3.0279752999934297 0
