CAR 0.0 0 2.7367448450471343 1328.0455814208108 190.08906541337515 1534.7499891421505 312.5418528535886 1.7194 1.8964 4.5202 24.90678904160349 -22.57528380788312 -6.5435 1.3382817434541792 0
PEDESTRIAN 0.0 0 2.8830897949611565 644.1459983487159 138.48461070773592 678.9024002006983 206.82657996021686 1.7 0.6968 0.7192 38.85667093891915 -7.025507311898804 -6.5112 1.567098590132319 0
TRUCK 0.0 0 4.347797576121677 1703.1363620593136 257.4742356399559 1836.8517854176662 380.57132117454375 3.487 2.935 2.072 53.29245930634655 6.844633919015806 -5.9211 2.954589946740443 0
CAR 0.0 0 2.7065481799780686 1284.618241107861 232.78339411564735 1495.9400174973634 360.650120535631 1.504 1.9011 4.104 22.199931286342718 -19.236339394311518 -6.6643 1.3445949556756323 0
CAR 0.0 0 -1.4635030259992152 225.13464330981637 451.88234010335685 450.279611152724 585.5930794835899 1.5003 1.9029 4.0972 21.996457456116605 38.4303326150355 -8.2755 -2.04660312373549 0
CAR 0.0 0 -1.2884807146100674 386.52068868929547 414.2967687609731 569.4725819125515 526.4608256367974 1.4969 1.8793 4.0996 26.242244183308458 38.35841515442169 -8.2924 -2.086445960933754 0
CAR 0.0 0 2.720699388914693 1486.7121871044124 237.294140621502 1762.3790316480067 384.3308260549532 1.498 1.8978 4.2058 18.05640869132881 -21.15952057615819 -6.0071 1.33729912391633 0
CAR 0.0 0 1.3057465903631171 1815.7980901171945 215.11795267943708 1865.3538165174282 244.02452694391178 1.5054 1.9306 4.096 114.03601855393926 -7.540804861185154 -7.1517 -0.1410786359914363 0
PEDESTRIAN 0.0 0 1.3232233647966918 631.8825372152395 140.75252884616842 667.1967095154253 209.91590485924826 1.7 0.6974 0.7026 38.43951349621678 -6.6139616863570705 -6.4943 0.015570256983676761 0
TRUCK 0.0 0 1.343605765682996 425.2630782497595 -4.722819646992214 489.4194700106234 74.58619141155592 3.5570000000000004 2.5127999999999995 3.866599999999999 80.90326655180489 -3.7043706156570986 -6.322 -0.15310454807750865 0
TRAILER 0.0 0 1.3176487931242131 403.4062854811193 -0.7158077297193617 485.5437790229875 93.42151022934779 3.5054 2.9277 8.5474 74.93688504483306 -2.734907238132778 -6.2739 -0.1541603103573966 0
CAR 0.0 0 4.322847355514307 1704.1465817304827 332.9127945998616 1809.3003600922327 414.4046707693807 1.5032 1.8996 4.0986 47.48278554289656 7.93779579309131 -6.7781 2.961074677280605 0
TRAILER 0.0 0 4.36057732815321 1701.6365685283306 219.7450632777926 1853.6225744222832 366.08098619010997 4.117 3.002 6.0508 57.31851674564102 6.174504733497552 -5.4223 2.951256435673922 0
CAR 0.0 0 2.9257160279527943 3467.7568801711095 173.67345231469366 3856.462172223197 265.738286069529 1.4956 1.9016 4.1016 5.9272 -82.4427 -5.4535 1.4144137989103098 0
