CAR 0.0 0 2.724454426311251 1776.291919672832 301.26815782472585 2174.285712562105 486.9410724241139 1.5023 1.898 4.937 13.826089449168691 -24.85260387764242 -6.5925 1.3488135988365393 0
CAR 0.0 0 2.6566149379755206 1320.6966772433584 235.17625874267557 1536.0727659550687 363.5672880040378 1.5177 1.898 4.0963 21.924663352263508 -20.02770723083413 -6.7131 1.2910181249559232 0
CAR 0.0 0 2.6561174377269188 1405.6504824601145 311.5072118197332 1742.3036234405688 510.52710559661307 1.5541 1.898 4.9169 15.694831678555177 -17.65348147483534 -6.7043 1.3385813619489222 0
CAR 0.0 0 -1.4714098581982527 210.79837845060058 440.937770218277 436.24279237847406 578.7240153123286 1.6474 1.9008 4.0966 22.1393333045051 38.97417451892935 -8.1942 -2.043220920331697 0
CAR 0.0 0 2.7214830034160142 1590.1870173775542 198.5065563804074 1814.0051006144029 301.91509799512244 1.396 1.8974 4.3588 23.215938485738633 -29.52108081397535 -6.6116 1.2956667494353806 0
CAR 0.0 0 -1.3039231371841682 349.8775224669929 399.48916551933996 535.1768305247361 514.5661186434601 1.6474 1.9008 4.0966 26.36805030600948 39.56229770608229 -8.1431 -2.078132818304195 0
TRAILER 0.0 0 1.424968577237427 418.5666132679553 -19.65186295982768 515.2093159624325 100.05076935622321 4.11 3.0032 11.0896 69.86827764958342 -3.5928605287648594 -5.5143 -0.06777537488725155 0
VAN 0.0 0 -2.8184272375457766 -440.3505840107955 317.09616008416583 44.541184702550446 701.5244711082328 2.3536 2.2034 4.7012 17.60199332537242 5.88355316956115 -5.6925 -2.4976939972450563 0
VAN 0.0 0 2.785757458699598 2090.1563577624397 250.1159595758578 2634.7116247037325 465.729964031339 1.9972 2.1978 5.9954 12.245735437670492 -32.62534251562567 -6.1821 1.3630240930533906 0
CAR 0.0 0 2.738185925148997 1518.7621186794743 259.69278659112445 1788.5446952546367 405.12825006936146 1.4974 1.8977 4.0982 17.994463902983156 -22.03783159807469 -6.4838 1.3642834977290486 0
CAR 0.0 0 -1.829416563558954 1668.5711791411047 421.85182039471556 1819.5451955706583 556.791034706505 1.5036 1.8952 4.097 32.38728370623758 10.51713488282925 -6.6445 -3.127675366051149 0
VAN 0.0 0 -0.41418635662212755 2251.810657063799 412.23317572932825 3177.695339604955 841.7902775408514 2.5368 2.1676 5.7104 5.65130853867076 -24.990522415709698 -6.6447 -1.7617183419558937 0
CAR 0.0 0 4.272144882541345 1677.7211853373055 353.83219458839267 1795.2756596753616 450.43965141310645 1.5128 1.9018 4.1024 41.392793655017954 9.389282440369255 -6.5594 2.9282069803714004 0
CAR 0.0 0 4.303023283339611 1480.400712136822 320.8991309850727 1552.4067836546458 394.24397891954396 1.5022 1.9049 4.1038 48.75668835409609 14.657037081005159 -7.16 2.9631096288826786 0
PEDESTRIAN 0.0 0 2.6786145272183717 624.7689668298171 130.90255578434937 661.3100877857727 200.7704984259651 1.7526 0.7308 0.855 39.86024233641757 -6.677447372963268 -6.4758 1.3596365322624513 0
CAR 0.0 0 2.766195158635794 1781.2970955437029 251.8435946474014 2079.796766107998 390.64582158857934 1.4878 1.9007 4.104 16.613484491684975 -27.920205759996975 -6.404 1.3590267776864629 0
