CAR 0.0 0 2.7245198091449367 1777.9172471774832 301.44979293558004 2176.4234956648324 487.24104030329994 1.5023 1.898 4.937 13.806845136403185 -24.871942833279324 -6.5925 1.3488135988365393 0
CAR 0.0 0 2.6565499014997895 1318.9318512965406 234.92430541626257 1533.9108758597222 363.18966419239223 1.5177 1.898 4.0963 21.957811251758613 -20.003574863093153 -6.7131 1.2910181249559247 0
CAR 0.0 0 2.655966647551577 1406.1871890722514 311.833416183332 1743.28039598868 511.10913936524724 1.5541 1.898 4.9169 15.674065715724716 -17.648674038282365 -6.7043 1.3385813619489222 0
CAR 0.0 0 -1.4709697521161296 211.10251368111383 440.87674909228235 436.47023492392344 578.6257539987416 1.6474 1.9008 4.0966 22.14589756842274 38.97348995731946 -8.1942 -2.043220920331697 0
CAR 0.0 0 2.7211823713333385 1590.3128619201946 198.51745456917163 1814.15323833146 301.9305088746007 1.396 1.8974 4.3588 23.213871271762237 -29.523293969347566 -6.6116 1.2953621165572877 0
CAR 0.0 0 -1.303481373991452 350.602761923483 399.8078482379434 535.9973058255404 515.0415840088639 1.6474 1.9008 4.0966 26.349118382907925 39.52020787992505 -8.1431 -2.078132818304195 0
TRAILER 0.0 0 0.08247750829077571 219.97079925153545 79.901023856845 477.7665870718331 434.50796753385225 4.11 3.0032 11.0896 28.743697902841973 0.6370068342205144 -5.5143 -0.9060927381527565 0
TRUCK 0.0 0 1.2414823508423902 458.515743023161 77.87717173510264 640.8766977524699 304.0943380365955 3.9074 3.0032 5.6574 33.02196912219282 -3.3551406425070143 -5.6171 -0.00641526602999653 0
VAN 0.0 0 4.366777671437613 1691.8881476502909 276.7863300977107 1815.2257551476644 384.77063015030785 2.3536 2.2034 4.7012 48.76279343999825 8.088177819692804 -5.6925 2.981374829953033 0
VAN 0.0 0 2.785599841690921 2089.2704651871645 250.28514188465226 2634.021223980905 466.0984894823136 1.9972 2.1978 5.9954 12.24154584860939 -32.58901888100938 -6.1821 1.3630240930533906 0
CAR 0.0 0 2.767728312471962 1748.2368675085659 253.19300853015423 2039.7201180688385 391.6421434066765 1.4974 1.8977 4.0982 16.976445665904265 -27.41561125997201 -6.4838 1.3642834977290486 0
CAR 0.0 0 2.807997313848635 2222.8253221969817 231.3862884873566 2564.208745878719 359.4854384909368 1.4878 1.9007 4.1038 14.109512064288039 -38.63355395999647 -6.1085 1.3590267776864635 0
CAR 0.0 0 2.6873294367677274 1324.0793821843201 202.28493436757535 1515.7837604087892 311.88174054993743 1.4974 1.8976 4.0982 24.908088601524966 -22.303866585664768 -6.6735 1.2944598052176606 0
CAR 0.0 0 4.3537034655104145 1718.2506624038663 290.9400184741463 1804.9961552703974 353.8887053844591 1.5036 1.8952 4.097 57.96166544393559 6.206176236080945 -6.6445 2.9635237234090614 0
VAN 0.0 0 4.341265056732124 1639.7383621234244 402.8921155176727 1837.210971404622 623.5403102297172 2.5368 2.1676 5.7104 30.783016477067918 10.947014078624415 -6.6447 3.0549333319403855 0
CAR 0.0 0 4.370075912739731 1724.343188400788 265.47713099766446 1799.8648897356504 318.2565178262845 1.5128 1.9018 4.1024 66.9017518933422 4.820854585461252 -6.5594 2.9631082532858892 0
CAR 0.0 0 4.301737029770149 1473.5381151718698 321.28631288964806 1545.5526675415172 394.8732642332097 1.5022 1.9049 4.1038 48.54450426611245 14.862300897208183 -7.16 2.9631096288826786 0
