CAR 0.0 0 2.7277646621144296 1775.38646424739 301.9792081665679 2174.1390643155532 488.22834963702377 1.5023 1.898 4.937 13.7945304910236 -24.788177126627563 -6.5925 1.352655634908364 0
CAR 0.0 0 2.6659582404284663 1320.4755903591317 235.0432060075219 1535.7239634250143 363.35945409953905 1.5177 1.898 4.0963 21.937488950933762 -20.03103085698685 -6.7131 1.300287801406882 0
CAR 0.0 0 2.670603762766625 1407.94957926331 311.48933559113595 1745.0157600263333 510.45827270918494 1.5541 1.898 4.9169 15.682710958979644 -17.695915087316408 -6.7043 1.3526556349083636 0
CAR 0.0 0 -1.5321645863140585 216.79943633118867 440.63153996262133 441.2739247070179 578.1849399949671 1.6474 1.9008 4.0966 22.2131 38.8926 -8.1942 -2.112005731420875 0
CAR 0.0 0 2.7266475321065133 1590.133809835057 198.58525872051433 1814.018832330818 302.0369214491029 1.396 1.8974 4.3588 23.208135708509786 -29.511216755566313 -6.6116 1.3008901068240033 0
CAR 0.0 0 -1.3270491271492777 359.21774087376724 398.6201295905927 542.9377465178158 513.159657810406 1.6474 1.9008 4.0966 26.54234627049857 39.45084980024727 -8.1431 -2.112005731420875 0
TRAILER 0.0 0 4.447344917646825 1666.9218738862915 220.00601836427398 1844.9308439341355 392.4445848513074 4.11 3.0032 11.0896 55.03640320384468 7.363880238972954 -5.5143 3.0458113162218337 0
PEDESTRIAN 0.0 0 2.8078003299291465 791.5930411805292 110.06809889210287 823.9844124089271 174.8536288977047 1.7 0.6968 0.9282 40.381466160575336 -11.810528641747196 -6.1004 1.4111268072147432 0
VAN 0.0 0 4.39140860879068 1734.8274484528772 247.3704835382804 1822.9539799762154 314.6954907603413 1.9994999999999994 2.0167 6.000200000000007 69.43394310167263 3.866907902059267 -6.3098 2.9767344146944934 0
CAR 0.0 0 4.273954686567092 1496.4779762407713 317.17272142787147 1565.060410097587 386.31569654462567 1.5021 1.9038 4.0982 51.46484103322112 14.150316429341576 -7.3727 2.9284830667030453 0
