CAR 0.0 0 4.059026215375164 1275.8948500354609 612.5254740184731 1462.2984318996805 874.9284437427367 1.5196 1.9044 4.1024 19.02354216511308 16.621622954167485 -7.3259 2.9794319110541143 0
CAR 0.0 0 2.72910045135 1336.782535967132 189.81229890811395 1544.2471225581735 311.9772118703799 1.7194 1.8964 4.5202 24.876733292683216 -22.82200728755501 -6.5435 1.329287223154536 0
CAR 0.0 0 1.3626386494864484 417.0292875330403 25.58093239589376 464.74387337109357 65.72220692045913 1.4992 1.8969 4.0968 76.99790124657932 -2.6579431900223285 -6.5027 -0.10597203456309086 0
CAR 0.0 0 4.207634872042714 1325.3604602358155 403.28963462152313 1425.895427782013 519.5283081396118 1.5032 1.765 4.3145 33.65770101061984 17.81291208181365 -7.2959 2.9583443922002948 0
PEDESTRIAN 0.0 0 2.862516632958032 652.6533899181065 137.9572809776337 687.184770030469 206.0855538385437 1.7 0.6968 0.7192 38.8940949911204 -7.272019332261248 -6.5112 1.5425810858228364 0
PEDESTRIAN 0.0 0 1.3060008833883265 630.8594967131103 141.76113868888737 666.2777800207311 211.06723303028085 1.703 0.6997 0.6969 38.400664968618045 -6.577998864986907 -6.515 0.0002754820865611407 0
TRUCK 0.0 0 4.413284361238753 1710.2545284757011 258.46731489246906 1845.4101434966708 382.2794175307265 3.487 2.935 2.072 53.10375761928036 6.643037589779234 -5.9211 3.020039438511599 0
TRAILER 0.0 0 4.4237332903245346 1699.0466764119265 234.14658357825297 1856.6041771593461 375.99532442777155 3.8402 3.1746 6.0448 56.49889084815206 6.240755676026336 -5.7444 3.0211496524281416 0
CAR 0.0 0 4.226202212461432 1495.2611806768043 423.0828967781127 1598.43894791211 547.5126844340092 1.5032 1.765 4.0984 32.99040041285822 14.176526145948316 -7.2116 2.9583443922002948 0
CAR 0.0 0 3.7222315721931327 703.9317729581371 716.1064825113467 1016.2189866812375 1066.232361013552 1.5023 1.8994 4.0966 13.629187525234332 21.634998127352716 -7.6193 2.943709965935354 0
CAR 0.0 0 2.7142760686655647 1303.4033266065164 232.20291520852462 1516.455011378714 359.5090246390556 1.504 1.9011 4.104 22.127478059298507 -19.695134393727546 -6.6643 1.348911205822196 0
CAR 0.0 0 4.858846400142017 2097.5146294940687 -904.2935715394373 2594.6523156482344 -607.7965805186568 1.5024 1.8994 4.0966 -15.116281529353106 26.585299394374246 -8.1652 2.9801382716960325 0
CAR 0.0 0 4.368146700708645 1696.9485354817762 338.98133698136974 1800.8649169128917 420.75716610059965 1.5032 1.9025 4.0984 47.5124428950896 8.100774933175023 -6.9854 3.0106839122209634 0
CAR 0.0 0 1.316922154363667 1837.2652903781825 215.98105704643544 1896.0140560086595 249.81234420954777 1.5038 1.8964 4.0964 98.55111761187813 -5.649405934765263 -6.1955 -0.12990260492156275 0
CAR 0.0 0 -1.436090845410829 241.58401807369 449.45860129817834 463.178340543985 581.7036405986926 1.5003 1.9029 4.0972 22.29258851796599 38.31899630167398 -8.2755 -2.0415453642998926 0
CAR 0.0 0 1.1767254051250051 344.63929061948835 85.29453509953169 413.8773056790342 148.74466853918778 1.4976 1.9118 4.096 52.846835138045066 0.40069313826482955 -6.6302 -0.09725101745847313 0
CAR 0.0 0 1.740610509373956 -38942.54420135408 -9672.246406241964 19650.871415999125 13893.450513650016 1.498 1.9032 4.0998 4.157522599497434 19.36026634133093 -7.5598 2.976634614978629 0
TRUCK 0.0 0 0.7639630818844502 189.22298965213193 131.11763034913972 428.94201864749294 406.16857045371717 4.0935 2.9956 3.2487 27.40374345725035 1.3924548485072 -5.8272 -0.11926679817583517 0
CAR 0.0 0 -1.2684600626542006 380.3519992374261 414.1903346644981 563.9651262106946 526.3583293271253 1.4969 1.8793 4.0996 26.18567914056504 38.48907296477085 -8.2924 -2.0604177559563235 0
TRAILER 0.0 0 0.464113736059694 136.95061599612154 310.89494136783554 402.03274192720954 571.9050181685708 1.2791 2.9956 7.5691 22.744412063123086 1.980646269019668 -7.1889 -0.11926679817583515 0
CAR 0.0 0 4.38416080061521 1577.1828266288499 303.7890321726052 1654.1342552466556 372.50514340557646 1.507 1.9022 4.2796 52.91363277821629 11.444989854917093 -6.8916 3.019184197912938 0
