CAR 0.0 0 2.9249317481853447 1433.8140696545038 323.9359229249614 1711.0555043551965 515.9317378000233 1.551 1.9022 4.6956 21.396823904417325 -26.246536175324362 -6.4702 1.6140760596521557 0
PEDESTRIAN 0.0 0 0.7171571327645327 955.7436902655293 250.8911208746726 979.410542027569 293.3404334936505 1.7 0.699 0.791 46.6008 40.8542 -6.2141 -0.5796320570379399 0
CAR 0.0 0 2.9480264664439444 1351.7920786082886 214.2671400578123 1515.4406515647634 324.0467146676801 1.5 1.8998 4.0998 31.36 -28.353 -6.555 1.562018017330398 0
CAR 0.0 0 2.983051979207448 1786.142854580321 316.12386919418213 2123.154737334807 488.31546782213064 1.5 2.037 4.3995 21.81071036790634 -33.42686438097612 -6.4402 1.6143805533885185 0
CAR 0.0 0 -0.9942611965211196 341.4281779867049 412.0582230160312 549.1227937502036 525.3680497794427 1.5999 1.899 4.0996 15.665887776490596 31.52108316315542 -7.4486 -1.7574534447408663 0
CAR 0.0 0 -1.0358907196075615 275.3131186146798 375.7725208690663 461.94739265068995 466.6763553260703 1.5 1.899 4.0996 16.81143214017821 37.50950043303735 -7.4503 -1.7574534447408667 0
CAR 0.0 0 2.909325591132074 1346.7459198502024 239.06144104131582 1529.3169821032889 364.69796794330796 1.5 1.8998 4.0998 28.078357157272663 -26.964064125156153 -6.4052 1.544567383306676 0
CAR 0.0 0 3.019692672975795 1606.129191417824 202.83344054654643 1798.9302552725735 307.2869486012047 1.5 1.8998 4.0998 32.01640943238462 -35.42485558455721 -6.4191 1.5969143524866567 0
CAR 0.0 0 -1.287210692934429 125.39122191618561 409.8325560332687 343.0839202401479 517.7745387611423 1.553 1.899 4.0996 12.758620482544538 36.31239888677284 -7.6325 -1.7574534447408667 0
CAR 0.0 0 4.938892921223457 1125.8915484246838 -327.1123240109134 1177.337887060678 -283.94758466948787 1.5024 1.8984 4.0979 -86.8301 5.8762 -9.4133 3.109020331350383 0
CAR 0.0 0 -1.2299464648684755 178.83690404212012 456.55979856959016 429.025223808827 595.900087476478 1.6483 1.8736 4.0995 11.503244593946743 29.83524598816867 -7.5421 -1.7574534447408667 0
PEDESTRIAN 0.0 0 3.6730030877411255 1035.5811150195477 94.05815445744095 1064.0682546311714 152.04018476164737 1.7024 0.7548 0.7211 47.508653594859226 -21.949277833749353 -5.7738 2.2187577093109483 0
TRUCK 0.0 0 -1.6137958771647092 1728.698857792846 242.55017580338307 1909.861271957767 417.88840503175396 4.083 2.9959 5.8323 46.9343607546015 7.988226312899287 -4.9879 -3.0082839819789715 0
PEDESTRIAN 0.0 0 -1.9508886415920796 1170.447835390317 538.2605457922526 1277.5862716763293 726.5185127069807 1.8354 0.7406 1.0616 14.64581480082389 -18.588070755599897 -6.551 -3.045077297963178 0
CAR 0.0 0 -1.3909128627207359 57.27312747082522 337.67006554424614 228.9926109226971 411.1296390407356 1.4996 1.899 4.0996 15.398314936823695 49.47853960820728 -7.6 -1.7574534447408667 0
CAR 0.0 0 1.5577489597886662 454.5001065140662 31.479639780642806 519.7716584711923 76.48491278367246 1.4964 1.9028 4.1049 69.57656756558939 1.1199610259497026 -6.0111 0.09618390726240349 0
CAR 0.0 0 -1.1545244180705525 1877.3170580953476 -956.0582521753415 2288.625068076302 -663.3795769404697 1.4984 1.8986 4.0987 -22.4323 4.175 -8.08 -3.0938034295093066 0
TRAILER 0.0 0 -1.606190023458579 1722.2263660398123 223.81073401636002 1911.980332541153 398.52985572382744 4.1526 3.0019 10.9977 52.15790105615007 8.67345136771433 -4.9096 -3.011985697842091 0
CAR 0.0 0 4.867487277910187 1038.8764283077448 -264.7442062477251 1070.6680173992545 -237.22066247243495 1.5012 1.8967 4.0976 -125.2181 6.698500000000001 -9.9423 3.063220953932501 0
