CAR 0.0 0 2.724525655047848 1776.7886099661305 301.2395937012424 2174.8308568342777 486.8822512493464 1.5023 1.898 4.937 13.824589188884534 -24.864083363051794 -6.5925 1.3488135988365393 0
CAR 0.0 0 2.656658853510712 1320.677112908583 235.11805304672797 1536.0062289044536 363.47545298291243 1.5177 1.898 4.0963 21.929765587470243 -20.03090396551794 -6.7131 1.291018124955924 0
CAR 0.0 0 2.6561212157206144 1405.6526340295718 311.5026618518665 1742.3014490038352 510.51883566446924 1.5541 1.898 4.9169 15.695066688922338 -17.653723093171944 -6.7043 1.3385813619489222 0
CAR 0.0 0 -1.4718121146620429 210.5420079620118 441.03440539252176 436.0784005623567 578.8773179106631 1.6474 1.9008 4.0966 22.130992847244006 38.97133092849024 -8.1942 -2.043220920331697 0
CAR 0.0 0 2.7213041324296965 1589.997220540761 198.74211222268684 1814.0126655098336 302.28007471646896 1.396 1.8974 4.3588 23.192824498605365 -29.49075492116489 -6.6116 1.2956667494353806 0
CAR 0.0 0 -1.3035164552725238 350.2130825725686 399.4409108578071 535.4459199827185 514.4897827556694 1.6474 1.9008 4.0966 26.37572174737984 39.55978742571083 -8.1431 -2.078132818304195 0
TRAILER 0.0 0 1.3967679132753874 411.6216117741938 -12.385919632877346 516.8447792155379 120.15312399588268 4.11 3.0032 11.0896 63.86580312248141 -3.1302729066906565 -5.5143 -0.06777537488725158 0
VAN 0.0 0 -3.4254906838096133 -541.414091582877 254.6765746645831 -89.01760779747147 561.0967040426011 2.3536 2.2034 4.7012 21.752831421898062 8.392073273513487 -5.6925 -2.795071582493723 0
VAN 0.0 0 2.785833714804154 2087.7781639111577 249.6695827527817 2630.9194348472847 464.86173691208234 1.9972 2.1978 5.9954 12.286844499872299 -32.62002169595841 -6.1821 1.3630240930533906 0
CAR 0.0 0 2.738162429779861 1516.9156493539322 259.393205412172 1786.18929260784 404.6624310198315 1.4974 1.8977 4.0982 18.026479576238586 -22.0189133247851 -6.4838 1.3642834977290486 0
CAR 0.0 0 4.336933658997775 1658.233511113587 384.78250847746 1787.1960184019465 497.1156528828042 1.5036 1.8952 4.097 36.82397540619745 10.310744464329652 -6.6445 3.015883600968891 0
VAN 0.0 0 -0.5179069295240775 1708.173280089543 438.06764665288756 2503.0096653662013 925.7188960663807 2.5368 2.1676 5.7104 7.5101643388224515 -16.463710607607005 -6.6447 -1.7800644849608958 0
CAR 0.0 0 4.321823092023084 1687.3073068653064 333.29081515921524 1795.0261771197868 418.74620663524576 1.5128 1.9018 4.1024 45.492281594235514 8.687476087218789 -6.5594 2.9631082532858892 0
CAR 0.0 0 4.303007118284939 1480.8293586585557 321.0057284213698 1552.8824098506338 394.39523718006996 1.5022 1.9049 4.1038 48.739635146206744 14.643721422924218 -7.16 2.9631096288826786 0
PEDESTRIAN 0.0 0 2.6776939774933552 624.5019260352756 131.40021563203268 661.1256489936262 201.42207268903212 1.7526 0.7308 0.855 39.769876232866906 -6.655455643643479 -6.4758 1.3596365322624513 0
CAR 0.0 0 2.7657107548071407 1782.0019479115942 252.74176226954128 2081.5358088541934 392.09817055816137 1.4878 1.9007 4.104 16.548697819141598 -27.858709689266178 -6.404 1.3590267776864629 0
