CAR 0.0 0 3.014555673632559 1340.0216061647614 198.4759687854767 1510.1017803290651 315.143477828273 1.594 1.8966 4.5394 31.666733822760072 -28.21100294291723 -6.3337 1.6210677637018256 0
CAR 0.0 0 -1.2353229265275996 194.5282525164057 463.50491664012094 448.5128844587549 599.7103802288864 1.5196 1.8976 4.1761 11.616288631991324 29.297781581857784 -7.5683 -1.782856759787455 0
PEDESTRIAN 0.0 0 1.1345161433758228 626.8845628689221 138.19774483666006 663.9155573459224 207.6151752489407 1.7 0.7848 0.6973 40.071535619668886 -9.333690567770207 -6.0576 -0.17496862750956493 0
TRUCK 0.0 0 -1.645189722267237 1742.230621263649 300.327634521609 1918.5351473681524 467.43635146978306 3.4079 2.7742 1.8309 38.640128518074405 6.609758773350592 -5.2988 -3.010969915553106 0
TRAILER 0.0 0 -2.6901930610802296 -152.40038999719184 34.275534458227035 208.60540106603787 235.9228813202487 3.5682 3.0012 10.9976 42.39197305017919 7.067706552746331 -5.2107 -3.0158723283577897 0
CAR 0.0 0 -3.3184333699911854 -282.9557109446318 221.6316533495656 -16.99802041531822 354.74389761015084 1.5064 1.8966 4.1132 29.43867549700778 4.846531736316916 -6.2711 -2.853160966804717 0
CAR 0.0 0 -0.9732249705641023 357.91928575381434 420.27785080115933 568.500070897026 533.6696485606664 1.5195 1.8976 4.1014 15.549776034005452 30.520202790946257 -7.441 -1.7473622960181396 0
CAR 0.0 0 2.992832970662059 1313.8885045706288 240.81090439284358 1491.3971904526188 366.62039241111154 1.4987 1.9049 4.0972 28.11608450840975 -26.21420682639909 -6.4483 1.6343890336265965 0
CAR 0.0 0 2.996128776887331 1491.3139122833009 269.91713297949127 1722.8241343451464 415.0044674183502 1.5032 1.8952 4.1044 24.765844188151718 -28.77898736383908 -6.2698 1.634389033626596 0
CAR 0.0 0 3.0460732997742452 1844.8369387737816 241.4203736987562 2156.796514702341 384.78361431619584 1.4966 1.9946 4.6048 25.16250269146963 -36.98566015018553 -5.8821 1.6296117114002369 0
CAR 0.0 0 -1.0662874979335606 231.63819984402716 344.00715538837784 401.5920234649152 421.8562963158495 1.4992 1.9014 4.0972 18.03560731193206 43.120606004294466 -7.3685 -1.759421345856444 0
CAR 0.0 0 -1.3095279741916865 98.96884149608796 362.6238193625074 285.67381908045064 446.6690608582362 1.5006 1.8984 4.1012 14.662177912527586 43.734541478838615 -7.5939 -1.755079248103253 0
VAN 0.0 0 2.3445628797811127 1158.787006814481 387.99471579911904 1427.669348229441 600.7669800758053 2.5328 2.5828 5.9969 23.796647616628412 13.504251845162699 -6.1644 1.1329011301290313 0
CAR 0.0 0 3.0411304436565465 1657.197891015563 230.28025393588948 1880.0498398803477 349.7988921129825 1.5038 1.895 4.1 28.61458748541514 -34.750355691708705 -6.353 1.6321307886544327 0
TRUCK 0.0 0 1.9833907572124059 915.9054372880397 -421.2155303015713 976.7362620188009 -343.23102681836883 1.8452 2.0012 2.6602 -57.91499395847353 -8.648485157043991 -8.1752 0.02922435761566963 0
CAR 0.0 0 -1.2768486575980444 147.57657349968392 410.11519349470524 362.0865610802647 515.2298476335038 1.5018 1.9002 4.0982 13.1665 36.1255 -7.6497 -1.7828567597874547 0
