CAR 0.0 0 3.0040016660631954 1343.323280329143 199.04274852081508 1514.2622533952806 315.99610271841124 1.594 1.8966 4.5394 31.59795046670341 -28.272114829231345 -6.3337 1.6105393675152717 0
CAR 0.0 0 -1.1568920197665649 203.58884433043377 462.5913971393267 456.0675698739403 598.2257025874218 1.5196 1.8976 4.1761 11.767983840957054 29.251387217318857 -7.5683 -1.7168309998735665 0
VAN 0.0 0 2.236153223033845 1977.3130606513366 -4119.297366124947 4684.321352067564 -1103.512775049438 2.6198 2.2122 6.0322 -9.534045346484282 -3.6614158111654445 -7.5887 0.03114003599830792 0
PEDESTRIAN 0.0 0 1.7339194320490576 629.2356622511321 138.66707401999884 666.2321442069131 208.19858881767792 1.7 0.7848 0.6973 39.99432081707891 -9.405976448303706 -6.0576 0.4242919206872831 0
TRUCK 0.0 0 -1.6427721566571376 1769.4028652160525 261.3480275018024 1906.7786651061458 388.746983285179 3.4079 2.7742 1.8309 50.29673892545964 7.9370107652170425 -5.2988 -3.0395974269518478 0
TRAILER 0.0 0 -1.8079879861387216 74.88050398931162 1.1969103929757452 307.2619841514795 142.68978173201546 3.5682 3.0012 10.9976 56.23517764255221 8.475694308844346 -5.2107 -3.052921796683383 0
CAR 0.0 0 -1.685793020078722 1767.3845755410232 343.4633600031515 1880.0951584956263 427.28580995042233 1.5064 1.8966 4.1132 44.60891960289786 7.289078878610912 -6.2711 -3.0493759430220515 0
CAR 0.0 0 -0.9252642247005984 357.98043960146725 420.40660948135184 568.6415105951482 533.8647503667171 1.5195 1.8976 4.1014 15.543965361287473 30.505832513004115 -7.441 -1.6993431898568838 0
CAR 0.0 0 2.94683450739797 1313.4315624825592 240.39392810546732 1490.6211097143964 365.9849001818356 1.4987 1.9049 4.0972 28.15590477204204 -26.217466945091875 -6.4483 1.5881233509515706 0
CAR 0.0 0 -1.334330733100109 73.13382761797389 351.2000007486877 256.42011849062834 432.05789455439026 1.5196 1.8976 4.1284 14.720314122915646 45.86409582681662 -7.532 -1.7342843053404915 0
CAR 0.0 0 2.980879698797878 1581.2805060378475 269.8408313101682 1827.6705761881367 414.00772499323625 1.5032 1.8952 4.1044 24.732879986851056 -30.712521379730866 -6.2698 1.6071949858009207 0
CAR 0.0 0 -4.183441229484757 -4391.048574213287 850.2657295011755 -1790.6695783312698 1678.0848732834886 1.4994 1.9016 4.0998 9.05288499000283 6.949229482261654 -6.2208 -3.0168523042503694 0
CAR 0.0 0 -1.3317598943833655 1100.691197681665 -279.32457984112904 1144.692431370343 -243.52251180761655 1.5034 1.8968 4.0982 -97.38393787381415 6.568513763216599 -8.2669 -3.1311229896829524 0
CAR 0.0 0 4.970591912106265 1120.6506624754352 -348.125064785987 1185.3537819859553 -292.7976886791428 1.5012 1.8966 4.1044 -69.05477698882137 1.876689058896164 -7.9189 3.129098419081561 0
CAR 0.0 0 4.939991296578549 1179.0479518924667 -345.96901376815254 1244.29857304415 -293.43988230370775 1.5064 1.8966 4.1132 -72.70741355906559 5.579154384014699 -8.4218 3.1115694772907663 0
CAR 0.0 0 -1.6273583189389427 1647.395951999331 306.89208640747887 1754.8438617684267 383.6442461800131 1.6286 1.9033 4.096 46.83215966276284 11.000702255745495 -5.8659 -2.998848718283731 0
CAR 0.0 0 2.062420588810796 971.0396348475984 -547.1056631332818 1067.1557926075986 -426.7920663159911 1.7 2.0361 3.853 -43.227185422419375 -8.056496065579028 -8.2722 0.04689157397375113 0
CAR 0.0 0 5.031308557924833 1335.579969617548 -529.0356251799021 1475.3612079572006 -415.842762597619 1.499 1.9016 4.112 -41.2451956960389 2.161343321163682 -7.9597 3.1371435214583197 0
