CAR 0.0 0 3.0159692478548363 1341.202046716879 198.27273387857016 1511.3209244814536 314.81536035823615 1.594 1.8966 4.5394 31.69141754593121 -28.25118470017575 -6.3337 1.622155489895117 0
CAR 0.0 0 -1.2212755572256482 196.22922597428644 462.80821644903574 449.56210540256984 598.609790406168 1.5196 1.8976 4.1761 11.662962698062087 29.335851232725794 -7.5683 -1.7714513563579624 0
PEDESTRIAN 0.0 0 1.3436147917388441 628.5126861323603 139.3010395996542 665.6327765915469 209.00904928094704 1.7 0.7848 0.6973 39.88792402050284 -9.399225222639382 -6.0576 0.035279473593581315 0
TRUCK 0.0 0 -1.6517515234267184 1767.5894449446678 261.1661281414027 1904.743240753489 388.4137125028861 3.4079 2.7742 1.8309 50.314673636652074 7.9917361572174945 -5.2988 -3.048531819335291 0
TRAILER 0.0 0 -1.8604133246413197 48.47325604533489 4.792802162941208 294.04416483660793 152.4014236836057 3.5682 3.0012 10.9976 54.327239918153865 8.370843206689806 -5.2107 -3.0427454332082586 0
CAR 0.0 0 -1.6862794110396437 1760.790115295526 342.5717554136222 1873.317489458137 425.97837125255563 1.5064 1.8966 4.1132 44.65842813903476 7.46124296254213 -6.2711 -3.0496920303081225 0
CAR 0.0 0 -0.9986227988844371 356.7130490125699 420.33809650002235 567.4352498157908 533.76808989847 1.5195 1.8976 4.1014 15.528274356688526 30.5331462899142 -7.441 -1.7714513563579624 0
CAR 0.0 0 2.994072758705249 1322.536945288443 242.04387960676576 1502.0877663235792 368.4350856147497 1.4987 1.9049 4.0972 27.99659774028293 -26.374660717238644 -6.4483 1.6352454592850747 0
CAR 0.0 0 -1.3177016240021913 101.38501435199514 359.7856949534068 288.81927080888505 444.2975813994437 1.5196 1.8976 4.1284 14.750120945620623 43.73322362294121 -7.532 -1.7714513563579624 0
CAR 0.0 0 2.9986522920514505 1502.6436721792447 269.78711988844276 1735.9492667388763 414.688149056677 1.5032 1.8952 4.1044 24.771218968721673 -29.025977836398656 -6.2698 1.6352454592850747 0
CAR 0.0 0 4.77199317912085 1073.258123078408 -224.8838878513761 1102.9592238575167 -201.57544403513617 1.5038 1.8956 4.1518 -138.1776567321352 12.118517320747667 -8.2426 3.0077970091202064 0
TRUCK 0.0 0 -0.41281716691788983 -1111.584242270973 566.8472661873571 -83.94772990516535 1172.1506398270672 3.6148 3.2348 2.3654 10.65632402117459 -4.008326658010388 -5.7722 0.1349038018022741 0
CAR 0.0 0 1.343383795278192 316.47504208641845 95.6035582498192 413.4033661112535 159.14852735253777 1.5162 1.9006 4.1032 52.926565349257 1.9921913949427688 -6.7749 0.10522774726853645 0
VAN 0.0 0 2.315147997882352 709.0020812081518 -734.4962764306782 826.7242872286067 -521.902355906534 1.9203 2.1008 4.4984 -33.15924770137416 -14.48479961487766 -8.1745 0.06590596732688835 0
PEDESTRIAN 0.0 0 -1.7870808760156365 645.3047140827657 136.03664780064722 678.0549255515588 204.65896076494823 1.7 0.6962 0.6968 40.5069 -9.737 -6.0661 -3.106313179996212 0
CAR 0.0 0 5.016839670865108 1276.6964919760487 -484.90426278016037 1398.5220511685181 -382.40544253641787 1.632 2.0088 4.1048 -46.01848219385307 2.0428253586291523 -7.9664 3.133372182720497 0
CAR 0.0 0 4.901606895206182 1051.867416117472 -289.5513928195642 1092.3626392124668 -254.72582939299477 1.5044 1.9512 4.0978 -102.58554805233719 4.113744166999601 -9.2429 3.0824223808468734 0
CAR 0.0 0 5.006483052525564 1517.19792738359 -563.5519326247362 1689.9371313340189 -439.961254978447 1.4952 1.9028 4.1046 -38.7168250699161 6.269817668797444 -8.1952 3.133372182720497 0
