TRUCK 0.0 0 1.3141975624778786 282.5204402512862 82.0950124291418 468.2691265135208 276.17291419024656 4.019 2.916 2.729 36.27858446098715 -3.3708693133092176 -5.5219 0.1770991263252167 0
CAR 0.0 0 -1.2658242339791137 1146.881200325185 -392.8563901277086 1222.3414632587899 -327.0250853260397 1.5034 1.8968 4.0982 -61.6200896247254 1.3718476486896143 -8.3209 -3.131122989682952 0
CAR 0.0 0 -1.8054869761616865 1209.3731369080378 475.7053264465755 1415.0936571557672 633.1684361704349 1.5064 1.8967 4.1131 21.662699371212064 12.071350416610798 -6.6461 -2.9796581395269364 0
CAR 0.0 0 3.003442293823788 1339.5417315561633 199.10601360942508 1509.9672407749208 316.1307880490619 1.594 1.8966 4.5394 31.590382630346067 -28.170133221966957 -6.3337 1.6105393675152717 0
CAR 0.0 0 4.9463737531105405 1117.967150015927 -301.4698344224827 1166.8056770440653 -261.42999677774895 1.5034 1.8968 4.0982 -89.96648841483754 6.134402077616042 -8.5994 3.134259445184084 0
CAR 0.0 0 -1.1452350220234617 199.20838184107595 462.71717670630204 452.19307259703214 598.4491841923203 1.5196 1.8976 4.1761 11.705564804490107 29.301972256589426 -7.5683 -1.699377694422411 0
CAR 0.0 0 -0.9909867682052699 284.4318684728595 383.68719237102584 477.18272806778583 479.41734725108677 1.5196 1.8976 4.1284 16.45069329762423 36.14049983389585 -7.4472 -1.7168283486647578 0
CAR 0.0 0 -1.7682229843123471 1416.2376028440367 491.81436876714145 1619.970794802498 660.0753734730553 1.5011 1.8966 4.1043 22.852447683586263 8.79825346415226 -6.5801 -2.9796581395269364 0
CAR 0.0 0 1.4605071426801324 350.49478624769864 55.06100335106917 437.8688908655587 119.24684486894421 1.8149 1.9014 4.1022 58.42100903018019 2.338706776609488 -6.1082 0.10470072598036383 0
CAR 0.0 0 -4.289172737371767 -18409.56961802737 1700.3938660772637 -4132.018542793976 5596.174926531795 1.5034 1.8968 4.0982 4.738926308049685 10.693103912799367 -7.0135 -3.0612838082486924 0
CAR 0.0 0 1.6222015551738334 413.4370826260565 15.076672424655152 471.727797758716 52.843224169799484 1.5064 1.8966 4.1132 82.16350658708892 6.2115646406888985 -6.2904 0.12710228116912003 0
VAN 0.0 0 1.9712096278305802 1046.5727375793226 -511.723295021858 1167.043540954035 -351.3353918156172 2.6198 2.2122 6.0322 -46.05309192048724 -5.048526441872573 -7.5887 0.03114003599830792 0
CAR 0.0 0 -1.6703305896869447 1618.5297409449047 331.8783890154982 1732.214832232593 411.0704121208107 1.499 1.9016 4.112 43.5831111310338 10.955128020561057 -6.2283 -3.0239424248893574 0
PEDESTRIAN 0.0 0 1.734639540606872 632.0888331564546 138.89319900861548 668.9933533110702 208.4697878415494 1.7 0.7848 0.6973 39.95833027457171 -9.486688809812922 -6.0576 0.4242919206872831 0
CAR 0.0 0 -4.250283894101505 -3838.2483984149862 881.3846308945249 -1608.7056604093782 1656.9647850927288 1.5034 1.8968 4.0982 9.335032332155691 6.577454116804078 -6.7568 -3.1317874357548146 0
TRUCK 0.0 0 -1.6427440009119152 1769.6475950327726 261.34211697054934 1907.0226198042058 388.73155134375605 3.4079 2.7742 1.8309 50.30540068541922 7.931469814627045 -5.2988 -3.0395974269518478 0
TRAILER 0.0 0 -1.806297213699237 75.72651644887128 1.1084196525792527 307.7393918426895 142.44751963967505 3.5682 3.0012 10.9976 56.284792456793205 8.472620417659064 -5.2107 -3.052921796683383 0
CAR 0.0 0 -1.6856042541870797 1767.349064079324 343.1530275470817 1879.9001902949303 426.8165017054024 1.5064 1.8966 4.1132 44.67413883043338 7.300846073594107 -6.2711 -3.0493759430220515 0
CAR 0.0 0 -0.9430632088595798 357.77764678161475 420.5162601064403 568.5285312156715 534.0323912116887 1.5195 1.8976 4.1014 15.535146155975829 30.497661409886927 -7.441 -1.7168283486647578 0
CAR 0.0 0 -1.2834060540537557 1264.7970400398056 -409.69231666446876 1356.4227789312633 -337.78000877827697 1.5034 1.8968 4.0982 -57.08628158144718 5.053130482681347 -8.2291 -3.131473176424989 0
CAR 0.0 0 2.9449996746122737 1314.8012554105444 242.91131050311247 1493.7123826292398 369.83672232194095 1.4987 1.9049 4.0972 27.917400357366287 -26.165642317655447 -6.4483 1.5881233509515706 0
CAR 0.0 0 -1.3420699481663958 61.99336769924301 350.6662099120455 243.860258606859 430.48895388437165 1.5196 1.8976 4.1284 14.666421731177735 46.65767753858473 -7.6049 -1.7168309998735665 0
TRAILER 0.0 0 1.0718074597991727 224.02992153739416 222.72111340220772 489.3207879275043 376.6859735464531 1.2972 3.2042 7.6122 31.624632012184914 -4.208552278067822 -7.0427 0.17919631084624332 0
BICYCLE 0.0 0 1.4835616549485562 1131.6236469646701 496.29979193975646 1237.400915793588 673.4541321358836 1.7402 0.8236 1.4456 16.347289265338528 -18.582823584125475 -6.8021 0.3709978950934095 0
CAR 0.0 0 -1.6172469776537355 1692.34930421806 279.3580821156389 1774.3277948239593 333.1421886681702 1.4986 1.895 4.0984 61.3184 12.7165 -6.2699 -3.0136867508378455 0
CAR 0.0 0 4.896968849508059 1039.9459164704206 -280.00261504008876 1076.4313799604095 -247.89563986950552 1.5034 1.8968 4.0982 -109.7524 4.3721 -9.4181 3.081900071005257 0
CAR 0.0 0 -1.6245176560369965 1615.4808151025072 259.70799745037505 1689.0533720061308 305.43028943515435 1.5038 1.8954 4.152 68.1471 17.3266 -6.3408 -3.0263469084509356 0
