CAR 0.0 0 3.0161411118030275 1343.1424723396615 198.37848291339506 1513.6152624548272 314.961804306114 1.594 1.8966 4.5394 31.678526608225162 -28.29740820877791 -6.3337 1.622155489895117 0
CAR 0.0 0 -1.2215539611719572 195.99294301539476 462.7513740209838 449.3084707230733 598.5223127633429 1.5196 1.8976 4.1761 11.661816368322832 29.344249342849086 -7.5683 -1.7714513563579624 0
PEDESTRIAN 0.0 0 1.3438020676953972 627.8977361836953 139.03763331346846 665.0065105458725 208.6775751777049 1.7 0.7848 0.6973 39.931470734962154 -9.377591862676047 -6.0576 0.035279473593581315 0
TRUCK 0.0 0 -1.6516879453661704 1767.6681540583322 261.08915981332234 1904.745967674289 388.2598828355582 3.4079 2.7742 1.8309 50.34482292390232 7.994516234049756 -5.2988 -3.048531819335291 0
TRAILER 0.0 0 -1.861851527438036 47.77759041126225 4.829958051567567 293.5934644310388 152.51214268503276 3.5682 3.0012 10.9976 54.30610293878047 8.381315899079828 -5.2107 -3.0427454332082586 0
CAR 0.0 0 -1.6860309719076703 1764.9053200832102 342.8997078057435 1877.4286356620225 426.4486042608987 1.5064 1.8966 4.1132 44.67612705847398 7.361839106460723 -6.2711 -3.0496920303081225 0
CAR 0.0 0 -0.9974870891072394 357.7904616076981 420.3196342234662 568.4098023103444 533.7338204198633 1.5195 1.8976 4.1014 15.545628362513177 30.51790651241697 -7.441 -1.7714513563579624 0
CAR 0.0 0 2.994531940260353 1322.8458160503965 241.53894215764612 1502.1365662128496 367.65724310052997 1.4987 1.9049 4.0972 28.04423607194725 -26.39895655079809 -6.4483 1.6352454592850747 0
CAR 0.0 0 -1.3174886480744943 101.49526255346028 359.78985034682836 288.9245966096637 444.30302046830684 1.5196 1.8976 4.1284 14.75196305743495 43.73037334432696 -7.532 -1.7714513563579624 0
CAR 0.0 0 2.999011697889201 1501.1112196976592 268.99074022027327 1733.5668932085975 413.4421110246681 1.5032 1.8952 4.1044 24.834912806382974 -29.024000937370573 -6.2698 1.6352454592850747 0
TRUCK 0.0 0 -0.33047640272857104 -822.1090792781683 474.0171002994816 -4.795008860254701 986.7943584899707 3.6148 3.2348 2.3654 12.532709536396718 -3.7259854902385823 -5.7722 0.1349038018022741 0
CAR 0.0 0 1.364211318776615 324.5227863781093 90.16847492649096 418.2270803058493 151.63266327822268 1.5162 1.9006 4.1032 54.43581847066534 2.199497561218859 -6.7749 0.10522774726853645 0
VAN 0.0 0 2.3372007677745072 704.658613692171 -772.0389885255494 829.2965405908366 -542.1666310092589 1.9203 2.1008 4.4984 -31.61973854188775 -14.457766678329595 -8.1745 0.06590596732688835 0
PEDESTRIAN 0.0 0 -1.7870808760156365 645.3047140827657 136.03664780064722 678.0549255515588 204.65896076494823 1.7 0.6962 0.6968 40.5069 -9.737 -6.0661 -3.106313179996212 0
CAR 0.0 0 5.0134219489652665 1260.6702525874473 -471.30833015074734 1376.3839723679603 -373.55269069350345 1.632 2.0088 4.1048 -47.59624672977026 2.0138378510977977 -7.9664 3.133372182720497 0
CAR 0.0 0 4.9001806799833245 1048.9702902675683 -286.77594714864904 1088.7188455246157 -252.58583808215914 1.5044 1.9512 4.0978 -104.0870462544946 4.156692628845387 -9.2429 3.0824223808468734 0
CAR 0.0 0 5.003709783879997 1484.612060700748 -542.9010880024842 1645.394716799907 -426.7556938165933 1.4952 1.9028 4.1046 -40.40502071732162 6.152676710534545 -8.1952 3.133372182720497 0
