CAR 0.0 0 2.9354061678580567 1430.3906861429316 323.40545850220036 1706.4337827440147 515.059711066927 1.551 1.9022 4.6956 21.431373178566712 -26.195867951004516 -6.4702 1.6247709188662327 0
CAR 0.0 0 2.9641525309809715 1351.884041988671 212.8983601513817 1514.7298817915535 321.998690408591 1.5 1.8998 4.0998 31.516899131474815 -28.414872109228035 -6.555 1.5770346406363218 0
CAR 0.0 0 2.9975963927044633 1789.331433133761 316.99028912621804 2127.8248340104915 489.7146006692531 1.5 2.037 4.3995 21.753197799488476 -33.451349432124246 -6.4402 1.6290845723854452 0
CAR 0.0 0 -1.0418895972665292 345.848242870861 411.38208592377214 552.7219587155499 524.3128787933617 1.5999 1.899 4.0996 15.771451521986203 31.523621737084145 -7.4486 -1.8104714429084878 0
CAR 0.0 0 -1.0863167173910726 277.3278334107613 375.80210803661583 463.8332298438635 466.70890208137683 1.5 1.899 4.0996 16.845607789882823 37.4682833946046 -7.4503 -1.8104606373881729 0
CAR 0.0 0 2.941875387104985 1345.990978497467 238.8140104407309 1528.2951888878704 364.32461451170695 1.5 1.8998 4.0998 28.102243900629624 -26.955238875054924 -6.4052 1.5770346406363211 0
CAR 0.0 0 3.0172035932256707 1609.4197433443865 203.38012348712522 1803.032815007641 308.0757976237209 1.5 1.8998 4.0998 31.94924653685651 -35.476892274898255 -6.4191 1.5944905815285024 0
CAR 0.0 0 -1.311465207802514 132.27298865180438 409.2297505070482 348.9838582662896 516.8330370956387 1.553 1.899 4.0996 12.894263187375289 36.274714526099345 -7.6325 -1.7933414657269229 0
CAR 0.0 0 -1.2587956686405595 183.72489734866548 455.88475302546027 432.9745333324852 594.8065124049099 1.6483 1.8736 4.0995 11.592065848339871 29.828014857823174 -7.5421 -1.7933253174713948 0
PEDESTRIAN 0.0 0 2.8767558561248494 644.5927882738977 118.50700809179939 678.7503433360987 185.93466279673467 1.7024 0.7548 0.7211 41.649122501783665 -9.651821636506515 -5.7738 1.5316807742695873 0
TRUCK 0.0 0 -1.6684661729846944 1718.7297729380161 251.8400440400568 1914.6907094310218 443.6617617744259 4.083 2.9959 5.8323 43.25703608456772 7.537139593794246 -4.9879 -3.0539320633466236 0
CAR 0.0 0 -1.4039446395591453 59.50381176885461 339.8459556847043 232.61913780872706 414.1996662743569 1.4996 1.899 4.0996 15.300755503873019 48.96532684322253 -7.6 -1.7749669233050611 0
CAR 0.0 0 -1.6772422851327482 1510.0498666561134 315.18098880897617 1621.2114237540716 388.34630112566504 1.4954 1.9024 4.0993 43.910863247313486 14.200352548643433 -6.0972 -3.0279752999934297 0
CAR 0.0 0 2.084872892849247 1001.305384712733 -643.6651738615204 1107.7468797733736 -498.38175289619716 1.5026 1.7336 4.1034 -37.22119356675428 -8.110516568542526 -8.5742 0.019008741704010033 0
TRAILER 0.0 0 -2.0374870025745144 -27.39658755411881 -5.310398996092944 260.35249938478745 176.2038856233587 4.1525 3.0019 10.9977 50.06585527012786 8.164709672924769 -4.8941 -3.0565361548780694 0
PEDESTRIAN 0.0 0 0.7898938724278309 1173.0474470338493 244.09183585041782 1196.138903487605 282.7930017710387 1.7 0.699 0.7911 58.04760188925128 36.3306048498757 -6.3139 -0.5621787645179964 0
CAR 0.0 0 2.184384848304471 1219.2267118923135 469.63936521023714 1414.0258576468798 617.089492425445 1.5034 1.9028 4.1032 22.950239421820722 12.57241124606964 -6.8614 1.0021753370088602 0
