CAR 0.0 0 2.728800430059807 1335.6321693931684 189.9978941499994 1543.1256500884656 312.2939691358906 1.7194 1.8964 4.5202 24.864147183928875 -22.777111680116732 -6.5435 1.329287223154536 0
PEDESTRIAN 0.0 0 2.862058850342838 653.384701587271 138.4169375525557 687.9697653287764 206.6714177355795 1.7 0.6968 0.7192 38.80850156725673 -7.277421934898423 -6.5112 1.5425810858228364 0
TRUCK 0.0 0 4.413264494635458 1709.3278857178555 258.3585045530082 1844.3152276894682 382.09582366741523 3.487 2.935 2.072 53.120938282960026 6.670067320717932 -5.9211 3.020039438511599 0
TRAILER 0.0 0 4.423749973868589 1698.9446788553687 234.11314480112455 1856.4398591922884 375.9196377773967 3.8402 3.1746 6.0448 56.51159635464809 6.24279892544144 -5.7444 3.0211496524281416 0
CAR 0.0 0 2.7113990144005053 1287.651576588065 232.71709087715823 1499.274783024893 360.5092210361415 1.504 1.9011 4.104 22.185888274935948 -19.30855361178184 -6.6643 1.3489112058221953 0
CAR 0.0 0 4.368097786120447 1696.9462837234587 339.0566322513633 1800.900164249786 420.86928898177655 1.5032 1.9025 4.0984 47.496273615868 8.102731806501568 -6.9854 3.0106839122209634 0
CAR 0.0 0 -1.4361294601542136 241.5334199557692 449.4261263592426 463.11533654508855 581.6542070096482 1.5003 1.9029 4.0972 22.294128283635033 38.32222999055833 -8.2755 -2.0415453642998926 0
CAR 0.0 0 -1.26639660216824 382.741574806706 414.4986826521602 566.242042475073 526.7969934802762 1.4969 1.8793 4.0996 26.186117394761176 38.417157615216425 -8.2924 -2.0604177559563235 0
TRAILER 0.0 0 1.3700482863117038 1794.1824584312176 201.12487622597573 1859.676964874306 226.56704404335972 1.2791 2.9956 7.5691 131.60530855467616 -9.989975751600095 -7.1889 -0.08435490020333661 0
PEDESTRIAN 0.0 0 1.307335280520763 631.8288538632962 141.05429643200898 667.2776992101459 210.45008162885108 1.7028 0.6996 0.6969 38.346727488359015 -6.598599001199033 -6.489 0.0002754820865611407 0
CAR 0.0 0 2.7262582670236433 1527.3556431018033 237.59582652823238 1808.6682117206194 384.2734614665848 1.498 1.8978 4.2058 17.791287962895943 -21.972715301707936 -6.0071 1.3381509238857767 0
CAR 0.0 0 4.898538762973499 -38969.779168690104 -234352.6625378268 558781.1438390925 18338.02244092818 1.5006 1.9012 4.3216 6.731914201758286 18.978273113211113 -6.9882 2.94615829817472 0
CAR 0.0 0 4.862049144634463 2069.8697922102074 -1067.5333717325932 2672.842203048966 -677.779029183174 1.4972 1.8962 4.1875 -13.164187863858933 22.743902039364542 -7.9714 2.9442272823651887 0
CAR 0.0 0 4.292574126911744 1562.9922929277288 343.37822288040877 1655.6725052485513 435.0421004991025 1.6029 1.897 4.2584 43.58994934480053 12.26038762042316 -6.9413 2.9583443922002948 0
