CAR 0.0 0 2.9351799032350354 1430.2894415285614 323.6840798105821 1706.5335260545658 515.5398904246259 1.551 1.9022 4.6956 21.414320363172347 -26.18648310675697 -6.4702 1.6247709188662327 0
CAR 0.0 0 2.9638507705156525 1352.7114433387903 213.40270297878791 1515.96663988707 322.7458682051738 1.5 1.8998 4.0998 31.458802956776523 -28.414424691956345 -6.555 1.5770240091038403 0
CAR 0.0 0 2.9971188341234356 1792.9215708705092 318.46477721572467 2133.587749154398 492.11735332949684 1.5 2.037 4.3995 21.656930104163695 -33.45627384701091 -6.4402 1.6290845723854452 0
CAR 0.0 0 -1.0401164041063906 347.6304897715626 411.51550720880044 554.4451147558636 524.5053249084092 1.5999 1.899 4.0996 15.792009810747707 31.47991445979983 -7.4486 -1.8104714429084878 0
CAR 0.0 0 -1.0874077633585109 276.4326542321657 375.73368121540415 462.9579028772245 466.61350879811295 1.5 1.899 4.0996 16.833994964460782 37.49464197520697 -7.4503 -1.8104606373881729 0
CAR 0.0 0 2.9417744087477415 1346.0820740677555 238.95098836541317 1528.4851930144107 364.5342394833401 1.5 1.8998 4.0998 28.089113636113776 -26.952463092978572 -6.4052 1.577029327703709 0
CAR 0.0 0 3.017349500321327 1609.0411680089865 203.11387129631754 1802.4101285589945 307.6812709216006 1.5 1.8998 4.0998 31.98185574802075 -35.48507453706681 -6.4191 1.5944905815285024 0
CAR 0.0 0 -1.3145198321375189 130.4414577632957 409.3255952119666 347.36831134751 516.9868461772842 1.553 1.899 4.0996 12.860952053920517 36.29291041788076 -7.6325 -1.7933414657269229 0
CAR 0.0 0 -1.2582215163837829 184.17123952311076 455.9398864851036 433.4172065264292 594.8904385258596 1.6483 1.8736 4.0995 11.596083417401937 29.816615574921137 -7.5421 -1.7933253174713948 0
TRUCK 0.0 0 -1.6914780299236023 1686.2341833215755 274.2471839173579 1918.9370361091935 508.12757177135376 4.083 2.9959 5.8323 36.075473125042635 6.809823692007639 -4.9879 -3.0539320633466236 0
CAR 0.0 0 -1.4227160282230824 51.275797084879756 340.9326058127417 225.70484967679639 415.7808048727722 1.4996 1.899 4.0996 15.059418912885972 48.90519755237146 -7.6 -1.7749669233050611 0
CAR 0.0 0 -1.677067371299724 1510.9114745806532 315.09833788457314 1621.991200507929 388.2177673820845 1.4954 1.9024 4.0993 43.9501873997355 14.18705164982211 -6.0972 -3.0279752999934297 0
TRAILER 0.0 0 -2.782462951469768 -169.51891640516837 10.992232687835093 200.63263944287064 231.1718704066775 4.1525 3.0019 10.9977 42.80382747065183 7.470184823428201 -4.8941 -3.0565361548780694 0
CAR 0.0 0 2.5263833264493316 691.0097438110422 329.9591363604479 832.6664850733689 405.40778666160327 1.5034 1.9028 4.1032 27.352422739396538 33.22087419756282 -6.8614 1.4034226771099447 0
CAR 0.0 0 -1.6794607120482143 1639.1868151469635 317.0729326019168 1743.6219061020595 388.694931188788 1.5018 1.9004 4.0996 47.633506410095066 11.373968684249528 -6.2447 -3.045425934832056 0
PEDESTRIAN 0.0 0 2.8540127371862445 615.2022434085287 126.36595675793988 648.9708098673286 195.3537853320466 1.7322 0.6996 0.7164 41.2917 -8.8361 -5.9497 1.5319854071476804 0
