CAR 0.0 0 3.0158846252254463 1342.4608027314744 198.57920176884247 1512.966543169792 315.2812775940739 1.594 1.8966 4.5394 31.654154551043426 -28.27041325813336 -6.3337 1.622155489895117 0
CAR 0.0 0 -1.222484788801583 195.30933978178356 462.80302821958 448.7263859142576 598.6072919561014 1.5196 1.8976 4.1761 11.650973714731634 29.349275954206597 -7.5683 -1.7714513563579624 0
PEDESTRIAN 0.0 0 1.3441409001400153 628.391278636499 138.94406375218733 665.4648706248387 208.55573275170104 1.7 0.7848 0.6973 39.94742306657222 -9.388908357440437 -6.0576 0.035279473593581315 0
TRUCK 0.0 0 -1.6518023714959236 1767.5278307472624 261.2278623287411 1904.742602046728 388.5370775078201 3.4079 2.7742 1.8309 50.29055617652306 7.98947200081223 -5.2988 -3.048531819335291 0
TRAILER 0.0 0 -1.862821973697033 47.31960522052544 4.8576975016785635 293.3028988742928 152.5933809263889 3.5682 3.0012 10.9976 54.290633395865136 8.387447043875227 -5.2107 -3.0427454332082586 0
CAR 0.0 0 -1.6859929969844578 1767.2586873415094 343.2541042897451 1879.8660740773623 426.9699808697471 1.5064 1.8966 4.1132 44.65071136939088 7.2991750325774545 -6.2711 -3.0496920303081225 0
CAR 0.0 0 -0.9975378165565474 357.89845877927746 420.491736149955 568.6229067152036 533.9944587844689 1.5195 1.8976 4.1014 15.53826520609603 30.498287087671677 -7.441 -1.7714513563579624 0
CAR 0.0 0 2.994200879504046 1322.8182700955851 241.94139332940216 1502.3491370257304 368.275224836014 1.4987 1.9049 4.0972 28.006186243029184 -26.384684787326606 -6.4483 1.6352454592850747 0
CAR 0.0 0 -1.3184416112843598 100.97203315464539 359.64532171227825 288.33577651520653 444.0966089895281 1.5196 1.8976 4.1284 14.750596432796451 43.76605525189771 -7.532 -1.7714513563579624 0
CAR 0.0 0 2.998187976719154 1504.4314861203522 270.7806075416456 1738.779076152456 416.2447596724009 1.5032 1.8952 4.1044 24.692190404765533 -29.02579377006027 -6.2698 1.6352454592850747 0
CAR 0.0 0 1.4462786641174055 354.6151229315101 66.79926872660943 435.2566743068371 119.60545385677776 1.5162 1.9006 4.1032 61.96504264706104 3.392280816040467 -6.7749 0.10522774726853645 0
CAR 0.0 0 4.9760723597492476 1213.5665309437047 -415.73162787361133 1307.4700734026887 -336.5180691712755 1.632 2.0088 4.1048 -55.341683165817095 2.5970878005764875 -7.9664 3.1159162353538514 0
CAR 0.0 0 4.856752199308855 1042.5272612223596 -273.6711928514949 1079.157747399523 -242.41019764764266 1.5044 1.9512 4.0978 -111.69071846753154 4.913044169151387 -9.2429 3.0475157958069867 0
CAR 0.0 0 4.989369881397809 1357.0462748538014 -459.9689957336779 1474.1299239223656 -372.10789548238563 1.4952 1.9028 4.1046 -49.13920945300975 5.775265278410882 -8.1952 3.133372182720497 0
TRUCK 0.0 0 0.22983376995387075 -179.59896783499565 246.50931451205378 220.60056873146328 545.5870003138344 3.6148 3.2348 2.3654 21.244565787001605 -2.679588991506657 -5.7722 0.13490380180227413 0
TRAILER 0.0 0 -0.2367232320657889 -1002.8734391127539 312.976581008532 233.8484945764783 1089.4091211429738 3.1098 3.3536 10.442 15.50426846825336 -3.4545135188331404 -6.0304 0.14134394554915766 0
