CAR 0.0 0 2.73655968427535 1327.1780255994622 190.17692477286158 1533.8585214559012 312.6961002378796 1.7194 1.8964 4.5202 24.903071668050526 -22.545891926184634 -6.5435 1.3382817434541792 0
PEDESTRIAN 0.0 0 4.249593363775801 652.6030885593966 138.1702418367312 687.1661382657326 206.35985624141435 1.7 0.6968 0.7192 38.85693185497807 -7.263980270263759 -6.5112 2.930010593265705 0
TRUCK 0.0 0 4.347800807868448 1702.6251075205994 257.3948821917934 1836.229732301147 380.4334539752917 3.487 2.935 2.072 53.3089664019299 6.8588471442918975 -5.9211 2.954589946740443 0
TRAILER 0.0 0 4.355236076447388 1697.5474211174492 232.2688664797693 1852.205835695478 371.6007823566764 3.8402 3.1746 6.0448 57.34101594609008 6.194063201550294 -5.7444 2.951256435673922 0
CAR 0.0 0 2.706416498939122 1284.3594517340478 232.89302288435022 1495.7342608411884 360.8267734585332 1.504 1.9011 4.104 22.192123715329387 -19.223919147904265 -6.6643 1.3445949556756323 0
CAR 0.0 0 4.318854735029067 1702.7279340160342 339.6329061475266 1807.630695783259 421.6639845988064 1.5032 1.9025 4.0984 47.4768568989925 7.9375412486601675 -6.9854 2.961074677280605 0
CAR 0.0 0 -1.454391606786574 231.81534858114637 450.9181713990644 455.5267607491643 584.0435793347378 1.5003 1.9029 4.0972 22.114937163654748 38.383922711940734 -8.2755 -2.04660312373549 0
CAR 0.0 0 -1.286063681613868 387.9505798124353 413.3124925931149 570.2087594315001 524.9783278307954 1.4969 1.8793 4.0996 26.336931714997853 38.40855036783484 -8.2924 -2.086445960933754 0
CAR 0.0 0 2.720314570332024 1487.1183481553542 237.88918841815885 1763.439920481858 385.32759153553104 1.498 1.8978 4.2058 18.010786145645522 -21.128567340707633 -6.0071 1.33729912391633 0
PEDESTRIAN 0.0 0 1.324697068810925 636.0223720869018 140.83488020147763 671.2718687293767 209.98081996242436 1.7 0.6975 0.7026 38.404559027011096 -6.7226983233427084 -6.4952 0.015570256983676761 0
CAR 0.0 0 0.9409705978255972 285.9179709332134 137.06145101084036 371.2467736722449 217.58238065318605 1.5054 1.9306 4.096 44.486480137195834 1.881568901794046 -7.1517 -0.1410786359914363 0
