CAR 0.0 0 2.7229744370679856 1327.0600782927465 190.01240832615957 1533.585842469845 312.43017824495365 1.7194 1.8964 4.5202 24.92214299438276 -22.556345971940107 -6.5435 1.3245750439438138 0
PEDESTRIAN 0.0 0 3.516548892950298 652.3654902632989 137.97501748432515 686.9044577867604 206.11049099058036 1.7 0.6968 0.7192 38.89284389762067 -7.263654996796376 -6.5112 2.1967451706389425 0
TRUCK 0.0 0 4.384067768354473 1700.509124677936 265.3179215426694 1841.5596963287535 395.5301703510681 3.487 2.935 2.072 50.56801466133138 7.2522479125884285 -5.9211 2.996917376801119 0
CAR 0.0 0 2.6690113640979938 1280.6705986029685 232.10305135746822 1491.0201737239092 359.6199025226938 1.504 1.9011 4.104 22.28477374230013 -19.188521333473055 -6.6643 1.3071218474788944 0
CAR 0.0 0 -1.4899185985506658 220.77595668818128 452.03263525706814 446.5764811809963 585.8670032660257 1.5003 1.9029 4.0972 21.948293581569562 38.4949961949316 -8.2755 -2.067370310837955 0
CAR 0.0 0 -1.2651768920149316 389.6555937826877 413.17878617962054 571.6442656533528 524.7632219602297 1.4969 1.8793 4.0996 26.36586896725868 38.385340856629696 -8.2924 -2.067370310837955 0
CAR 0.0 0 2.689758021204068 1484.4920741563196 237.9599153967448 1760.5378354214454 385.4833631649568 1.498 1.8978 4.2058 18.021310188819516 -21.070331690370512 -6.0071 1.3071218474788946 0
PEDESTRIAN 0.0 0 1.3396055451040239 632.9913198101378 141.33216788894 668.3698874864659 210.6532138201558 1.7 0.6974 0.7026 38.33303577899684 -6.627091763300368 -6.4943 0.032453203031635944 0
CAR 0.0 0 4.358308582931568 1708.6335720007255 343.1217423106581 1819.6804929192228 429.72320847079385 1.5032 1.8996 4.0986 45.41277172034948 8.064528926511521 -6.7781 3.0025524356826883 0
TRAILER 0.0 0 4.399200352761607 1695.9530214647596 225.49402376033726 1856.1678733062402 381.17778184642316 4.117 3.002 6.0508 54.264736032317614 6.730011267100693 -5.4223 2.995539632768037 0
CAR 0.0 0 2.740505665650768 1876.9852287691183 217.44393299772983 2192.009210751548 353.04847869566817 1.4956 1.9016 4.1016 16.05540428699356 -29.729530093317926 -5.6954 1.307717584571804 0
VAN 0.0 0 -0.32367457005981337 3361.3213344342453 351.51840949662466 4278.3716996002495 600.6816330296101 1.8784 2.1996 5.9972 1.3693844595567422 -53.03480956824903 -6.9284 -1.772035088766517 0
CAR 0.0 0 -1.3814036777559633 212.5992186215205 316.70947036724266 360.0766641438231 387.7213545867595 1.501 1.901 4.1044 34.26534495296608 53.678375304877356 -8.2531 -2.067370310837955 0
VAN 0.0 0 -0.8510224735267219 -2438.364950384232 631.8449976238545 -633.611470025258 1569.1357082734746 2.6032 2.3432 5.4312 12.624459965180097 11.111476900601623 -6.8554 0.04997883349198679 0
CAR 0.0 0 2.7854325219142555 2148.899725362107 199.7708143889442 2456.188733523586 312.6872790858072 1.5038 1.901 4.3724 16.99004099282342 -41.58491371442134 -6.1565 1.324577888427898 0
