CAR 0.0 0 2.724664741562136 1775.605576107104 300.8012648535056 2172.881723987686 486.11617126852803 1.5023 1.898 4.937 13.854596230325539 -24.87028958877506 -6.5925 1.3488135988365393 0
CAR 0.0 0 2.656526104372034 1318.996180359162 234.96593907213006 1534.014570556567 363.2547481055386 1.5177 1.898 4.0963 21.95382522255268 -20.00242811534108 -6.7131 1.291018124955925 0
CAR 0.0 0 2.6560089352259455 1405.7394384908107 311.672891159619 1742.5815451544267 510.82561224409886 1.5541 1.898 4.9169 15.68532572271291 -17.647715150106116 -6.7043 1.338581361948922 0
CAR 0.0 0 -1.4716417222043774 210.64791657828616 440.9883764811267 436.1426180742251 578.8044626282352 1.6474 1.9008 4.0966 22.13481747124832 38.972967733721376 -8.1942 -2.043220920331697 0
CAR 0.0 0 2.721168558782053 1590.2746611535329 198.5325169005472 1814.1251101715168 301.9541300533242 1.396 1.8974 4.3588 23.212585223624476 -29.520652837851763 -6.6116 1.2953621165572884 0
CAR 0.0 0 -1.3023820511010977 351.026142091554 399.17909800470295 536.0161592367929 514.0855032437064 1.6474 1.9008 4.0966 26.40651537491056 39.5662820176343 -8.1431 -2.078132818304195 0
TRAILER 0.0 0 -1.3769873560860213 -88.40023529526427 101.21620989522432 302.76041200414124 536.4113298243208 4.11 3.0032 11.0896 25.71634348386275 3.7198897524279033 -5.5143 -1.8483699615404325 0
TRUCK 0.0 0 0.30637755962170643 410.30710099184853 126.53061314198496 645.0245487516835 433.73557061133636 3.9074 3.0032 5.6574 25.147372502027334 -2.0878534286223847 -5.6171 -0.7918256507808004 0
PEDESTRIAN 0.0 0 2.771833382394707 627.2419300904967 132.61786838308748 663.245031641373 201.51605135753348 1.7 0.6996 0.9374 39.54260609739822 -6.6872438209446745 -6.4566 1.4538021921240931 0
VAN 0.0 0 4.3619563090520845 1707.8987224745683 261.65306573015937 1820.700500833592 357.25228709267395 2.3536 2.2034 4.7012 54.10487045255703 6.953587528556522 -5.6925 2.9639173527315954 0
CAR 0.0 0 4.364184258064609 1720.4305400594628 275.27356961270726 1798.398064102381 330.4566720287862 1.4966 1.8962 4.1044 64.3117147980601 5.288802852219458 -6.7089 2.9635237234090614 0
VAN 0.0 0 2.785757818804965 2085.5435110891517 249.5160600486216 2627.9293682245566 464.5943602744837 1.9972 2.1978 5.9954 12.310026083197872 -32.58773602985674 -6.1821 1.3630240930533906 0
CAR 0.0 0 2.7873670156379498 1956.3346570780734 249.79689062531938 2267.9104264555626 383.552604570847 1.4974 1.8977 4.0982 15.816754401442807 -32.404970009719335 -6.4838 1.3642834977290486 0
CAR 0.0 0 2.8318078712999286 2646.927223185064 222.01902542998855 3014.7786812217123 338.9489182780508 1.4878 1.9007 4.1038 11.579271843787454 -50.97857074510587 -6.1085 1.3590267776864633 0
