CAR 0.0 0 2.724156225533658 1775.6392746408771 301.64114781390157 2174.0006063035244 487.61896063885695 1.5023 1.898 4.937 13.810587683082964 -24.815350836289046 -6.5925 1.3488135988365393 0
CAR 0.0 0 2.6568337902208863 1320.2005515422823 234.8111789662081 1535.2390316306219 362.9957618325899 1.5177 1.898 4.0963 21.959152903017646 -20.039332345197035 -6.7131 1.2910181249559232 0
CAR 0.0 0 2.656117994687193 1405.6584210694873 311.50831017434695 1742.314194641124 510.528967752603 1.5541 1.898 4.9169 15.694726793264824 -17.653576295289824 -6.7043 1.3385813619489224 0
CAR 0.0 0 -1.4712321689402732 210.8990763702863 440.8713229274571 436.29014838954475 578.6193870371523 1.6474 1.9008 4.0966 22.144382848293713 38.97744871863776 -8.1942 -2.043220920331697 0
CAR 0.0 0 2.7213423605771867 1590.0770497296216 198.69699905529177 1814.0589511656758 302.2096932427982 1.396 1.8974 4.3588 23.19692626585583 -29.49772615812957 -6.6116 1.2956667494353806 0
CAR 0.0 0 -1.3041571787285742 349.3309530588067 399.1524539843368 534.5038393387264 514.0617260542641 1.6474 1.9008 4.0966 26.390460217528105 39.60246684508857 -8.1431 -2.078132818304195 0
TRAILER 0.0 0 1.4485545082542048 423.59716709642197 -25.878759888511286 512.8511692370787 83.2026714291994 4.11 3.0032 11.0896 75.90521266364406 -4.01232612743312 -5.5143 -0.06777537488725155 0
VAN 0.0 0 -2.0073561453673308 -35.49476963644893 388.31320660643956 360.3898869821955 868.8403384530164 2.3536 2.2034 4.7012 13.459461786062915 1.927356311489325 -5.6925 -2.32325163594942 0
VAN 0.0 0 2.7857604845209143 2089.722481281947 250.0541361462454 2634.061855268198 465.61198459544187 1.9972 2.1978 5.9954 12.252087842729663 -32.62236312714929 -6.1821 1.3630240930533906 0
CAR 0.0 0 2.738236527027871 1518.8196267717383 259.6314126915547 1788.5530891522073 405.02723561115994 1.4974 1.8977 4.0982 17.998311070496257 -22.042996937639135 -6.4838 1.3642834977290486 0
CAR 0.0 0 -3.4643126941830493 -353.5308186990919 265.9026563588254 -85.80502730581829 433.2989923502631 1.5036 1.8952 4.097 27.717963944839614 9.74035401600453 -6.6445 -2.918235855811829 0
VAN 0.0 0 -0.3298143812677532 2699.9682856307786 382.63637003386054 3675.9247294726306 756.0683620198015 2.5368 2.1676 5.7104 4.0633844501484635 -33.79216191116651 -6.6447 -1.72681900447984 0
CAR 0.0 0 4.305272991177513 1656.930099427184 378.3390042652592 1784.7871697354287 489.1879024996831 1.5128 1.9018 4.1024 37.197249795354765 10.317540314281713 -6.5594 2.980558888124516 0
CAR 0.0 0 4.302918850101141 1480.2616215489336 321.0136598154052 1552.306650105963 394.4121745760112 1.5022 1.9049 4.1038 48.72763532156868 14.660827141310236 -7.16 2.9631096288826786 0
PEDESTRIAN 0.0 0 2.678225411150523 624.588196077916 131.09732555537244 661.1628371901644 201.02609913597854 1.7526 0.7308 0.855 39.825320805854645 -6.666732862790456 -6.4758 1.3596365322624513 0
CAR 0.0 0 2.766443465997086 1780.5571492382805 251.32701765720984 2078.4233409617777 389.81524931965555 1.4878 1.9007 4.104 16.653084784887106 -27.94838998783989 -6.404 1.3590267776864629 0
CAR 0.0 0 2.688052370450774 1329.3948433990129 202.24665220213106 1521.6911691552764 311.81310905345947 1.4974 1.8976 4.0982 24.86397558171058 -22.432800165359353 -6.671 1.2944598052176606 0
