VAN 0.0 0 4.39156392807219 1737.6222774415571 247.53005491659223 1826.150900816852 314.91378637228325 1.9994999999999994 2.0167 6.000200000000007 69.43992671170695 3.7503094764038694 -6.3098 2.9767344146944934 0
CAR 0.0 0 2.7276601947505648 1778.165486175988 302.6462893069453 2178.2553163078987 489.3805557319109 1.5023 1.898 4.937 13.743260537612983 -24.7977211814764 -6.5925 1.352655634908364 0
CAR 0.0 0 2.666034689120491 1320.2877384180933 234.91294303839982 1535.414407613632 363.15566005775327 1.5177 1.898 4.0963 21.949867523766464 -20.034933944770522 -6.7131 1.300287801406882 0
CAR 0.0 0 2.6706885867058707 1408.1687874482736 311.4265900135223 1745.210786478909 510.34123122902264 1.5541 1.898 4.9169 15.684871374490857 -17.70268884298607 -6.7043 1.3526556349083636 0
CAR 0.0 0 -1.5321645863140585 216.79943633118867 440.63153996262133 441.2739247070179 578.1849399949671 1.6474 1.9008 4.0966 22.2131 38.8926 -8.1942 -2.112005731420875 0
CAR 0.0 0 2.726675648997452 1590.2997793977822 198.56633380234828 1814.1836847623879 302.00595018918943 1.396 1.8974 4.3588 23.208877403949245 -29.517703140561608 -6.6116 1.3008901068240033 0
CAR 0.0 0 -1.3285625803342225 357.675756461017 398.52477865938215 541.5216973862165 513.03044657869 1.6474 1.9008 4.0966 26.533727994560305 39.490027554996765 -8.1431 -2.112005731420875 0
TRAILER 0.0 0 4.447388367851456 1666.9296401296954 219.96269441524967 1844.8534964651592 392.3093803608881 4.11 3.0032 11.0896 55.05946232016836 7.3613079581532235 -5.5143 3.0458113162218337 0
CAR 0.0 0 1.3061997849411489 445.36226714247493 35.432419739936755 492.41846919290373 74.7868013430319 1.4993 1.8979 4.0993 78.63319982328304 -4.027233594945127 -7.12 -0.14846436207423386 0
PEDESTRIAN 0.0 0 2.7693448703311567 912.5986718055902 102.90012778187283 943.4895363650496 164.40988224800444 1.7 0.6968 0.9282 41.141636503825595 -16.042038110452907 -6.1004 1.3412780209478408 0
