CAR 0.0 0 2.7161562960425556 1775.829217539618 302.073803190236 2174.779653656235 488.3909388438405 1.5023 1.898 4.937 13.786957784774396 -24.790469590677212 -6.5925 1.3410568121408173 0
CAR 0.0 0 2.6530041503616046 1312.5312617417292 235.21927305732586 1526.9969830254297 363.7319508667642 1.5177 1.898 4.0963 21.974624370552252 -19.840723612339847 -6.7131 1.2886889732761382 0
CAR 0.0 0 2.659187013709504 1405.5547085617677 310.6911006507712 1741.3418706581713 509.052009887367 1.5541 1.898 4.9169 15.739820193737255 -17.688169470801043 -6.7043 1.3410568121408173 0
CAR 0.0 0 -1.4712004044691198 222.8500972846394 439.5223393071559 445.8675120624476 576.3947243796863 1.6474 1.9008 4.0966 22.338029865408252 38.87056653961575 -8.1942 -2.059644171057918 0
CAR 0.0 0 2.6968568498285164 1587.8296671126918 198.4766572066947 1811.389843053434 301.8948390161505 1.396 1.8974 4.3588 23.236507874138706 -29.46094899456751 -6.6116 1.271235329258509 0
CAR 0.0 0 -1.267086337704841 365.9509469297712 398.0313507128077 548.5575142359778 512.2034296421267 1.6474 1.9008 4.0966 26.665550405503783 39.36668806577573 -8.1431 -2.0596441710579176 0
TRAILER 0.0 0 -3.244014839529359 -519.0864759830542 96.29556764965447 65.25451492885622 534.4388894046017 4.11 3.0032 11.0896 27.436282952043552 8.431827372922525 -5.5143 -2.696237183612558 0
VAN 0.0 0 4.316201298481548 1676.3120625769996 324.81929944017946 1812.1181709627458 449.401294028544 1.9994999999999994 2.0167 6.000200000000007 42.58314587421923 9.144609850599565 -6.3098 2.9624863797598247 0
TRUCK 0.0 0 -1.8119367240537538 -193.99065121340382 168.24964748459433 231.31548074999844 570.7006891094705 3.9074 3.0032 5.6574 22.223446175705554 4.60600803414841 -5.6171 -1.957795804578623 0
PEDESTRIAN 0.0 0 2.770411744360553 622.5145400858296 132.3878697197647 658.5428290055944 201.25279911424448 1.7 0.6996 0.9374 39.61522324293088 -6.564635400156717 -6.4566 1.4538021921240931 0
VAN 0.0 0 4.374644466393143 1715.1773169634093 242.88967312129432 1813.4660124280983 324.106962684592 2.3536 2.2034 4.7012 62.089439991831924 5.698048225422156 -5.6925 2.9624863797598247 0
CAR 0.0 0 4.313477204256684 1703.4270125074893 301.9561872908737 1800.3715884272794 374.1179914906463 1.497 1.9045 4.1242 51.46725048329852 7.564610426071149 -6.3153 2.9327921430770307 0
CAR 0.0 0 4.38631410480853 1724.6216266595561 255.077743412153 1792.731382081582 301.8199011391929 1.4966 1.8962 4.1044 73.5804 3.8965999999999994 -6.7089 2.9722800107190577 0
