VAN 0.0 0 4.391593331313079 1739.1365119883194 247.69653155428145 1827.9401808272914 315.16263965905097 1.9994999999999994 2.0167 6.000200000000007 69.40155000995114 3.693068453025722 -6.3098 2.9767344146944934 0
CAR 0.0 0 2.728107468944274 1774.770249365372 301.3073801539285 2172.5534032135884 487.0348530480749 1.5023 1.898 4.937 13.8332011427947 -24.820642752060664 -6.5925 1.352655634908364 0
CAR 0.0 0 2.665826702399066 1320.8272368673295 235.27276789409606 1536.2925457263714 363.71840513621726 1.5177 1.898 4.0963 21.915562696004173 -20.0246250934738 -6.7131 1.300287801406882 0
CAR 0.0 0 2.6705324428118518 1407.8792382109257 311.5684872961424 1745.014614207091 510.6026571829474 1.5541 1.898 4.9169 15.678812653264199 -17.69110729517911 -6.7043 1.352655634908364 0
CAR 0.0 0 -1.5321645863140585 216.79943633118867 440.63153996262133 441.2739247070179 578.1849399949671 1.6474 1.9008 4.0966 22.2131 38.8926 -8.1942 -2.112005731420875 0
CAR 0.0 0 2.709251899231817 1590.055634339145 198.49093452844778 1813.84655446224 301.8924713379179 1.396 1.8974 4.3588 23.218538991290668 -29.519225086407666 -6.6116 1.283436911918509 0
CAR 0.0 0 -1.329290067292397 357.7764519089607 399.3245884966084 542.0605989545197 514.2398102093172 1.6474 1.9008 4.0966 26.467139042410643 39.41875159913967 -8.1431 -2.112005731420875 0
CAR 0.0 0 1.2950718180594432 478.26367631283784 40.86432475413591 530.00679930179 83.52026642322089 1.5 1.9032 4.098 72.4346097702425 -5.360561725043407 -6.8759 -0.1539043397097295 0
PEDESTRIAN 0.0 0 2.7978566726295986 1025.4584775946673 90.64334193525949 1058.354133669539 148.9405331608035 1.7 0.6968 0.9282 42.089817784739346 -20.555211602734573 -5.9482 1.3412780209478408 0
TRAILER 0.0 0 4.447428916996281 1667.119373552198 219.9444372998796 1845.0541873090624 392.2423844787294 4.11 3.0032 11.0896 55.074734169061976 7.352975236917932 -5.5143 3.0458113162218337 0
CAR 0.0 0 -0.09095248115439344 -122.96239360757413 411.56201933626915 155.77472654219167 662.9105413382223 1.4993 1.8979 4.0993 19.406 4.8533 -7.12 -0.14846436207423386 0
