VAN 0.0 0 -0.03384106989090996 1150.2991797314592 198.23658128627395 1269.1003879252605 266.17378730030777 2.7763 2.7552 7.2016 63.06829860951951 37.80569992238821 -5.1699 -1.416192480697106 0
CAR 0.0 0 -1.6932622852821453 1484.7720276620123 330.3794149028315 1603.3232280625227 415.0221309214066 1.7 1.9575 4.0881 41.89979961796817 14.185701774783334 -6.4594 -3.02834391244896 0
CAR 0.0 0 -0.7874608186496963 1141.4974527534257 572.9123268190447 1287.3328008825117 690.3328717669093 0.9948 1.2858 2.4998 18.662031459097655 12.367898270890489 -7.372 -1.880150826000462 0
PEDESTRIAN 0.0 0 -0.013568268293907115 3385.3306990802253 934.0569111392899 3871.829477573108 1170.71882981089 1.7 0.9483 0.6324 7.0434 -35.0259 -6.4597 -1.3017621272550564 0
TRAILER 0.0 0 2.543249915494951 -1280.1726326169833 194.90659750372154 390.86006942285366 1365.2167987491678 4.449 3.1064 14.302 15.110558155544096 -5.4485124243919 -5.4278 2.8465433969168963 0
CAR 0.0 0 -1.0321212584533064 350.14674571767443 415.7432334715672 559.5994730207966 528.3466572577097 1.5443 1.9623 4.0978 15.686743290955299 31.13088957329434 -7.4616 -1.8023740043592795 0
PEDESTRIAN 0.0 0 -1.3840900571179113 1123.9994554789862 373.84662151561275 1165.6141689321496 445.4594316453498 1.7091 0.758 0.7219 30.55700754875286 21.297811743711517 -6.9127 -2.611545737766429 0
PEDESTRIAN 0.0 0 -1.6839941667914593 1155.038609157137 373.6382773188614 1197.2184871239015 447.2271516328531 1.7376 0.7422 0.7187 30.67583184575019 20.383350415866218 -6.8157 -2.9193361529274826 0
CAR 0.0 0 2.973475151361438 1460.7586981797936 227.23467126200543 1663.8172913480007 352.87939113256056 1.543 1.9551 4.1131 28.146708776179096 -29.69221251499289 -6.1946 1.585358763062261 0
CAR 0.0 0 2.981224775235238 1304.7099372389082 202.41491136756036 1464.8716053826492 314.89401362379436 1.5805 1.9518 4.1417 31.643514950782638 -27.242218158639904 -6.3762 1.5941815710532379 0
PEDESTRIAN 0.0 0 2.9579249460501105 896.987397671033 124.9751561383824 925.1853733838491 192.54258242199617 1.7 0.7538 0.7055 40.67641963927671 -16.787926741981856 -5.7704 1.5594767795872573 0
CAR 0.0 0 -1.6031167627744942 1580.9743968063403 282.33221540730193 1670.0313464511535 341.3167271673534 1.5918 1.9068 4.1122 56.13384185539438 15.487337193052852 -6.2509 -2.9850087367004488 0
