CAR 0.0 0 2.6863778683591306 1340.9505013909727 200.01002184311477 1538.1415493579902 312.1688317200022 1.5683 1.9824 4.1753 25.036901724327993 -23.006716661017684 -6.7242 1.2904051040461615 0
CAR 0.0 0 2.646864093488772 1379.8032011873559 208.03794316933633 1636.7906925172201 349.32476139966843 1.6094 1.8776 4.9449 21.33850161788088 -21.435101939766696 -6.2139 1.2570095736052027 0
CAR 0.0 0 -1.299639918085353 220.7595376586378 422.2457039150261 433.443905879167 543.2212178364481 1.5083 1.8983 4.1522 23.603511695482737 40.43340251751314 -8.1788 -1.9008039597235955 0
CAR 0.0 0 -1.1064255198139459 392.03924580753187 425.3772748635023 586.8665864649892 545.6941463089306 1.4958 1.977 4.1388 25.150409370169402 37.03800285985646 -8.1989 -1.900855273565694 0
TRAILER 0.0 0 -0.8993988551924348 816.1387596108541 240.33311404524093 1831.5252131232526 1192.9800864960143 3.4934 3.115 10.3352 10.004525786094366 -6.302717048695882 -5.0918 -1.991550371783907 0
CAR 0.0 0 -1.4563123293537101 116.05811527318251 382.2683052809053 313.3050259453362 482.71985437233985 1.508 2.0028 4.001 25.68970611939272 46.62038901399583 -8.2196 -1.921975704819857 0
MOTORCYCLE 0.0 0 2.606082692058969 1533.6391442747745 334.358870529034 1689.5457300679523 471.60587154746537 1.6332 0.8894 1.834 15.211398954422165 -18.2230065028361 -6.5953 1.2795230550680976 0
CAR 0.0 0 2.629793071812988 1394.2512810117444 227.7277010106369 1658.470713959674 383.719198816649 1.654 1.8689 4.1757 18.577101039537613 -19.224298686970478 -5.8865 1.2547721101000144 0
CAR 0.0 0 -0.2796610091370202 3208.372220536948 363.1145583583456 3984.228217018381 606.5790897917755 1.879 2.4204 4.7456 2.4940372172964653 -46.00441054059115 -6.6157 -1.718096202236218 0
CAR 0.0 0 2.7174370323322137 1790.5483554426858 170.91774210549474 2062.5569665068983 293.2049609157855 1.8284 1.8307 4.868 21.62428431779366 -35.08712755218649 -6.1655 1.2652991384422807 0
TRAILER 0.0 0 -0.2857028741957306 3026.7454985742947 361.88914185484776 3966.6540525104756 675.7672443839002 2.3003 2.4332 5.4943 2.8691482759369467 -41.27839886240696 -6.5644 -1.7115969380679334 0
PEDESTRIAN 0.0 0 2.8044498117076255 486.0149958465231 136.01736225427717 523.9566805875613 217.122292269318 2.0064 0.6591 0.733 39.77361742863331 -2.8138466795504793 -6.5861 1.5692703461305249 0
TRUCK 0.0 0 -0.8279614285838042 1356.6155033277014 508.30204860142806 1805.879810287615 900.452453077604 2.8092 3.0165 1.8689 8.34270295232187 -10.377122350966513 -6.4515 -1.9822006613406415 0
