VAN 0.0 0 -0.03536639940650166 1147.889311326148 202.70765417185532 1270.2399231425964 277.63960050459445 3.0887 3.0353 7.0662 63.12438837920497 37.846688968463916 -5.5641 -1.4114024759719594 0
TRAILER 0.0 0 1.199060640083675 -3541.534507432374 274.91808002111276 -412.61477091468043 1344.9672692238373 3.3784 3.4486 11.6024 14.462764928947433 5.0428545203335196 -5.4833 2.34262855148942 0
VAN 0.0 0 -1.7069873921746972 1600.2253013560544 302.09207344199626 1745.0643495812767 422.9128417042947 2.5061 2.2666 5.3185 43.3719176247085 11.028491997250962 -5.9066 -3.0663557118638796 0
TRUCK 0.0 0 3.4234365028435914 767.4161852208539 508.1301707163101 1367.8219156663833 1134.9087846543623 3.5225 3.6418 4.7722 9.865751495597083 9.210007855864134 -5.4368 2.481279655339955 0
CAR 0.0 0 -1.7477879196128527 1532.5285278977774 312.57805573194827 1641.4939481459883 389.12588898446506 1.7 1.9666 4.1398 46.474872242395904 14.221494150649841 -6.3811 -3.1019631316146827 0
BUS 0.0 0 0.9831561679756189 188.11579945930077 95.37994835932983 462.4578097920657 325.4289276501877 3.5244 2.84 10.3328 37.51429724925901 -2.050037285245873 -6.2138 -0.050995511597455634 0
BICYCLE 0.0 0 -1.1470105230872354 809.1224131668819 174.42759054310113 834.2415524458015 240.27975689769977 1.455 0.6025 0.8913 36.68040834467242 -14.184996868146579 -6.2896 -2.470962799178619 0
CAR 0.0 0 -1.7229858350495586 1783.5600186071958 329.8038434575294 1900.9658201220277 422.80708632059924 1.661 1.8473 4.112 42.72170829521672 6.7236849485465635 -5.6812 -3.093492692234448 0
MOTORCYCLE 0.0 0 -1.7221253323496637 1511.271038801424 342.4385345073772 1563.022059603068 411.59225876142074 1.7 0.7138 1.6517 41.13879690455085 14.168505540650786 -6.5238 -3.0527780599336807 0
CAR 0.0 0 2.9524459448236433 1347.1174475174007 192.85523753737286 1510.6477590690315 307.88019578523733 1.7 1.937 4.0135 31.785600000000002 -28.3542 -6.2264 1.554161860999463 0
CAR 0.0 0 2.4289723047158462 86.86214621957946 346.6794438788729 324.0162711285431 530.0663120384844 1.4668 1.6524 3.5756 21.195880868613866 -5.007955681213786 -6.3814 1.9730700639016023 0
CAR 0.0 0 -1.186357132507064 212.1555740932875 428.7939611312216 446.0432457722607 558.6409980547804 1.7 1.9714 4.0628 12.759400784643185 31.31260371673088 -7.4038 -1.7780935580836401 0
VAN 0.0 0 1.958898458280187 -430.8718872426759 371.7974313096016 164.40497570560527 817.8574285044475 2.5358 2.0016 5.2596 15.439242049146054 -4.3825243134282 -5.713 2.1239260337459207 0
CAR 0.0 0 2.8663754409760145 1359.5258169007623 262.64713160291086 1573.0197027658562 424.7972159671595 1.6434 1.7018 4.5628 24.679336115784928 -25.927477145360097 -6.2183 1.5245750128184465 0
CAR 0.0 0 3.060492500291378 905.6873951657383 348.93527177265236 1044.276152442462 538.5844171020299 1.4475 1.6209 3.887 20.19758097759767 -16.229549996041527 -6.2681 1.9160589352775848 0
VAN 0.0 0 -1.2076930890871576 198.96652831708477 322.9262603575913 327.1525903165351 392.340350567498 1.7 1.5386 3.3297 19.15507976636028 49.51006613158032 -7.5647 -1.8436813340996476 0
CAR 0.0 0 -1.089190724560321 336.0048829756346 402.42699038507993 511.961452820032 497.11130395019086 1.4656 1.3758 3.7786 16.202013701890856 33.49644404575563 -7.4477 -1.8476544266735753 0
CAR 0.0 0 3.048846452303354 868.4518089677762 286.27338213005703 985.1823193824686 460.5102773313735 1.7252 1.6916 4.1704 23.942626785893072 -15.821430668589645 -6.4195 1.8594168174858308 0
CAR 0.0 0 2.85709623426734 1559.3960039378228 340.2428649202447 1805.3551793645988 497.83326265050675 1.3809 1.6884 3.6526 21.446105233895327 -28.323411341363844 -6.5568 1.5297283948773255 0
