VAN 0.0 0 -0.04298762459065841 1147.2176074113133 202.7209998779077 1269.6213712185347 277.67483024735634 3.0887 3.0353 7.0662 63.08553923188976 37.86327563743673 -5.5641 -1.418903573797595 0
CAR 0.0 0 -1.7129967638937327 1780.7608318820016 329.74533868685194 1898.257364464163 422.7346200235633 1.661 1.8473 4.112 42.6774245258649 6.781990101019786 -5.6812 -3.0832454006018555 0
CAR 0.0 0 2.9486070069057178 1348.928204419456 191.22872259632084 1511.6640513124705 305.3798204439551 1.7 1.937 4.0135 31.985968558532242 -28.47713003059025 -6.2264 1.5487642730096802 0
CAR 0.0 0 -1.2832127081689904 213.4300283760365 428.3012753504352 446.8539362283886 557.8605741309534 1.7 1.9714 4.0628 12.798172611082407 31.344624633251716 -7.4038 -1.877003294840088 0
CAR 0.0 0 -1.1051445896426406 391.37485548024404 439.85371389086106 584.1910136245052 551.2336390445276 1.4656 1.3758 3.7786 15.080257060865431 28.71031726740896 -7.4477 -1.8856458483840466 0
VAN 0.0 0 -1.144452526188414 245.76730065038203 323.22937270753374 535.2746816065998 491.20369237567166 3.0074 3.0141 6.0193 16.83886298209629 35.94964779888479 -6.7457 -1.917786575270122 0
CAR 0.0 0 2.9465533440559826 1401.6804396695934 228.71511255520218 1598.300561575111 356.2677837302141 1.5329 1.947 4.1625 27.937056181079452 -28.19992306796449 -6.1782 1.5674036341292166 0
CAR 0.0 0 -1.4341284404245325 125.5938954679313 395.3470407172894 334.2635452047253 495.0502684841924 1.5121 1.9339 4.1099 13.41037236176168 38.13792370737847 -7.6011 -1.9132188092271625 0
TRUCK 0.0 0 -1.6381206059100368 1761.3877819294069 270.558974666083 1902.6468772045164 390.9108584670354 3.3377 3.0755 3.0748 54.53173642920929 8.499545704203683 -5.9795 -3.031595390596638 0
PEDESTRIAN 0.0 0 2.915290494636423 624.026572354986 127.7861051042024 666.4724565220508 202.5100776108112 1.8579 0.9295 0.9471 41.411889019845084 -9.186697614909965 -6.0836 1.594447662458931 0
TRAILER 0.0 0 -1.6167239652581533 110.7465824452787 -38.305488957894696 325.279851783025 104.21870388170909 4.1862 3.2286 10.2919 60.50997998375188 8.968904108808665 -4.2942 -3.062835902477131 0
CAR 0.0 0 -1.4651454239727966 75.53297861690282 339.22851463842284 249.56397090836288 415.5383020174995 1.5206 1.9327 4.0484 15.366129798140268 47.759637144121925 -7.4583 -1.8734535741965284 0
CAR 0.0 0 -1.3038180248106954 227.00228199261198 336.16911426172743 390.32536354430357 417.78679412164854 1.7 1.6238 4.0308 18.1162739237317 43.78305638981601 -7.2916 -1.9923975746503848 0
CAR 0.0 0 -1.281224638317817 1446.0886043480689 -484.55482099051085 1611.9025651470006 -362.70503894144275 1.8166 2.1601 4.1544 -40.636215898285855 5.566536756765096 -6.9374 -3.1212033226472595 0
