CAR 0.0 0 2.686380606227286 1340.9636527217594 200.0087294341777 1538.1550129535658 312.1666686005993 1.5683 1.9824 4.1753 25.036947476679572 -23.00715873511374 -6.7242 1.2904051040461615 0
CAR 0.0 0 2.6468645817224763 1379.8038234597127 208.0374350765354 1636.7908768693524 349.32387850259124 1.6094 1.8776 4.9449 21.338544545824487 -21.43515340844804 -6.2139 1.2570095736052027 0
PEDESTRIAN 0.0 0 2.896921641381412 631.012389375796 127.75842315957395 668.0990390827595 195.18785686136593 1.7016 0.7772 0.6957 39.67924691081975 -6.848675298826695 -6.3348 1.5692703461305249 0
CAR 0.0 0 -1.2996241223479763 220.7696528653902 422.2426760811757 433.4509405887285 543.2165175546223 1.5083 1.8983 4.1522 23.603822016860217 40.433469315794284 -8.1788 -1.9008039597235955 0
CAR 0.0 0 -1.1064173913786894 392.04509292962143 425.37473752218136 586.870317927116 545.6902339275731 1.4958 1.977 4.1388 25.150657992987348 37.038078741683435 -8.1989 -1.900855273565694 0
TRAILER 0.0 0 -3.470489559702445 -684.059416440398 118.61853822660946 30.635082585312155 590.8986011332935 3.4934 3.115 10.3352 23.793476677715883 8.162702848357148 -5.0918 -2.7943859946961753 0
CAR 0.0 0 -1.4562873837096357 116.07230095671405 382.2682896640232 313.3176601698907 482.71970613655446 1.508 2.0028 4.001 25.689868487926116 46.62009751752483 -8.2196 -1.921975704819857 0
TRUCK 0.0 0 -3.1717283280003685 -374.9298228853821 300.72726293122446 -4.391069434319409 568.9079316629354 2.4532 2.2469 1.9737 19.48056835677867 6.560693859277539 -5.6178 -2.7850521172580325 0
MOTORCYCLE 0.0 0 2.606084371618302 1533.64802042128 334.3584135360671 1689.55521310146 471.6051506669725 1.6332 0.8894 1.834 15.211371211646503 -18.22317904544098 -6.5953 1.2795230550680976 0
CAR 0.0 0 2.629792901180604 1394.2489801223064 227.72751308885412 1658.4679104160218 383.71890945559346 1.654 1.8689 4.1757 18.577128622045393 -19.224263847781717 -5.8865 1.2547721101000144 0
CAR 0.0 0 -0.6901102945741711 1600.8037358149525 473.4151576279697 2240.482514834407 872.947888279226 1.879 2.4204 4.7456 8.098404714342788 -14.690044936076708 -6.6157 -1.9275357124755388 0
