VAN 0.0 0 -0.01668760922088297 1146.460462059992 202.25771677549076 1268.278762448383 276.7747188845074 3.0887 3.0353 7.0662 63.37835437099144 38.093258346156745 -5.5641 -1.3929679825469414 0
TRAILER 0.0 0 3.0962222605380596 1852.1842623799675 143.28052295668257 2657.126029592379 478.25172821910417 3.3784 3.4486 11.6024 25.442236492868226 -40.941499377107284 -5.4833 1.6575297392573518 0
VAN 0.0 0 -1.6998114585145312 1592.07334856029 302.89070998348745 1737.9941940335116 424.4799710703142 2.5061 2.2666 5.3185 42.99357560835573 11.149193000307703 -5.9066 -3.0575834777366406 0
TRUCK 0.0 0 3.0797758783764255 1719.7622741492564 167.87702346060834 2152.1832493131474 421.3007435742251 3.5225 3.6418 4.7722 25.02413611676145 -35.102822522549396 -5.4368 1.6574552326525247 0
CAR 0.0 0 1.4693214204374772 291.1632908781385 135.29739696927052 425.5393168830688 231.60792087331896 1.6999 1.9706 4.412 40.38033997127888 -1.5689576375431133 -6.344 0.364794364953031 0
CAR 0.0 0 -1.6969824709404544 1534.3899971044714 310.3627438882101 1642.0273894382672 385.7717135371865 1.7 1.9666 4.1398 47.08030822668367 14.350508226683667 -6.3811 -3.0529654951011866 0
BUS 0.0 0 -0.8494076462123193 320.1064737218652 286.83532901984665 731.7750540783501 492.61943521814675 3.5244 2.84 10.3328 19.760139541367632 33.42437587321533 -6.2138 -1.7974709193870342 0
CAR 0.0 0 2.95190656949206 1580.9900918189405 315.2500704928252 1880.36988006192 509.5890357453504 1.7885 1.936 4.1812 21.15387567656411 -28.83705321271244 -6.3142 1.613923014294209 0
TRAILER 0.0 0 -0.3719919638031095 -4210.273109631986 -129080.54275040432 357308.4734598548 1177.80027667335 4.0038 3.0233 11.3683 5.443960696747207 13.967495032616846 -5.939799999999999 -2.271555657618783 0
VAN 0.0 0 3.061789758902959 2173.104925926329 214.88214058832995 2845.062510761889 500.811229153384 3.0142 2.9998 6.4302 21.600890106619897 -42.79490321905466 -5.5653 1.6301165965656204 0
CAR 0.0 0 3.146015768371581 2536.5238230827363 277.91626017527915 2987.93916215896 442.28126049784004 1.7728 1.9945 4.2516 22.510542701156457 -50.33493533289916 -6.13 1.7040956439614174 0
CAR 0.0 0 2.9585135067830013 1483.5737148030585 273.58827969188224 1701.2188093684636 434.12956094243464 1.7553 1.5689 4.1046 24.539283228956197 -28.401838487276752 -6.4088 1.6052376305312825 0
MOTORCYCLE 0.0 0 -1.746088819305295 1514.5697220410366 342.58235845018214 1566.3271561677018 411.76846965190515 1.7 0.7138 1.6517 41.1845 14.0867 -6.5238 -3.077139203314816 0
BICYCLE 0.0 0 -1.598688993398113 811.2508982704259 175.40218575314512 836.4546229270312 241.4750406872673 1.455 0.6025 0.8913 36.54713552325059 -14.239892108269073 -6.2896 -2.9220305006185083 0
CAR 0.0 0 1.4095429383704643 337.4178603465984 69.32340489201276 422.42703535019945 134.51161058734994 1.7 1.618 4.0238 54.95040624465999 1.9358710277822802 -6.1929 0.09800366598790083 0
CAR 0.0 0 -0.14727639866845843 2348.445968841521 466.1615045228504 2908.089469593399 718.9821234817815 1.5897 1.7106 4.1526 15.429338234304888 -38.01321640377931 -6.8837 -1.4968595202023427 0
CAR 0.0 0 1.5544722354916176 397.4244023828777 20.263629281404363 462.4717692586857 68.30372711987255 1.7 1.7336 4.2216 72.24316789028367 4.361408957554597 -5.8735 0.08492987845123467 0
CAR 0.0 0 3.0512445804461694 1892.025024958831 302.73518248743915 2237.7417310217797 480.12399403440514 1.6332 1.7321 4.4876 21.964973040550355 -35.59078028579362 -6.3283 1.6668272518319063 0
