VAN 0.0 0 -0.033841085871995746 1150.2991131327112 198.23658692010903 1269.10033292606 266.1737989979348 2.7763 2.7552 7.2016 63.068291517119775 37.80569952651508 -5.1699 -1.416192480697106 0
CAR 0.0 0 -1.6932623145471368 1484.7717002861662 330.37938902982467 1603.3228985707747 415.0220936527766 1.7 1.9575 4.0881 41.89979766934506 14.185710827389837 -6.4594 -3.02834391244896 0
CAR 0.0 0 -0.842958940371953 716.7576226982271 478.288453172875 847.687572046054 563.4522657156556 0.9948 1.2858 2.4998 17.975561071305155 22.262006345252072 -7.372 -1.8277988891358572 0
PEDESTRIAN 0.0 0 -0.013568268293907115 3385.3306990802253 934.0569111392899 3871.829477573108 1170.71882981089 1.7 0.9483 0.6324 7.0434 -35.0259 -6.4597 -1.3017621272550564 0
TRAILER 0.0 0 2.173666238150691 -850.0030161763198 171.80256178275872 423.9129835318658 1134.5368783726854 4.449 3.1064 14.302 16.89360185043255 -5.524883633596538 -5.4278 2.2701719268052436 0
CAR 0.0 0 -1.0357131945969762 346.8804074330116 415.88018592694345 556.6932027150144 528.5738053525411 1.5443 1.9623 4.0978 15.628917253725533 31.16894024651411 -7.4616 -1.8023740043592795 0
TRUCK 0.0 0 1.8800575428498303 -2045.2420874618006 480.1933755753977 -454.7167501763716 1260.3178844149184 4.1117 3.1104 3.5612 10.869746067426645 -0.3032899992868425 -5.5624 2.7993374179144404 0
PEDESTRIAN 0.0 0 -1.3842987655615062 1121.3662711979553 373.23073718987115 1162.8505332853767 444.6802364554288 1.7091 0.758 0.7219 30.580501377057395 21.399850806892374 -6.9127 -2.611545737766429 0
PEDESTRIAN 0.0 0 -1.6847005946385623 1152.3592228346122 373.6237015639865 1194.5030653752358 447.22057129564126 1.7376 0.7422 0.7187 30.625557063139624 20.437642348525767 -6.8157 -2.9193361529274826 0
CAR 0.0 0 2.9940845547425963 1628.2397907154323 224.73847556670012 1853.5398745286511 347.4387391924885 1.543 1.9551 4.1131 28.36158091569321 -33.873573526444645 -6.1946 1.5853587630622614 0
CAR 0.0 0 2.9806639645647843 1303.3821298929352 202.84992474964812 1463.6279074590636 315.56738433846067 1.5805 1.9518 4.1417 31.59193400586468 -27.189959043243924 -6.3762 1.5941736012422736 0
PEDESTRIAN 0.0 0 2.968438684747575 994.5201707549145 130.99190240695899 1026.7497226372736 199.33736370187216 1.7 0.7538 0.7055 39.8625 -19.5621 -5.7976 1.5594767795872573 0
CAR 0.0 0 -1.6934982142016328 1600.2051694991562 263.4248462005478 1683.7282523575602 317.5896848427052 1.5918 1.9068 4.1122 60.220271989294034 15.94963666218533 -5.8654 -3.0897284918201087 0
