VAN 0.0 0 -0.04054880138153849 1142.0245294962901 203.36059222323374 1265.5644306252548 279.00247573104696 3.0887 3.0353 7.0662 62.41466705041708 37.75652926299985 -5.5641 -1.4149697506383534 0
CAR 0.0 0 -1.306831924041128 254.32048041897312 446.183720458526 569.3757361434391 783.8802601123883 1.661 1.8473 4.112 14.360924751338114 -9.988633312855583 -5.6812 -1.923928256220204 0
CAR 0.0 0 3.0232631890504313 1354.4920761584258 193.10650280956185 1519.1487641528402 308.1946029839472 1.7 1.937 4.0135 31.75508977717167 -28.53569391566153 -6.2264 1.6242341597410155 0
CAR 0.0 0 -1.250156734108545 200.78339992373455 428.5565925641833 435.5058954187958 558.3419230205318 1.7 1.9714 4.0628 12.606717695501919 31.508105972455283 -7.4038 -1.826574111919186 0
CAR 0.0 0 -1.0701651150985514 383.1400268580284 439.93782997226964 576.7297546054494 551.4012318329037 1.4656 1.3758 3.7786 14.957312412363272 28.82816402652259 -7.4477 -1.8424388529812492 0
VAN 0.0 0 -1.0439030123311417 244.06294546346336 322.5848949543409 532.9357822048784 489.927574925845 3.0074 3.0141 6.0193 16.85868008434194 36.09465212218004 -6.7457 -1.8157902456131392 0
CAR 0.0 0 2.977103571251626 1400.7632136985094 231.0673523708818 1598.8845509715159 359.9523968156558 1.5329 1.947 4.1625 27.70788220763151 -28.083280156221832 -6.1782 1.5999076178923881 0
CAR 0.0 0 -1.3604620395853615 115.31226421316192 394.95128813148534 324.5021592795473 494.52054431626755 1.5121 1.9339 4.1099 13.25787961495048 38.37003746109153 -7.6011 -1.8219666918375406 0
TRUCK 0.0 0 -3.480973650970843 -439.96720858636166 193.18689261897168 -52.08011188481929 432.0749898236964 3.3377 3.0755 3.0748 26.614417447880353 4.5345174077578285 -5.9795 -2.8335879013732095 0
PEDESTRIAN 0.0 0 3.121458705072164 618.4404504653049 126.5610502030666 660.9563539545966 200.93963263905678 1.8579 0.9295 0.9471 41.63053847478755 -9.005054313231486 -6.0836 1.8006514064715926 0
TRAILER 0.0 0 -3.7191138384244202 -515.2185609997662 19.090829299219227 76.0040488378112 326.3332889727959 4.1862 3.2286 10.2919 32.21446234174284 6.167501380365299 -4.2942 -2.84260906611954 0
CAR 0.0 0 -1.4320089547420705 69.68508408167291 341.3411425353868 245.61440753665119 418.5877769432795 1.5206 1.9327 4.0484 15.10890411986772 47.44210390910692 -7.4583 -1.826875486489279 0
CAR 0.0 0 -1.1435240659802637 209.58349165377035 337.19600877055694 374.8548875803762 419.3746890102557 1.7 1.6238 4.0308 17.681760274009278 43.93557661982587 -7.2916 -1.8037533996333603 0
CAR 0.0 0 2.9523673230798972 1402.1995045640251 276.848587007358 1630.8289210576324 438.5390121916976 1.7 1.9624 4.2616 24.53524469343315 -26.896988620298593 -6.4566 1.6121176661405914 0
MOTORCYCLE 0.0 0 2.952010494115547 1544.0912644986302 345.196254126297 1670.91348016165 480.49139638142327 1.7 0.8106 1.621 21.135150295474613 -26.89643116636058 -6.3809 1.632072091436402 0
TRAILER 0.0 0 -1.9815412283580167 -244.03072016569234 360.2924183087083 285.53147161589476 770.9959346419661 2.4731 2.3456 5.5455 16.598204022426494 -5.2518514475344364 -5.965 -2.0786056377503264 0
CAR 0.0 0 3.064449830535882 1801.5373240309636 301.3862062026642 2134.901744293699 488.9091494315081 1.752 1.7066 4.502 21.799351328938403 -33.60153955516577 -6.3051 1.6906731672187092 0
