VAN 0.0 0 -0.04046486341751154 1142.3166676779738 203.3250447078472 1265.7931630622704 278.9285939977365 3.0887 3.0353 7.0662 62.45183036580418 37.76230664270904 -5.5641 -1.4149697506383534 0
CAR 0.0 0 -0.06538730793128678 2509.6638297968475 437.5047502350463 3236.4511090662663 733.4748029980623 1.661 1.8473 4.112 13.378489449181389 -37.385705176577524 -5.6812 -1.4359195386199095 0
CAR 0.0 0 3.0232655312971755 1354.4750454070877 193.10092434148123 1519.1259426977203 308.18624097733294 1.7 1.937 4.0135 31.755771478897874 -28.535507787257977 -6.2264 1.6242341597410155 0
CAR 0.0 0 -1.2501052109314392 200.82053698930787 428.55590311477977 435.5392584753362 558.3406038370997 1.7 1.9714 4.0628 12.60727661583746 31.507620318823182 -7.4038 -1.826574111919186 0
CAR 0.0 0 -1.0701401284472383 383.1647935351178 439.937524790896 576.7521637582176 551.4006509703421 1.4656 1.3758 3.7786 14.957684435269993 28.827814618563657 -7.4477 -1.8424388529812492 0
VAN 0.0 0 -1.043899620554217 244.06730932528768 322.5868859048754 532.9422133698993 489.9315264209754 3.0074 3.0141 6.0193 16.858603216024047 36.094218156305814 -6.7457 -1.8157902456131392 0
CAR 0.0 0 2.9771081652978113 1400.7675261476993 231.062207871544 1598.8859314358951 359.94430929816497 1.5329 1.947 4.1625 27.70837920651318 -28.08358715572536 -6.1782 1.5999076178923881 0
CAR 0.0 0 -1.360412838540633 115.34086424559558 394.95283226604363 324.5296262721179 494.5226736483977 1.5121 1.9339 4.1099 13.258283131459278 38.36932959166238 -7.6011 -1.8219666918375406 0
TRUCK 0.0 0 -1.6373008247222904 61.98117408966197 438.12991497610494 552.9142837757701 895.8415943108586 3.3377 3.0755 3.0748 13.724961373955313 -9.228714234751605 -5.9795 -2.118388981647251 0
PEDESTRIAN 0.0 0 3.0991918086223755 579.1800384229701 130.53282100691465 624.4143156824025 206.40088302398672 1.8579 0.9295 0.9471 40.88407738938525 -8.031405227603246 -6.0836 1.8006514064715926 0
TRAILER 0.0 0 -2.4343416029444684 -810.2168798911725 123.38791728154541 312.4812929438607 849.5631246786543 4.1862 3.2286 10.2919 16.776641147261472 -4.529369957098396 -4.2942 -2.1448538026175266 0
CAR 0.0 0 -1.4319690279887793 69.70246251161758 341.3347641294334 245.6260636802978 418.5785640455739 1.5206 1.9327 4.0484 15.109668039075189 47.443059999018885 -7.4583 -1.826875486489279 0
CAR 0.0 0 -1.1434379599529603 209.63542306092268 337.1929760531058 374.90101325249384 419.3699947793479 1.7 1.6238 4.0308 17.683046199333116 43.935119140081376 -7.2916 -1.8037533996333603 0
CAR 0.0 0 2.952369093088868 1402.2354258728863 276.8539342137924 1630.8751942563438 438.5473423330247 1.7 1.9624 4.2616 24.53481785798244 -26.89757544823657 -6.4566 1.6121176661405914 0
MOTORCYCLE 0.0 0 2.9520033789635916 1544.0379729112515 345.1941976972303 1670.854232891567 480.48898791873825 1.7 0.8106 1.621 21.1352939881712 -26.895537393744323 -6.3809 1.632072091436402 0
TRAILER 0.0 0 -0.05386840863956888 2159.3420759588626 426.6304180304896 3088.85391772518 880.6407775741113 2.4731 2.3456 5.5455 12.903762528367384 -33.088486851474656 -5.965 -1.3817384082680089 0
CAR 0.0 0 3.0084641055712495 1777.7747358992692 302.9417809692857 2107.8045254693006 491.867050698117 1.752 1.7066 4.502 21.709069968759614 -33.05263815250056 -6.3051 1.6383132896588795 0
CAR 0.0 0 -1.6614105095559992 1705.078874076585 363.85125587480866 1866.1994365975174 515.0897061638065 2.5646 2.2507 5.3418 39.11744896783292 7.255664400020958 -6.7852 -2.993462219005152 0
CAR 0.0 0 -3.3256184356375904 -366.3683984579662 270.7346995457211 -62.84003876173823 433.83998789706817 1.6579 1.8216 4.0307 26.284871225020233 4.101684498346813 -6.5644 -2.7917975069577645 0
