CAR 0.0 0 4.3449103316161075 1562.1251960452719 326.8775317360685 1653.1863001444058 413.5473138198175 1.7 2.0096 4.0382 46.364581862999216 12.13292940158197 -6.8888 2.9997781404841044 0
VAN 0.0 0 -0.1956786392730121 1114.5474742184208 185.00118030642446 1202.114639479445 259.07014126021335 3.1128 3.0226 6.773 73.49105525777566 32.84488393665586 -5.828 -1.5785158727392246 0
TRUCK 0.0 0 -4.211343953288097 -1576098.1065269753 -28899.474103579516 58128.70041512394 422587.92024995247 3.8081 2.9722 2.9156 4.720311052833539 21.225999357776175 -7.0351 -2.898256913455103 0
CAR 0.0 0 1.4842964780895205 348.8815810968305 138.9993499621028 446.0489533070143 242.07596905733476 1.7 1.967 4.5895 38.81910006407827 0.01863197638808023 -6.577 0.3566964072257723 0
TRUCK 0.0 0 2.7603643166053518 1787.1427014196117 182.77156056450752 2076.798943525157 401.81110786250235 3.4115 2.7462 2.4608 16.522025708677642 -27.53034147671676 -5.8128 1.3375848610735979 0
CAR 0.0 0 2.654623736956119 1463.9028780827205 273.8314817651719 1737.6634890319222 428.5270042939848 1.5441 1.9368 4.2225 17.95781457446707 -20.715821988529164 -6.7047 1.298185019335079 0
BUS 0.0 0 -1.1415694002766767 277.79351604212945 253.7527357029958 749.751356612064 499.21953626562237 3.8144 4.294 14.4415 31.902089995401155 40.56820765466499 -6.7673 -2.110043555711895 0
CAR 0.0 0 1.2468051091504877 341.91266858324786 84.51728954203998 407.57789892067814 155.18942670909956 1.7 1.7559 4.4079 53.02446365648487 0.5645556837212728 -6.7373 -0.017453292519943302 0
CAR 0.0 0 2.6707857231163628 1569.011560677604 306.86491916044514 1936.9324913801042 510.184477252498 1.7 1.9879 4.7683 14.683451577119637 -20.548890901310006 -6.6494 1.3267852944624796 0
CAR 0.0 0 2.690439095666843 1892.0017194628756 312.5527467942299 2275.277050072823 489.70088469253665 1.5135 1.9357 4.3357 12.99307900727082 -26.54027642117591 -6.6523 1.3082793304274731 0
VAN 0.0 0 2.7078143185063075 2203.782203025835 268.69650094589394 2750.558373680258 488.00130313922045 2.0943 2.4031 5.4998 11.182232807077256 -34.28421377790803 -6.4152 1.2863865962287504 0
VAN 0.0 0 -0.33204340792359255 2967.8042488564856 316.9822594476562 4016.0428306723857 668.1441812510279 2.7252 2.5328 6.0568 3.180869497760678 -40.95547355823056 -6.1749 -1.7657681287947185 0
TRAILER 0.0 0 2.7812619429832877 1881.1332651552323 123.25104559066456 2652.1884624573067 467.85003558378804 4.1983 3.0119 9.4432 14.957229526701289 -33.33189689019306 -5.5448 1.33346725123444 0
TRAILER 0.0 0 -1.693394392193416 -76185.4062264765 -20145.22213510071 105138.4942688321 24965.268682825423 3.8072 3.3433 7.7358 11.573934909889372 25.086259813839078 -6.4136 -2.5613615369988203 0
BICYCLE 0.0 0 4.006363561043775 802.5681327569679 166.39179759257598 851.8197017430738 246.5736535931381 1.7142 0.8998 1.2689 33.4645 -10.3208 -6.5743 2.679422543851173 0
CAR 0.0 0 1.3837438891289637 425.5066153480036 34.88794552129475 476.96399595654304 79.05632651121608 1.5812 1.954 4.102 73.61239176562523 -2.9645902568697773 -6.7166 -0.06254397204589136 0
CAR 0.0 0 -0.4643180655985686 2257.0926163476433 477.72967023642457 2877.719140492003 765.2260953352346 1.5356 1.9913 4.1053 6.1835358544052825 -24.235099256041117 -6.8917 -1.7996717894500955 0
OTHER 0.0 0 2.7350292482291314 2528.596149987319 266.7871552416964 2994.552610731107 432.49557484562945 1.7 1.956 4.407 9.747966549582953 -40.98655820022115 -6.175 1.288937799628555 0
