CAR 0.0 0 4.486587525718799 1555.2855046642387 325.65433492326514 1645.0055558880756 411.76741999391095 1.7 2.0096 4.0382 46.50610087040952 12.33570124734708 -6.8888 3.141592653589793 0
VAN 0.0 0 -0.18880240174079166 1140.5700349970975 186.9144783396841 1227.9134107829445 262.2260393675676 3.1128 3.0226 6.773 73.00169525950581 31.296263498233117 -5.828 -1.5736332775196553 0
TRUCK 0.0 0 4.7455099051380785 5986.4282667105745 -5549.331581473071 17039.738442852664 -923.8846167631564 3.4115 2.7462 2.4608 2.962390117470089 25.618034465172148 -5.8128 2.928483616621214 0
BUS 0.0 0 1.1603667055458917 347.51670877126827 42.16540657195385 517.785934501407 222.97799378265339 3.8144 4.294 14.4415 52.17595179046885 -1.1674185736400506 -6.7673 -0.12825659500863348 0
TRAILER 0.0 0 4.659476422063295 -11336.989614145246 -6520.506992910329 17077.73210747969 2053.9283248366746 4.1983 3.0119 9.4432 7.91437985207276 22.822868571236757 -5.5448 2.6908627653811403 0
BICYCLE 0.0 0 4.208794788484454 804.7041049976955 166.13155500242334 853.8874626824429 246.21171214960015 1.7142 0.8998 1.2689 33.48720659719572 -10.384767025488271 -6.5743 2.88090798914154 0
VAN 0.0 0 4.517505721626168 -12090.812776283323 -32558.660009586016 73344.50314196433 2809.004304825074 2.613 2.2684 5.5662 6.317409979152094 18.372493323902372 -5.7562 2.5488620548393177 0
CAR 0.0 0 -1.4254648896768136 230.0172841876754 446.452226069867 439.35278128402655 569.6280440121044 1.5269 1.9408 4.1155 23.771266360633657 40.49924242395267 -8.831 -2.013284002215193 0
CAR 0.0 0 2.5693611716333606 624.7038892536282 256.197246982425 800.2116990995379 433.2884088780104 1.5496 1.899 4.5119 21.837744722947498 -4.7024520486734085 -6.1851 1.4454429917506393 0
CAR 0.0 0 2.765501364878289 1335.6931060609268 199.73038960016285 1532.1361876222834 311.7940676435004 1.5683 1.9824 4.1753 25.104291422560905 -22.894354849751668 -6.7242 1.3699820769311981 0
CAR 0.0 0 1.9660745270871354 -15.463981334747682 345.96389541858775 217.82598450611198 565.5299224005227 1.5716 1.9048 4.1778 21.482938926142356 4.159323755679407 -6.8777 1.7210888027496352 0
CAR 0.0 0 2.476526671175339 574.4325876004731 355.2084108287786 776.4862499930031 578.6549890089228 1.5502 1.9671 4.1367 18.067199605945216 -3.2989803201992185 -6.7148 1.507326212251391 0
VAN 0.0 0 -1.7746661316353685 1697.3007830020317 326.8141613320958 1839.1935975239685 444.46294280865345 1.9963 2.2756 5.9988 45.46242266521842 8.039660477637181 -6.704 -3.131880613887544 0
CAR 0.0 0 3.1832415975325956 1454.6750871020517 630.8366347283186 1679.1649059429192 944.6024877656633 1.651 1.9856 4.1758 18.132851912933802 14.439868138305096 -6.9778 2.075138270184867 0
CAR 0.0 0 0.9174441615447612 246.92863904618082 177.42969945933854 351.3437208325136 278.3209033474311 1.515 1.9112 4.1456 37.49203515668147 2.3696766127001365 -7.135 -0.011608701257780314 0
