CAR 0.0 0 2.8136367605640693 1072.4833315588487 196.82847675886805 1201.0259930324264 316.5677010007025 1.7 1.937 4.0135 31.306272842570372 -21.219331280382015 -6.2264 1.4637717899589517 0
CAR 0.0 0 -1.2070441689875953 261.7203089283904 487.9852724467275 532.9060272150729 653.2611281722974 1.7 1.9714 4.0628 11.255372089211978 25.46350075692608 -7.4038 -1.8201623861801035 0
CAR 0.0 0 -1.0465840355267484 453.9210008356071 481.1087623084791 664.1336458414554 612.3854450010951 1.4656 1.3758 3.7786 14.094309433852754 24.492958417999578 -7.4477 -1.8465701910156123 0
VAN 0.0 0 -1.0071206779531412 275.1432463591092 333.98194264796837 575.0011149247013 512.6497146604079 3.0074 3.0141 6.0193 16.53577902811617 33.629343867024375 -6.7457 -1.8040050303749324 0
CAR 0.0 0 2.7610486524100457 778.8274408587442 243.4933027982359 889.8751683388772 385.49973083123245 1.5329 1.947 4.1625 26.733918491458073 -14.322007614773641 -6.1782 1.5482138769844158 0
TRAILER 0.0 0 0.060650853004075245 3355.0437696494114 132.28995748899877 5349.169429134787 590.4121952306431 4.1862 3.2286 10.2919 17.757698638649064 -67.1051100724223 -4.2942 -1.4315679485436985 0
CAR 0.0 0 2.9204558218935572 1405.60238027789 277.1150394586674 1635.0400140561155 438.9369121834262 1.7 1.9624 4.2616 24.513247949265224 -26.960207911190352 -6.4566 1.5798550217274272 0
MOTORCYCLE 0.0 0 2.88073390823285 1525.085746825688 344.70020639022243 1649.8581945598964 479.9533045032502 1.7 0.8106 1.621 21.173565464839555 -26.570945475684262 -6.3809 1.5635222017560881 0
CAR 0.0 0 3.022785965052603 1778.165330576101 306.30825806513036 2111.703764270054 497.65402662919354 1.752 1.7066 4.5021 21.48871014929414 -32.90689356401619 -6.3051 1.6546732152024497 0
CAR 0.0 0 3.037286981814304 1724.290630659022 281.73137479563997 2018.7892449567826 441.5853358669443 1.6356 1.9585 4.5139 24.321589519103814 -33.870405434424754 -6.5383 1.6564487319189027 0
CAR 0.0 0 1.784651923659134 1264.1821390402279 -329.4446114601707 1348.7648531380717 -267.63885184651855 1.7479 2.1574 4.4141 -67.4879 8.6671 -7.1261 -0.010319424834180245 0
CAR 0.0 0 3.013820482949571 2116.790968388148 307.5585777909448 2508.0941869462367 477.6134922569174 1.5888 1.9932 4.2218 21.564704868294235 -39.94586394103349 -6.2836 1.6104035849024376 0
PEDESTRIAN 0.0 0 2.407952183335928 82.88785567606942 172.36942229535015 139.9056890562872 247.4458579145231 1.651 0.5088 0.9606 37.99680164802238 4.031895475429485 -6.6051 1.9174778364964447 0
