CAR 0.0 0 2.7712735422829784 1349.3811125888665 199.46869679673858 1546.9943107872396 311.2294717804572 1.5683 1.9824 4.1753 25.035340575042277 -23.2675761126047 -6.7242 1.373786438532211 0
CAR 0.0 0 2.762560819599248 1242.0254157709976 210.6963907694478 1481.6757411929623 355.944165778356 1.6094 1.8776 4.9449 21.96505879332298 -18.148024220145626 -6.2139 1.3949195604692837 0
CAR 0.0 0 -1.4468099829743364 234.8530022181573 423.8014607928491 446.7127394075657 545.4536226068004 1.5083 1.8983 4.1522 23.633060665596908 40.043355991578686 -8.1788 -2.0652867606668317 0
CAR 0.0 0 -1.342233790919987 411.17886021644875 423.5767663116213 602.6976088927502 542.7774337160107 1.4958 1.977 4.1388 25.478971934511872 36.806366134362406 -8.1989 -2.156508072983521 0
TRAILER 0.0 0 -0.2792991718513822 2615.4525725100802 210.50578043931694 4574.159764218784 792.5796449557944 3.4934 3.115 10.3352 3.615185564298394 -35.56440911092985 -5.0918 -1.7195019127797606 0
CAR 0.0 0 -1.7396736678656963 129.269529269016 382.09386038156816 324.9738485699722 482.34737416594635 1.508 2.0028 4.001 25.85464844241589 46.36665282948341 -8.2196 -2.228397469646404 0
MOTORCYCLE 0.0 0 2.79959115946062 1516.5700849046932 335.29293991341285 1671.3261025747063 473.069616988149 1.6332 0.8894 1.834 15.262047321377276 -17.889862421604438 -6.5953 1.476332299180062 0
CAR 0.0 0 2.7491671936857465 1399.3688463783208 225.45439125584454 1662.0333630178156 379.7253282876046 1.654 1.8689 4.1757 18.72069558732153 -19.46827709180166 -5.8865 1.371657020114359 0
CAR 0.0 0 2.8076297561118317 1605.8642946421578 171.12151639925236 1857.2273266147813 296.3047218327963 1.8284 1.8307 4.868 22.942778300038498 -29.927226558263577 -6.1655 1.369607898386195 0
PEDESTRIAN 0.0 0 2.7458170011735534 479.5801564194928 154.2098335692133 519.4550817796128 227.5886580414205 1.7 0.7052 0.9487 38.46660512553243 -2.5440920587830025 -6.715 1.539277545606912 0
CAR 0.0 0 2.765720109137966 1768.0062869039186 303.51962112681787 2139.1567707650597 493.5624679985533 1.7 1.7312 4.5344 13.838 -24.3783 -6.639 1.394397955834217 0
CAR 0.0 0 2.7452692530669616 2267.2535342314477 304.07805247982793 2706.6068684981465 482.4057773933294 1.7 1.6226 4.5676 11.001399942007628 -34.886952113766526 -6.7663 1.329991552531325 0
CAR 0.0 0 -0.4383027671164985 1820.064842962778 478.85808062456306 2440.5573312185015 828.0221791380445 1.7 1.8024 4.8041 7.730600000000001 -17.9985 -6.8769 -1.7141218927926827 0
