CAR 0.0 0 2.8021886718358275 1020.9714579376342 197.15745883608855 1142.4258084650864 317.56651932359784 1.7 1.937 4.0135 31.267964791410957 -19.939300081936928 -6.2264 1.4637717899589517 0
CAR 0.0 0 -1.205070286407577 269.9704039726459 499.0740927989917 548.1312237726567 671.484510515477 1.7 1.9714 4.0628 11.007752056510308 24.57161527934544 -7.4038 -1.8201623861801035 0
CAR 0.0 0 -1.0354723286233487 477.4269230246668 490.7172024332572 690.6415561551022 626.8094971585023 1.4656 1.3758 3.7786 14.002033715111843 23.518954706213126 -7.4477 -1.8465701910156123 0
VAN 0.0 0 -1.0123678553946047 273.5918488149861 337.6040277403455 578.2960935210381 520.0886568303829 3.0074 3.0141 6.0193 16.254854643944892 33.076148967739854 -6.7457 -1.8040050303749324 0
CAR 0.0 0 2.7336243167896317 716.1978677025724 245.934541646944 830.9661578882085 389.9004520143549 1.5329 1.947 4.1625 26.538802420114514 -13.24656146152585 -6.1782 1.5482138769844158 0
TRAILER 0.0 0 0.06313312300717655 3402.7894950645023 129.92570988607673 5371.396740395642 575.263092234096 4.1862 3.2286 10.2919 18.092339634619858 -68.99693177911386 -4.2942 -1.4315679485436985 0
CAR 0.0 0 2.9204583777196227 1405.593217007219 277.1097526727432 1635.0253738253093 438.9283935399199 1.7 1.9624 4.2616 24.5136573904884 -26.96018421183121 -6.4566 1.5798550217274272 0
MOTORCYCLE 0.0 0 2.8807353554919857 1525.0894743874599 344.69895115532444 1649.8619101036895 479.951581727444 1.7 0.8106 1.621 21.173631216560704 -26.57104641746451 -6.3809 1.5635222017560881 0
CAR 0.0 0 3.022786679483814 1778.165641629705 306.30716046017585 2111.7030232648954 497.6521327628154 1.752 1.7066 4.5021 21.488781125299933 -32.906949353583045 -6.3051 1.6546732152024497 0
CAR 0.0 0 3.037207867563719 1727.2361363267378 282.37385154257095 2022.8725423002154 442.6071389040998 1.6356 1.9585 4.5139 24.270655867938974 -33.90244428959658 -6.5383 1.6564487319189027 0
CAR 0.0 0 1.784651923659134 1264.1821390402279 -329.4446114601707 1348.7648531380717 -267.63885184651855 1.7479 2.1574 4.4141 -67.4879 8.6671 -7.1261 -0.010319424834180245 0
CAR 0.0 0 3.0142962868441954 2109.8244393399837 305.5524408972227 2497.4903508039524 474.3828175566445 1.5888 1.9932 4.2218 21.70139537687988 -39.92989255800239 -6.2836 1.6104035849024376 0
PEDESTRIAN 0.0 0 2.3446044634766494 66.1011588978026 172.7720264546178 124.08629923484044 248.03992939495973 1.651 0.5088 0.9606 37.93836997512864 4.403485873346775 -6.6051 1.9174778364964447 0
