CAR 0.0 0 2.9453816752609376 1319.6377907132355 193.2325156353582 1479.7901823456975 308.71552634273 1.7 1.937 4.0135 31.738652200712373 -27.619698305704315 -6.2264 1.5510382525586681 0
CAR 0.0 0 -1.226623110193166 214.91942165252559 431.5698764662784 450.5412995863283 562.9796919509977 1.7 1.9714 4.0628 12.684002044810995 30.985776961444984 -7.4038 -1.8201623861801035 0
CAR 0.0 0 -1.0633571009138818 394.51288319155486 440.23451259694605 587.2689968915522 551.7771660792499 1.4656 1.3758 3.7786 15.107140698806578 28.627726577545225 -7.4477 -1.8465701910156123 0
VAN 0.0 0 -1.0309839254263649 244.65104143114834 322.14984227398816 532.8913593892 489.04560410871943 3.0074 3.0141 6.0193 16.902102074097687 36.16354983480788 -6.7457 -1.8040050303749324 0
CAR 0.0 0 2.902796869971011 1278.3523202570345 235.85833148805415 1460.599008527498 368.63719051710586 1.5329 1.947 4.1625 27.283997026026686 -25.105280554380013 -6.1782 1.5482138769844158 0
TRAILER 0.0 0 0.02284349415422593 2865.2687460911397 169.59306707812522 5319.097298140281 837.2132794207697 4.1862 3.2286 10.2919 13.800963263929333 -49.14466885265859 -4.2942 -1.4315679485436985 0
CAR 0.0 0 2.920435060850301 1405.7134217320834 277.16577445810276 1635.2078041556347 439.01841673514815 1.7 1.9624 4.2616 24.50930868077909 -26.96092228461397 -6.4566 1.5798550217274272 0
MOTORCYCLE 0.0 0 2.880700412176772 1524.923489264383 344.71080396192065 1649.682979913594 479.9687609018273 1.7 0.8106 1.621 21.173089798303966 -26.567759498328144 -6.3809 1.5635222017560881 0
CAR 0.0 0 3.022763046987765 1778.1574441542118 306.3438573896641 2111.73046375572 497.7154255873512 1.752 1.7066 4.5021 21.486407153895144 -32.90512786300871 -6.3051 1.6546732152024497 0
CAR 0.0 0 3.040809156133262 1735.0154099027795 278.0072603419067 2027.9474582316338 435.3766784356456 1.6356 1.9585 4.5139 24.606475870346678 -34.29861383520898 -6.5383 1.6564487319189027 0
TRUCK 0.0 0 0.009911217527017513 3374.599467042979 343.8736079063121 4333.1135998643485 679.1655413528906 3.3072 3.0001 3.4972 14.547170067066137 -54.75977557239022 -5.7424 -1.4301053464269944 0
CAR 0.0 0 1.784651923659134 1264.1821390402279 -329.4446114601707 1348.7648531380717 -267.63885184651855 1.7479 2.1574 4.4141 -67.4879 8.6671 -7.1261 -0.010319424834180245 0
CAR 0.0 0 3.0261471514182543 2241.06544981415 301.4787902383596 2646.876667493608 466.2742711878266 1.5888 1.9932 4.2218 21.901464264190263 -42.95707050284839 -6.2836 1.6104035849024376 0
