VAN 0.0 0 -0.01668835147609693 1146.450350590753 202.25689809035813 1268.2680741082559 276.77324634570334 3.0887 3.0353 7.0662 63.378486766402226 38.09396111629463 -5.5641 -1.3929679825469414 0
TRAILER 0.0 0 3.0962074187081283 1851.9627081380966 143.27677168791152 2656.785346631537 478.24888969797297 3.3784 3.4486 11.6024 25.442631849232033 -40.935983109733684 -5.4833 1.6575297392573518 0
VAN 0.0 0 -1.6998249742107556 1591.8843279685627 302.87741495688846 1737.8044832696962 424.457432427848 2.5061 2.2666 5.3185 42.99266344213651 11.15410102211938 -5.9066 -3.0575834777366406 0
TRUCK 0.0 0 3.0797567372436765 1719.6457369890468 167.88914841600237 2152.0670416381695 421.3302972926158 3.5225 3.6418 4.7722 25.022775424778438 -35.09927581072603 -5.4368 1.6574552326525247 0
CAR 0.0 0 1.6549558350907123 295.87957820722966 139.28595962663752 431.6683177475769 237.5756005796196 1.6999 1.9706 4.412 39.69543881399035 -1.9129337097045316 -6.344 0.5550834495154815 0
CAR 0.0 0 -1.6969821994655134 1534.3858658077797 310.3615943703386 1642.0227557421072 385.77000769580565 1.7 1.9666 4.1398 47.080499080040624 14.350699080040625 -6.3811 -3.0529654951011866 0
BUS 0.0 0 -0.8452514037043714 324.65867054618695 286.3988809616838 734.4157593968232 491.399152755144 3.5244 2.84 10.3328 19.881894551416927 33.44697168200792 -6.2138 -1.7974709193870337 0
CAR 0.0 0 2.951968834986754 1581.358567761436 315.23787579857515 1880.8031793121288 509.56393526199645 1.7885 1.936 4.1812 21.154422403444126 -28.844441065283224 -6.3142 1.613923014294209 0
TRAILER 0.0 0 -0.4702733029649322 -219627.92485148838 -105380.2943728569 331855.43380044063 78490.55534998083 4.0038 3.0233 11.3683 5.7712075787071155 14.330387106541993 -5.939799999999999 -2.254102050426971 0
VAN 0.0 0 3.0618412192784126 2171.867983434648 214.6474127312005 2842.779349538823 500.27982065001646 3.0142 2.9998 6.4302 21.621891573418864 -42.788602247373646 -5.5653 1.6301165965656204 0
CAR 0.0 0 3.1460184031356753 2536.3929388371644 277.89470564161036 2987.7543075334515 442.2468565344766 1.7728 1.9945 4.2516 22.512236750937216 -50.334108862364666 -6.13 1.7040956439614174 0
CAR 0.0 0 2.9585192084260736 1483.6109925003032 273.5879928681224 1701.2624843272688 434.12869877885214 1.7553 1.5689 4.1046 24.53928877433567 -28.402641330536447 -6.4088 1.6052376305312825 0
MOTORCYCLE 0.0 0 -1.746088819305295 1514.5697220410366 342.58235845018214 1566.3271561677018 411.76846965190515 1.7 0.7138 1.6517 41.1845 14.0867 -6.5238 -3.077139203314816 0
BICYCLE 0.0 0 -1.5988074919787152 811.8870288843307 175.64312698381335 837.1115308437088 241.76999987132743 1.455 0.6025 0.8913 36.514344802599034 -14.256246846196122 -6.2896 -2.9220305006185083 0
CAR 0.0 0 1.4004649062066683 335.430998147499 72.12243789626757 421.89295662338935 138.51601519523425 1.7 1.618 4.0238 54.076889380909016 1.7358897048293838 -6.1929 0.09800366598790083 0
CAR 0.0 0 -0.1537339477706181 2301.7264259857893 470.5368708921762 2855.3637252020785 727.184107675175 1.5897 1.7106 4.1526 15.308613027061543 -37.08723215599114 -6.8837 -1.4968595202023427 0
CAR 0.0 0 1.548900387596269 395.031354308588 22.11438761226515 461.15015638155063 70.94067062239436 1.7 1.7336 4.2216 71.20765562856829 4.191046778732618 -5.8735 0.08492987845123467 0
CAR 0.0 0 3.051253305436844 1892.166002039509 302.7443674721199 2237.920400868502 480.13785762031955 1.6332 1.7321 4.4876 21.964278643550767 -35.59317718092247 -6.3283 1.6668272518319063 0
