VAN 0.0 0 -0.03536639250450335 1147.8892746750917 202.7076420160369 1270.239872011826 277.63957710252424 3.0887 3.0353 7.0662 63.124395295140864 37.84669553371149 -5.5641 -1.4114024759719594 0
TRAILER 0.0 0 1.3227843889205773 -16994.219340847303 406.3423997902514 -1113.6527200046328 3407.89007845751 3.3784 3.4486 11.6024 9.720004355323187 8.325702792287995 -5.4833 2.6044245005444138 0
VAN 0.0 0 -1.706987438924697 1600.225024724071 302.0920908408196 1745.0641017451517 422.9128769111929 2.5061 2.2666 5.3185 43.37190713563663 11.02849675996291 -5.9066 -3.0663557118638796 0
TRUCK 0.0 0 1.101296624644833 -183774.96545117963 1165.7141283804356 -4120.232023625897 29668.01238977193 3.5225 3.6418 4.7722 5.002061816624192 12.215714154540363 -5.4368 2.481279655339955 0
CAR 0.0 0 -1.7477878695965698 1532.5285805463811 312.5779947109173 1641.493964135779 389.12579649281884 1.7 1.9666 4.1398 46.474888761903394 14.221497631799851 -6.3811 -3.1019631316146827 0
BUS 0.0 0 1.2746012927761845 272.54301009688317 70.49573621149277 493.75401435638383 261.2275351470958 3.5244 2.84 10.3328 43.43043142221399 -1.7442387401280186 -6.2138 0.08867214092096079 0
BICYCLE 0.0 0 -1.1470105478608545 809.1224852122583 174.42762672929385 834.241627640239 240.27980131215946 1.455 0.6025 0.8913 36.680403378470075 -14.18499873202056 -6.2896 -2.470962799178619 0
CAR 0.0 0 -1.7229856762192952 1783.5600042398155 329.80359000639766 1900.9656602578286 422.80668263641104 1.661 1.8473 4.112 42.721762871895926 6.723693906185591 -5.6812 -3.093492692234448 0
MOTORCYCLE 0.0 0 -1.7221253162945225 1511.2711717111013 342.43854030232967 1563.0221927713899 411.5922658612315 1.7 0.7138 1.6517 41.13879874675974 14.1685022432178 -6.5238 -3.0527780599336807 0
CAR 0.0 0 2.9524459448236433 1347.1174475174007 192.85523753737286 1510.6477590690315 307.88019578523733 1.7 1.937 4.0135 31.785600000000002 -28.3542 -6.2264 1.554161860999463 0
CAR 0.0 0 1.5891629424959248 -481.94158786320673 406.00172852118175 -90.53388278049498 630.7471752859484 1.4668 1.6524 3.5756 18.65881450938919 -0.02298554890612503 -6.3814 2.0777394172865113 0
CAR 0.0 0 -1.1863571172220073 212.155594764044 428.7939794572656 446.04327768745014 558.64102665204 1.7 1.9714 4.0628 12.759400317674757 31.312601504775166 -7.4038 -1.7780935580836401 0
VAN 0.0 0 1.432437966659805 -2565.3827677575664 560.6235187327002 -703.3997053092186 1374.3295930887944 2.5358 2.0016 5.2596 10.643947037620988 1.4972884187197049 -5.713 2.4380586597119236 0
CAR 0.0 0 2.8698420513290337 1068.5289270663934 266.7790820776003 1226.1278689590674 435.00508393296894 1.6434 1.7018 4.5628 24.468895529167984 -19.832961359759626 -6.2183 1.5943775651179566 0
CAR 0.0 0 2.665594856638414 311.76836687745197 404.80879515642636 537.0511093030963 637.6051381972081 1.4475 1.6209 3.887 17.8778016842257 -9.045540985504902 -6.2681 1.9665604145035274 0
VAN 0.0 0 -1.1697344996109331 234.92800404302668 343.22923761560037 372.49219375507874 420.45691642130635 1.7 1.5386 3.3297 18.232781551028275 44.512495896828 -7.5647 -1.8436813340996476 0
CAR 0.0 0 -1.1013618279686428 371.7517060738003 418.59374773357985 554.1154190984189 520.2727979246051 1.4656 1.3758 3.7786 15.871752725187502 31.10119410837781 -7.4477 -1.882531790964794 0
CAR 0.0 0 2.9611777483249475 480.0601642665005 303.37715846294327 639.8449210139065 492.4875169726697 1.7252 1.6916 4.1704 22.940497132771736 -9.884390532715633 -6.4195 1.9980771465592329 0
CAR 0.0 0 2.8695158103384992 1157.033522777727 352.3323380200408 1338.1957730911543 520.2207786415137 1.3809 1.6884 3.6526 21.013934043694178 -20.711062834071917 -6.5568 1.634448149996985 0
CAR 0.0 0 0.30525144523728254 9.023153782756294 223.05873103115115 219.68718947483657 361.16455460626537 1.7 1.8295 4.0434 29.78257081835131 0.12198217484056806 -6.4708 -0.08755965393688013 0
