CAR 0.0 0 4.3766095493651465 1560.1577418006202 325.1704391179123 1650.217402438962 410.97277454732944 1.7 2.0096 4.0382 46.70137777246979 12.180685906358757 -6.8888 3.0305542597368387 0
BUS 0.0 0 1.3966850700948912 398.56998273628164 -2.699502594868397 510.4272137993426 104.13318672761211 3.8144 4.294 14.4415 79.31444229085564 -3.2379238917177897 -6.7673 -0.07055447025630554 0
BICYCLE 0.0 0 4.2658761165523575 851.4262893788597 193.05605517296596 905.383729761406 281.57675421080654 1.7142 0.8998 1.2689 29.76580337752707 -10.465067801200718 -6.5743 2.9581103363184718 0
CAR 0.0 0 3.3004565428316113 1372.8891551841355 567.5753660630309 1582.6931022141987 868.1220626664913 1.5496 1.899 4.5119 17.969415145606106 15.467848863926648 -6.1851 2.1757596185284975 0
CAR 0.0 0 2.7137127643776555 1334.2197039247287 201.2727550678947 1531.7177667614646 314.2130596979331 1.5683 1.9824 4.1753 24.949262977650687 -22.73321759654522 -6.7242 1.3196352731250365 0
CAR 0.0 0 4.483750358338248 -44608.89048941688 -623115.9826835474 2299569.375213795 13830.856500090114 1.5716 1.9048 4.1778 9.090807048172564 22.254798010186594 -6.8777 2.6518013583679596 0
VAN 0.0 0 4.468422071477017 1702.4014672392125 329.2056406770567 1847.0237688744546 448.6232904818518 1.9963 2.2756 5.9988 45.03159059170395 7.946857148246162 -6.704 3.112194976680202 0
CAR 0.0 0 4.6835357582844725 5423.419875641798 -5476.981123908962 15988.036721426553 -1323.5598738802805 1.651 1.9856 4.1758 1.706635752089481 25.01800269433356 -6.9778 2.8251051844455537 0
CAR 0.0 0 1.2846528686288912 380.028916516721 69.6474005093243 437.744536790143 122.35889496309252 1.515 1.9112 4.1456 62.60200441850786 -0.6770458292012163 -7.135 -0.05687467264143218 0
CAR 0.0 0 1.4507283277905874 -8804.195225802352 1238.9353533389478 -2374.363223037474 3315.5667126178096 1.7 1.9258 4.0952 9.797588176114742 16.571485627176425 -6.9836 2.5884961717543256 0
CAR 0.0 0 2.809559507063009 2771.6023905744714 195.42216929262693 3169.2755962705537 308.2599671750174 1.6094 1.8776 4.9449 11.98527387061555 -60.966543936809686 -6.2139 1.322635398892886 0
