VAN 0.0 0 -0.042954824260844626 1147.3374113078698 202.70773870132766 1269.7170145766502 277.64715922079347 3.0887 3.0353 7.0662 63.10009353612265 37.865099190121306 -5.5641 -1.418903573797595 0
CAR 0.0 0 -1.7102230540530594 1755.7802675235887 375.7337478789817 1901.3096882446428 497.907851907029 1.661 1.8473 4.112 34.12116999141678 5.887625613025337 -5.6812 -3.0483917066956745 0
CAR 0.0 0 2.9485748297420584 1348.834284042092 191.25345324983877 1511.5735833681833 305.418441523943 1.7 1.937 4.0135 31.98290136220718 -28.473501611458982 -6.2264 1.5487642730096802 0
CAR 0.0 0 -1.2835698392922312 213.1775193781282 428.32654097076625 446.6417076104295 557.9017891686791 1.7 1.9714 4.0628 12.793502074285069 31.34579592074732 -7.4038 -1.877003294840088 0
CAR 0.0 0 -1.1050890853304551 391.413794398583 439.8353769333245 584.2160929155065 551.2064572527114 1.4656 1.3758 3.7786 15.08170647175449 28.71139951934813 -7.4477 -1.8856458483840466 0
VAN 0.0 0 -1.1440879026995212 246.064750892201 323.2242221062246 535.5304796030175 491.18969523426665 3.0074 3.0141 6.0193 16.844359159753992 35.94555765067962 -6.7457 -1.917786575270122 0
CAR 0.0 0 2.94607834198305 1401.9030871719524 229.3660689541387 1599.0108637003148 357.28228494510273 1.5329 1.947 4.1625 27.873185181325372 -28.178636424830056 -6.1782 1.5674036341292166 0
CAR 0.0 0 -1.434792883305004 125.22645843999088 395.4168161876294 333.97370784170914 495.15554888726535 1.5121 1.9339 4.1099 13.400903062024108 38.13461896806193 -7.6011 -1.9132188092271625 0
TRUCK 0.0 0 -1.647109374004543 1754.8950832533858 282.351619558482 1907.6560285973376 413.7162417646986 3.3377 3.0755 3.0748 50.276283128627774 7.960085677035271 -5.9795 -3.031595390596638 0
PEDESTRIAN 0.0 0 2.91537439338264 624.1569271021508 127.76406420660918 666.5923572898965 202.48033417092446 1.8579 0.9295 0.9471 41.41599817503613 -9.189798622774255 -6.0836 1.594447662458931 0
TRAILER 0.0 0 -1.6774282999760062 60.80961718362909 -33.199442626740456 300.6893964253205 121.90535661137059 4.1862 3.2286 10.2919 56.2502707954833 8.612260744119538 -4.2942 -3.0453826099571875 0
CAR 0.0 0 -1.4653508304247576 75.4383417468368 339.2283580920276 249.47543992333178 415.5385594465807 1.5206 1.9327 4.0484 15.364204084213112 47.761599311686446 -7.4583 -1.8734535741965284 0
CAR 0.0 0 -1.3040846540158353 226.84124764922566 336.1877451061208 390.18852657797015 417.8147344468898 1.7 1.6238 4.0308 18.11150566860616 43.78270016156149 -7.2916 -1.9923975746503848 0
CAR 0.0 0 2.9239977505594013 1382.686305251856 279.39692743919863 1609.5849695335432 442.90477733828396 1.7 1.9624 4.2616 24.3500831704731 -26.408078291370064 -6.4566 1.58896339585535 0
MOTORCYCLE 0.0 0 2.888561976594513 1526.261937997376 344.5268966898667 1651.0987154682305 479.7108348324567 1.7 0.8106 1.621 21.18224591306062 -26.59669865642852 -6.3809 1.5710430576065737 0
