MOTORCYCLE 0.0 0 2.8659232181589407 1513.4202878031483 335.8680114923523 1668.1248894564305 473.9027823539715 1.6332 0.8894 1.834 15.252897211664978 -17.811297276283558 -6.5953 1.5435531208983042 0
CAR 0.0 0 2.927863891862156 1374.5270273465892 227.32000611903996 1635.6291684180294 383.31404726865173 1.654 1.8689 4.1757 18.722375090883776 -18.852182542964833 -5.8865 1.55528535101477 0
CAR 0.0 0 1.3732282387065875 1826.23936241667 198.63999414338176 1878.9234870039115 232.7936173563041 1.8284 1.8307 4.868 113.75608316844776 -7.9973340523815075 -6.1655 -0.08181825378715425 0
CAR 0.0 0 2.849122139037136 1753.8191610380547 301.6613418427647 2120.4438776010666 490.50951422129515 1.7 1.7312 4.5344 14.018472435584881 -24.226227618345025 -6.639 1.4782455116673214 0
CAR 0.0 0 2.9019265905701515 2071.04261175745 301.92168312176176 2477.4535405049646 481.60815563489695 1.7 1.6226 4.5676 12.370895496060825 -31.019549216060014 -6.7663 1.5002918376385186 0
CAR 0.0 0 -1.7891232181563228 1468.1369067933495 322.1864876770575 1530.1740352434451 399.750816084822 1.5848 1.5393 4.034 46.8275953368325 15.189571798242053 -6.9916 -3.124479188837723 0
CAR 0.0 0 2.9098004433833324 1666.4425657168126 258.0516347454437 1971.4376777256427 415.10851393265347 1.7 1.9869 4.3341 17.10387453715763 -25.448562450107765 -6.6115 1.5204047850769535 0
CAR 0.0 0 2.943800108738986 2359.1773780517883 263.8530245915262 2793.118814377901 428.13039151081654 1.7 1.9419 4.3933 11.129377731113077 -37.90180978308865 -6.2196 1.5052191833647506 0
CAR 0.0 0 -1.7204375516594705 1572.5031179438583 319.80925482823454 1657.590300374572 398.99273857485286 1.6092 1.9505 4.2191 48.967570389814504 11.728312517473606 -6.9696 -3.0728650247321747 0
CAR 0.0 0 -1.7102212182279026 1480.9622024040539 290.92742031867357 1549.2183048954694 362.4434741231579 1.7 1.9624 4.4376 53.613181090137445 14.708296876085589 -6.8839 -3.0693585669112906 0
CAR 0.0 0 -0.230087097913942 3759.6809082070326 351.46742749252 4424.543420053656 529.5763039597597 1.7 1.9858 4.2822 -0.4526379904432316 -63.37941734999721 -7.0263 -1.6944760375988668 0
CAR 0.0 0 -0.2918675220337965 2969.7098537967618 405.58157852939775 3721.97491728516 661.7114026257203 1.7 2.2097 4.6079 3.4306371169836214 -39.04383156282534 -6.7839 -1.706218546549472 0
