CAR 0.0 0 2.704537499779141 1327.0728736071585 200.51274195526202 1523.2546736132226 313.11139180649303 1.5683 1.9824 4.1753 25.08110083984736 -22.611099131880504 -6.7242 1.310780564343317 0
VAN 0.0 0 4.311745280477882 1704.8674414016994 328.8447038466995 1849.6457323236546 447.93742372389084 1.9963 2.2756 5.9988 45.153398586031386 7.862898964535633 -6.704 2.9549434400728405 0
CAR 0.0 0 2.6985524099006257 1378.8510235568258 207.98401740104575 1635.6477471323028 349.2460260056699 1.6094 1.8776 4.9449 21.349603254894458 -21.417185065798723 -6.2139 1.3087788871307455 0
PEDESTRIAN 0.0 0 3.124309825449495 635.6265009857855 127.09140016137408 672.5178019370363 194.28852834415414 1.7016 0.7772 0.6957 39.77484529218078 -6.995871788757923 -6.3348 1.7939184524963823 0
CAR 0.0 0 -1.1013560088554506 197.230729756153 429.7204712233594 417.39854507649073 554.8457429015247 1.5083 1.8983 4.1522 22.8689 40.2448 -8.1788 -1.665276828536639 0
CAR 0.0 0 2.04443476317861 -188633.63960553857 -24240.150692903106 57701.05158286702 87808.36165627459 1.5434 1.7657 3.6986 2.2956582511872776 19.659431666430876 -7.228 2.9569570384702204 0
CAR 0.0 0 1.320545524133364 428.1022881505382 33.31346838129334 475.91891475592763 77.2593804468046 1.7 1.9052 4.146 78.33814250390407 -3.16866312517394 -7.0868 -0.12958560023556057 0
CAR 0.0 0 4.118399453707806 1405.3939355004054 493.23404323714936 1534.2494900488368 660.7132009760741 1.5569 1.7367 3.4921 25.068525181692156 15.58979351767834 -6.9154 2.9189436589724904 0
CAR 0.0 0 4.9276796495083985 2192.867494587205 -1002.5708900916712 2851.012322976141 -615.7747725018496 1.7 1.8869 4.632 -12.954638789480784 25.76319585979499 -7.807 3.052071113850625 0
CAR 0.0 0 4.284380076257044 1448.5512215593824 324.03078329690254 1523.019942905337 401.38244163115934 1.5094 1.9164 4.1944 46.655894985687866 15.567875306777564 -7.0487 2.952042384211039 0
