VAN 0.0 0 -0.02414894018498215 1152.132705884453 202.71686589937497 1274.2738066676443 277.6008676577512 3.0887 3.0353 7.0662 63.3044 37.7007 -5.5641 -1.4008436983789376 0
TRAILER 0.0 0 3.057296915914866 1978.0246215158493 141.39100133647617 2827.6442287808586 466.1214635394894 3.3784 3.4486 11.6024 25.788400000000003 -44.5713 -5.4833 1.607797639799007 0
VAN 0.0 0 -0.7250799455313954 705.6467805001536 509.50509713061996 1062.3338325117309 808.0789605907432 2.4742 2.2545 5.383 13.664792577504393 15.118746589024795 -6.8547 -1.6655944985724582 0
VAN 0.0 0 -1.7131831315578991 1598.191512696064 302.79702930204945 1743.7097223403118 424.23940525713 2.5061 2.2666 5.3185 43.152 11.0252 -5.9066 -3.07177948351002 0
TRUCK 0.0 0 3.0491472713970995 1762.7243332080636 164.8140912964499 2197.6447618879033 413.51635401783113 3.5225 3.6418 4.7722 25.3768 -36.3279 -5.4368 1.6209232594911147 0
CAR 0.0 0 3.140356246094489 1406.9115661287133 198.86307303941462 1589.460426144568 319.13406780193145 1.6999 1.9706 4.412 31.464090182049596 -29.91466855428604 -6.344 1.7397526661954892 0
MOTORCYCLE 0.0 0 -1.7557705868009565 1515.2826606321744 339.0799700814602 1555.0639808843566 404.25854537218294 1.7 0.647 0.6935 40.6043 14.103 -6.2977 -3.0892327760299634 0
CAR 0.0 0 2.633367327021366 517.2899301624967 297.1860383921862 651.0874596893849 367.3862198462735 1.7 1.714 4.1066 26.786425114272852 41.7106538612879 -6.6918 1.5778527081905207 0
CAR 0.0 0 -1.7211758752010382 1536.705329487101 311.00686308990953 1644.6240459421558 386.7278201264775 1.7 1.9666 4.1398 46.9737 14.2439 -6.3811 -3.0770070002730305 0
BUS 0.0 0 2.802657270109866 931.7898950934252 290.2240974506194 1374.296340027756 578.6167787555985 3.6584 3.5656 12.2161 25.030753536853773 17.17054797734442 -5.4541 1.5774572945063656 0
TRUCK 0.0 0 -1.2811101258766868 124.05609861903258 285.59531249753906 323.45155811551956 472.56887111595455 3.7838 2.9175 2.9276 13.324994495547505 37.61486260408801 -5.8292 -1.8217944125683911 0
TRAILER 0.0 0 -0.10422916130958249 2082.0994616889006 223.2506514362504 4602.912226619206 1141.5548688243148 4.1977 3.7027 14.0837 14.179452932840277 -38.03788745174814 -5.5382 -1.4787442727952902 0
BUS 0.0 0 -0.8684342674867007 321.68995803163375 283.3741291774612 725.4647276296822 483.5906439603147 3.5244 2.84 10.3328 20.150552150178736 34.16330803047239 -6.2138 -1.8215895708039374 0
PEDESTRIAN 0.0 0 3.061826131185903 1531.438028887901 375.52487815145025 1572.0435134493669 447.53209316853645 1.7 0.5608 0.655 36.5865 12.3865 -6.5719 1.7500539681940235 0
CAR 0.0 0 -0.9402273659757863 378.71693493079783 410.7135687710752 598.8861927883418 544.0469460004496 1.8616 1.767 4.202 15.293425339315583 28.90710128100062 -7.0946 -1.7418744582145766 0
CAR 0.0 0 2.9351219262963415 1581.2926119999706 317.26427682306564 1882.5040156071384 513.0078184579793 1.7885 1.936 4.1812 21.0304 -28.775203677367784 -6.3142 1.5984642161224918 0
TRAILER 0.0 0 -3.293164473977303 -24742.472258841324 306.9529816983859 -4051.330243379726 2191.249031233552 4.0038 3.0233 11.3683 14.720537893837092 44.375163903267975 -5.939799999999999 -1.8236377702710016 0
PEDESTRIAN 0.0 0 3.094653868478795 1739.8001103256408 398.2273826896909 1783.5987483763809 475.3889898293658 1.7 0.491 0.746 37.51313890285276 7.606169001687943 -6.6198 1.7666769358870078 0
VAN 0.0 0 3.0472532376886208 2220.2397478503112 214.5095857653028 2904.411565175409 498.68490706860825 3.0142 2.9998 6.4302 21.6279 -43.8758 -5.5653 1.6122570075125129 0
PEDESTRIAN 0.0 0 3.0810041300640365 1617.5359927577874 389.18546595235813 1661.118742516468 463.98312870959046 1.7 0.5372 0.8386 37.1342644302553 10.325938181427558 -6.7322 1.7645325550078208 0
PEDESTRIAN 0.0 0 3.0511063774264695 1489.6866656951104 381.71540859855634 1541.4418580792726 458.89952219678435 1.7 0.74 0.9001 34.72203778737747 12.731549996614456 -6.5499 1.7505168928616632 0
