VAN 0.0 0 -0.1010144776138151 1149.574436372486 202.4584706494868 1271.500934884346 277.12737379671097 3.0887 3.0353 7.0662 63.3739107741785 37.89997192193858 -5.5641 -1.477576390199944 0
CAR 0.0 0 -1.6804024106574496 1777.8432284336252 330.1893816177477 1895.7260186049778 423.4638206261285 1.661 1.8473 4.112 42.52241039263753 6.825232761635457 -5.6812 -3.0500607807103046 0
CAR 0.0 0 3.0081499654319863 1349.5873176912864 191.9051049540012 1512.8380977701763 306.4059977105438 1.7 1.937 4.0135 31.902422762714394 -28.46294848415816 -6.2264 1.6087736008161464 0
CAR 0.0 0 -1.279976842119562 209.17812328161654 429.24299627791487 443.64933974360207 559.364215754328 1.7 1.9714 4.0628 12.698265969674356 31.310735303377474 -7.4038 -1.8673876289855698 0
CAR 0.0 0 -1.0824774906327235 380.81308906183244 442.1470200206143 575.8700858213784 554.6661092761829 1.4656 1.3758 3.7786 14.818751151625925 28.66202939945453 -7.4477 -1.8503676822190267 0
VAN 0.0 0 -1.0970479833526943 236.96536752625084 324.1100533149006 528.652368451122 493.0853021409647 3.0074 3.0141 6.0193 16.621883845093144 35.93970895173423 -6.7457 -1.8587980939027253 0
CAR 0.0 0 2.9714159062329517 1401.5190768098923 230.1113688240652 1599.0884855103484 358.45049336318635 1.5329 1.947 4.1625 27.800524532797045 -28.139434447013386 -6.1782 1.5933728930092512 0
CAR 0.0 0 -1.396600719873272 117.88289312408975 396.20178808897975 327.75419878839654 496.35785524164254 1.5121 1.9339 4.1099 13.241427857448627 38.1526803844337 -7.6011 -1.8619935011827247 0
CAR 0.0 0 -1.8182682567602737 1246.3061378280815 441.2393223652437 1445.5843240614804 584.784478456592 1.4297 1.9111 4.1493 22.872471105677235 12.027232674790373 -6.1459 -3.0278100857010606 0
EMERGENCY_VEHICLE 0.0 0 -1.8375458645577745 1320.4690442310782 457.24540913344407 1645.9689659913893 726.9880846359135 2.0202 2.5494 5.842 19.583889985187668 8.329410207167768 -5.7294 -3.036842757731011 0
CAR 0.0 0 1.6010771860882085 409.46100278787117 21.63847668655071 469.55622717405083 60.42932226398916 1.534 1.968 4.0552 81.38771126925958 6.2352260840503675 -6.5733 0.12244828571208832 0
CAR 0.0 0 1.4132576335612559 380.66377345658464 46.1038059435481 454.8476896028019 97.81225278259137 1.7 1.9759 4.002 67.64813334973343 3.883339702927753 -6.5901 0.011400376679483456 0
VAN 0.0 0 -1.6383221555506922 1570.387322932575 262.35808065524986 1762.8160999027298 416.1546434661833 3.123 2.9994 5.9995 41.11156314505093 10.861188308468959 -4.9167 -3.011582061012967 0
TRUCK 0.0 0 -1.6595635732843044 1765.6193551757272 265.89272254765547 1902.345359994763 381.93033991472095 3.3377 3.0755 3.0748 56.45575588731276 8.692443318336956 -5.9795 -3.056749720137021 0
PEDESTRIAN 0.0 0 3.010325625979525 619.2861593047462 127.47734646709524 661.9192209494141 202.13575786086412 1.8579 0.9295 0.9471 41.463997662037194 -9.04929936183237 -6.0836 1.6907205764568618 0
TRAILER 0.0 0 -1.5772328654943304 133.5522044694128 -41.04299201806543 335.92432025245364 94.99741827026826 4.1862 3.2286 10.2919 63.018080723434416 9.28495321918931 -4.2942 -3.054659578089866 0
CAR 0.0 0 -1.6676679190221497 1474.0707637433677 342.83476744362724 1597.5180717534054 427.0090677348344 1.5588 1.9734 4.1783 40.319405705402346 13.920308049123975 -6.5613 -2.994059404777344 0
CAR 0.0 0 0.31098998410925566 -14.876525881766 296.245988161092 244.11264130677907 471.4591799290059 1.7237 2.0206 4.126 25.1219238182242 -1.8984402070114244 -6.818 -0.0016624063706126633 0
