VAN 0.0 0 -0.06128032203893041 1151.2804001000115 202.57072141708875 1273.2691039410317 277.3250793256037 3.0887 3.0353 7.0662 63.36986997373748 37.7933630584125 -5.5641 -1.437993474107063 0
VAN 0.0 0 -1.6769530488797837 1591.5186821765558 308.2127786080286 1741.792846182373 434.3728860337148 2.5061 2.2666 5.3185 41.71062906420554 10.815131563879893 -5.9066 -3.0306989853775987 0
CAR 0.0 0 -1.6932756436094565 1484.543612784184 332.8804117559638 1607.0098867736122 420.38553385900065 1.7 1.9666 4.1398 40.840093208694206 13.826141844969277 -6.3811 -3.0262847080785336 0
BUS 0.0 0 1.6252774809745922 434.68153991379234 -29.102155399973558 518.8848372747522 40.55654280417557 3.5244 2.84 10.3328 102.23882711084579 8.592529823814516 -6.2138 0.06357411080289209 0
BICYCLE 0.0 0 -1.7043823800619897 931.2234839113261 280.4397944449052 968.7097717455788 371.172141923449 1.455 0.6025 0.8913 26.019393335729404 -16.506922537722218 -6.2896 -2.945145701233959 0
CAR 0.0 0 -1.6470229711708289 1781.7076281207244 330.74668587346923 1899.739817200546 424.3236449412658 1.661 1.8473 4.112 42.48103616338956 6.728659193581643 -5.6812 -3.0167375536858496 0
CAR 0.0 0 3.0130194680805173 1337.977864272272 191.65470507339052 1499.5545702905627 306.13286984241915 1.7 1.937 4.0135 31.932801933358938 -28.16947208091053 -6.2264 1.6149400059223493 0
CAR 0.0 0 -1.2034427774691698 210.10702829243232 429.24199786558955 444.49538441009287 559.3566798457729 1.7 1.9714 4.0628 12.711558781112789 31.296907239685524 -7.4038 -1.7921101297431838 0
CAR 0.0 0 -1.0295022463753125 393.07932720107965 438.09810938793936 584.7475289089757 548.6434543707796 1.4656 1.3758 3.7786 15.190370653226923 28.845485559320768 -7.4477 -1.8133342874298124 0
CAR 0.0 0 1.4285672428686202 417.2264847222748 16.63626850733348 474.1873209255529 58.1706069011058 1.7 1.8295 4.0434 82.28923940270795 6.104008681106535 -6.4708 -0.05946880055420704 0
VAN 0.0 0 -1.054854405289092 240.53835054662824 323.80659921806546 531.4097354176172 492.43008049446416 3.0074 3.0141 6.0193 16.70564557977359 35.934064865345036 -6.7457 -1.8212771541448316 0
CAR 0.0 0 -1.3039857282721274 1149.1318096730306 -366.852640944655 1231.7761288842883 -285.7791677643931 2.0674 2.0854 4.1222 -60.56763754055452 1.4631134436678987 -7.0917 -3.141592653589793 0
CAR 0.0 0 4.9457621714442 1364.4298228837727 -379.51742460831 1483.2719784028252 -299.41153442911076 1.5152 1.971 4.0119 -47.9501138106003 5.973633097779687 -6.0728 3.141592653589793 0
CAR 0.0 0 -1.3148478096619372 1452.2768012547974 -467.251410121812 1652.1287272039608 -348.9095987055042 1.6185 2.5772 5.2097 -40.612068796220655 6.237507847037602 -6.6119 -3.141592653589793 0
CAR 0.0 0 3.0667331849692845 2236.886730748966 213.85599822960373 2534.0306355517396 325.52433078078525 1.5329 1.947 4.1625 29.344801004384394 -50.65580493369618 -6.1782 1.6079448596805244 0
MOTORCYCLE 0.0 0 -1.8583138898800318 1346.1822977680522 466.3449578107789 1421.3506117887705 569.4027994026573 1.6612 0.7676 1.4656 25.4662 12.3228 -6.9541 -3.071714846133773 0
CAR 0.0 0 -1.2355209110957126 1459.4583162745896 -619.3970815454328 1652.8050094766363 -469.3513411919191 1.5153 1.9251 4.1636 -34.13136286120371 2.648043653988392 -7.8343 -3.141592653589793 0
