VAN 0.0 0 -0.016681274437720273 1146.5467655398265 202.26470439397386 1268.3699894319577 276.7872873325373 3.0887 3.0353 7.0662 63.37722443062698 38.08726049214514 -5.5641 -1.3929679825469414 0
TRAILER 0.0 0 3.0962608500399886 1853.9149413775312 143.40831191851794 2660.3046985922656 478.61317047202107 3.3784 3.4486 11.6024 25.425345675651897 -40.974152446255005 -5.4833 1.6575297392573518 0
VAN 0.0 0 -1.6995286121820463 1596.1600992639912 303.1897603982536 1742.105063774197 424.9888385438295 2.5061 2.2666 5.3185 43.01041454955139 11.042455010041149 -5.9066 -3.0575834777366406 0
TRUCK 0.0 0 3.0800420127340447 1721.336892936252 167.7024192549885 2153.731676261686 420.87774614462074 3.5225 3.6418 4.7722 25.04372210690125 -35.15155824648446 -5.4368 1.6574552326525247 0
CAR 0.0 0 1.61191223588455 341.8780944499221 56.4203111608029 430.1116130144392 116.12885694189411 1.6999 1.9706 4.412 60.62816242927334 3.2966300892878264 -6.344 0.25846551647710353 0
CAR 0.0 0 -1.696984787934102 1534.4252580054695 310.37255507285965 1642.0669382913454 385.7862730337016 1.7 1.9666 4.1398 47.078679371797904 14.348879371797903 -6.3811 -3.0529654951011866 0
BUS 0.0 0 -0.8091742193272927 330.348543264969 289.41740833226095 745.480816283175 499.2059731053675 3.5244 2.84 10.3328 19.66675862503921 32.711915793726654 -6.2138 -1.7626103138235332 0
CAR 0.0 0 2.95055984137942 1572.844458173715 315.46572886325845 1870.7417902963284 510.0524356935527 1.7885 1.936 4.1812 21.145116165453118 -28.67571221601182 -6.3142 1.613923014294209 0
TRAILER 0.0 0 -1.2889485735848907 -156136.99017481352 -73695.09848933476 388713.7759437404 34091.595031797595 4.0038 3.0233 11.3683 -3.7774207544610032 10.209910323445728 -5.939799999999999 -3.004618981433557 0
VAN 0.0 0 3.061725001464664 2174.782203385981 215.19187015701795 2848.1347370747217 501.5115000860584 3.0142 2.9998 6.4302 21.573217634376025 -42.80420313217599 -5.5653 1.6301165965656204 0
CAR 0.0 0 3.146043903301645 2533.026480774909 277.43699211968175 2983.1468913575454 441.5231712316908 1.7728 1.9945 4.2516 22.548544703575285 -50.30319384003953 -6.13 1.7040956439614174 0
CAR 0.0 0 2.958333354760158 1482.4309790732118 273.60418094235916 1699.8848461958269 434.16749616814514 1.7553 1.5689 4.1046 24.538563215908624 -28.376968837800842 -6.4088 1.6052376305312825 0
MOTORCYCLE 0.0 0 -1.746088819305295 1514.5697220410366 342.58235845018214 1566.3271561677018 411.76846965190515 1.7 0.7138 1.6517 41.1845 14.0867 -6.5238 -3.077139203314816 0
BICYCLE 0.0 0 -1.5990008485030682 811.7633751736747 175.76810645898453 836.9992139905058 241.9252439746846 1.455 0.6025 0.8913 36.49726741771562 -14.253007987367365 -6.2896 -2.9220305006185083 0
CAR 0.0 0 1.6800986872737242 408.92270604905696 12.648922962931096 463.29764892818275 54.61570917495873 1.7 1.618 4.0238 81.20424696788633 6.312653857675677 -6.1929 0.18527012858761735 0
CAR 0.0 0 3.0509822484098215 1888.1263030031203 302.5165371834318 2232.838661744322 479.8002098544846 1.6332 1.7321 4.4876 21.981807506326057 -35.522602822883485 -6.3283 1.6668272518319063 0
