VAN 0.0 0 -0.10101409744721335 1149.5787264123824 202.45875361544927 1271.5053823950848 277.12787227565195 3.0887 3.0353 7.0662 63.373900129589614 37.899703270621615 -5.5641 -1.477576390199944 0
CAR 0.0 0 -1.680403349061925 1777.8424976323552 330.1907389178647 1895.7261044162283 423.46598938457686 1.661 1.8473 4.112 42.522103733339335 6.825200394050269 -5.6812 -3.0500607807103046 0
CAR 0.0 0 3.008146724109545 1349.5580684562551 191.90447595458957 1512.8046320074163 306.4053124323633 1.7 1.937 4.0135 31.902499071005682 -28.462209002614788 -6.2264 1.6087736008161464 0
CAR 0.0 0 -1.2799736632759697 209.18047094686673 429.2429930994743 443.6514775162889 559.3641956810397 1.7 1.9714 4.0628 12.698299590690183 31.31070042462182 -7.4038 -1.8673876289855698 0
CAR 0.0 0 -1.0824365590550848 380.8444017682448 442.13666451672367 575.8927050339107 554.6506853427472 1.4656 1.3758 3.7786 14.819688587445288 28.662494339712627 -7.4477 -1.8503676822190267 0
VAN 0.0 0 -1.0970415298281035 236.97029055033533 324.10964132601237 528.6561748626494 493.0844114806264 3.0074 3.0141 6.0193 16.621998602912473 35.93970010766964 -6.7457 -1.8587980939027253 0
CAR 0.0 0 2.971448818786779 1401.7162524864573 230.1040272912514 1599.3105428702834 358.4371422135106 1.5329 1.947 4.1625 27.801191875637045 -28.14434027547959 -6.1782 1.5933728930092512 0
CAR 0.0 0 -1.396626193405616 117.86806829858153 396.2013445155241 327.74021699711614 496.3572790850183 1.5121 1.9339 4.1099 13.241202740614154 38.15299615574145 -7.6011 -1.8619935011827247 0
TRUCK 0.0 0 -1.6294661617763577 1756.6464399487963 271.44898574301214 1898.762250003902 392.6809499856271 3.3377 3.0755 3.0748 54.06811378841271 8.565742842514954 -5.9795 -3.0218431350971344 0
PEDESTRIAN 0.0 0 3.010325658360073 619.2861914135107 127.47733406626661 661.919249261546 202.1357413922007 1.8579 0.9295 0.9471 41.46399994410001 -9.049299964497175 -6.0836 1.6907205764568618 0
TRAILER 0.0 0 -1.576860383218491 101.14433307075994 -38.58098647821109 317.30903776764774 103.69674614685734 4.1862 3.2286 10.2919 60.6297420762383 9.345273362494252 -4.2942 -3.0197305782381396 0
CAR 0.0 0 -1.8225772052249243 1333.243535752458 565.984731226117 1603.799363891901 813.6845999956504 1.5556 1.8854 4.2176 16.891622952779358 7.564689697271954 -6.2649 -2.959938665396593 0
CAR 0.0 0 -1.6996594095789281 1596.2626482914918 333.9796325993257 1718.6368398778015 424.0970156713505 1.5712 1.8019 4.16 39.38076635829527 10.550473019143839 -5.809 -3.046886453213701 0
CAR 0.0 0 1.3504302176983876 320.7880606660217 88.4064392667008 440.29402665335147 160.96729864512517 1.7 2.482 4.675 52.137225126984866 1.155673053946502 -6.5583 0.09213218232254927 0
