VAN 0.0 0 -0.06127301396263629 1151.317097040467 202.56923988882545 1273.3018873723693 277.3216768596707 3.0887 3.0353 7.0662 63.37253191555297 37.79278451988038 -5.5641 -1.437993474107063 0
VAN 0.0 0 -1.705557568751384 1597.8865899306325 303.0304166380167 1743.6101509201271 424.67481500183 2.5061 2.2666 5.3185 43.08772553843733 11.016273600804247 -5.9066 -3.0639433520822528 0
CAR 0.0 0 -1.705542393216101 1533.7111837734933 310.70300139612357 1641.5667955827478 386.2889991161122 1.7 1.9666 4.1398 46.97664286949809 14.339978318287878 -6.3811 -3.0611965285073874 0
BUS 0.0 0 1.5223515896011783 385.1431196077736 1.9517987266760457 507.8796543355381 104.4361721729131 3.5244 2.84 10.3328 72.85624396582439 3.5854544251143103 -6.2138 0.06357411080289209 0
BICYCLE 0.0 0 -1.6344481312749954 842.3442942666277 193.0344762637746 869.0888407514168 263.1398276434864 1.455 0.6025 0.8913 34.27907422894537 -14.992750667546503 -6.2896 -2.945145701233959 0
CAR 0.0 0 -1.7235399223686179 1781.6877837931152 331.1993666087867 1899.9821046306308 425.0458367522195 1.661 1.8473 4.112 42.383817775162676 6.7136608074418636 -5.6812 -3.092965799000677 0
CAR 0.0 0 3.0130172413304575 1337.8790880680042 191.64173143982043 1499.4347400234394 306.1139933374447 1.7 1.937 4.0135 31.934398301566624 -28.167468752758673 -6.2264 1.6149400059223493 0
CAR 0.0 0 -1.203491450640048 210.0729312285216 429.24584133276704 444.46704574987336 559.3629266219453 1.7 1.9714 4.0628 12.710913269580296 31.297020568104074 -7.4038 -1.7921101297431838 0
CAR 0.0 0 1.3089943719998995 -1040.6301829835293 413.08343405052545 -396.47424928556046 720.7840824624083 1.6434 1.7018 4.5628 17.332908802627852 3.417923164154413 -6.2183 2.20085132024769 0
CAR 0.0 0 -1.0294484515072795 393.256056358681 438.22399223961753 584.9803056931466 548.8274929942507 1.4656 1.3758 3.7786 15.186778862352032 28.831164541053173 -7.4477 -1.8133342874298124 0
CAR 0.0 0 1.320442577444598 342.1149698975118 72.3497567073792 429.9367283331518 135.84749203633194 1.7 1.8295 4.0434 56.48977186806462 2.1875530515949806 -6.4708 0.010344369525566157 0
VAN 0.0 0 -1.0483780163701124 232.0271137401276 324.3083332881606 524.5554972850006 493.54541478066943 3.0074 3.0141 6.0193 16.522958339507397 35.98699950180404 -6.7457 -1.8038238616248878 0
CAR 0.0 0 5.033324609648769 1407.5395336756555 -586.2535182081928 1577.6913330637894 -451.4992333109185 1.5029 1.9094 4.1841 -36.871993571847916 2.476046025664604 -7.9847 3.129067075297349 0
