VAN 0.0 0 -0.0338529202483242 1150.2497968511614 198.24075875267977 1269.0596061826575 266.1824610875875 2.7763 2.7552 7.2016 63.063039915601934 37.80540640034959 -5.1699 -1.416192480697106 0
CAR 0.0 0 -1.6932839856284176 1484.52931175055 330.36023261471587 1603.0789428725443 414.99450008587667 1.7 1.9575 4.0881 41.898354801988496 14.192413873442383 -6.4594 -3.02834391244896 0
CAR 0.0 0 -0.8661794043307669 556.9937761792348 421.6193679090762 675.5150412527563 489.54384626096623 0.9948 1.2858 2.4998 18.86671486954922 29.224321098797663 -7.372 -1.8016111983260614 0
PEDESTRIAN 0.0 0 -0.013568268293907115 3385.3306990802253 934.0569111392899 3871.829477573108 1170.71882981089 1.7 0.9483 0.6324 7.0434 -35.0259 -6.4597 -1.3017621272550564 0
TRAILER 0.0 0 3.026915897439778 1765.4517301805704 122.32956275481332 2839.9737445673104 620.3362378552505 4.449 3.1064 14.302 23.011378919619624 -37.93041958739839 -5.4278 1.6069014875689158 0
CAR 0.0 0 -1.0326044718351954 349.81473113250604 415.8826233384677 559.3880553134957 528.5603745532136 1.5443 1.9623 4.0978 15.674155283946865 31.121266175792805 -7.4616 -1.8023740043592795 0
TRUCK 0.0 0 2.9948887239225392 1554.5733396796122 187.01458151568545 1923.281202060304 484.93704710380314 4.1117 3.1104 3.5612 22.758878302735667 -29.706115880522027 -5.5624 1.612161205831871 0
PEDESTRIAN 0.0 0 -1.3846385763848186 1114.7117523909947 371.45306730817515 1155.8320159836571 442.42719691657317 1.7091 0.758 0.7219 30.667654984165633 21.67773083201149 -6.9127 -2.611545737766429 0
PEDESTRIAN 0.0 0 2.989828998226404 1270.0864423895441 148.3794267164095 1313.1122457074482 217.1847885220164 1.7 0.7538 0.7055 38.58451773170577 -27.376722480962282 -6.0274 1.5594767795872573 0
PEDESTRIAN 0.0 0 -1.2806608653869611 1155.4200093491615 371.50326075821766 1197.2590602980197 444.46747869504844 1.7376 0.7422 0.7187 30.94760825299674 20.539404545586667 -6.8157 -2.517910424968787 0
