VAN 0.0 0 -0.10101435027350991 1149.5758733574532 202.45856543132604 1271.502424615575 277.1275407664198 3.0887 3.0353 7.0662 63.37390720867799 37.899881934770505 -5.5641 -1.477576390199944 0
CAR 0.0 0 -1.6804027249830158 1777.8429836463174 330.18983625562817 1895.7260473480976 423.46454706775154 1.661 1.8473 4.112 42.52230767435526 6.825221919822502 -5.6812 -3.0500607807103046 0
CAR 0.0 0 3.008148879737407 1349.5775203977414 191.9048942650082 1512.8268881128693 306.40576817047264 1.7 1.937 4.0135 31.90244832286095 -28.462700788183 -6.2264 1.6087736008161464 0
CAR 0.0 0 -1.2799757773358227 209.17890965321234 429.2429952132677 443.6500558097912 559.3642090305997 1.7 1.9714 4.0628 12.698277231335146 31.31072362042545 -7.4038 -1.8673876289855698 0
CAR 0.0 0 -1.0824637798038093 380.82357777397647 442.143551279365 575.8776624891304 554.6609427716412 1.4656 1.3758 3.7786 14.819065154161228 28.662185135363902 -7.4477 -1.8503676822190267 0
VAN 0.0 0 -1.0970458216768404 236.96701653993722 324.1099153153343 528.6536434446232 493.0850038058119 3.0074 3.0141 6.0193 16.621922284253962 35.93970598933547 -6.7457 -1.8587980939027253 0
CAR 0.0 0 2.971426931876266 1401.5851242783622 230.10890964711822 1599.1628678268694 358.44602114551645 1.5329 1.947 4.1625 27.80074806583753 -28.14107770245487 -6.1782 1.5933728930092512 0
CAR 0.0 0 -1.396609252416906 117.87792739562772 396.2016395094747 327.7495154431283 496.35766225202684 1.5121 1.9339 4.1099 13.241352452279601 38.15278615523885 -7.6011 -1.8619935011827247 0
CAR 0.0 0 -1.8737856367180616 1159.290588776883 483.55057329312183 1391.6141866933594 657.4936524066403 1.4297 1.9111 4.1493 19.059117886127897 11.528600572209024 -6.1459 -3.0278100857010606 0
EMERGENCY_VEHICLE 0.0 0 -1.872050920623637 1213.8702041625402 512.0495698765167 1609.1686381069057 861.3103398625808 2.0202 2.5494 5.842 15.676910835688378 7.858304862179166 -5.7294 -3.001983739784577 0
CAR 0.0 0 1.444797943467899 394.31747615639966 35.936680620451725 462.8485405962743 83.76309084665053 1.7 1.9759 4.002 72.5132252547752 4.61299706159911 -6.5901 0.011400376679483456 0
VAN 0.0 0 -1.6152137694127695 1549.8844195726947 273.4316539269016 1758.9705398983613 442.9604681746682 3.123 2.9994 5.9995 37.628081546511254 10.360252994754154 -4.9167 -2.9766754759730802 0
TRUCK 0.0 0 -1.6266509232765745 1764.057212700785 268.5067413070894 1903.3232804958786 386.94576615106314 3.3377 3.0755 3.0748 55.38607478210495 8.561578391321271 -5.9795 -3.0218378221645223 0
PEDESTRIAN 0.0 0 3.0103256012913184 619.2861094087809 127.47735022112079 661.919174244351 202.1357631053719 1.8579 0.9295 0.9471 41.46399693737492 -9.049298073236121 -6.0836 1.6907205764568618 0
TRAILER 0.0 0 -1.5733403630702818 119.91097137590025 -40.01967253100585 328.00682398504495 98.61036784614011 4.1862 3.2286 10.2919 62.0011460923036 9.31732912417821 -4.2942 -3.037196553122415 0
CAR 0.0 0 -1.686966894914375 1442.8322080666508 362.8356067134856 1578.8729747817624 457.61258745232897 1.5588 1.9734 4.1783 36.25263031275985 13.310778485455101 -6.5613 -2.994059404777344 0
CAR 0.0 0 0.6264920908331955 107.06357320676412 225.9181516617614 303.89468965407275 359.607750885042 1.7237 2.0206 4.126 31.013227476139384 -1.0891435014725421 -6.818 -0.0016624063706126633 0
CAR 0.0 0 -1.6445244963560255 1675.000086894094 293.0459869064105 1766.0053491763767 355.30307940162174 1.5556 1.8854 4.2176 55.455584704369095 12.045173464973017 -6.2649 -3.0297518354763664 0
CAR 0.0 0 -1.6269995153177406 1724.4800561705188 245.48557498490743 1792.1290346275784 290.6129441259572 1.5712 1.8019 4.16 73.2149 13.9673 -5.809 -3.046891861113615 0
CAR 0.0 0 -1.6078440843754092 1540.0799852298792 300.9705313494102 1635.1705079934964 371.7685933782958 1.7282 1.6724 4.4604 50.2299 15.215799999999998 -6.4626 -2.9706858680711745 0
