CAR 0.0 0 4.344904013867011 1562.1116486184346 326.88363480496594 1653.173968769892 413.55677255959966 1.7 2.0096 4.0382 46.36301274546487 12.133396208271128 -6.8888 2.9997781404841044 0
VAN 0.0 0 -0.1956208175307157 1115.26855228156 185.05301715453197 1202.8288724710144 259.15517131372917 3.1128 3.0226 6.773 73.47830357801936 32.8016511666521 -5.828 -1.5785158727392246 0
TRUCK 0.0 0 2.742438468470687 1764.9360383795754 180.72215925978358 2050.172537059864 398.33072499916847 3.4115 2.7462 2.4608 16.818849782506874 -27.2566518563324 -5.8128 1.320131568553655 0
CAR 0.0 0 2.6589573555522126 1293.9291691441815 277.96652755356115 1547.715426241055 437.61490850665285 1.5441 1.9368 4.2225 18.718250303749528 -17.105277519098205 -6.7047 1.3330809744577743 0
BUS 0.0 0 -1.1812417943238986 298.28658726325637 255.66944599285705 768.1564989175077 504.81576648138025 3.8144 4.294 14.4415 31.80142962764201 39.80319858261178 -6.7673 -2.162398176917552 0
CAR 0.0 0 2.6473834417931243 1433.92497248632 310.5318410737703 1781.3264857480237 519.1206129504257 1.7 1.9879 4.7683 15.258019548171992 -17.918722831541338 -6.6494 1.3267852944624803 0
CAR 0.0 0 2.6714362929569253 1874.8873665235997 312.29292982997083 2255.3218689743567 489.4978724140363 1.5135 1.9357 4.3357 13.10864823509384 -26.23072241836701 -6.6523 1.2908234282716162 0
VAN 0.0 0 2.7080332915371397 2200.1027154376925 267.792991129529 2744.413209061857 486.26703580477243 2.0943 2.4031 5.4998 11.252818279981561 -34.29893592842437 -6.4152 1.2863865962287475 0
TRAILER 0.0 0 2.7631964312806985 1868.894810181222 122.8939831474086 2634.707446339166 467.31886893550165 4.1983 3.0119 9.4432 15.0716867657383 -33.071679551046316 -5.5448 1.3160139587144968 0
TRAILER 0.0 0 4.838671737580191 1952.5242951209514 -1058.3863898726136 3047.7653717726193 -382.0900256646528 3.8072 3.3433 7.7358 -13.140922934218331 25.466108933121042 -6.4136 3.006238776863091 0
BICYCLE 0.0 0 4.006363561043775 802.5681327569679 166.39179759257598 851.8197017430738 246.5736535931381 1.7142 0.8998 1.2689 33.4645 -10.3208 -6.5743 2.679422543851173 0
CAR 0.0 0 1.3598853023724304 404.002949203827 63.995739622057386 465.3722654076016 119.18628143975039 1.5813 1.9585 4.1006 61.0008635315143 -1.698569791744727 -6.7996 -0.004686726912031126 0
OTHER 0.0 0 2.7348593947161914 2540.0444237946344 268.45880437286525 3010.2913748784836 435.2477081304759 1.7 1.956 4.407 9.59381370664659 -41.027598324228954 -6.175 1.2889377996285554 0
