CAR 0.0 0 4.461406338961595 1561.5245572683125 327.14812203762347 1652.639488964934 413.9667346731749 1.7 2.0096 4.0382 46.2951 12.1536 -6.8888 3.11655435550722 0
VAN 0.0 0 -0.3304816039095446 1147.0123217535074 187.3324082266689 1234.242638416625 262.89941002822195 3.1128 3.0226 6.773 72.9264 30.9305 -5.828 -1.7158531596828857 0
TRUCK 0.0 0 -1.4027846591549058 434.1633591879578 522.2428155572703 779.2930032461021 934.8981833824264 3.8081 2.9722 2.9156 14.617251855710567 25.78840606616068 -7.0351 -2.1171360326772217 0
BUS 0.0 0 2.0428605214443474 154.64978694950048 165.4993944420226 433.04293749534077 270.5530828524172 3.6974 3.5688 12.6738 50.50629260320187 70.14548297834017 -5.9176 1.096248154566075 0
CAR 0.0 0 2.4955170679871492 844.0455822874932 193.3464588418036 998.8901433116973 323.4281744668375 1.7 1.967 4.5895 27.89911693622902 -10.750485654898824 -6.577 1.1957838588451286 0
TRAILER 0.0 0 -0.2683900251983675 3743.9041579833197 169.73939924159654 6201.848352365265 624.0737158743901 4.6414 3.6368 14.786 -4.314359175305903 -82.86622560482861 -6.1579 -1.763346625374898 0
TRUCK 0.0 0 2.6477283686209923 1766.5855981671355 181.49253798137747 2052.911539961033 399.8012049129372 3.4115 2.7462 2.4608 16.746 -27.213399996990606 -5.8128 1.2258169406910011 0
CAR 0.0 0 2.6736791622293157 1463.3224305173178 275.6438936735956 1738.6310273624115 431.53048117316064 1.5441 1.9368 4.2225 17.8426 -20.5992 -6.7047 1.3186377821279618 0
BUS 0.0 0 -1.1458251463076232 276.3678408108657 247.9529883972602 733.9530768674942 480.35132589926343 3.8144 4.294 14.4415 32.9921 41.8438 -6.7673 -2.120489226164379 0
CAR 0.0 0 1.9151926595046191 479.220687375762 176.08487449315368 584.1713113245701 293.5437622288011 1.7 1.7559 4.4079 33.34261713377785 -2.8357109160004166 -6.7373 0.757492497573056 0
VAN 0.0 0 2.9792987800202635 2753.8502130458137 199.69197995228373 3407.8331358225237 403.68079044917323 2.3829 2.6598 6.0028 8.587255245187437 -50.130545030158316 -5.6352 1.5041920817351715 0
CAR 0.0 0 2.676432703981537 1566.249559769906 307.93285511098367 1934.9086101883381 512.17636324145 1.7 1.9879 4.7683 14.6432 -20.4419 -6.6494 1.333552304766139 0
CAR 0.0 0 2.6483532537986703 1883.398981764902 307.9786984134827 2260.0126150514184 482.00143166718715 1.5135 1.9357 4.3357 13.2682 -26.6938 -6.6523 1.2644279727318088 0
VAN 0.0 0 2.649239520519182 2196.6357041494757 270.09949437894767 2745.011541784661 490.9682955967961 2.0943 2.4031 5.4998 11.1554 -33.9905 -6.4152 1.2290361204144005 0
CAR 0.0 0 -0.3082523180680852 3779.1295736949555 354.5090220531774 4442.23255349317 533.4921024712531 1.7 1.8668 4.13 -0.580447816957101 -62.28107438861643 -6.915 -1.7722570175861114 0
BICYCLE 0.0 0 4.336773182847178 769.2890880791477 138.03647384309036 817.5175295531186 215.48428139845618 1.7185 0.8392 1.6951 36.44373256386734 -10.246549126052143 -6.3427 2.984313267049473 0
CAR 0.0 0 -0.4246993797292129 2569.5643443422687 432.7079544462782 3200.5423395746 692.1380939819175 1.7 1.727 4.1102 5.408525274414468 -30.663361630490357 -6.8135 -1.8046014804023776 0
BICYCLE 0.0 0 2.469079626150508 726.9158973624891 310.1847407193307 762.9431982372874 370.9216792863676 1.8147 0.6832 1.1965 41.2674 39.844 -7.757 1.3265631903688766 0
VAN 0.0 0 -0.5568777572159718 1393.617025839237 378.25080768351353 2125.205017172469 891.8958003194927 2.7252 2.5328 6.0568 9.145896169256911 -12.887213785580673 -6.1749 -1.7877509125443363 0
OTHER 0.0 0 2.8916466045415277 2527.267637555423 265.5801279135891 2991.0032579512394 430.40228603517653 1.7 1.956 4.407 9.813488606315104 -41.11132316300119 -6.175 1.4450837886021748 0
