VAN 0.0 0 -0.06107649447123786 1151.1786035624148 202.28241860141748 1272.7841162883035 276.76010074089606 3.0887 3.0353 7.0662 63.56940402463129 37.923900498284006 -5.5641 -1.438074103094086 0
CAR 0.0 0 -1.6909302766929966 1779.0511848974315 330.52170404246607 1897.0720516186298 423.98461900753614 1.661 1.8473 4.112 42.475520585470846 6.789547315639737 -5.6812 -3.0605060248003833 0
CAR 0.0 0 2.9601083971661706 1345.7964129877848 192.05337810704196 1508.646067817516 306.6680152997232 1.7 1.937 4.0135 31.883999619125962 -28.356497824262906 -6.2264 1.5613408777075723 0
CAR 0.0 0 -1.2043276622086836 204.9418908446803 429.12026310936744 439.70006988376855 559.1989657885132 1.7 1.9714 4.0628 12.642898859505445 31.386998059720177 -7.4038 -1.7860664048787567 0
CAR 0.0 0 -1.0172577394676345 392.3683272485163 439.29489695607873 584.7792635220065 550.4064518195628 1.4656 1.3758 3.7786 15.121706217857486 28.74630172497037 -7.4477 -1.7992607011529442 0
VAN 0.0 0 -1.0295160448887546 228.66515038425223 324.4579319090412 521.7860461792012 493.8882155782342 3.0074 3.0141 6.0193 16.4546801484124 36.01650033085928 -6.7457 -1.7806193478024308 0
CAR 0.0 0 2.953688511842664 1404.3913244965402 228.8514732100526 1601.5169699494725 356.45495747631264 1.5329 1.947 4.1625 27.923030579389025 -28.257991301705275 -6.1782 1.5742731399333625 0
CAR 0.0 0 -1.3661763769822666 100.52590095878512 398.6168359552019 313.4626000597586 500.0331224267196 1.5121 1.9339 4.1099 12.842991791625517 38.11809928142563 -7.6011 -1.800105966354912 0
TRUCK 0.0 0 -1.6222554854173696 1755.625861875671 270.45471167482276 1896.7713279274512 390.7885416775588 3.3377 3.0755 3.0748 54.40790615797803 8.656007936721542 -5.9795 -3.0152364718177616 0
PEDESTRIAN 0.0 0 2.9839009218170203 628.3459630757559 127.05578164967733 670.4461008899838 201.52452218164112 1.8579 0.9295 0.9471 41.548501739543276 -9.289804951011373 -6.0836 1.6602932387710603 0
TRAILER 0.0 0 -1.5844188448277692 1751.1117309206534 195.4487571289789 1919.8111566996563 341.10788770174264 4.1862 3.2286 10.2919 60.36979290848629 9.387705567642177 -4.2942 -3.0134491712793317 0
CAR 0.0 0 -1.4328621566372175 72.91029961385695 339.2343302498038 247.11779314959554 415.55993848591845 1.5206 1.9327 4.0484 15.312099999999997 47.81189234121941 -7.4583 -1.835460922297258 0
CAR 0.0 0 -1.1676069114295395 219.91483955903036 336.88617129818584 384.23408822416496 418.8673630431111 1.7 1.6238 4.0308 17.915327249754203 43.787321309339575 -7.2916 -1.8444774247416449 0
TRUCK 0.0 0 -4.185066482407748 -157897.70881361997 -7188.724079541117 28556.577517379596 58915.71559562483 3.0787 2.5188 6.5832 3.3821286119947223 9.817668069800407 -6.1665 -3.015140983484847 0
TRAILER 0.0 0 -2.1932863319590483 627.0689849399683 585.6970473324048 1159.5763291339701 1140.4014956933124 3.0689 2.4464 5.1914 9.021745039791767 10.581337967508267 -6.1649 -3.017174681854824 0
CAR 0.0 0 -1.6494613235073754 1455.5832964530878 334.54976516248 1580.5390420340095 432.5359384743805 1.7878 1.7256 4.0012 36.73696422790582 13.38092384524554 -5.943 -2.9741842909942076 0
