VAN 0.0 0 -0.035367453943471405 1147.8949111721233 202.7095114343834 1270.2477353118375 277.6431760649191 3.0887 3.0353 7.0662 63.12333172781279 37.84568589699377 -5.5641 -1.4114024759719594 0
TRAILER 0.0 0 2.961878492925416 990.5906481209181 149.5630246850971 1364.369468943376 542.1447852242552 3.3784 3.4486 11.6024 24.190645134159787 -19.544488956948875 -5.4833 1.6678713693052711 0
VAN 0.0 0 -1.7069802497722883 1600.2675657624175 302.0894152100492 1745.1022145268682 422.90746272545374 2.5061 2.2666 5.3185 43.37352019774355 11.027764326219673 -5.9066 -3.0663557118638796 0
TRUCK 0.0 0 2.8628921181571387 654.2969047278566 181.83810832877973 906.9112443104978 478.2634618380361 3.5225 3.6418 4.7722 23.461415077101382 -13.535685060626431 -5.4368 1.6784427159423518 0
CAR 0.0 0 -1.7477955617499388 1532.5204835689517 312.5873792819432 1641.4915050242216 389.1400210649178 1.7 1.9666 4.1398 46.4723483091443 14.220962283082393 -6.3811 -3.1019631316146827 0
BUS 0.0 0 -0.25307607672400234 1021.8693590392165 395.46435608917915 1493.102208303533 808.0294941845439 3.5244 2.84 10.3328 19.25876134489279 11.563907877854467 -6.2138 -1.3958299353812371 0
VAN 0.0 0 2.7464315132514954 370.05224272645853 253.26759003548707 709.1956188216027 644.6689953573115 3.0142 2.9998 6.4302 19.065557324832163 -10.680998052034068 -5.5653 1.8282329423355863 0
BICYCLE 0.0 0 -1.1470067380653712 809.1114059216293 174.42206193989776 834.2300640805062 240.27297116273957 1.455 0.6025 0.8913 36.681167105988095 -14.184712096126395 -6.2896 -2.470962799178619 0
CAR 0.0 0 -1.723010106397684 1783.5622141645918 329.84257420744683 1900.9902496658458 422.8687758971128 1.661 1.8473 4.112 42.713369790456795 6.7223163545472815 -5.6812 -3.093492692234448 0
MOTORCYCLE 0.0 0 -1.72212779229843 1511.2506748058622 342.43764662327516 1563.0016559785327 411.5911709511708 1.7 0.7138 1.6517 41.13851464648141 14.169010764066106 -6.5238 -3.0527780599336807 0
CAR 0.0 0 2.9524459448236433 1347.1174475174007 192.85523753737286 1510.6477590690315 307.88019578523733 1.7 1.937 4.0135 31.785600000000002 -28.3542 -6.2264 1.554161860999463 0
CAR 0.0 0 2.972872209508423 1744.0036970561803 286.38509644301394 1986.8163056131962 422.4576125486681 1.4668 1.6524 3.5756 24.160533469212254 -33.652792875285485 -6.3814 1.5891353586757677 0
CAR 0.0 0 -1.1863594835657452 212.15239466752743 428.79114234967335 446.0383368059455 558.6365994327618 1.7 1.9714 4.0628 12.759472611000284 31.31294394684345 -7.4038 -1.7780935580836401 0
CAR 0.0 0 -0.9206497185550961 556.0598920703858 409.6374838987743 743.519802553107 518.1979159508967 1.5178 1.8289 3.9952 18.75323877163666 27.648140233081907 -7.2359 -1.874462207773014 0
VAN 0.0 0 3.048364485690806 2005.0681195908512 240.65150698338104 2470.0422001252737 479.97993013394256 2.5358 2.0016 5.2596 21.837077840410245 -38.25807667432546 -5.713 1.635284630061744 0
