CAR 0.0 0 2.7808004011876366 1307.386689873922 202.86548236720162 1503.3783465697886 317.00716880270596 1.5683 1.9824 4.1753 24.968690094053905 -21.928567180593166 -6.7242 1.391616819307995 0
VAN 0.0 0 4.3952524355759195 1714.096484735414 331.6190501872778 1862.6730327696407 452.7186932401746 1.9963 2.2756 5.9988 44.71997771661775 7.659162070320484 -6.704 3.0391535883885274 0
CAR 0.0 0 2.768396755983618 1378.53731666692 209.07053036914425 1636.4143513496683 351.1200981762459 1.6094 1.8776 4.9449 21.251589493257786 -21.330859110146193 -6.2139 1.3795353276698106 0
PEDESTRIAN 0.0 0 2.9072977532122417 631.2698744572734 127.24409996290791 668.2684245963408 194.51950305221126 1.7016 0.7772 0.6957 39.77390159013001 -6.871476544864064 -6.3348 1.5787143958338035 0
CAR 0.0 0 -1.130309310741346 199.83517405158128 428.4925331977277 418.9254222642699 552.9434356073559 1.5083 1.8983 4.1522 22.97519922646449 40.298239383086106 -8.1788 -1.6986471999023898 0
CAR 0.0 0 -0.9252833422716016 379.9904892715639 430.5946008258646 579.1915291066415 553.7557402678746 1.4958 1.977 4.1388 24.647020148963275 36.88440577017461 -8.1989 -1.702920799359803 0
TRAILER 0.0 0 4.490811315201009 1695.1430940607227 204.8201960804751 1850.1024330591802 330.0066793260304 3.4934 3.115 10.3352 63.638270173861386 5.490108450718999 -5.0918 3.0676513757056805 0
CAR 0.0 0 -1.2753205276556518 87.2585521555196 382.30010523687923 287.66155240327487 483.0209559517181 1.508 2.0028 4.001 25.360924260797717 47.21061630081914 -8.2196 -1.689088395475315 0
TRUCK 0.0 0 4.466792533553283 1731.3569451798048 256.3737706750777 1829.3327104353484 339.9885202090242 2.4532 2.2469 1.9737 56.65816747393808 6.011629673581579 -5.6178 3.061520652592247 0
MOTORCYCLE 0.0 0 2.74452201097232 1514.7719260193346 335.287939178761 1669.3643474260266 473.0792970796158 1.6332 0.8894 1.834 15.272110198673271 -17.859357314248125 -6.5953 1.4215450432629269 0
CAR 0.0 0 2.778386296018681 1493.6574004916936 227.9217478007963 1771.5934895849296 382.5530890192982 1.654 1.8689 4.1757 17.98100604808843 -21.22960664758209 -5.8865 1.390624547989284 0
TRUCK 0.0 0 1.720289364525327 -13581.014253630083 917.8425855493466 -2473.18520673558 3588.6119558821406 2.4848 2.6187 6.0302 12.655579850246085 21.34085548698142 -7.0671 2.963175912371779 0
TRAILER 0.0 0 3.979763766373987 944.9008338065746 503.78138182788405 1259.6348804985917 902.756238749184 2.5812 2.5835 7.1008 19.02832601824402 20.231115483763677 -7.1588 2.960535275938103 0
