CAR 0.0 0 1.717528980003793 387.1926135620145 31.382084961420173 457.4007831059078 80.46359253921446 1.7 1.937 4.0135 70.62778256666299 4.3729611579338625 -6.2264 0.2769478986028073 0
CAR 0.0 0 2.9205254454668768 1405.3835089522054 276.97757786509527 1634.6822691716825 438.7152223982071 1.7 1.9624 4.2616 24.52388858436995 -26.960000234181834 -6.4566 1.5798550217274272 0
MOTORCYCLE 0.0 0 2.8807316437875996 1525.143462091811 344.7175998328955 1649.9269959599287 479.97641434168554 1.7 0.8106 1.621 21.17258797218214 -26.571498365982297 -6.3809 1.5635222017560881 0
CAR 0.0 0 3.0227898776049154 1778.1670340489427 306.30224707720214 2111.699706196324 497.6436549692451 1.752 1.7066 4.5021 21.489098851338113 -32.90719909711248 -6.3051 1.6546732152024497 0
CAR 0.0 0 3.041959897607833 1741.3718124382544 277.2649564831811 2034.7385214413152 434.09676812526044 1.6356 1.9585 4.5139 24.66195375170268 -34.4789146663691 -6.5383 1.6564487319189027 0
CAR 0.0 0 1.784651923659134 1264.1821390402279 -329.4446114601707 1348.7648531380717 -267.63885184651855 1.7479 2.1574 4.4141 -67.4879 8.6671 -7.1261 -0.010319424834180245 0
CAR 0.0 0 3.013698917506466 2107.712277270868 306.3836580293933 2495.984777982706 475.7750712916077 1.5888 1.9932 4.2218 21.64744425331843 -39.833382801686746 -6.2836 1.6104035849024376 0
PEDESTRIAN 0.0 0 3.2245094481415095 1513.2831708521192 379.0742451873594 1552.4956202620685 449.58696011661505 1.651 0.5088 0.7486 36.1982 12.7417 -6.6371 1.9174778364964447 0
CAR 0.0 0 -1.221375365699228 131.32488255627635 410.50741401785143 366.3809762477643 522.3029035682181 1.4933 1.9845 4.3346 12.576740202092592 34.94792533809386 -7.4122 -1.7143042624112637 0
CAR 0.0 0 -1.2124963878254877 1562.7473330928044 276.9689991424632 1650.0993645391682 335.0706172089647 1.7 1.9861 4.2709 59.54809756252692 17.033481051688174 -6.5167 -2.5956592221694477 0
CAR 0.0 0 3.2231074491531 2610.1808635436805 274.5066033073153 3038.3525728928757 418.21428201699797 1.5642 1.9835 4.1622 23.451389846897513 -53.272697549637435 -6.199 1.7737371163127353 0
CAR 0.0 0 2.517148293356162 473.7258912552265 289.50236586518804 619.418082744264 356.937147973244 1.7 1.9565 4.7638 27.934791604648336 45.71994233665979 -6.9364 1.4784007069046419 0
CAR 0.0 0 -0.250713872722649 1659.3457307306037 530.0987780738509 2146.7935626525586 862.9335090568608 1.6932 1.9814 4.11 13.370631926376774 -25.728721649203145 -6.6873 -1.4705620644597983 0
VAN 0.0 0 2.2244330094755362 508.4499309477579 114.06881707260257 686.375269073236 305.1056051346589 3.1128 2.997 6.1486 34.506446583353565 -9.056297833218126 -5.7625 0.9788932037860509 0
CAR 0.0 0 -1.5886358440747557 1710.2597353554593 269.51031833937776 1787.1026023404756 322.7006398138517 1.7 1.9526 4.1684 68.11232605872952 13.317202277267274 -6.5514 -2.992172382108163 0
