CAR 0.0 0 1.7800861301627742 404.42073405833804 9.493602612007818 463.10011838276614 50.111296501377076 1.7 1.937 4.0135 83.7807218349592 7.068638356922399 -6.2264 0.2769478986028073 0
CAR 0.0 0 2.920529003939553 1405.3731576842542 276.97073068699825 1634.6651013793823 438.70417435574 1.7 1.9624 4.2616 24.5244185575743 -26.960001507367494 -6.4566 1.5798550217274272 0
MOTORCYCLE 0.0 0 2.880749422890753 1525.0776010666 344.6750706013668 1649.8415424455977 479.91938336237916 1.7 0.8106 1.621 21.174932487244497 -26.57148948225347 -6.3809 1.5635222017560881 0
CAR 0.0 0 2.9194955360913535 1694.8512809393674 310.4569227915143 2014.750109355606 505.83689259752464 1.752 1.7066 4.5021 21.26861674267656 -31.09685930919038 -6.3051 1.56412138454581 0
CAR 0.0 0 2.9181045878107073 1614.1446090591994 280.7944466224383 1887.6878261833633 441.22519161987225 1.6356 1.9585 4.5139 24.44830429396893 -31.511100674452436 -6.5383 1.5496668587214586 0
CAR 0.0 0 1.784651923659134 1264.1821390402279 -329.4446114601707 1348.7648531380717 -267.63885184651855 1.7479 2.1574 4.4141 -67.4879 8.6671 -7.1261 -0.010319424834180245 0
CAR 0.0 0 3.014664293812549 2108.667314139343 304.65933080696107 2495.0677718919146 472.92497409550333 1.5888 1.9932 4.2218 21.76157504740066 -39.963038540100776 -6.2836 1.6104035849024376 0
PEDESTRIAN 0.0 0 3.074635290973493 1380.0767993756187 347.30519356890903 1438.5121286419328 435.2789683648465 2.0834 0.8594 1.2954 35.75283166964779 15.974484808355825 -6.4178 1.774178811100657 0
CAR 0.0 0 -1.3248252724777037 211.85711640893464 463.96007071000594 479.390255328763 605.3167712126656 1.4933 1.9845 4.3346 11.650771402412623 28.26479087198518 -7.4122 -1.9026421715458148 0
CAR 0.0 0 -1.1733318987089012 1528.8299656770942 289.9897691188916 1624.6021131939062 354.37017870087743 1.7 1.9861 4.2709 53.888987796162745 16.61160628349844 -6.5167 -2.5432993446096175 0
CAR 0.0 0 2.3994293247039042 307.8966001831987 257.79833543874486 439.1512410196088 311.88013232955507 1.7 1.9565 4.7638 28.648163459305174 60.09450126866228 -6.9364 1.4784007069046419 0
CAR 0.0 0 -0.11135129052243142 2448.3635782664783 461.91076515448765 3073.3175134192284 727.4261672412598 1.6932 1.9814 4.11 14.936257297066087 -39.1275344172949 -6.6873 -1.4705620644597983 0
VAN 0.0 0 1.8729599208578795 378.4079924239888 87.08715481072537 561.8750197723621 251.794759360772 3.1128 2.997 6.1486 39.525340761471746 -4.980086152759889 -5.7625 0.635646340794708 0
CAR 0.0 0 3.2106170656677806 2437.8254451673297 282.8165029380463 2851.402143193311 433.31481017817697 1.5642 1.9835 4.1622 22.896818061684456 -48.43966514416651 -6.199 1.7737371163127353 0
CAR 0.0 0 -1.6041458411717529 1672.2233676393541 287.50715826599117 1759.6660643560738 349.0288223428423 1.7 1.9526 4.1684 59.37269496842639 12.910924446063282 -6.5514 -2.992172382108163 0
CAR 0.0 0 -0.5657521303878636 920.1114649459341 543.9571911854804 1216.229387703971 993.0465100809001 2.0012 2.0683 4.7145 12.6642 -16.1582 -6.5857 -1.5093410865859374 0
VAN 0.0 0 -0.0406422256415786 1147.6755517865022 198.3027161934256 1266.7198685389587 266.3345699173532 2.7763 2.7552 7.2016 62.903800000000004 37.8616 -5.1699 -1.422524184228078 0
CAR 0.0 0 -1.2291950903582023 1495.081893170944 -607.1402073860935 1703.8326043203945 -449.7474321005532 1.7 2.0312 4.764 -35.91987289011206 4.5824910009352955 -8.0055 -3.117640778232648 0
CAR 0.0 0 -1.4495517360616896 1487.5168839374207 325.0901953046469 1602.969416005238 406.96473958006186 1.7 1.9575 4.0881 43.08265474171841 14.509245305210317 -6.4594 -2.7888357675205953 0
CAR 0.0 0 -1.074128249847192 561.1289137113134 486.304407048624 801.8793112618813 636.5690399499592 1.4978 1.9686 4.1877 15.183108304307677 21.999867403520568 -7.4222 -1.9602880604231074 0
PEDESTRIAN 0.0 0 2.9651506081727774 1685.0270890549498 377.3272645811024 1750.9439345481082 471.7170277890524 2.0136 0.8864 0.9253 36.541368546835216 8.464962305060396 -6.2865 1.6361990662420665 0
CAR 0.0 0 -1.4365408327212918 292.4468659063257 616.5852641401086 652.3487529593066 862.2469758584402 1.54 2.0491 4.191 8.66815338066816 18.473463831922114 -7.5175 -2.0117297163291368 0
