VAN 0.0 0 -0.03384135477932615 1150.2979925031775 198.23668171831056 1269.0994074773482 266.17399582906415 2.7763 2.7552 7.2016 63.06817217641789 37.80569286533141 -5.1699 -1.416192480697106 0
CAR 0.0 0 -1.6932628069772406 1484.7661916863904 330.37895367682984 1603.3173543674025 415.0214665510587 1.7 1.9575 4.0881 41.89976488071811 14.185863151631821 -6.4594 -3.02834391244896 0
CAR 0.0 0 -0.8458696652496229 570.7516931260353 420.3081010485724 688.127690187433 487.7945720765463 0.9948 1.2858 2.4998 19.17895888569797 29.111699348363153 -7.372 -1.7929686485849812 0
PEDESTRIAN 0.0 0 -0.013568268293907115 3385.3306990802253 934.0569111392899 3871.829477573108 1170.71882981089 1.7 0.9483 0.6324 7.0434 -35.0259 -6.4597 -1.3017621272550564 0
TRAILER 0.0 0 2.840671585979364 675.4243062323901 127.0109635125741 989.0974234563647 740.7591443224553 4.449 3.1064 14.302 21.622606197136008 -14.187110608273139 -5.4278 1.7116211217014858 0
CAR 0.0 0 -1.0328887328211842 349.226027768461 415.52605786010605 558.608930937668 528.022115453125 1.5443 1.9623 4.0978 15.684114144828746 31.169164277495106 -7.4616 -1.8023740043592795 0
TRUCK 0.0 0 2.3657162009880253 13.911775311582037 218.40940643792257 416.8666883548717 590.3830922008736 4.1117 3.1104 3.5612 20.34970998692234 -5.897540584391332 -5.5624 1.8215449048399972 0
PEDESTRIAN 0.0 0 -1.3848760481964824 1121.1374043752696 373.8255792831554 1162.713508255208 445.44511021801884 1.7091 0.758 0.7219 30.50330172920016 21.356975827124913 -6.9127 -2.611545737766429 0
PEDESTRIAN 0.0 0 -1.6850396972947115 1150.8964580321422 373.55936663901093 1193.0115112693434 447.1441466472054 1.7376 0.7422 0.7187 30.605021405155487 20.471582439634982 -6.8157 -2.9193361529274826 0
CAR 0.0 0 3.0565801196721445 2164.7705404328167 216.24900869977452 2453.1051449050765 329.42232213442014 1.543 1.9551 4.1131 29.16503399205503 -48.46654328901892 -6.1946 1.602812055582205 0
PEDESTRIAN 0.0 0 2.981639926868175 1129.4263489283555 137.46098114369204 1167.3461194606627 206.80718581672787 1.7 0.7538 0.7055 38.8435 -23.3073 -5.7976 1.5594767795872573 0
CAR 0.0 0 3.0254845068187057 1512.0436952120558 200.50122812833027 1698.229970972142 310.14566473408354 1.5805 1.9518 4.1417 31.865147763218985 -32.82307009724127 -6.3762 1.6116454910625058 0
