VAN 0.0 0 -0.04065752938349787 1141.6483178617257 203.4069260948265 1265.2706372811274 279.098722593129 3.0887 3.0353 7.0662 62.36647401478114 37.74885396414072 -5.5641 -1.4149697506383534 0
CAR 0.0 0 -3.307440327286795 -451.1201120092709 260.6739867208316 -86.7136170978643 449.21988144806113 1.661 1.8473 4.112 23.310127588064802 2.5934993074671833 -5.6812 -2.673934892017592 0
CAR 0.0 0 3.0232394485994343 1354.6647210728045 193.16305329485226 1519.3801173709774 308.27937253682114 1.7 1.937 4.0135 31.74818056864864 -28.537580379312395 -6.2264 1.6242341597410155 0
CAR 0.0 0 -1.2506791392058916 200.40699034108624 428.5635806526505 435.1677392521824 558.3552939814934 1.7 1.9714 4.0628 12.601052909413905 31.513028172864274 -7.4038 -1.826574111919186 0
CAR 0.0 0 -1.0704184350656523 382.8890026888088 439.9409234517885 576.5026258733853 551.4071196462564 1.4656 1.3758 3.7786 14.953541827176132 28.831705359874928 -7.4477 -1.8424388529812492 0
VAN 0.0 0 -1.0439379852199284 244.01825038494513 322.56474207438174 532.8702223987921 489.88758392047015 3.0074 3.0141 6.0193 16.85944922378019 36.09905409521394 -6.7457 -1.8157902456131392 0
CAR 0.0 0 2.9770569656603287 1400.7193127020123 231.11951351694287 1598.8703505214592 360.03440128075044 1.5329 1.947 4.1625 27.702843980659388 -28.080163874927123 -6.1782 1.5999076178923881 0
CAR 0.0 0 -1.3609428669935348 115.03281535594556 394.9360675909406 324.23368679838 494.49954218486045 1.5121 1.9339 4.1099 13.25394301719888 38.37697278610335 -7.6011 -1.8219666918375406 0
TRUCK 0.0 0 -1.6707394073598263 1717.5643240079648 318.2091768470464 1905.5123586290088 484.80543598309504 3.3377 3.0755 3.0748 40.11028926755486 7.059248334869634 -5.9795 -3.025703229484277 0
PEDESTRIAN 0.0 0 3.120036463010541 619.0046536850365 127.54733779528809 661.6642437220277 202.22935493130356 1.8579 0.9295 0.9471 41.451037200942785 -9.04313886917839 -6.0836 1.8006514064715926 0
TRAILER 0.0 0 -2.245678740391692 -104.42837786048965 -17.092659498802526 225.5190067190182 180.03722951923896 4.1862 3.2286 10.2919 45.92058223678585 7.70227727455992 -4.2942 -3.0347243942306075 0
CAR 0.0 0 -1.4324137301740376 69.50889390853332 341.40580842099854 245.49623467476457 418.68118216623355 1.5206 1.9327 4.0484 15.101161625707796 47.43241369283138 -7.4583 -1.826875486489279 0
CAR 0.0 0 -1.1443974815185125 209.05705594006048 337.22675139187027 374.387310755764 419.42227509082346 1.7 1.6238 4.0308 17.668727130341402 43.940213289870805 -7.2916 -1.8037533996333603 0
CAR 0.0 0 2.9523475484535244 1401.8266664837915 276.79490752647325 1630.34996065011 438.4555197509965 1.7 1.9624 4.2616 24.53953578640457 -26.890838863134842 -6.4566 1.6121176661405914 0
MOTORCYCLE 0.0 0 2.9520822839978536 1544.6295481532009 345.21710398473084 1671.511946334288 480.51582964384403 1.7 0.8106 1.621 21.133694685908992 -26.905456510377864 -6.3809 1.632072091436402 0
TRUCK 0.0 0 -1.2624347121615982 1187.3455954712167 -365.67159097402197 1257.7425337862883 -305.5183728329547 1.7 2.1523 2.7864 -66.15290293139395 4.2793934124130715 -8.1915 -3.100820223456854 0
TRAILER 0.0 0 4.989147102509986 1217.9664181321223 -422.8155534731799 1361.0248652130763 -313.89824370486406 1.9873 2.3714 8.8966 -57.89266812629414 4.360691642145684 -8.0597 3.141592653589793 0
TRAILER 0.0 0 -3.3278481395020005 -432.5226591655172 190.91972767635897 -31.75524946328584 408.3226320226186 2.4731 2.3456 5.5455 27.78296317729389 4.928155765583071 -5.965 -2.689657009253277 0
CAR 0.0 0 3.038156613598459 2034.219756903259 295.4331306557287 2407.7391037307966 475.9400979709144 1.752 1.7066 4.502 22.07881361147509 -38.703801280311254 -6.3051 1.6383132896588795 0
