VAN 0.0 0 -0.04295540902047934 1147.3352752918543 202.70797514066928 1269.7153093162701 277.6476525726987 3.0887 3.0353 7.0662 63.09983399971232 37.865066672021605 -5.5641 -1.418903573797595 0
CAR 0.0 0 -1.7131669110075327 1780.3852602579223 329.9512748932879 1898.0173509399563 423.06551706594655 1.661 1.8473 4.112 42.625299166973925 6.782436749098643 -5.6812 -3.0832454006018555 0
CAR 0.0 0 2.9485754036230043 1348.8359590073148 191.2530122055245 1511.5751967840906 305.4177527532101 1.7 1.937 4.0135 31.982956057298253 -28.47356631446254 -6.2264 1.5487642730096802 0
CAR 0.0 0 -1.2835656945090075 213.18001693873018 428.32540296218906 446.6431736030742 557.8999897201919 1.7 1.9714 4.0628 12.793585360596378 31.345876701285427 -7.4038 -1.877003294840088 0
CAR 0.0 0 -1.1051003645584445 391.40406546453676 439.8372115144496 584.2082643629739 551.209207786653 1.4656 1.3758 3.7786 15.081477184568325 28.711380220302942 -7.4477 -1.8856458483840466 0
VAN 0.0 0 -1.1442521979402698 245.93406778628705 323.2307720729127 535.4236472348192 491.2044755302569 3.0074 3.0141 6.0193 16.841618233238844 35.946584030439006 -6.7457 -1.917786575270122 0
CAR 0.0 0 2.945984852042572 1401.2627889405107 229.37298165699778 1598.2782210047412 357.2991696262763 1.5329 1.947 4.1625 27.87266093560433 -28.163354108292175 -6.1782 1.5674036341292166 0
CAR 0.0 0 -1.4388938399099502 122.88655024248465 395.5864985381906 331.9350516740554 495.4194767595757 1.5121 1.9339 4.1099 13.353818558464875 38.151496768088684 -7.6011 -1.9132188092271625 0
TRUCK 0.0 0 -1.6381176290795845 1763.5488786981005 270.85488998184155 1905.1008443236608 391.4489403872633 3.3377 3.0755 3.0748 54.48227457982992 8.42465641073278 -5.9795 -3.031595390596638 0
PEDESTRIAN 0.0 0 2.9153728976808333 624.1546028195205 127.76445720601149 666.5902193957161 202.48086451033652 1.8579 0.9295 0.9471 41.415924899423885 -9.189743324660292 -6.0836 1.594447662458931 0
TRAILER 0.0 0 -1.6166692852975921 111.72471382624806 -38.243260438194284 326.1763427521375 104.37771073415283 4.1862 3.2286 10.2919 60.47066385199863 8.9185491160829 -4.2942 -3.062835902477131 0
CAR 0.0 0 -1.4653562792482782 75.4358941112244 339.2287309222989 249.4734197756593 415.53910437102473 1.5206 1.9327 4.0484 15.364129314404288 47.76157164937329 -7.4583 -1.8734535741965284 0
CAR 0.0 0 -1.3040857438599045 226.84056372404228 336.1877830495272 390.1879173106449 417.8147933174446 1.7 1.6238 4.0308 18.111488703495493 43.78270664854887 -7.2916 -1.9923975746503848 0
CAR 0.0 0 2.985639474475648 1807.7156089227253 269.1840868225436 2100.2407057361265 421.82417762276674 1.7 1.9624 4.2616 24.95662428363877 -36.089579685780684 -6.4566 1.58896339585535 0
MOTORCYCLE 0.0 0 2.8897152476500034 1534.1434716515712 344.70710810699995 1659.821920282132 479.89950921025144 1.7 0.8106 1.621 21.16768745763665 -26.732457177176304 -6.3809 1.5710430576065737 0
VAN 0.0 0 -1.6899335160461728 1410.7335201889898 339.8199431594983 1585.3352699341747 478.74178410148096 2.3964 2.4699 4.5843 34.14801866632321 13.01438836889592 -6.1273 -2.996611774829779 0
