CAR 0.0 0 1.6941061469966328 418.0278366199659 32.24241982216366 468.8545437770115 75.25204239176539 1.5683 1.9824 4.1753 75.30599980679705 -2.6708915258594637 -6.7242 0.24285182199537458 0
TRAILER 0.0 0 -0.20273176274858762 4055.1637777572105 140.31664362768547 5460.8850211057015 392.0506497737162 3.4934 3.115 10.3352 -4.1053154294934195 -97.36317060198435 -5.0918 -1.7195019127797606 0
MOTORCYCLE 0.0 0 2.7986011666043984 1511.323776456742 335.5233348855034 1665.7009203354917 473.440343790315 1.6332 0.8894 1.834 15.28015088368097 -17.790344506720963 -6.5953 1.476332299180062 0
CAR 0.0 0 2.783718343989789 1399.842504158242 225.97957901812936 1663.092794869185 380.62226500965596 1.654 1.8689 4.1757 18.677668961492795 -19.445148309135845 -5.8865 1.4065556438493985 0
CAR 0.0 0 1.9052277974854246 499.5675448097814 137.52539920022704 608.041254207228 255.71666634100492 1.8284 1.8307 4.868 34.83440954079679 -3.586049856355313 -6.1655 0.6721435306965442 0
CAR 0.0 0 2.765720109137966 1768.0062869039186 303.51962112681787 2139.1567707650597 493.5624679985533 1.7 1.7312 4.5344 13.838 -24.3783 -6.639 1.394397955834217 0
CAR 0.0 0 2.7231237019576935 2004.5546158354434 307.2267611140173 2407.341362317584 491.81484321866606 1.7 1.6226 4.5676 12.534324713952516 -29.24536150524202 -6.7663 1.329991552531325 0
VAN 0.0 0 -1.5756832936405343 -34.53944764036192 630.5239249971793 366.6108944134913 1179.7667264627162 2.0921 2.2958 4.814 12.177587310364595 2.301327253459168 -7.8814 -1.8005906820264541 0
CAR 0.0 0 -1.4693349209749567 325.81978285737966 536.8537520719652 581.1474810773533 729.0238743277279 1.7 1.8129 4.0976 18.579800791350973 32.12035920738928 -8.412 -2.098775480781578 0
CAR 0.0 0 -1.134046866543359 880.0976982128362 619.4260519896434 1092.4607395056403 862.3999692268881 1.5898 1.7895 4.1594 18.52452004407425 22.003110875400964 -8.2277 -2.0664008626352928 0
PEDESTRIAN 0.0 0 2.8097768592438817 1402.744669749217 330.5403074672679 1444.2841020130174 401.2323406529632 1.7 0.84 1.0688 41.065904610297856 17.284244277153686 -6.3875 1.4902160803572406 0
CAR 0.0 0 4.3330649429123245 1484.7058301450409 314.18948437231154 1544.5673175814434 387.8517841908362 1.5848 1.5393 4.034 48.96235083471589 14.73123357154484 -6.9916 2.9893149876026945 0
CAR 0.0 0 -1.253731951886552 431.08370029664115 431.0630797411084 601.5657516059961 536.9413625105595 1.2805 1.5163 4.0841 25.81400406139493 36.8399447608964 -8.3229 -2.075159319442891 0
CAR 0.0 0 -1.4725486160031407 187.73482880228804 413.8690356132003 390.3026647795543 536.8355422279486 1.7 1.6536 4.0658 23.828697429056497 41.90033133808947 -8.2573 -2.0243388179827284 0
