CAR 0.0 0 2.919787899312471 1696.677425482648 310.36581678871704 2016.8822348768697 505.65680637851995 1.752 1.7066 4.5021 21.273380855922145 -31.135974592248438 -6.3051 1.56412138454581 0
CAR 0.0 0 2.9184327895733757 1616.6948249267464 280.78284299795865 1890.6965372589543 441.17893311569156 1.6356 1.9585 4.5139 24.447950613338698 -31.566999881318374 -6.5383 1.5496668587214586 0
CAR 0.0 0 -1.2983321383341475 283.3283771683752 554.2319958821965 609.4762530735478 754.61519565042 1.4933 1.9845 4.3346 9.853806408109882 21.22333262840807 -7.4122 -1.9026421715458148 0
VAN 0.0 0 1.5898734582257952 338.61950570178766 59.306530111115976 504.9702755570052 197.06371819506023 3.1128 2.997 6.1486 46.35725837721843 -1.9642564941851361 -5.7625 0.30415304109006946 0
VAN 0.0 0 -0.0406422256415786 1147.6755517865022 198.3027161934256 1266.7198685389587 266.3345699173532 2.7763 2.7552 7.2016 62.903800000000004 37.8616 -5.1699 -1.422524184228078 0
PEDESTRIAN 0.0 0 3.0674965115358166 1315.447326919902 340.58572196807177 1371.9089773865298 426.2491542884493 2.0834 0.8594 1.2954 35.50319035917468 17.79525480354069 -6.4178 1.774178811100657 0
CAR 0.0 0 -1.2322427040346204 1208.6398802393096 -453.62676430395896 1306.5922378297998 -366.81354894047433 1.7 2.0312 4.764 -57.12165480387589 2.854612619663712 -9.2203 -3.117640778232648 0
CAR 0.0 0 -1.7323672553724319 1488.0966417415418 330.1644692514505 1606.39872320866 414.672887285814 1.7 1.9575 4.0881 42.018394260596004 14.127659544504517 -6.4594 -3.068088447839688 0
CAR 0.0 0 -0.860229006865291 876.7766616070928 604.902549493048 1160.6846955042079 834.503268711018 1.4978 1.9686 4.1877 14.102619650317358 12.974152604130763 -7.4222 -1.8208960933044709 0
PEDESTRIAN 0.0 0 2.95882694331808 1616.918709208657 372.1027883496543 1680.582899944174 464.888039555019 2.0136 0.8864 0.9253 36.05408125210795 9.930708255516764 -6.2865 1.6361990662420665 0
CAR 0.0 0 -3.287627954139091 -26831.774648840375 2007.6491995481003 -4401.579481405833 8805.820941154718 1.54 2.0491 4.191 3.874263544113972 10.365947390670353 -7.5175 -2.08154288640891 0
CAR 0.0 0 -0.2106034343871137 1828.2868357378031 490.48610967869746 2434.028273402705 862.505043560668 2.0012 2.0683 4.7145 13.550822994849108 -28.48587145922712 -6.5857 -1.474434501546051 0
