VAN 0.0 0 -0.0429548823721142 1147.337199038151 202.70776219783704 1269.7168451138882 277.6472082483577 3.0887 3.0353 7.0662 63.10006774424075 37.86509595857863 -5.5641 -1.418903573797595 0
CAR 0.0 0 -1.7718428089423466 1781.422733917536 340.10178676860386 1904.874015542089 439.31370031318784 1.661 1.8473 4.112 40.55562475376162 6.428824521521606 -5.6812 -3.135605278161685 0
CAR 0.0 0 2.948574886772619 1348.8344504949157 191.2534094202277 1511.573743704462 305.41837307604214 1.7 1.937 4.0135 31.98290679762692 -28.473508041432424 -6.2264 1.5487642730096802 0
CAR 0.0 0 -1.2835714679996704 213.17592843186767 428.32579752463766 446.6397269683355 557.9006342962313 1.7 1.9714 4.0628 12.79351035100702 31.345897174748437 -7.4038 -1.877003294840088 0
CAR 0.0 0 -1.1050996365043293 391.40454740736914 439.83694096160656 584.2085499698226 551.2088072274922 1.4656 1.3758 3.7786 15.08149723335235 28.71139760147197 -7.4477 -1.8856458483840466 0
VAN 0.0 0 -1.14382764732702 246.27185072027166 323.21386422011744 535.6998126931461 491.16631712613605 3.0074 3.0141 6.0193 16.848701610661248 35.9439269138153 -6.7457 -1.917786575270122 0
CAR 0.0 0 2.9461990252662735 1402.7768669245822 229.36534942315416 1600.0167189852107 357.2728555294121 1.5329 1.947 4.1625 27.873048052852663 -28.19913967230104 -6.1782 1.5674036341292166 0
CAR 0.0 0 -1.4407221060537816 121.84614817888881 395.6631753786487 331.0295319958679 495.53866197736465 1.5121 1.9339 4.1099 13.33284654478989 38.1588224107079 -7.6011 -1.9132188092271625 0
TRUCK 0.0 0 -1.6392169224813695 1762.488746486718 272.26321350745803 1905.411246635606 394.16441331609593 3.3377 3.0755 3.0748 53.932550339298814 8.363986623581175 -5.9795 -3.031595390596638 0
PEDESTRIAN 0.0 0 2.9153742447453315 624.1566961229183 127.76410326154286 666.5921448332915 202.48038687423775 1.8579 0.9295 0.9471 41.4159908931448 -9.189793127428063 -6.0836 1.594447662458931 0
TRAILER 0.0 0 -1.6250461191418917 106.02818397147422 -37.57057281913082 323.53382455876863 106.66032933756887 4.1862 3.2286 10.2919 59.883447338189924 8.84622045370141 -4.2942 -3.062835902477131 0
CAR 0.0 0 -1.4653589947069925 75.43464393923378 339.22873369757286 249.47225372834114 415.5391146889938 1.5206 1.9327 4.0484 15.364103554712768 47.761596562156484 -7.4583 -1.8734535741965284 0
CAR 0.0 0 -1.3040901032398806 226.8379313001723 336.1880877064187 390.18568052266545 417.81525020426227 1.7 1.6238 4.0308 18.11141075637406 43.78270080621714 -7.2916 -1.9923975746503848 0
CAR 0.0 0 2.9370998262238626 1451.5268901485977 276.73422184708215 1688.9677388078255 437.8263699918441 1.7 1.9624 4.2616 24.52139096575503 -27.943983201845082 -6.4566 1.58896339585535 0
MOTORCYCLE 0.0 0 2.8887245533956647 1527.369107261119 344.55238561453837 1652.3241707146803 479.737573612595 1.7 0.8106 1.621 21.180191352954452 -26.61576505492553 -6.3809 1.5710430576065737 0
VAN 0.0 0 -4.230161251045553 -111637.21593712534 -5038.367832775356 13113.298668145546 27810.227392517536 2.3964 2.4699 4.5843 -0.6439737393300322 9.212181496094967 -6.1273 -2.926798604750006 0
TRAILER 0.0 0 -4.197410412708017 -9441.15350225744 778.7448190158802 -2136.997209549067 2476.7439021861364 2.564 2.814 6.1278 8.305874182324754 10.49772799028337 -6.1856 -2.9427125468726505 0
