VAN 0.0 0 -0.042955172357217686 1147.3361397771132 202.70787944929654 1269.7159994667022 277.64745290403135 3.0887 3.0353 7.0662 63.09993903871491 37.86507983267507 -5.5641 -1.418903573797595 0
CAR 0.0 0 -1.7131542789735594 1780.4050346870629 329.93463591875275 1898.0266418754222 423.03885744485245 1.661 1.8473 4.112 42.62929201253301 6.782613095075503 -5.6812 -3.0832454006018555 0
CAR 0.0 0 2.9485751713635637 1348.8352811197458 191.25319070382787 1511.5745438066917 305.4180315106776 1.7 1.937 4.0135 31.98293392122183 -28.47354012800589 -6.2264 1.5487642730096802 0
CAR 0.0 0 -1.2835682889665803 213.17817966651694 428.3255802686495 446.6416247719591 557.9002793764563 1.7 1.9714 4.0628 12.793551653144473 31.3458859015527 -7.4038 -1.877003294840088 0
CAR 0.0 0 -1.105100037388791 391.40428203781676 439.8370899346476 584.2083927076766 551.2090277851963 1.4656 1.3758 3.7786 15.081486193995374 28.711388030969875 -7.4477 -1.8856458483840466 0
VAN 0.0 0 -1.1441550491630355 246.01127536917312 323.2268215625591 535.4866590717653 491.195580666216 3.0074 3.0141 6.0193 16.843243692521924 35.94599217970027 -6.7457 -1.917786575270122 0
CAR 0.0 0 2.945912534633578 1400.7289395369799 229.37141897533442 1597.6622620220674 357.3018030477616 1.5329 1.947 4.1625 27.872940608321013 -28.15091107144114 -6.1782 1.5674036341292166 0
CAR 0.0 0 -1.4393330185445135 122.63655570606464 395.6051433037513 331.71761860305617 495.448440861393 1.5121 1.9339 4.1099 13.34876749823955 38.15322709237289 -7.6011 -1.9132188092271625 0
TRUCK 0.0 0 -1.6380889472459024 1763.5772613857184 270.81823385921314 1905.093565579119 391.37829623582235 3.3377 3.0755 3.0748 54.496743716440044 8.426230146643814 -5.9795 -3.031595390596638 0
PEDESTRIAN 0.0 0 2.9153735030197354 624.1555434991116 127.76429815198654 666.5910846404546 202.4806498723053 1.8579 0.9295 0.9471 41.41595455536778 -9.189765704790803 -6.0836 1.594447662458931 0
TRAILER 0.0 0 -1.6188676230608767 106.3487250829185 -38.34309211950403 321.85064623818823 104.25385886808587 4.1862 3.2286 10.2919 60.49439567132938 9.109571480110231 -4.2942 -3.062835902477131 0
CAR 0.0 0 -1.4653574995114391 75.4353323130328 339.22873216944237 249.47289578113566 415.5391090076799 1.5206 1.9327 4.0484 15.36411773859794 47.76158284459873 -7.4583 -1.8734535741965284 0
CAR 0.0 0 -1.3040877028529148 226.83938077894302 336.18791995468223 390.18691215431534 417.81499863089107 1.7 1.6238 4.0308 18.111453675989413 43.78270402314967 -7.2916 -1.9923975746503848 0
CAR 0.0 0 2.9726678941004776 1696.8054073455733 271.51682799221226 1972.8546363592397 426.7577511629963 1.7 1.9624 4.2616 24.818568805727395 -33.481762399842324 -6.4566 1.58896339585535 0
MOTORCYCLE 0.0 0 2.888489014349301 1526.2303095298612 344.62820235020274 1651.0949657635454 479.8479950556534 1.7 0.8106 1.621 21.176772568390938 -26.59334940612747 -6.3809 1.5710430576065737 0
VAN 0.0 0 -1.6859064285966467 1277.8473828195304 389.94396527307777 1499.8195039806947 574.1224184080296 2.3964 2.4699 4.5843 25.610401072506647 12.342821556932334 -6.1273 -2.926798604750006 0
TRAILER 0.0 0 -1.6621770493936676 1317.8173862539518 348.2404867637001 1546.5454311812252 520.853841624781 2.564 2.814 6.1278 30.796203809108196 13.379470234396377 -6.1856 -2.9427125468726505 0
