VAN 0.0 0 -0.03384159303988188 1150.2969995907677 198.23676571243513 1269.0985875012575 266.17417022754086 2.7763 2.7552 7.2016 63.068066437134554 37.80568696333171 -5.1699 -1.416192480697106 0
CAR 0.0 0 -1.693263243285876 1484.7613109249896 330.37856794278207 1603.3124420598226 415.0209109228277 1.7 1.9575 4.0881 41.899735829054585 14.185998115277325 -6.4594 -3.02834391244896 0
CAR 0.0 0 -0.8640601350373068 550.6047696045459 423.18167509249 670.0165401565924 491.59478972315566 0.9948 1.2858 2.4998 18.66219706710797 29.18550933227917 -7.372 -1.7929686485849812 0
PEDESTRIAN 0.0 0 -0.013568268293907115 3385.3306990802253 934.0569111392899 3871.829477573108 1170.71882981089 1.7 0.9483 0.6324 7.0434 -35.0259 -6.4597 -1.3017621272550564 0
TRAILER 0.0 0 2.8726763469929244 877.1717108940545 124.11333777109529 1235.5428654015127 710.8277090908641 4.449 3.1064 14.302 22.072500435410106 -16.85860082561675 -5.4278 1.6592613048013085 0
CAR 0.0 0 -1.0339877289316577 348.43141808496006 415.7971244140058 558.0611235023079 528.4385473455794 1.5443 1.9623 4.0978 15.657329153427565 31.152818717957267 -7.4616 -1.8023740043592795 0
TRUCK 0.0 0 2.5621330075510365 266.151879622795 203.44515191217485 587.3042062406333 551.6155184437425 4.1117 3.1104 3.5612 21.39986898442518 -8.462131029985708 -5.5624 1.6819620543193132 0
PEDESTRIAN 0.0 0 -1.3842830713836163 1121.8215356942912 373.36095313497947 1163.3321168065654 444.8454283180524 1.7091 0.758 0.7219 30.57352672747009 21.380281335387345 -6.9127 -2.611545737766429 0
PEDESTRIAN 0.0 0 -1.6847839019517774 1151.3399193254413 373.39842488416576 1193.4345290510655 446.93420590969885 1.7376 0.7422 0.7187 30.63337583813673 20.475076561262263 -6.8157 -2.9193361529274826 0
CAR 0.0 0 -1.6003257524286947 1718.0431342056027 254.43975941288983 1795.883057647829 304.7515785591464 1.5772 1.9628 4.1479 67.09491194566525 12.979209588493811 -5.7409 -3.013776834973142 0
CAR 0.0 0 3.0653900223085015 2314.6236014682577 214.0198798863248 2618.623260679801 324.65497712581634 1.543 1.9551 4.1131 29.393050872117744 -52.87891039943676 -6.1946 1.602812055582205 0
PEDESTRIAN 0.0 0 2.981639926868175 1129.4263489283555 137.46098114369204 1167.3461194606627 206.80718581672787 1.7 0.7538 0.7055 38.8435 -23.3073 -5.7976 1.5594767795872573 0
