VAN 0.0 0 -0.10101410827154478 1149.578604263369 202.45874555864583 1271.5052557624615 277.1278580826103 3.0887 3.0353 7.0662 63.37390043266905 37.89971091983117 -5.5641 -1.477576390199944 0
CAR 0.0 0 -1.680403322342904 1777.84251844033 330.19070027171625 1895.7261019729408 423.465927633889 1.661 1.8473 4.112 42.52211246473608 6.825201315640547 -5.6812 -3.0500607807103046 0
CAR 0.0 0 3.0081468164004375 1349.5589012589105 191.90449386385743 1512.805584865708 306.40533194403565 1.7 1.937 4.0135 31.90249689830793 -28.462230057599196 -6.2264 1.6087736008161464 0
CAR 0.0 0 -1.2799737537858125 209.18040410267054 429.24299318997276 443.65141664828496 559.3641962525791 1.7 1.9714 4.0628 12.698298633411438 31.310701417711726 -7.4038 -1.8673876289855698 0
CAR 0.0 0 -1.0824377244313719 380.8435102429781 442.13695935617136 575.892061025265 554.6511244878335 1.4656 1.3758 3.7786 14.819661896182017 28.66248110164067 -7.4477 -1.8503676822190267 0
VAN 0.0 0 -1.097041713575691 236.9701503792168 324.1096530563956 528.6560664843286 493.08443684000855 3.0074 3.0141 6.0193 16.621995335455537 35.93970035948342 -6.7457 -1.8587980939027253 0
CAR 0.0 0 2.971447881838453 1401.710638580517 230.10423631625866 1599.3042205791019 358.43752234020144 1.5329 1.947 4.1625 27.80117287467563 -28.144200593966875 -6.1782 1.5933728930092512 0
CAR 0.0 0 -1.3966254681002295 117.86849039866019 396.201357145177 327.7406150939103 496.35729548964673 1.5121 1.9339 4.1099 13.2412091502618 38.152987164930856 -7.6011 -1.8619935011827247 0
VAN 0.0 0 -4.208921818999146 -7538.2017896847465 520.0982206324646 -1568.5919778587065 1955.2783170851876 3.123 2.9994 5.9995 8.948043096628382 6.815234563860768 -4.9167 -2.9417688909331936 0
TRUCK 0.0 0 -1.6469925145891968 1758.3335640827572 271.7916816603353 1900.7870028270577 393.31559617353184 3.3377 3.0755 3.0748 53.98932895917407 8.500485758636188 -5.9795 -3.039293769531168 0
PEDESTRIAN 0.0 0 3.0103256558681517 619.2861878189368 127.4773347685733 661.9192459722456 202.13574233633707 1.8579 0.9295 0.9471 41.4639998133625 -9.04929988146405 -6.0836 1.6907205764568618 0
TRAILER 0.0 0 -1.5927136669704705 105.53294408675586 -38.469512556197344 320.9165378793413 103.89055943733109 4.1862 3.2286 10.2919 60.586468162274215 9.178280622773277 -4.2942 -3.0372104516385825 0
CAR 0.0 0 1.4161646239509578 380.7363965583494 40.406963894461256 451.74485132652796 89.19787776556056 1.7237 2.0206 4.126 72.54735668519021 5.243298137175874 -6.818 -0.0016624063706126633 0
CAR 0.0 0 -1.7481415878247215 1530.3990387981164 418.1347867673564 1697.5060043923286 550.2584259967011 1.5556 1.8854 4.2176 29.04761878300957 8.899613000997848 -6.2649 -3.0297518354763664 0
CAR 0.0 0 -1.6442859576150042 1660.9548997070963 289.12117406556644 1754.9292700919145 355.0062641941331 1.5712 1.8019 4.16 52.028578306022546 11.862427075226954 -5.809 -3.02943855624761 0
CAR 0.0 0 -1.8668090947888076 1124.8389368336723 526.7384234664081 1378.036186506077 750.5969807811997 1.7282 1.6724 4.4604 16.973680632711762 10.808556801484281 -6.4626 -2.9706858680711745 0
CAR 0.0 0 0.7782976793163634 105.36863870435867 209.2667437865372 331.2403049081384 346.2848216182691 1.7 2.482 4.675 31.28894238832934 -1.3569075461574545 -6.5583 0.09213218232254927 0
