CAR 0.0 0 4.461406338961595 1561.5245572683125 327.14812203762347 1652.639488964934 413.9667346731749 1.7 2.0096 4.0382 46.2951 12.1536 -6.8888 3.11655435550722 0
VAN 0.0 0 -0.3304816039095446 1147.0123217535074 187.3324082266689 1234.242638416625 262.89941002822195 3.1128 3.0226 6.773 72.9264 30.9305 -5.828 -1.7158531596828857 0
TRUCK 0.0 0 -1.3734932684257926 262.37074669540687 374.0580878143919 516.1837299429666 627.8144118080888 3.8081 2.9722 2.9156 20.507116042112823 35.326455201798 -7.0351 -2.0473228625974484 0
VAN 0.0 0 -2.1937774358407354 -869.647998814725 543.4526344196258 -33.45762103305289 1234.7236470791452 2.7252 2.5328 6.0568 14.14869403600658 6.974221250767052 -7.5934 -1.7877509125443358 0
BUS 0.0 0 2.161597594081285 428.95972844468434 202.9429170106005 736.1863708090661 359.8222477117796 3.6974 3.5688 12.6738 41.35263383394345 45.882930043138266 -5.9176 1.0263427992051692 0
CAR 0.0 0 2.697061797908243 1208.5030162665987 193.36529240660383 1407.0078903234487 318.65073256196627 1.7 1.967 4.5895 25.51329363857885 -19.47713385489333 -6.577 1.317956906484731 0
TRAILER 0.0 0 -0.3036863708679338 3038.27113811286 196.86041969394822 5926.862228337705 861.7219286641197 4.6414 3.6368 14.786 0.22032032568462512 -53.37823440575551 -6.1579 -1.763346625374898 0
TRUCK 0.0 0 2.6477283684789046 1766.5855971209505 181.49253805604192 2052.9115389181484 399.8012050847199 3.4115 2.7462 2.4608 16.746 -27.21339996645272 -5.8128 1.2258169406910011 0
CAR 0.0 0 2.6736791622293157 1463.3224305173178 275.6438936735956 1738.6310273624115 431.53048117316064 1.5441 1.9368 4.2225 17.8426 -20.5992 -6.7047 1.3186377821279618 0
BUS 0.0 0 -1.1458251463076232 276.3678408108657 247.9529883972602 733.9530768674942 480.35132589926343 3.8144 4.294 14.4415 32.9921 41.8438 -6.7673 -2.120489226164379 0
CAR 0.0 0 2.5452510645796007 826.5706654438583 204.14611608519365 968.5339027068909 334.1758074643873 1.7 1.7559 4.4079 27.726099087945798 -10.13300320694387 -6.7373 1.2634653150808441 0
VAN 0.0 0 2.9779574378446774 2733.774464060312 201.01698024373448 3389.2787227991003 407.1081143457621 2.3829 2.6598 6.0028 8.653370034364329 -49.348765044928285 -5.6352 1.5041920817351715 0
CAR 0.0 0 -1.1561786006098702 996.5184677136842 640.719008070747 1218.183884166468 910.2944931952565 1.7 2.0602 4.2454 18.641624442305076 20.137680552300925 -8.3962 -2.122798748936369 0
CAR 0.0 0 2.676432703981537 1566.249559769906 307.93285511098367 1934.9086101883381 512.17636324145 1.7 1.9879 4.7683 14.6432 -20.4419 -6.6494 1.333552304766139 0
CAR 0.0 0 2.6483532537986703 1883.398981764902 307.9786984134827 2260.0126150514184 482.00143166718715 1.5135 1.9357 4.3357 13.2682 -26.6938 -6.6523 1.2644279727318088 0
VAN 0.0 0 2.649239520519182 2196.6357041494757 270.09949437894767 2745.011541784661 490.9682955967961 2.0943 2.4031 5.4998 11.1554 -33.9905 -6.4152 1.2290361204144005 0
CAR 0.0 0 -0.38375468874848884 2764.062884622092 445.42565874891847 3447.498042020225 710.0346367751376 1.7 1.8668 4.13 4.190552610994946 -33.36993427833496 -6.915 -1.7722570175861114 0
BICYCLE 0.0 0 4.35128926661563 697.0608948115938 114.34974130047468 740.3057723857556 183.9354607094487 1.7185 0.8392 1.6951 41.395393645487985 -9.252376454745397 -6.3427 2.984313267049473 0
BICYCLE 0.0 0 2.5093887176679512 960.1573398422631 363.5798595178101 998.5816482521751 437.9820163032041 1.8147 0.6832 1.1965 36.59805778101194 29.192324496665385 -7.757 1.3265631903688766 0
OTHER 0.0 0 2.8916458598491923 2527.2540481779947 265.5802746186702 2990.9882291858034 430.4027549959647 1.7 1.956 4.407 9.81357305573496 -41.111001329359276 -6.175 1.4450837886021748 0
