CAR 0.0 0 4.317829951515563 1466.8288027417836 322.5570811598307 1528.9559468450943 400.3095444744681 1.5848 1.5393 4.034 46.7234037458185 15.225535374928874 -6.9916 2.9829474981030093 0
CAR 0.0 0 1.4261362143472773 -1395.1649059347574 533.5688075276996 -477.12111371952517 1048.6442420539588 1.7 1.9419 4.3933 14.437197172892656 9.83911050180348 -6.2196 2.2709846523939796 0
CAR 0.0 0 4.337772781657737 1585.6624415217134 321.26202238769133 1672.8664515122032 401.02121008114307 1.6092 1.9505 4.2191 48.87871076256824 11.316119585587687 -6.9696 2.9845130209103035 0
CAR 0.0 0 -1.1700187836583247 544.841257457184 389.21729224797457 704.8590053238211 494.68540126761496 1.538 1.8644 4.1936 29.216860840011265 36.15016237716076 -8.0185 -2.128934410194939 0
CAR 0.0 0 -1.3570078461436514 348.5127492153073 405.68685392372385 530.4922626597248 514.7542577650028 1.5398 1.908 4.1045 26.795265376458186 40.09316603191777 -8.3962 -2.123928987018862 0
PEDESTRIAN 0.0 0 -0.3866545080253663 3450.3324464875295 936.5782473069927 3849.0794996774084 1164.0839180313942 1.7 0.4338 0.5002 -0.5775 -21.8456 -6.7266 -1.6772143668761963 0
TRUCK 0.0 0 2.815282252027576 2162.53448420878 153.55237882201592 2560.681382339804 427.75710527746173 4.0512 3.03 2.5289 12.50110847904746 -32.6890021758505 -5.1666 1.364300103335136 0
CAR 0.0 0 4.310042378603213 1502.3392342675074 311.10579998992534 1561.6878854209374 376.4049108289675 1.3936 1.6751 4.618 52.93 14.0946 -7.3266 2.959475738275266 0
CAR 0.0 0 4.406670633183932 1610.5189765770222 300.7689603610695 1689.0574605730324 373.3145971192155 1.7 1.8675 4.4489 55.085 10.1373 -7.0682 3.0368570631059066 0
TRAILER 0.0 0 2.845545507048123 2166.950295355701 106.06426004826909 3555.0808263283598 534.9771186671652 4.1978 3.0224 13.9821 10.913067685419056 -40.768916847284814 -5.1618 1.377877573475603 0
