CAR 0.0 0 4.344903979543096 1562.111575016788 326.883667962266 1653.1739017746731 413.5568239480343 1.7 2.0096 4.0382 46.363004220872114 12.133398744306087 -6.8888 2.9997781404841044 0
VAN 0.0 0 -0.1956205034758356 1115.2724712037668 185.0532988707594 1202.8327541124586 259.1556334386361 3.1128 3.0226 6.773 73.47823430157928 32.801416294662026 -5.828 -1.5785158727392246 0
TRUCK 0.0 0 2.754816133369637 1706.6625929575403 180.58520468933526 1986.7626305687634 399.47504964170327 3.4115 2.7462 2.4608 17.16887967243258 -26.000248083382306 -5.8128 1.3375822033922815 0
CAR 0.0 0 2.5513192619828597 887.6505435871635 281.45928879123323 1084.3171374731485 448.8586919944899 1.5441 1.9368 4.2225 20.832995553788365 -9.289541685108004 -6.7047 1.3330809744577743 0
BUS 0.0 0 -1.164841712553812 297.58729718504776 256.0994646240269 768.7839671391772 506.2758459441002 3.8144 4.294 14.4415 31.714075067417525 39.7291656242888 -6.7673 -2.144944864220243 0
CAR 0.0 0 2.5893969042282756 1172.9258803465298 316.47440170914257 1476.1615040665238 534.4530942361303 1.7 1.9879 4.7683 16.372527452527596 -13.137032373431069 -6.6494 1.3267852944624803 0
CAR 0.0 0 2.660895842259452 1783.916599147004 313.9808043108461 2152.654967091637 493.6838941866976 1.5135 1.9357 4.3357 13.569212974325751 -24.395838319390197 -6.6523 1.2908234282716162 0
VAN 0.0 0 2.706247102154542 2187.396219302963 269.5280172275144 2733.0037491692606 490.0144548817426 2.0943 2.4031 5.4998 11.243845583067145 -33.85363745220245 -6.4152 1.2863865962287475 0
TRAILER 0.0 0 2.777158339679253 1814.4626979921034 122.11361358075104 2561.286388781149 467.9003378360012 4.1983 3.0119 9.4432 15.485010127722564 -31.786151229847064 -5.5448 1.3334645935531233 0
TRAILER 0.0 0 4.828975438811813 1694.4718204388005 -776.4295024211104 2389.668701673617 -327.8649415045364 3.8072 3.3433 7.7358 -18.998956979777017 26.547066740136916 -6.4136 3.006238776863091 0
BICYCLE 0.0 0 4.006363561043775 802.5681327569679 166.39179759257598 851.8197017430738 246.5736535931381 1.7142 0.8998 1.2689 33.4645 -10.3208 -6.5743 2.679422543851173 0
CAR 0.0 0 1.4360101222640342 418.1228976687493 36.45139394817255 469.4045410019435 80.6577625481801 1.5813 1.9585 4.1006 73.78616185257383 -2.60823485269124 -6.7996 -0.004686726912031126 0
MOTORCYCLE 0.0 0 2.6093278193378175 979.6968257522501 216.19169486215742 1064.8351702668203 313.89200815008326 1.6462 1.1594 1.9268 26.997298987308973 -12.929766102523335 -6.7353 1.2913770127670434 0
CAR 0.0 0 4.42826672666943 1724.0130357343432 306.32848954383326 1819.3450028936202 375.81861402122064 1.5535 1.9759 4.0961 55.087313914746154 6.29786252754146 -6.8684 3.047210286189498 0
OTHER 0.0 0 2.734998533554295 2531.409758382828 267.17287263341035 2998.3757088339094 433.1275912645766 1.7 1.956 4.407 9.71112682003705 -40.99987430274188 -6.175 1.288937799628554 0
