VAN 0.0 0 -0.06128074242023107 1151.2782892479715 202.57080663625413 1273.2672182002018 277.32527503965883 3.0887 3.0353 7.0662 63.36971685942336 37.793396335822976 -5.5641 -1.437993474107063 0
VAN 0.0 0 -1.7243514252830943 1506.8349099420673 355.22590594824646 1701.251525507083 525.7743325046582 2.5061 2.2666 5.3185 31.58186367467526 9.811118834532564 -5.9066 -3.0306989853775987 0
CAR 0.0 0 -1.8109262622493714 1234.4232024116443 447.5421669237574 1438.8353673155502 608.3192034782682 1.7 1.9666 4.1398 22.64935922413303 12.08609050966608 -6.3811 -3.0088288252199376 0
BICYCLE 0.0 0 -1.8022522524697147 1070.523993497723 439.0814420384414 1135.695554547179 568.0118625966559 1.455 0.6025 0.8913 17.727530559055097 -17.783456379946294 -6.2896 -2.945145701233959 0
CAR 0.0 0 -1.6481814013254836 1776.4001880549938 330.60393590724436 1894.586878985977 424.13540337219183 1.661 1.8473 4.112 42.404259362180724 6.839778260194618 -5.6812 -3.0174234966288638 0
CAR 0.0 0 3.013019596157668 1337.9835460793697 191.65545134378206 1499.5614632086695 306.13395566221203 1.7 1.937 4.0135 31.93271011060695 -28.169587311909964 -6.2264 1.6149400059223493 0
CAR 0.0 0 -1.203439977786042 210.10898961484602 429.24177680790166 444.4970145192741 559.356320560528 1.7 1.9714 4.0628 12.711595911564457 31.296900718092836 -7.4038 -1.7921101297431838 0
CAR 0.0 0 -1.0295053406137749 393.0691660817403 438.0908714307705 584.7341448621573 548.6328730414351 1.4656 1.3758 3.7786 15.190577251460176 28.846309298090716 -7.4477 -1.8133342874298124 0
VAN 0.0 0 -1.043598521401179 249.88134091517068 323.8552475334547 539.7143857431166 492.41402506770083 3.0074 3.0141 6.0193 16.861773364261786 35.7682316163578 -6.7457 -1.821277154144832 0
CAR 0.0 0 -1.3384114117480557 1201.7326906954765 -328.86763745605936 1300.9965162977337 -264.9108563745318 1.6185 2.5772 5.2097 -64.15183340664832 5.118122821144507 -6.6119 -3.141592653589793 0
CAR 0.0 0 3.027764394408865 1728.1824948250255 222.12715530298777 1967.0937181051877 342.9509026973583 1.5329 1.947 4.1625 28.533080613196713 -36.47656663168278 -6.1782 1.6079448596805241 0
CAR 0.0 0 5.012179558080079 1357.2403474096475 -488.8789059164558 1480.636364399112 -393.48331152204446 1.5559 1.9857 4.1439 -48.39988757018291 5.467130068395381 -8.682 3.1406323040528 0
CAR 0.0 0 -1.7142927837493682 1640.003821064497 336.3276898504947 1750.3954921890017 415.59295056081055 1.5654 1.9196 4.1235 45.4562120881571 10.743211951996127 -6.5847 -3.0678153663665255 0
CAR 0.0 0 -1.6938838142697257 1573.620311068614 278.0437490905657 1666.6119194797043 342.77634027292214 1.7 1.8085 4.5388 54.22587996322949 15.240909739573151 -5.9788 -3.0761246635286748 0
CAR 0.0 0 -1.2205398452442078 1301.4630529280967 -534.0969312834642 1433.3804216760782 -423.1515842873744 1.5373 1.9615 4.1776 -43.61051873215976 1.9226165223443212 -8.5341 -3.1271669706908947 0
CAR 0.0 0 -1.2205167829515406 1538.6190069893128 -612.1862315584578 1733.4177880222594 -470.4537822276504 1.5117 1.9409 4.126 -35.75037158472631 5.358864518671981 -8.2519 -3.109762181276535 0
CAR 0.0 0 -1.364109620209757 112.01534137072358 396.026220436938 322.2201946752501 496.1298183223864 1.5121 1.9339 4.1099 13.1523 38.2777 -7.6011 -1.8193646594160293 0
