CAR 0.0 0 2.9458166744623044 1323.1848761521596 193.2835164668341 1483.8368413423937 308.7600420693815 1.7 1.937 4.0135 31.7325413302899 -27.709882139374 -6.2264 1.5510382525586681 0
CAR 0.0 0 -1.2215924160735134 217.86396081246318 429.96483857225417 452.0811638115735 560.4407053102842 1.7 1.9714 4.0628 12.792136503841983 31.106069437117178 -7.4038 -1.8201623861801035 0
CAR 0.0 0 -1.0633934670122223 394.4206707561246 440.1777088189185 587.1526425853434 551.6940782619046 1.4656 1.3758 3.7786 15.108559852678294 28.634305974806846 -7.4477 -1.8465701910156123 0
VAN 0.0 0 -1.0338066749656256 242.53385109039235 322.4036250945577 531.3511796885041 489.5816329892668 3.0074 3.0141 6.0193 16.846185481668098 36.1533406858578 -6.7457 -1.8040050303749324 0
CAR 0.0 0 2.908633391025348 1306.5341785059977 234.43218647613912 1492.319458095912 366.12617450146615 1.5329 1.947 4.1625 27.410351594748082 -25.789812634455917 -6.1782 1.5482138769844158 0
TRAILER 0.0 0 0.020049539288235607 2823.6179026745594 170.92383643692656 5279.134930416436 849.6842236028733 4.1862 3.2286 10.2919 13.685518139372414 -48.16970354107165 -4.2942 -1.4315679485436985 0
CAR 0.0 0 2.9204345068320885 1405.720404180026 277.1679835224918 1635.2176466608726 439.02194267068467 1.7 1.9624 4.2616 24.509136197409955 -26.960998646953154 -6.4566 1.5798550217274272 0
MOTORCYCLE 0.0 0 2.8806968319526796 1524.9012476306543 344.7107465045047 1649.658499955449 479.96883824293167 1.7 0.8106 1.621 21.173106420882455 -26.567364193491382 -6.3809 1.5635222017560881 0
CAR 0.0 0 3.022759798363107 1778.1593902418094 306.3494742088242 2111.7385382070092 497.72507418238695 1.752 1.7066 4.5021 21.48604208728733 -32.90491244919133 -6.3051 1.6546732152024497 0
CAR 0.0 0 3.0413419832438473 1738.8239408220488 277.81375650789636 2032.2541191200185 435.02014513890896 1.6356 1.9585 4.5139 24.61986449570359 -34.39331400577813 -6.5383 1.6564487319189027 0
TRUCK 0.0 0 0.0071929855974099954 3334.4126820956562 347.0923257279823 4293.49383161559 686.5659406039686 3.3072 3.0001 3.4972 14.429296310642117 -53.76801087135072 -5.7424 -1.4301053464269944 0
CAR 0.0 0 1.784651923659134 1264.1821390402279 -329.4446114601707 1348.7648531380717 -267.63885184651855 1.7479 2.1574 4.4141 -67.4879 8.6671 -7.1261 -0.010319424834180245 0
CAR 0.0 0 3.027135260055606 2256.093868912849 301.59683826779565 2664.656029164474 466.30655441426575 1.5888 1.9932 4.2218 21.88489702529007 -43.2675063843756 -6.2836 1.6104035849024376 0
