CAR 0.0 0 4.461406338961595 1561.5245572683125 327.14812203762347 1652.639488964934 413.9667346731749 1.7 2.0096 4.0382 46.2951 12.1536 -6.8888 3.11655435550722 0
VAN 0.0 0 -0.3304816039095446 1147.0123217535074 187.3324082266689 1234.242638416625 262.89941002822195 3.1128 3.0226 6.773 72.9264 30.9305 -5.828 -1.7158531596828857 0
TRUCK 0.0 0 -1.3972257579524219 230.7652299196175 357.23447688791174 474.5662516736998 594.9868465000819 3.8081 2.9722 2.9156 21.426059219104385 37.22218100815317 -7.0351 -2.0473228625974484 0
VAN 0.0 0 -2.6704422437184374 -1603.5529958896948 559.8133483993523 -389.3786764136867 1299.7089596278468 2.7252 2.5328 6.0568 15.039277295040662 10.714835390055391 -7.5934 -1.8951827304590094 0
BUS 0.0 0 2.1740048866909847 479.685812970128 212.47206964742622 795.3346735601849 385.2629206527712 3.6974 3.5688 12.6738 39.247727233083516 41.99596509037984 -5.9176 1.0263427992051692 0
CAR 0.0 0 2.702677024826016 1240.7556000550724 192.57793639913552 1442.4436686555935 316.9400197111284 1.7 1.967 4.5895 25.380784251972976 -20.338336030276587 -6.577 1.317956906484731 0
TRAILER 0.0 0 -0.312259766712373 2884.0434490058224 200.09602402346283 5780.225742140134 904.3886435444031 4.6414 3.6368 14.786 1.1237865273705978 -48.883305905481514 -6.1579 -1.763346625374898 0
TRUCK 0.0 0 2.647728368401696 1766.5855965524675 181.49253809661363 2052.911538351458 399.80120517806427 3.4115 2.7462 2.4608 16.746 -27.213399949858832 -5.8128 1.2258169406910011 0
CAR 0.0 0 2.6736791622293157 1463.3224305173178 275.6438936735956 1738.6310273624115 431.53048117316064 1.5441 1.9368 4.2225 17.8426 -20.5992 -6.7047 1.3186377821279618 0
BUS 0.0 0 -1.1458251463076232 276.3678408108657 247.9529883972602 733.9530768674942 480.35132589926343 3.8144 4.294 14.4415 32.9921 41.8438 -6.7673 -2.120489226164379 0
CAR 0.0 0 2.563971236337057 892.7623995573771 205.14506151871805 1041.7679691787653 334.96669316122455 1.7 1.7559 4.4079 27.203709552848363 -11.580429886974725 -6.7373 1.2634653150808441 0
VAN 0.0 0 2.978221941134408 2737.473317240832 200.7374598208967 3392.5879064390733 406.3982368046053 2.3829 2.6598 6.0028 8.643329603131603 -49.49888547471502 -5.6352 1.5041920817351715 0
CAR 0.0 0 -1.1910000660919131 830.1384135129406 591.9739126257265 1052.626059199691 825.1317794424999 1.7 2.0602 4.2454 19.548574090111696 23.148841387218184 -8.3962 -2.122798748936369 0
CAR 0.0 0 2.676432703981537 1566.249559769906 307.93285511098367 1934.9086101883381 512.17636324145 1.7 1.9879 4.7683 14.6432 -20.4419 -6.6494 1.333552304766139 0
CAR 0.0 0 2.6483532537986703 1883.398981764902 307.9786984134827 2260.0126150514184 482.00143166718715 1.5135 1.9357 4.3357 13.2682 -26.6938 -6.6523 1.2644279727318088 0
VAN 0.0 0 2.649239520519182 2196.6357041494757 270.09949437894767 2745.011541784661 490.9682955967961 2.0943 2.4031 5.4998 11.1554 -33.9905 -6.4152 1.2290361204144005 0
CAR 0.0 0 -0.407038990062081 2527.692844835164 460.75869037477236 3190.920583099192 742.6209798354538 1.7 1.8668 4.13 5.112404137632631 -28.83034544121119 -6.915 -1.7722570175861114 0
BICYCLE 0.0 0 2.518480080654532 1010.6235332816669 372.39965318528033 1049.8067152087067 449.0070297628712 1.8147 0.6832 1.1965 36.14491120909075 27.467442510517525 -7.757 1.3265631903688766 0
BICYCLE 0.0 0 4.349953082309463 685.0770893663679 113.00840850240175 728.0381427188784 182.22068040633621 1.7185 0.8392 1.6951 41.758041889199596 -8.954953891071991 -6.3427 2.984313267049473 0
OTHER 0.0 0 2.8916452605390206 2527.245919177278 265.5807074759913 2990.9798262887175 430.4036396092401 1.7 1.956 4.407 9.813607322910899 -41.110764540217716 -6.175 1.4450837886021748 0
