VAN 0.0 0 -0.02414894018498215 1152.132705884453 202.71686589937497 1274.2738066676443 277.6008676577512 3.0887 3.0353 7.0662 63.3044 37.7007 -5.5641 -1.4008436983789376 0
TRAILER 0.0 0 3.057296915914866 1978.0246215158493 141.39100133647617 2827.6442287808586 466.1214635394894 3.3784 3.4486 11.6024 25.788400000000003 -44.5713 -5.4833 1.607797639799007 0
VAN 0.0 0 -0.22516216150447232 1975.5266549893042 448.3529385219905 2677.0530045111577 843.9520036718566 2.4742 2.2545 5.383 14.574821950909065 -32.10229019534279 -6.8547 -1.5259892902409578 0
VAN 0.0 0 -1.7131831315578991 1598.191512696064 302.79702930204945 1743.7097223403118 424.23940525713 2.5061 2.2666 5.3185 43.152 11.0252 -5.9066 -3.07177948351002 0
TRUCK 0.0 0 3.0491472713970995 1762.7243332080636 164.8140912964499 2197.6447618879033 413.51635401783113 3.5225 3.6418 4.7722 25.3768 -36.3279 -5.4368 1.6209232594911147 0
CAR 0.0 0 2.5624716844706956 646.7347035187292 194.31862988547456 754.0441993517892 319.2319992289955 1.6999 1.9706 4.412 32.006731147675836 -11.493946114993788 -6.344 1.3383269382367935 0
MOTORCYCLE 0.0 0 -1.7557705868009565 1515.2826606321744 339.0799700814602 1555.0639808843566 404.25854537218294 1.7 0.647 0.6935 40.6043 14.103 -6.2977 -3.0892327760299634 0
CAR 0.0 0 -1.7211758752010382 1536.705329487101 311.00686308990953 1644.6240459421558 386.7278201264775 1.7 1.9666 4.1398 46.9737 14.2439 -6.3811 -3.0770070002730305 0
TRUCK 0.0 0 -1.437934240874929 385.02499115728295 572.8038227323093 854.2603267977532 1163.0074185547953 3.7838 2.9175 2.9276 6.559107406599816 11.99474004620924 -5.8292 -2.0835938003675385 0
BUS 0.0 0 -0.8684324579063805 321.6920272195619 283.37401618757235 725.4661207312222 483.5903151231487 3.5244 2.84 10.3328 20.150599844351937 34.16330002612188 -6.2138 -1.8215895708039374 0
CAR 0.0 0 2.9351218967623036 1581.292419536831 317.2642785808235 1882.5037849933028 513.0078237499 1.7885 1.936 4.1812 21.0304 -28.775199992774326 -6.3142 1.5984642161224918 0
TRAILER 0.0 0 -3.3480542075515163 -118734.87754220601 478.4674227624621 -2408.5438406382164 16347.716278995196 4.0038 3.0233 11.3683 8.985327635835695 18.61702252213707 -5.939799999999999 -1.9458108179106042 0
VAN 0.0 0 3.0472532376886208 2220.2397478503112 214.5095857653028 2904.411565175409 498.68490706860825 3.0142 2.9998 6.4302 21.6279 -43.8758 -5.5653 1.6122570075125129 0
PEDESTRIAN 0.0 0 3.048157348786894 1289.5913288571155 353.4868733791952 1325.5947452398407 419.5385169854493 1.7 0.5372 0.8386 35.8542031722648 19.035437050902758 -6.7322 1.7645325550078208 0
PEDESTRIAN 0.0 0 3.0206241963307425 1171.668779256555 337.4694290240399 1212.6071763351217 402.61917306180254 1.7 0.74 0.9001 34.81485721172903 22.324341319680826 -6.5499 1.7505168928616632 0
PEDESTRIAN 0.0 0 3.0200834764629194 1220.3037177864085 351.977846362633 1252.5906333291625 415.59616995489785 1.7 0.5608 0.655 35.4094 21.1156 -6.8773 1.7500539681940235 0
CAR 0.0 0 3.103555380434563 2540.287704332953 279.40677552491974 2994.576704724203 444.7226783043708 1.7728 1.9945 4.2516 22.396500002992102 -50.272300165945175 -6.13 1.6620912556300997 0
PEDESTRIAN 0.0 0 3.0671700130829107 1388.4759991374658 355.65370671413103 1424.2481928184682 424.3741046250579 1.7 0.491 0.746 35.87130756862314 16.103602516498313 -6.427 1.7666769358870078 0
