CAR 0.0 0 1.9556637557141525 472.6942859488711 161.69821350828573 578.1113564209536 262.7267722107074 1.5683 1.9824 4.1753 35.861169369936604 -2.933317786809096 -6.7242 0.7664505975936736 0
CAR 0.0 0 2.732632812294125 1708.3283779227172 441.2594942034182 1909.0338852041966 626.5042110240876 1.6094 1.8776 4.9449 28.096734367958508 10.271620011103508 -6.2139 1.4472794380291134 0
CAR 0.0 0 -2.0154266483245604 308.7957198254484 765.0581278724407 708.4019092286228 1140.750385414329 1.5083 1.8983 4.1522 11.790404078813635 25.023316244427512 -8.1788 -2.5190723661853576 0
CAR 0.0 0 -1.192166045081784 1090.5167108882647 698.1152239006684 1316.3641499989496 998.2332799848938 1.4958 1.977 4.1388 17.022504216180153 18.39732625969414 -8.1989 -2.156452532970008 0
TRAILER 0.0 0 -0.21203316172617748 3932.5875249973665 159.36504994913813 5578.396069870776 466.8129563352938 3.4934 3.115 10.3352 -3.424287599081401 -82.41660777876909 -5.0918 -1.7195019127797606 0
CAR 0.0 0 -1.5278275682659934 264.09081353295454 476.6972699135185 500.27595402021615 624.5572853590602 1.508 2.0028 4.001 20.783433275327006 35.95575540811646 -8.2196 -2.141131007046688 0
MOTORCYCLE 0.0 0 2.7983207988472105 1514.3854322764385 336.6607336914813 1669.496527622605 475.00224594382195 1.6332 0.8894 1.834 15.211398784775188 -17.793712690979337 -6.5953 1.476332299180062 0
CAR 0.0 0 2.836450055561631 1400.5432455666105 225.6374275923867 1663.5492007468827 380.0226858493429 1.654 1.8689 4.1757 18.699795427424867 -19.480700746565063 -5.8865 1.4589234827140753 0
CAR 0.0 0 2.737027669272301 1272.1480960077524 171.5950670744788 1483.1930940154177 302.1289420976381 1.8284 1.8307 4.868 25.182018283812337 -21.106390294957908 -6.1655 1.3347066254717057 0
CAR 0.0 0 2.765720109137966 1768.0062869039186 303.51962112681787 2139.1567707650597 493.5624679985533 1.7 1.7312 4.5344 13.838 -24.3783 -6.639 1.394397955834217 0
PEDESTRIAN 0.0 0 2.830545735835741 1660.050168744933 357.65905276064575 1714.735531772256 435.10295782497104 1.7 0.84 1.0688 40.30846322675874 10.637980395599849 -6.3875 1.4902160803572406 0
CAR 0.0 0 2.7230356728394653 2003.6076435197765 307.2345422538774 2406.252411000157 491.8427026048681 1.7 1.6226 4.5676 12.539874937827262 -29.225846895801194 -6.7663 1.329991552531325 0
VAN 0.0 0 -1.2356359555274574 499.7936294812969 447.88098809856706 743.9758232776779 637.4990253906545 2.0921 2.2958 4.814 22.637165482747108 31.38677830166713 -7.8814 -2.0976734452399306 0
CAR 0.0 0 -1.6119063823653894 124.10910411969066 360.883860665484 304.21009492076905 457.33632779540864 1.7 1.8129 4.0976 28.022548803662474 49.51783356108759 -8.412 -2.098775480781578 0
CAR 0.0 0 -1.4160050844180692 284.47179801469144 361.5516900691002 451.42083902663313 454.9214883337381 1.5898 1.7895 4.1594 29.538113152506924 45.22991028322139 -8.2277 -2.153667325235009 0
