CAR 0.0 0 2.7579062641214884 1338.6125536178017 199.66053606253988 1535.2948889463783 311.6517770241845 1.5683 1.9824 4.1753 25.091124588302932 -22.974955629311637 -6.7242 1.3619526991615318 0
CAR 0.0 0 2.761952476012576 1238.6974437751262 210.77621624398876 1477.9297898290479 356.1316061345077 1.6094 1.8776 4.9449 21.97842329353461 -18.069397868756575 -6.2139 1.3949195604692837 0
CAR 0.0 0 -1.446709424936273 235.2847612282901 424.38149010147845 447.4368809157047 546.3325661822569 1.5083 1.8983 4.1522 23.59695052992393 39.98765208652967 -8.1788 -2.0652867606668317 0
CAR 0.0 0 -1.3369370593024508 417.57904163768245 424.16268151465187 608.6461897761177 543.6059567178559 1.4958 1.977 4.1388 25.498766729709896 36.641561853588165 -8.1989 -2.156508072983521 0
TRAILER 0.0 0 -0.27145327169859534 2753.5218531001933 209.2834292426296 4766.003587198651 773.2179743031119 3.4934 3.115 10.3352 2.921228211725877 -38.38862210087688 -5.0918 -1.7195019127797606 0
CAR 0.0 0 -1.739619018564326 129.3901974641186 382.35075910625255 325.2404880307212 482.7229577578428 1.508 2.0028 4.001 25.83426947103024 46.33513344947023 -8.2196 -2.228397469646404 0
MOTORCYCLE 0.0 0 2.798703470679106 1512.3201750134133 335.60705639799824 1666.8206666584244 473.5481492546454 1.6332 0.8894 1.834 15.270866211891825 -17.8037490929291 -6.5953 1.476332299180062 0
CAR 0.0 0 2.783931876481793 1402.8877935772691 226.24677806128025 1666.8188106664907 381.0365121870109 1.654 1.8689 4.1757 18.639490796355282 -19.490241864171313 -5.8865 1.4065636051542454 0
CAR 0.0 0 2.8068601680350445 1596.5323722341734 171.09193217239326 1846.7736515825309 296.3940386423912 1.8284 1.8307 4.868 23.012559608674817 -29.67678763681429 -6.1655 1.369607898386195 0
PEDESTRIAN 0.0 0 2.7347343606599805 464.04225809454323 154.41567214702712 504.1541504107577 227.9683440827701 1.7 0.7052 0.9487 38.53200871233408 -2.149641144552972 -6.715 1.539277545606912 0
CAR 0.0 0 2.765720109137966 1768.0062869039186 303.51962112681787 2139.1567707650597 493.5624679985533 1.7 1.7312 4.5344 13.838 -24.3783 -6.639 1.394397955834217 0
CAR 0.0 0 2.7416979021584975 2225.081090348847 305.30804425423213 2659.7888992280377 485.16472186470924 1.7 1.6226 4.5676 11.2199860808153 -33.893635211742634 -6.7663 1.329991552531325 0
CAR 0.0 0 -0.40890502575332266 1992.617976265528 469.4256720936449 2646.103839793236 804.7620536212711 1.7 1.8024 4.8041 7.157857955325723 -20.656770865087744 -6.8769 -1.7141218927926827 0
VAN 0.0 0 -1.3066741739864578 294.25460815625297 350.6144520442591 501.2237767611354 474.9897227615238 2.0921 2.2958 4.814 28.5211 43.0114 -7.863 -2.0802228104013043 0
