VAN 0.0 0 -0.035370323575520946 1147.9101499508954 202.71456555437413 1270.2689944029253 277.65290620504624 3.0887 3.0353 7.0662 63.12045649368372 37.84295645818615 -5.5641 -1.4114024759719594 0
TRAILER 0.0 0 2.9777741676007525 1257.4742670449255 146.94491774672687 1779.8327190055543 519.2386459557304 3.3784 3.4486 11.6024 24.636318048728736 -25.748088358897018 -5.4833 1.615510736805473 0
VAN 0.0 0 -1.706960817707429 1600.3825624002511 302.0821824225595 1745.205241032016 422.8928271692635 2.5061 2.2666 5.3185 43.377880928650185 11.025784275056106 -5.9066 -3.0663557118638796 0
TRUCK 0.0 0 2.9199900063264126 1015.0170954748818 173.0248021166308 1297.6238190799252 450.29990769575727 3.5225 3.6418 4.7722 24.339112686889706 -19.72741792325709 -5.4368 1.6086305826325205 0
CAR 0.0 0 -1.7478163606333046 1532.4985901631871 312.6127539519871 1641.484855871339 389.1784830735908 1.7 1.9666 4.1398 46.46548048208208 14.21951502830046 -6.3811 -3.1019631316146827 0
BUS 0.0 0 -0.5228046777072184 658.2237542639875 355.62144647615753 1139.3090513755708 683.419167077601 3.5244 2.84 10.3328 18.3658212741202 18.615056455787418 -6.2138 -1.5871697300856753 0
VAN 0.0 0 2.8710738974784493 1073.5283808277443 225.8550978420015 1407.1798539289794 557.5855038758558 3.0142 2.9998 6.4302 20.861522221510754 -20.100087294939595 -5.5653 1.6017484396537855 0
BICYCLE 0.0 0 -1.1469964388751037 809.0814564160784 174.40701921794223 834.1988055015967 240.25450792632037 1.455 0.6025 0.8913 36.68323175703815 -14.18393720836227 -6.2896 -2.470962799178619 0
CAR 0.0 0 1.9620623997706015 -451.9332810547396 464.0001082553455 50.95450099500365 801.2453094425142 1.6332 1.7321 4.4876 15.607107479872983 -3.1631600079412703 -6.3283 2.2388933750182964 0
CAR 0.0 0 -1.723076200203228 1783.5681893067733 329.9480429701482 1901.0567720756196 423.0367764853785 1.661 1.8473 4.112 42.690678478561296 6.718592134479916 -5.6812 -3.093492692234448 0
MOTORCYCLE 0.0 0 -1.7221348225965623 1511.1924792993545 342.4351092591065 1562.9433472192352 411.58806224583526 1.7 0.7138 1.6517 41.1377080115072 14.170454587717964 -6.5238 -3.0527780599336807 0
CAR 0.0 0 2.9524459448236433 1347.1174475174007 192.85523753737286 1510.6477590690315 307.88019578523733 1.7 1.937 4.0135 31.785600000000002 -28.3542 -6.2264 1.554161860999463 0
CAR 0.0 0 3.0359123366008016 1950.7042913621156 271.4423611438687 2210.698265649655 398.16809611956495 1.4668 1.6524 3.5756 25.22193289522477 -39.09991304290849 -6.3814 1.624041943715655 0
CAR 0.0 0 -1.1863666854967008 212.14265559338386 428.7825079540023 446.0232998372649 558.6231257821752 1.7 1.9714 4.0628 12.759692634465608 31.313986163258146 -7.4038 -1.7780935580836401 0
CAR 0.0 0 -0.8957626034424814 462.9942138787756 368.94271940817595 632.1314181633868 458.2168904810922 1.5178 1.8289 3.9952 20.129413292613826 33.97165053697047 -7.2359 -1.8222023443571238 0
VAN 0.0 0 2.9867799872975267 2331.1758867170606 235.40227588518894 2862.3965813124537 463.17005563000424 2.5358 2.0016 5.2596 22.178543426015857 -45.79293634557715 -5.713 1.54807136555209 0
