CAR 0.0 0 4.344903987949113 1562.1115930420262 326.8836598419553 1653.17391818198 413.5568113628705 1.7 2.0096 4.0382 46.36300630856721 12.133398123224481 -6.8888 2.9997781404841044 0
VAN 0.0 0 -0.1956205803886235 1115.2715114479533 185.0532298776167 1202.8318034868948 259.1555202628564 3.1128 3.0226 6.773 73.47825126756094 32.801473815427684 -5.828 -1.5785158727392246 0
TRUCK 0.0 0 2.7398664072751773 1733.7409832405338 180.5035792872059 2016.061165504373 398.6583258614343 3.4115 2.7462 2.4608 17.018737972159816 -26.596951891154713 -5.8128 1.320131568553655 0
CAR 0.0 0 2.603080240086654 1046.5637950011994 279.2115827580661 1265.355868059135 442.9762680529131 1.5441 1.9368 4.2225 20.086856322167694 -12.300035566922325 -6.7047 1.3330809744577743 0
BUS 0.0 0 -1.1799952251351866 300.31278078168094 255.8324924562041 769.9044871802861 505.2832477648771 3.8144 4.294 14.4415 31.79633137371625 39.73369767160056 -6.7673 -2.1623981769175518 0
CAR 0.0 0 2.6168563777835696 1283.6383106409917 313.6390514726879 1605.8185443652724 527.3453034559118 1.7 1.9879 4.7683 15.925372566075442 -15.139909760139489 -6.6494 1.3267852944624803 0
CAR 0.0 0 2.6656656563370484 1825.5504685343399 313.5108225747298 2200.038305154203 492.28534303658176 1.5135 1.9357 4.3357 13.34489092650457 -25.211036746959138 -6.6523 1.2908234282716162 0
VAN 0.0 0 2.7072044395569677 2201.2299507609273 269.53021381743747 2749.2531019319367 489.72809363153414 2.0943 2.4031 5.4998 11.155429628427617 -34.14509872726382 -6.4152 1.2863865962287475 0
TRAILER 0.0 0 2.7612545952497904 1837.1114654505634 122.3520641605937 2591.3962795530706 467.3436502192165 4.1983 3.0119 9.4432 15.32354568945136 -32.33377310891016 -5.5448 1.3160139587144968 0
TRAILER 0.0 0 4.8320871437835695 1769.0008345072663 -851.3369309128317 2567.0391371537235 -343.7557849330869 3.8072 3.3433 7.7358 -17.018310631460363 26.17270962642568 -6.4136 3.006238776863091 0
BICYCLE 0.0 0 4.006363561043775 802.5681327569679 166.39179759257598 851.8197017430738 246.5736535931381 1.7142 0.8998 1.2689 33.4645 -10.3208 -6.5743 2.679422543851173 0
CAR 0.0 0 1.4093395858587427 410.72908192137857 45.8477300735489 465.39480521278074 93.73441408970011 1.5813 1.9585 4.1006 68.90913981927362 -2.1464021182046427 -6.7996 -0.004686726912031126 0
MOTORCYCLE 0.0 0 2.632177805489939 1094.2497639844416 219.16129645385467 1187.5785260289324 316.9693702397599 1.6462 1.1594 1.9268 25.959089274825118 -15.415756567233997 -6.7353 1.2913770127670434 0
CAR 0.0 0 4.432808268828886 1711.5217158396724 297.09255360006404 1800.841517839134 362.4464549416658 1.5535 1.9759 4.0961 57.593381897584734 6.396658185648228 -6.8684 3.047210286189498 0
OTHER 0.0 0 2.7348616928937157 2533.991510132717 267.77140165920736 3002.3028304333047 434.136646813903 1.7 1.956 4.407 9.666046672718297 -40.98096705331217 -6.175 1.2889377996285545 0
