VAN 0.0 0 -0.035366530752438674 1147.8900088011344 202.70788549883287 1270.2408961685887 277.64004584946383 3.0887 3.0353 7.0662 63.124256768275956 37.846564031167645 -5.5641 -1.4114024759719594 0
TRAILER 0.0 0 2.6631308655780677 78.64674993238918 168.22038874094991 596.0157139342757 646.9232345519753 3.3784 3.4486 11.6024 21.96251737735173 -7.847196081318771 -5.4833 1.871440226391361 0
VAN 0.0 0 -1.706986502522501 1600.2305656762042 302.0917423414781 1745.0690659153222 422.91217171536374 2.5061 2.2666 5.3185 43.372117232760395 11.028401362382034 -5.9066 -3.0663557118638796 0
TRUCK 0.0 0 1.7608097020864792 -422.0214222111617 230.01885336514167 185.14650700048267 612.2992664752716 3.5225 3.6418 4.7722 19.800970162997352 -2.1197324957493757 -5.4368 1.9576772234497786 0
CAR 0.0 0 -1.7477888714340142 1532.527525983089 312.57921697537887 1641.4936438567556 389.12764912148384 1.7 1.9666 4.1398 46.47455787457088 14.221427904028511 -6.3811 -3.1019631316146827 0
BUS 0.0 0 -1.377653755497548 -618.8360933756385 184.36451707364375 100.30105407737706 601.6579927172423 3.5244 2.84 10.3328 24.572485475878217 2.3927872178668785 -6.2138 -0.8545157616026829 0
VAN 0.0 0 1.112107901894264 -3087.4879431014797 446.49607878230955 -706.9150928053069 1331.4140250165208 3.0142 2.9998 6.4302 11.763033904715835 3.641798502403134 -5.5653 2.2121432126028004 0
BICYCLE 0.0 0 -1.1470100516431254 809.1210421397867 174.42690191805303 834.2401214919247 240.27891168832826 1.455 0.6025 0.8913 36.68050285198333 -14.184961398444457 -6.2896 -2.470962799178619 0
CAR 0.0 0 -1.7229888576769938 1783.5602920268923 329.8086667737178 1900.968862429015 422.81476867482013 1.661 1.8473 4.112 42.72066969571976 6.723514483807319 -5.6812 -3.093492692234448 0
MOTORCYCLE 0.0 0 -1.7221256378974765 1511.2685093815387 342.438424222948 1563.019525260877 411.59212364407915 1.7 0.7138 1.6517 41.13876184524259 14.168568294511077 -6.5238 -3.0527780599336807 0
CAR 0.0 0 2.9524459448236433 1347.1174475174007 192.85523753737286 1510.6477590690315 307.88019578523733 1.7 1.937 4.0135 31.785600000000002 -28.3542 -6.2264 1.554161860999463 0
CAR 0.0 0 2.848472171594478 1184.5475238360416 288.8889436409737 1343.8139484196408 431.1605895600799 1.4668 1.6524 3.5756 24.254737164407995 -22.000496731612284 -6.3814 1.5542287736358769 0
CAR 0.0 0 -1.1863574234204854 212.15518067681865 428.7936123404912 446.04263834591046 558.640453777049 1.7 1.9714 4.0628 12.759409672237021 31.312645815859575 -7.4038 -1.7780935580836401 0
CAR 0.0 0 -0.5853347922045637 956.5556742873056 515.9748360340643 1175.044941362232 682.7181103361711 1.5178 1.8289 3.9952 18.07703965651446 14.995907422064803 -7.2359 -1.6471031060754777 0
VAN 0.0 0 2.921282801920112 1267.1844071361606 255.99676184097387 1554.6400099230887 526.1845557190812 2.5358 2.0016 5.2596 20.909631787600617 -23.031101713994673 -5.713 1.617841990084924 0
CAR 0.0 0 3.033506422269819 2010.6370985323088 253.7966323386491 2334.812405944565 402.93703875014137 1.6434 1.7018 4.5628 25.163893908117714 -40.87478922478566 -6.2183 1.6118282031938205 0
CAR 0.0 0 3.0279028619882595 1983.0384760844013 310.9348348576381 2303.876508703143 466.53056978859297 1.4475 1.6209 3.887 21.793417895413516 -36.97627091863787 -6.2681 1.6357937855337488 0
VAN 0.0 0 -1.445116405900951 71.49731950091872 267.4043227463739 173.9463641148991 317.13893909110317 1.7 1.5386 3.3297 21.804249557782995 69.80998508751259 -7.5647 -1.8436813340996476 0
CAR 0.0 0 -1.1840467719771925 240.33014927813787 339.765241102888 386.2548909943805 409.285122811383 1.4656 1.3758 3.7786 18.71645914213679 44.831619527152824 -7.4477 -1.8825397648181768 0
