VAN 0.0 0 -0.06128078619588573 1151.2780694385467 202.57081551038337 1273.267021832299 277.32529541995785 3.0887 3.0353 7.0662 63.36970091518903 37.79339980109553 -5.5641 -1.437993474107063 0
BICYCLE 0.0 0 -2.1301015623168653 1519.2717944572412 1385.4040061377937 1825.927709405435 1762.0579135307914 1.455 0.6025 0.8913 4.927773067445079 -17.974316019645688 -6.2896 -2.9424028968686495 0
CAR 0.0 0 -1.6516471860156345 1778.979335255539 330.92095494585794 1897.2339912711411 424.6218292445835 1.661 1.8473 4.112 42.38859987020731 6.777268343764803 -5.6812 -3.020962222908735 0
CAR 0.0 0 3.013019609494679 1337.9841377436844 191.65552905525277 1499.5621809899978 306.1340687320492 1.7 1.937 4.0135 31.93270054883943 -28.169599311245683 -6.2264 1.6149400059223493 0
CAR 0.0 0 -1.2034396862476497 210.10919385280943 429.2417537885471 444.4971842670936 559.356283147156 1.7 1.9714 4.0628 12.711599778065287 31.296900038980617 -7.4038 -1.7921101297431838 0
CAR 0.0 0 -1.0295056628256072 393.06810800180085 438.0901177387687 584.7327511751755 548.6317712052308 1.4656 1.3758 3.7786 15.190598765128957 28.846395076380187 -7.4477 -1.8133342874298124 0
VAN 0.0 0 -1.0602147789897112 236.43000374560958 324.13946377737295 528.2184471049487 493.15113178937423 3.0074 3.0141 6.0193 16.610556027603863 35.94342549623236 -6.7457 -1.821277154144832 0
CAR 0.0 0 -1.366838331668698 1085.33350463921 -249.51544887469134 1142.2438633965126 -211.8667371834653 1.6185 2.5772 5.2097 -97.56334718339382 6.131997097102299 -6.6119 -3.141592653589793 0
CAR 0.0 0 2.987655140315835 1407.2180312286143 228.9691470738026 1604.8539000580843 356.6118610196914 1.5329 1.947 4.1625 27.91081780020506 -28.31951959945427 -6.1782 1.6079448596805241 0
CAR 0.0 0 4.967148764952789 1121.1159052714715 -324.0144174604155 1176.9413134908614 -277.5272204921603 1.5559 1.9857 4.1439 -82.33277953051717 4.736654757336063 -8.682 3.1406323040528 0
CAR 0.0 0 -1.7597453347409682 1507.9414864557561 452.2310901996447 1686.9515908668777 598.248787707481 1.5654 1.9196 4.1235 26.944191371589962 8.60225753227018 -6.5847 -3.0154554888066953 0
CAR 0.0 0 -1.6847354966833055 1443.118636216288 337.5367260798191 1578.4330279220283 436.50056181846077 1.7 1.8085 4.5388 36.35855909554242 13.432931532853962 -5.9788 -3.0063114934489015 0
CAR 0.0 0 -1.267322333724897 1085.2775302664147 -335.9800104901068 1143.1459269843403 -285.5313332385762 1.5117 1.9409 4.126 -75.38088823568704 1.3797069317789494 -8.2519 -3.109762181276535 0
CAR 0.0 0 -1.364109620209757 112.01534137072358 396.026220436938 322.2201946752501 496.1298183223864 1.5121 1.9339 4.1099 13.1523 38.2777 -7.6011 -1.8193646594160293 0
CAR 0.0 0 -1.6749141154474727 1596.152006013222 357.8209177370921 1730.550640963346 454.3344458351875 1.5404 1.9796 4.1381 37.683948187479984 9.948905684224405 -6.1749 -3.007665396882673 0
CAR 0.0 0 -1.6679377324203706 1550.717828876362 297.62469798558686 1649.3477769744604 359.40946872169616 1.4297 1.9111 4.1493 50.12071484680112 14.831104378755267 -6.1459 -3.0369523043851006 0
CAR 0.0 0 4.968490303016301 1148.884205971722 -379.15614206269606 1225.7341672450611 -313.3481767365141 1.5642 1.972 4.1857 -62.46186053272602 1.7365919459354795 -7.9971 3.1144344235112906 0
EMERGENCY_VEHICLE 0.0 0 -1.6164093593642734 1637.6931743068021 281.8593007185326 1773.281185612357 372.1234567626898 2.0202 2.5494 5.842 50.40696563832422 11.60261041191506 -5.7294 -2.9992309864463906 0
CAR 0.0 0 1.0614355994112168 221.53053585123834 163.69332883700625 367.3961218943896 259.0471769604588 1.534 1.968 4.0552 37.88398355788031 -0.6497660714605877 -6.5733 0.1047197551196598 0
CAR 0.0 0 -1.8123254457300213 1245.8535214902283 472.23772369720507 1451.3676348170409 628.6436825066921 1.5231 1.9803 4.185 22.56690525223023 11.765273573758536 -6.7201 -2.9987283293858296 0
CAR 0.0 0 0.5687306669501128 42.346423735795796 268.6599165649296 276.09776486591215 428.88280358430103 1.7 1.9759 4.002 26.34738488551363 -2.1688481686729384 -6.5901 0.1201010544769874 0
VAN 0.0 0 -1.5800207883364847 1683.8262745998325 216.89276574373716 1809.03783141938 311.79346429077907 3.123 2.9994 5.9995 64.98200421062974 13.160667303634913 -4.9167 -3.001966313430247 0
