CAR 0.0 0 4.344909726895162 1562.1238993055558 326.8781159126142 1653.1851198073568 413.5482191938208 1.7 2.0096 4.0382 46.36443166547958 12.132974084791053 -6.8888 2.9997781404841044 0
VAN 0.0 0 -0.195673103327487 1114.616472788826 185.00614058837343 1202.1829843107657 259.07827757897115 3.1128 3.0226 6.773 73.48983465407412 32.840745652123694 -5.828 -1.5785158727392246 0
TRUCK 0.0 0 -1.1611666643789018 -51517.921243037 -22563.005489254323 84688.89685354041 21891.77602131812 3.8081 2.9722 2.9156 4.357466932197008 21.344813695116464 -7.0351 -2.9680624405360256 0
CAR 0.0 0 1.3051771086311867 352.37082994861464 134.97859282939936 447.62086316272104 235.71668641761448 1.7 1.967 4.5895 39.53528229246201 -0.05225657459694899 -6.577 0.16471018950639593 0
TRUCK 0.0 0 2.7608415686356738 1782.0436834542993 181.45513140986753 2069.632126400976 399.3530807030769 3.4115 2.7462 2.4608 16.658673569178944 -27.555672637561724 -5.8128 1.3375848610735979 0
CAR 0.0 0 2.672163415646178 1464.508029518069 273.8313552643162 1738.3502505552374 428.51887298928415 1.5441 1.9368 4.2225 17.95408015492883 -20.72813894499046 -6.7047 1.3156383118550223 0
BUS 0.0 0 -1.155146430299411 282.76052290883035 253.6354033280437 752.7352170463969 498.6475132432472 3.8144 4.294 14.4415 31.985579336310938 40.502206700656245 -6.7673 -2.127496849041455 0
CAR 0.0 0 1.2424602528044013 348.17932335116376 81.46278783895794 412.4799649665305 150.63786596538242 1.7 1.7559 4.4079 53.93288146042555 0.3830548480772813 -6.7373 -0.0349065850398866 0
CAR 0.0 0 2.6704309859867474 1570.3327945427616 307.6570853103972 1939.4055851722783 511.6062047712579 1.7 1.9879 4.7683 14.634180074411642 -20.531327458376555 -6.6494 1.3267852944624796 0
CAR 0.0 0 2.707807306427199 1891.6950421186175 312.6539505403542 2275.0449286715448 489.8786076610676 1.5135 1.9357 4.3357 12.990057093039466 -26.52740624693201 -6.6523 1.3257352487004688 0
VAN 0.0 0 2.742977273825481 2201.9322000401326 267.961546791724 2746.8996908251647 486.56650584555223 2.0943 2.4031 5.4998 11.232292128052231 -34.32044078066019 -6.4152 1.3212931812686368 0
VAN 0.0 0 -0.3294396051666115 3012.996703696479 315.77596500650174 4067.1411594157494 663.6252691018109 2.7252 2.5328 6.0568 2.9459247642691824 -41.93412123066584 -6.1749 -1.7657681287947185 0
TRAILER 0.0 0 2.781437165046639 1878.9891711339592 122.83464943916783 2647.176747767934 466.4682830331889 4.1983 3.0119 9.4432 15.018526774357035 -33.34480251041423 -5.5448 1.33346725123444 0
TRAILER 0.0 0 -3.748049617624866 -286217.0091518716 -9577.276794660447 49917.830643313275 93698.99963010558 3.8072 3.3433 7.7358 11.161039072067362 25.098824184934706 -6.4136 -2.5264549519589337 0
BICYCLE 0.0 0 4.006363561043775 802.5681327569679 166.39179759257598 851.8197017430738 246.5736535931381 1.7142 0.8998 1.2689 33.4645 -10.3208 -6.5743 2.679422543851173 0
CAR 0.0 0 1.3889335239792315 427.7186705064108 33.0819886270841 478.5289725037032 76.5396873155232 1.5812 1.954 4.102 74.63270131246824 -3.1034089278051242 -6.7166 -0.06254397204589136 0
CAR 0.0 0 -0.45697473725499815 2311.6035730450326 473.3730131584025 2936.9898168492336 756.0953811473074 1.5356 1.9913 4.1053 6.013634763125175 -25.200480216758475 -6.8917 -1.7996717894500955 0
OTHER 0.0 0 2.769950774446275 2526.4946477961626 266.4696834736109 2991.6479201646057 431.97217177652584 1.7 1.956 4.407 9.776905303234887 -40.98034130828463 -6.175 1.323823241191711 0
