MOTORCYCLE 0.0 0 2.8671458345702816 1517.7441053038397 335.0735220422776 1672.5169774522763 472.7520152706635 1.6332 0.8894 1.834 15.265698608305206 -17.919428989347463 -6.5953 1.5435531208983042 0
CAR 0.0 0 2.929189119173601 1381.736009218121 226.9335380376445 1643.4510930115796 382.53879473107855 1.654 1.8689 4.1757 18.710065226020735 -19.0205463240929 -5.8865 1.55528535101477 0
CAR 0.0 0 1.391937361294641 406.5550498667694 89.74120912588288 487.0769655270739 178.8222445814593 1.8284 1.8307 4.868 45.306063932326346 -1.5560411385670747 -6.1655 0.11016796393222196 0
CAR 0.0 0 2.848797844821179 1752.1399700395364 301.87948955056066 2118.740751356198 490.9194807791915 1.7 1.7312 4.5344 14.017206891872664 -24.18004862165162 -6.639 1.4782455116673214 0
CAR 0.0 0 2.9020521293105777 2072.0545407337327 301.84066662759807 2478.516321767496 481.452825829111 1.7 1.6226 4.5676 12.36837419546255 -31.047100323319057 -6.7663 1.5002918376385186 0
CAR 0.0 0 -3.8439719103216525 -22896.25695391237 1847.1557578672866 -4645.575485039317 7010.970047734721 1.7 1.8129 4.0976 11.09256604486252 24.94622865266886 -8.412 -2.6120314484750704 0
CAR 0.0 0 -2.6598106091214673 -973.5696056163245 735.4745548336793 -300.1908839491439 1240.6601187780468 1.5898 1.7895 4.1594 13.745241457483923 8.767085088815412 -8.2277 -2.113128683393416 0
CAR 0.0 0 -1.7348906105853228 1474.4441224200175 320.9361204406921 1536.21268427776 397.84826410079927 1.5848 1.5393 4.034 47.2148371804714 15.011839373397166 -6.9916 -3.0721193112778926 0
CAR 0.0 0 -1.3481034227091233 842.1701055078327 579.6446082138744 1020.7918262283124 761.6048996283203 1.2805 1.5163 4.0841 20.537136797380448 23.764158737698487 -8.3229 -2.298955555078059 0
CAR 0.0 0 -2.1597916141763447 378.30828187372083 521.492684038595 613.8819992870434 704.6744063791311 1.7 1.6536 4.0658 19.299909569188475 31.78773081136513 -8.2573 -2.8471922238885337 0
CAR 0.0 0 2.872420772826085 1656.5494859624587 260.1814768230089 1962.4908225053575 418.84252456076007 1.7 1.9869 4.3341 17.024286387371625 -25.077063198124893 -6.6115 1.485498200037067 0
CAR 0.0 0 -0.3197854486519842 3044.5089981035385 430.43436299789886 3763.40615234002 679.0326799491515 1.6547 1.9661 4.2116 2.89757370379718 -39.03288828023127 -6.9014 -1.7305019282883631 0
CAR 0.0 0 3.033928983819244 2373.2104235372153 259.47789157535794 2802.008698607582 420.30796888275495 1.7 1.9419 4.3933 11.260830100888812 -38.73609429781744 -6.2196 1.592485645964467 0
CAR 0.0 0 -1.7136837387712618 1603.4488535786875 290.98121352308056 1678.9549705092995 356.0102793440778 1.6092 1.9505 4.2191 57.58421129283449 10.22212368030087 -6.9696 -3.090318317252118 0
CAR 0.0 0 -1.7000626803890235 1497.3528859956582 280.2745227672581 1561.6506731755321 346.36438442256946 1.7 1.9624 4.4376 57.31128410300553 14.178849281606947 -6.8839 -3.0693585669112906 0
VAN 0.0 0 -0.5324183575247985 1648.2933727393863 410.32231073275835 2510.0491050797555 932.392398292586 2.5997 2.5313 6.0978 7.632171889445294 -15.827871509299886 -6.3639 -1.796695854243611 0
