VAN 0.0 0 -0.03536756662161156 1147.895509524228 202.70970988547498 1270.2485700534746 277.643558119242 3.0887 3.0353 7.0662 63.1232188255169 37.84557871966664 -5.5641 -1.4114024759719594 0
TRAILER 0.0 0 2.952108629013423 1015.7279659428345 149.56842718550575 1404.8675383129719 540.892329675764 3.3784 3.4486 11.6024 24.200688430433633 -20.107416497221717 -5.4833 1.6504178323532304 0
VAN 0.0 0 -1.7069794866476247 1600.272081582124 302.0891311858346 1745.1062602814698 422.9068879988338 2.5061 2.2666 5.3185 43.37369143129923 11.027686575193467 -5.9066 -3.0663557118638796 0
TRUCK 0.0 0 2.8619180092844516 694.337672110316 180.86969826686013 944.5359422936563 475.28912843026205 3.5225 3.6418 4.7722 23.5526307262596 -14.097584061051254 -5.4368 1.6609950508045164 0
CAR 0.0 0 -1.7477963783525532 1532.519623991023 312.5883755482274 1641.4912439645022 389.1415311528642 1.7 1.9666 4.1398 46.472078629038926 14.220905453488527 -6.3811 -3.1019631316146827 0
BUS 0.0 0 -0.259613043405571 986.5290751057973 392.11914693676346 1459.3332565411004 797.1586495375838 3.5244 2.84 10.3328 19.1414332180307 12.141103097124715 -6.2138 -1.3958299353812371 0
VAN 0.0 0 2.8008954624472726 444.9042004044982 249.43795216765187 754.4287840284707 633.040446229813 3.0142 2.9998 6.4302 19.29980701267285 -11.412438352617112 -5.5653 1.8282329423355863 0
BICYCLE 0.0 0 -1.1470063336409078 809.1102298314529 174.42147122571194 834.228836584155 240.27224612794072 1.455 0.6025 0.8913 36.68124817898457 -14.184681668480033 -6.2896 -2.470962799178619 0
CAR 0.0 0 -1.723012700297168 1783.5624488095507 329.8467134061876 1900.992860494943 422.87536887131085 1.661 1.8473 4.112 42.71247882693171 6.722170121215932 -5.6812 -3.093492692234448 0
MOTORCYCLE 0.0 0 -1.7221280568502628 1511.248484818474 342.43755113832657 1562.9994617293337 411.59105396574677 1.7 0.7138 1.6517 41.138484291763646 14.169065097018247 -6.5238 -3.0527780599336807 0
CAR 0.0 0 2.9524459448236433 1347.1174475174007 192.85523753737286 1510.6477590690315 307.88019578523733 1.7 1.937 4.0135 31.785600000000002 -28.3542 -6.2264 1.554161860999463 0
CAR 0.0 0 3.046531733657372 1773.0742744319946 285.10179192986755 2019.1429349566588 420.2622625308366 1.4668 1.6524 3.5756 24.241617646179186 -34.34238535569755 -6.3814 1.6589485287555414 0
CAR 0.0 0 -1.1863597386591112 212.15204969867662 428.7908365105545 446.03780418089457 558.6361221807781 1.7 1.9714 4.0628 12.759480404265325 31.312980862309438 -7.4038 -1.7780935580836401 0
CAR 0.0 0 -0.9234899021448907 547.1102952940224 406.30286391952177 733.2353968095309 513.2228699084731 1.5178 1.8289 3.9952 18.833079682996477 28.125705783781903 -7.2359 -1.8744622077730138 0
VAN 0.0 0 3.0508891490186594 2031.4784651461546 239.9844504147234 2501.6883251392665 478.1167895667686 2.5358 2.0016 5.2596 21.883144283764224 -38.86484671426151 -5.713 1.635284630061744 0
