CAR 0.0 0 2.6863781863588656 1340.95202888812 200.009871732755 1538.1431131249497 312.1685804784554 1.5683 1.9824 4.1753 25.03690703833235 -23.00676800665548 -6.7242 1.2904051040461615 0
CAR 0.0 0 2.6468641501958245 1379.80327346262 208.0378841557207 1636.790713929231 349.32465885351615 1.6094 1.8776 4.9449 21.338506603838354 -21.435107917706354 -6.2139 1.2570095736052027 0
CAR 0.0 0 -1.299638083434998 220.76071252168651 422.24535223794527 433.4447229471897 543.2206719071521 1.5083 1.8983 4.1522 23.603547738420314 40.433410275941824 -8.1788 -1.9008039597235955 0
CAR 0.0 0 -1.1064245757112994 392.0399249391146 425.37698015661323 586.8670198665293 545.6936918936079 1.4958 1.977 4.1388 25.150438246996323 37.03801167331294 -8.1989 -1.900855273565694 0
TRAILER 0.0 0 -1.9466313864130975 -218.952739449721 200.46132603364228 447.7104658020975 1003.4788090829492 3.4934 3.115 10.3352 14.74448864531219 1.6828869279201308 -5.0918 -2.305709637142886 0
CAR 0.0 0 -1.4563094319539094 116.05976290150718 382.2683034670472 313.30649337578956 482.71983715515904 1.508 2.0028 4.001 25.689724978031986 46.62035515751713 -8.2196 -1.921975704819857 0
TRUCK 0.0 0 -1.541170616772666 446.19071912321414 440.59830950662644 751.8565015458684 807.4729136465228 2.4532 2.2469 1.9737 11.658162764154026 -1.5365159933753056 -5.6178 -2.313813219219564 0
MOTORCYCLE 0.0 0 2.606082887136176 1533.6401752152217 334.3588174505331 1689.5468314968462 471.6057878191339 1.6332 0.8894 1.834 15.211395732178376 -18.223026543164575 -6.5953 1.2795230550680976 0
CAR 0.0 0 2.6297930519945467 1394.2510137699403 227.727679184053 1658.470388335985 383.7191652081784 1.654 1.8689 4.1757 18.577104243166747 -19.224294640498666 -5.8865 1.2547721101000144 0
CAR 0.0 0 -0.3296485227822139 2629.6903466080034 412.2763507325615 3411.192746433189 716.9701668279944 1.879 2.4204 4.7456 4.72706975576363 -31.657718852774337 -6.6157 -1.718096202236218 0
CAR 0.0 0 2.730069646716303 1991.1460431125424 170.31657894985636 2283.6702130379495 289.2167244213097 1.8284 1.8307 4.868 20.170007007200354 -41.004331221394864 -6.1655 1.2652991384422807 0
PEDESTRIAN 0.0 0 2.8558189903176063 574.1558962022963 133.59865627811314 609.8433640684627 213.13776382986345 2.0064 0.6591 0.733 39.654358507076175 -5.1847021265187 -6.5861 1.5692703461305249 0
TRAILER 0.0 0 -0.36623453802832073 2348.6987392583897 405.629053468445 3242.94592586583 795.1655784807494 2.3003 2.4332 5.4943 5.496235305765886 -26.820249760575585 -6.5644 -1.7290502305878765 0
