VAN 0.0 0 -0.040643950833426645 1141.6951488037728 203.40111939392398 1265.3071551634318 279.0866643930485 3.0887 3.0353 7.0662 62.372496960729606 37.74982594268626 -5.5641 -1.4149697506383534 0
CAR 0.0 0 -3.164731060145062 -448.8890021631552 273.3694968366534 -73.66084825174296 471.0386814821785 1.661 1.8473 4.112 22.46335737596149 1.9089740388091794 -5.6812 -2.5691715845122243 0
CAR 0.0 0 3.0232435284844015 1354.6350477899919 193.15333373318617 1519.3403528113347 308.2648026486294 1.7 1.937 4.0135 31.749367902099074 -28.537256188797166 -6.2264 1.6242341597410155 0
CAR 0.0 0 -1.250589338664207 200.47167745608624 428.56237968015733 435.22585221052236 558.352996057847 1.7 1.9714 4.0628 12.60202638870848 31.512182312409692 -7.4038 -1.826574111919186 0
CAR 0.0 0 -1.0703748916303941 382.9321428391064 439.94039161249754 576.541659262698 551.4061074845248 1.4656 1.3758 3.7786 14.95418982513981 28.831096788320806 -7.4477 -1.8424388529812492 0
VAN 0.0 0 -1.0439315693882492 244.02625126765327 322.56818873661103 532.8817498581158 489.8944189878621 3.0074 3.0141 6.0193 16.8593238165714 36.0982951560043 -6.7457 -1.8157902456131392 0
CAR 0.0 0 2.977064999354803 1400.7269843836668 231.11054097927308 1598.8729316485396 360.0202938492641 1.5329 1.947 4.1625 27.703710488049644 -28.080702648588797 -6.1782 1.5999076178923881 0
CAR 0.0 0 -1.360872545958682 115.0737000600261 394.93838829432815 324.2730318828938 494.5027537846541 1.5121 1.9339 4.1099 13.254514525627306 38.37594502357059 -7.6011 -1.8219666918375406 0
TRUCK 0.0 0 -1.6921972209105038 1713.7741209245291 323.2181829921086 1906.6799210428326 494.90062389703735 3.3377 3.0755 3.0748 39.007173984835724 6.9310322477974875 -5.9795 -3.0431558715193896 0
PEDESTRIAN 0.0 0 3.1201138117575073 618.9934426666514 127.49800891260905 661.6449878005974 202.16474063800226 1.8579 0.9295 0.9471 41.459994287059125 -9.041709758274315 -6.0836 1.8006514064715926 0
TRAILER 0.0 0 -2.388042948671127 -124.13672410952721 -15.073705490670031 217.65596538973614 187.51839895563955 4.1862 3.2286 10.2919 44.88523682432115 7.567003357687658 -4.2942 -3.05217703626572 0
CAR 0.0 0 -1.4323441570394728 69.53917870791582 341.3946932253052 245.5165466700915 418.6651267369787 1.5206 1.9327 4.0484 15.10249214993907 47.434078946635815 -7.4583 -1.826875486489279 0
CAR 0.0 0 -1.1442472951823743 209.14753537979155 337.22146768448346 374.46767333488515 419.4140964177552 1.7 1.6238 4.0308 17.670966839947244 43.93941648452151 -7.2916 -1.8037533996333603 0
CAR 0.0 0 2.9523521948256275 1401.8967345382853 276.8037851670604 1630.4390996308239 438.4692379906608 1.7 1.9624 4.2616 24.538822193784227 -26.892033312372224 -6.4566 1.6121176661405914 0
MOTORCYCLE 0.0 0 2.9520701538169654 1544.5383041616678 345.21351616064226 1671.410484003827 480.511615546874 1.7 0.8106 1.621 21.13394431875681 -26.903928166510156 -6.3809 1.632072091436402 0
TRAILER 0.0 0 -3.3367900505752353 -426.353355333356 199.24267608359227 -17.367011299290976 424.55961985211536 2.4731 2.3456 5.5455 26.975180223025383 4.221003194665796 -5.965 -2.7419767387140856 0
CAR 0.0 0 3.0357075082915927 2010.4391241348264 296.14693811256416 2380.135024016979 477.43964524204017 1.752 1.7066 4.502 22.042231738714428 -38.16265814352646 -6.3051 1.6383132896588795 0
