CAR 0.0 0 1.6549024454944643 368.3148259194732 52.04852465963468 449.92634492830564 109.49037791187034 1.7 1.937 4.0135 61.40151749558485 2.5707662006243903 -6.2264 0.2769478986028073 0
VAN 0.0 0 -2.5891315014601792 -2207.1905814804836 555.5171747934755 -471.0486731869621 1357.3311777074027 3.0074 3.0141 6.0193 12.000233862866931 1.942101860057019 -6.7457 -1.6819056695430228 0
CAR 0.0 0 2.920518122510221 1405.4050151708143 276.99171234898273 1634.7178719931064 438.73802732793484 1.7 1.9624 4.2616 24.5227945684013 -26.96000052313079 -6.4566 1.5798550217274272 0
MOTORCYCLE 0.0 0 2.8807349435115084 1525.1312052529952 344.70969829310803 1649.9110968542548 479.96581862765686 1.7 0.8106 1.621 21.17302354053213 -26.57149634982372 -6.3809 1.5635222017560881 0
CAR 0.0 0 3.0227898633390953 1778.1670278377921 306.30226899427265 2111.699720992696 497.643692785966 1.752 1.7066 4.5021 21.489097434043476 -32.90719798307044 -6.3051 1.6546732152024497 0
CAR 0.0 0 3.036128012566211 1724.92329385747 283.6779429576321 2021.3640575112188 444.77137756981926 1.6356 1.9585 4.5139 24.17195004395912 -33.78621578501971 -6.5383 1.6564487319189027 0
CAR 0.0 0 1.784651923659134 1264.1821390402279 -329.4446114601707 1348.7648531380717 -267.63885184651855 1.7479 2.1574 4.4141 -67.4879 8.6671 -7.1261 -0.010319424834180245 0
CAR 0.0 0 3.013991237610414 2112.90115005605 306.6221466995638 2502.389396536018 476.1118295815135 1.5888 1.9932 4.2218 21.628709568172415 -39.925264417172414 -6.2836 1.6104035849024376 0
PEDESTRIAN 0.0 0 3.2249422723631347 1512.7502376480954 377.92115317204156 1554.632335797336 449.90434620385435 1.651 0.5088 0.9606 36.11811599768585 12.700371065168506 -6.6051 1.9174778364964447 0
CAR 0.0 0 -1.2372710854065925 113.28452424494033 379.9787465946217 326.7519255364341 476.32139768397695 1.4933 1.9845 4.3346 13.71350790099133 39.38748757677261 -7.4122 -1.7143042624112637 0
CAR 0.0 0 -1.1340650764398168 1581.393131014273 267.5385010684683 1662.9330161209875 321.26927163866736 1.7 1.9861 4.2709 64.08094584564098 17.57000131353737 -6.5167 -2.525856650466217 0
CAR 0.0 0 3.227100607620676 2763.6083123879366 284.4547461733185 3193.3987509503777 421.4088855219416 1.5642 1.9836 4.1622 24.265502244237886 -58.65689575513287 -6.6467 1.7737371163127353 0
CAR 0.0 0 2.586046007178841 648.8751026123022 324.0091800064418 807.4812725100091 407.4119809309494 1.7 1.9565 4.7638 27.164359178963107 34.56159479121578 -6.9364 1.4784007069046419 0
CAR 0.0 0 -0.5478255780358889 928.118538190015 577.993227675864 1201.855490337832 966.0832033837004 1.6932 1.9814 4.11 12.63061665206589 -16.183278777654905 -6.6873 -1.4880126992984255 0
VAN 0.0 0 2.5200313533477425 663.3099336863017 128.32939277930058 818.0779775279117 332.47664965215995 3.1128 2.997 6.1486 32.31963883266779 -12.511689038134653 -5.7625 1.2406925915852007 0
