VAN 0.0 0 -0.061280662295267074 1151.2786915773108 202.57079039344413 1273.267577623232 277.3252377364716 3.0887 3.0353 7.0662 63.369746043048195 37.79338999314059 -5.5641 -1.437993474107063 0
VAN 0.0 0 -1.6965260110428821 1555.3257482218312 327.98394092915134 1723.884543719631 472.1202837200805 2.5061 2.2666 5.3185 36.86941896504002 10.35581131284062 -5.9066 -3.0306989853775987 0
CAR 0.0 0 -1.72273768326352 1392.8171353014254 376.3839996522885 1544.9207792247723 489.2931432460589 1.7 1.9666 4.1398 32.02807457494279 12.961666841475214 -6.3811 -3.0088288252199376 0
BICYCLE 0.0 0 -1.7545569467405062 988.3586866757985 351.28381364430436 1036.937418852425 458.99728684523933 1.455 0.6025 0.8913 21.61706923661203 -17.094471948062044 -6.2896 -2.945145701233959 0
CAR 0.0 0 -1.6517242413099578 1776.6045001683312 330.6446508026501 1894.8056004770801 424.1988095097382 1.661 1.8473 4.112 42.3996796206259 6.83427990418957 -5.6812 -3.020962222908735 0
CAR 0.0 0 3.0130195717461747 1337.982463123723 191.65530910421714 1499.5601494142547 306.13374870430295 1.7 1.937 4.0135 31.932727612045404 -28.16956534885396 -6.2264 1.6149400059223493 0
CAR 0.0 0 -1.2034405114054132 210.10861578657543 429.24181894152423 444.49670382026625 559.3563890403348 1.7 1.9714 4.0628 12.711588834491504 31.29690196110996 -7.4038 -1.7921101297431838 0
CAR 0.0 0 -1.0295047508513555 393.0711027577258 438.0922509639002 584.7366958212749 548.6348898076517 1.4656 1.3758 3.7786 15.190537873787658 28.84615229328475 -7.4477 -1.8133342874298124 0
VAN 0.0 0 -1.0353989669910184 242.18526073624113 323.8151361948414 532.8735153995412 492.42717373015023 3.0074 3.0141 6.0193 16.733159923131232 35.904849985146356 -6.7457 -1.8038238616248883 0
CAR 0.0 0 -1.3282671933414114 1283.1484794446612 -374.9773712685952 1412.3648284464311 -294.0183255734853 1.6185 2.5772 5.2097 -53.639211345392766 5.4308471114294985 -6.6119 -3.141592653589793 0
CAR 0.0 0 3.045796374090888 1930.9588172375059 218.72620825223947 2194.2879282791714 335.8136182704059 1.5329 1.947 4.1625 28.855498056159362 -41.92536020615822 -6.1782 1.6079448596805241 0
CAR 0.0 0 -1.2774639929166391 1190.8788261867724 -411.93980412443284 1281.0101683159457 -336.2796446832956 1.5153 1.9251 4.1636 -55.02425880239563 1.6033618413190647 -7.8343 -3.141592653589793 0
MOTORCYCLE 0.0 0 -2.0770882408837057 1064.4706152541507 647.192505230767 1178.5309104083435 814.4849721842062 1.6612 0.7676 1.4656 13.858 11.1417 -7.0617 -3.071714846133773 0
CAR 0.0 0 5.0322366949600985 1527.6063207687293 -609.1441080444371 1713.7302973765702 -471.60535355483734 1.5559 1.9857 4.1439 -37.66190047639782 5.968326668520879 -8.682 3.1406323040528 0
CAR 0.0 0 -1.7025512442132769 1656.4477419256211 321.43911903543056 1758.515137595895 393.4547777160119 1.5654 1.9196 4.1235 49.390487467702144 11.195129511132093 -6.5847 -3.0678153663665255 0
CAR 0.0 0 -1.685393513029214 1593.1151409833537 269.0075915037913 1680.028536312859 329.0376781056381 1.7 1.8085 4.5388 58.20697251530431 15.638736576010878 -5.9788 -3.0761246635286748 0
