CAR 0.0 0 1.7116389965431404 386.5485881956709 33.50413484396374 457.80807198252586 83.4192769784622 1.7 1.937 4.0135 69.5668299608316 4.110368036251243 -6.2264 0.2769478986028073 0
CAR 0.0 0 2.920525432699809 1405.3835481456201 276.9776028685713 1634.6823335092201 438.715262726966 1.7 1.9624 4.2616 24.523886648490382 -26.960000258931768 -6.4566 1.5798550217274272 0
MOTORCYCLE 0.0 0 2.8807318937857014 1525.1425316821417 344.717000747727 1649.9257892851633 479.9756109948255 1.7 0.8106 1.621 21.172620996587284 -26.57149819328815 -6.3809 1.5635222017560881 0
CAR 0.0 0 3.022789876382976 1778.1670335169267 306.30224895450965 2111.6997074637075 497.64365820843767 1.752 1.7066 4.5021 21.489098729939684 -32.90719900168917 -6.3051 1.6546732152024497 0
CAR 0.0 0 3.037708735771996 1724.7177103169884 281.1386788802787 2018.7381078029587 440.6095856801148 1.6356 1.9585 4.5139 24.367155991053693 -33.90982988087037 -6.5383 1.6564487319189027 0
CAR 0.0 0 1.784651923659134 1264.1821390402279 -329.4446114601707 1348.7648531380717 -267.63885184651855 1.7479 2.1574 4.4141 -67.4879 8.6671 -7.1261 -0.010319424834180245 0
CAR 0.0 0 3.0137285968843974 2108.441491238973 306.439461121854 2496.911229031936 475.8591247848839 1.5888 1.9932 4.2218 21.643335445721142 -39.84488464366093 -6.2836 1.6104035849024376 0
PEDESTRIAN 0.0 0 3.2245094481415095 1513.2831708521192 379.0742451873594 1552.4956202620685 449.58696011661505 1.651 0.5088 0.7486 36.1982 12.7417 -6.6371 1.9174778364964447 0
CAR 0.0 0 -1.2255335367400546 127.52427985769026 406.3624311250984 359.77628615610416 516.0006714701083 1.4933 1.9845 4.3346 12.697564349579777 35.52183009329989 -7.4122 -1.7143042624112637 0
CAR 0.0 0 -1.2112272907753534 1565.6210835137265 275.61826348114425 1652.1298951844553 333.0854397755329 1.7 1.9861 4.2709 60.16978388052709 17.100368377945067 -6.5167 -2.5956592221694477 0
CAR 0.0 0 3.2234417877734574 2610.695776550866 273.7699691189941 3037.8825029915733 417.0318633948929 1.5642 1.9835 4.1622 23.509831352233448 -53.36602349353854 -6.199 1.7737371163127353 0
CAR 0.0 0 2.525762242944869 492.6059002197836 293.77271825299243 640.2698223382175 363.11921732489265 1.7 1.9565 4.7638 27.762095860945138 44.20142212405983 -6.9364 1.4784007069046419 0
CAR 0.0 0 -0.2695656882180155 1569.9764626954964 530.0947430497882 2029.1302072384296 864.2152841753069 1.6932 1.9814 4.11 13.43479069967177 -24.549473389526394 -6.6873 -1.4705620644597983 0
VAN 0.0 0 2.246116825978522 528.0761411949229 116.34767738159238 703.3691793491711 309.53743427498307 3.1128 2.997 6.1486 34.13841116259781 -9.531553327417578 -5.7625 0.9963464963059939 0
CAR 0.0 0 -1.587749889047397 1707.8874127752865 267.7974553455578 1783.9092762022308 320.2511240483549 1.7 1.9526 4.1684 68.84274955053935 13.558113184178982 -6.5514 -2.992172382108163 0
