CAR 0.0 0 2.7719792862090094 1350.0069220400833 199.81132651871084 1547.9524799438707 311.7554003408621 1.5683 1.9824 4.1753 24.993989109031826 -23.255598491080825 -6.7242 1.374687618788377 0
CAR 0.0 0 2.7623419735064956 1240.8228115979991 210.72452239318443 1480.3215019211161 356.0106606776107 1.6094 1.8776 4.9449 21.969956028502644 -18.119644581437342 -6.2139 1.3949195604692837 0
CAR 0.0 0 -1.4467764626121453 234.99674904732345 423.9945982275806 446.9538619486092 545.7462500935892 1.5083 1.8983 4.1522 23.621023953705915 40.024788023229014 -8.1788 -2.0652867606668317 0
CAR 0.0 0 -1.3418751671305689 412.10660621613727 424.07209460026405 603.7848391968444 543.5204710714467 1.4958 1.977 4.1388 25.450514330712693 36.75247815102056 -8.1989 -2.156508072983521 0
TRAILER 0.0 0 -0.2768106586592476 2669.007489396891 211.2254971596468 4666.2917658133665 791.1792298200925 3.4934 3.115 10.3352 3.2980505012688646 -36.48733945916475 -5.0918 -1.7195019127797606 0
CAR 0.0 0 -1.7395338809028984 129.37106239742448 382.1521297417902 325.10044864364414 482.43190226784054 1.508 2.0028 4.001 25.850867647748977 46.35796184503067 -8.2196 -2.228397469646404 0
MOTORCYCLE 0.0 0 2.7996943044539426 1517.0445641819435 335.2514617624539 1671.8264654795335 473.00723573676635 1.6332 0.8894 1.834 15.261355822003823 -17.899764684995652 -6.5953 1.476332299180062 0
CAR 0.0 0 2.7484696979279812 1397.571593985934 226.03001828947447 1660.5623257934933 380.74331870613514 1.654 1.8689 4.1757 18.68704366805191 -19.395974095505217 -5.8865 1.371657020114359 0
CAR 0.0 0 2.8072633067291646 1601.652718137355 171.1365038763396 1852.5427087208163 296.39317385591113 1.8284 1.8307 4.868 22.97103772654169 -29.810759914384313 -6.1655 1.369607898386195 0
PEDESTRIAN 0.0 0 2.7412358746970438 473.2723001704247 154.37193907296955 513.2554826056471 227.84416001070073 1.7 0.7052 0.9487 38.48053226319646 -2.3829565901343748 -6.715 1.539277545606912 0
CAR 0.0 0 2.765720109137966 1768.0062869039186 303.51962112681787 2139.1567707650597 493.5624679985533 1.7 1.7312 4.5344 13.838 -24.3783 -6.639 1.394397955834217 0
CAR 0.0 0 2.744143221971057 2253.544969008345 304.4355341535589 2691.340471453334 483.22874493777135 1.7 1.6226 4.5676 11.07468164123892 -34.56667212196675 -6.7663 1.329991552531325 0
CAR 0.0 0 -0.42855749022344103 1871.4085058171431 475.16639374926905 2500.7313251640235 819.2219379861324 1.7 1.8024 4.8041 7.584614582500999 -18.805519386735916 -6.8769 -1.7141218927926827 0
