VAN 0.0 0 -0.04295483376469145 1147.3373765920705 202.70774254408073 1269.7169868617443 277.64716723904064 3.0887 3.0353 7.0662 63.10008931797026 37.86509866161627 -5.5641 -1.418903573797595 0
CAR 0.0 0 -1.7868956051562426 1769.8145612136277 361.79165027277355 1906.4396842727442 474.69730404549455 1.661 1.8473 4.112 36.47789501689485 6.012290617364121 -5.6812 -3.135605278161685 0
CAR 0.0 0 2.948574839069166 1348.8343112647456 191.2534460816916 1511.5736095905027 305.4184303295788 1.7 1.937 4.0135 31.982902251146914 -28.47350266305374 -6.2264 1.5487642730096802 0
CAR 0.0 0 -1.2835705715932888 213.17683925058887 428.32627545351727 446.640898177194 557.9013774313792 1.7 1.9714 4.0628 12.793503427907678 31.345833766858448 -7.4038 -1.877003294840088 0
CAR 0.0 0 -1.1050929641265266 391.41039148680727 439.83594820973036 584.2133146554636 551.207315738377 1.4656 1.3758 3.7786 15.081629678804005 28.711399205687655 -7.4477 -1.8856458483840466 0
VAN 0.0 0 -1.1436006586222893 246.45236522168898 323.20459536520224 535.8470990315681 491.1454560095155 3.0074 3.0141 6.0193 16.85250540102572 35.94254856641206 -6.7457 -1.917786575270122 0
CAR 0.0 0 2.9460785050976845 1401.904810091079 229.36616410667403 1599.0129144304265 357.2824172061185 1.5329 1.947 4.1625 27.873175462281093 -28.178672925239848 -6.1782 1.5674036341292166 0
CAR 0.0 0 -1.441670094321059 121.30707233803045 395.70221771393994 330.5598778534829 495.5994025728932 1.5121 1.9339 4.1099 13.32201817927226 38.16271085566917 -7.6011 -1.9132188092271625 0
TRUCK 0.0 0 -1.6436504632041393 1758.2226924025638 277.9356757913235 1906.6726316742001 405.13625855204657 3.3377 3.0755 3.0748 51.818748596525836 8.130458485553447 -5.9795 -3.031595390596638 0
PEDESTRIAN 0.0 0 2.9153743690736516 624.1568893264874 127.76407059387643 666.5923225435291 202.48034279032564 1.8579 0.9295 0.9471 41.41599698411383 -9.1897977240338 -6.0836 1.594447662458931 0
TRAILER 0.0 0 -1.660341057409956 82.5302015322634 -35.10231005849408 312.04348532438365 115.17045410720552 4.1862 3.2286 10.2919 57.796289710253546 8.65843809315092 -4.2942 -3.062835902477131 0
CAR 0.0 0 -1.4653592454298359 75.43452850890934 339.2287339538183 249.47214606537904 415.539115641668 1.5206 1.9327 4.0484 15.364101176280622 47.761598862392276 -7.4583 -1.8734535741965284 0
CAR 0.0 0 -1.3040867647037908 226.8399635694544 336.1878785020999 390.1874251010509 417.814935224156 1.7 1.6238 4.0308 18.11146885966433 43.78270026699218 -7.2916 -1.9923975746503848 0
CAR 0.0 0 2.927668317620146 1403.8347406425785 279.21260500903503 1634.4660897722838 442.3771234661724 1.7 1.9624 4.2616 24.35419742620572 -26.856311735935478 -6.4566 1.58896339585535 0
MOTORCYCLE 0.0 0 2.888628843009128 1526.6970059187147 344.532499244076 1651.5789118219232 479.7153761407016 1.7 0.8106 1.621 21.18167789804519 -26.604312330306826 -6.3809 1.5710430576065737 0
