CAR 0.0 0 4.344904151998668 1562.1119448177328 326.8835013681557 1653.1742383825417 413.55656575421244 1.7 2.0096 4.0382 46.36304705149605 12.133386002353165 -6.8888 2.9997781404841044 0
VAN 0.0 0 -0.1956220814088525 1115.2527812911687 185.0518834379739 1202.8132515016334 259.15331157630266 3.1128 3.0226 6.773 73.47858237136259 32.80259637612382 -5.828 -1.5785158727392246 0
CAR 0.0 0 1.3773486558961734 406.3494772806671 33.19283954495501 459.8227479391822 82.39486052615405 1.7 1.967 4.5895 71.95465790826205 -2.0763087544629846 -6.577 -0.062182613252866906 0
TRUCK 0.0 0 2.726396665915657 1780.3542404459777 180.58540417098803 2066.721747579388 397.68906618231745 3.4115 2.7462 2.4608 16.73980439749693 -27.609501622461753 -5.8128 1.3026809337150287 0
CAR 0.0 0 2.6883243820604363 1449.1691780174879 272.56555199064326 1719.811525459091 426.62964359903805 1.5441 1.9368 4.2225 18.13277401717195 -20.489200560298134 -6.7047 1.333080974457774 0
BUS 0.0 0 -1.1659413650397 295.4353618459792 255.74336961490712 766.4643457690037 505.1687644754646 3.8144 4.294 14.4415 31.75291707851951 39.839776406383855 -6.7673 -2.1449448642202427 0
CAR 0.0 0 2.685811063985847 1557.0708313582838 307.93316848735225 1924.0811750372811 512.3284367059352 1.7 1.9879 4.7683 14.695919319481366 -20.27368586285069 -6.6494 1.3442385869680447 0
CAR 0.0 0 2.7256456003173932 1894.3602192588312 312.4414511841452 2277.8522804712115 489.47687287192605 1.5135 1.9357 4.3357 12.984220423691202 -26.593157674990234 -6.6523 1.3431911798908234 0
VAN 0.0 0 2.7253073166209125 2206.3880244524116 268.96293359392325 2754.156256915622 488.4811291599944 2.0943 2.4031 5.4998 11.15174650693303 -34.31207181632543 -6.4152 1.3038398887486915 0
TRAILER 0.0 0 2.7463435857956653 1882.2642832830181 123.37283475229597 2654.294437792942 468.2227476267904 4.1983 3.0119 9.4432 14.936341566348156 -33.341267963925226 -5.5448 1.2985633238758703 0
TRAILER 0.0 0 4.847970415498391 2093.7526203479624 -1290.568451923727 3515.3386153632373 -417.92014691428915 3.8072 3.3433 7.7358 -10.570652100002256 24.582150116933946 -6.4136 3.006238776863091 0
BICYCLE 0.0 0 4.006363561043775 802.5681327569679 166.39179759257598 851.8197017430738 246.5736535931381 1.7142 0.8998 1.2689 33.4645 -10.3208 -6.5743 2.679422543851173 0
CAR 0.0 0 1.2974381280682707 411.53832547755434 105.48886682970816 489.12266599885527 178.4774425967614 1.5813 1.9585 4.1006 47.915292069954475 -1.6853167734192835 -6.7996 0.030219858127855465 0
OTHER 0.0 0 2.787101418862402 2533.88386916067 267.9581317176291 3002.50083712475 434.46587507476795 1.7 1.956 4.407 9.658121502362578 -40.954871688881376 -6.175 1.3412659167335605 0
