CAR 0.0 0 4.463949810655512 1562.512988447331 325.55197386544944 1653.0153874369785 411.5248591826811 1.7 2.0096 4.0382 46.66074903392305 12.110385578308025 -6.8888 3.117820722336555 0
BUS 0.0 0 1.2793489824722155 364.3708359198592 27.08560389844024 512.1631204313562 180.85309250425138 3.8144 4.294 14.4415 59.2247688465939 -1.5980136908746143 -6.7673 -0.07055447025630555 0
TRAILER 0.0 0 1.4308482446449509 -370020.7065888585 -4824.156012992489 37942.1016893933 53852.169887069336 4.1983 3.0119 9.4432 3.828439908710908 24.22702333889104 -5.5448 2.83991690536622 0
BICYCLE 0.0 0 4.320272698056057 805.6045315748706 166.82074145881845 854.9102636408231 247.1180340424949 1.7142 0.8998 1.2689 33.38474216690287 -10.3796517258615 -6.5743 2.9930169213583584 0
VAN 0.0 0 4.636994838316125 3973.975877276723 -4702.9076418061895 13342.96133338549 -791.8009879838334 2.613 2.2684 5.5662 0.11013645097294367 22.293819910258794 -5.7562 2.7932635540844752 0
CAR 0.0 0 -1.42548170755316 229.99936357135957 446.44357327613994 439.33222797437367 569.6152352338121 1.5269 1.9408 4.1155 23.77166385978333 40.500264948281014 -8.831 -2.013284002215193 0
CAR 0.0 0 2.7141385603313157 1332.4531087544729 200.46307916045077 1529.1406793139863 312.97206614513465 1.5683 1.9824 4.1753 25.048399419995974 -22.752593169165216 -6.7242 1.3196352731250365 0
CAR 0.0 0 1.1946717455270845 -779.77588751453 422.5517831121055 -293.7081045575696 714.2624974003338 1.5716 1.9048 4.1778 19.957913623116024 10.359289611345838 -6.8777 1.9359898980452548 0
VAN 0.0 0 4.46926432924868 1698.3256104670088 327.217307742607 1840.7052510371998 445.1604589848777 1.9963 2.2756 5.9988 45.39212236013869 8.018866736414154 -6.704 3.112194976680202 0
CAR 0.0 0 3.2777125993264216 1023.4183397420941 678.5619624842005 1299.60171623545 1051.529075706561 1.651 1.9856 4.1758 14.56983947537082 18.44391612692985 -6.9778 2.336181529339717 0
CAR 0.0 0 1.0479771763057595 307.5208465386336 137.22341308015942 391.5812199556287 218.59231702499332 1.515 1.9112 4.1456 44.14904209521715 1.3192710755561066 -7.135 -0.05687467264143218 0
