CAR 0.0 0 4.486587398197379 1555.2791839842128 325.65320471013194 1644.9980003860524 411.76577614154616 1.7 2.0096 4.0382 46.506232230536725 12.335889493392342 -6.8888 3.141592653589793 0
VAN 0.0 0 -0.18905668492929606 1138.047025183783 186.78786627818985 1225.4690448793845 262.0350006200789 3.1128 3.0226 6.773 73.00174063718994 31.43248934195595 -5.828 -1.5736332775196553 0
TRUCK 0.0 0 2.0597368542227503 29.79260404739582 220.85257308328556 329.7490964147574 518.8250463138623 3.4115 2.7462 2.4608 21.539777331939906 2.837194681870363 -5.8128 1.5673596821054343 0
BUS 0.0 0 -2.062432877659214 -1054.7355370751723 177.20051186532694 -5.242243924150913 801.4643825588829 3.8144 4.294 14.4415 25.42482493832981 10.62447879979774 -6.7673 -1.3153549353005567 0
VAN 0.0 0 1.228095457387038 -1471.039974552325 488.09731556322504 -386.74076308422195 1100.2375503814792 2.0943 2.4031 5.4998 14.98670958292793 9.91151548254 -6.4152 2.0559935084636387 0
OTHER 0.0 0 2.610178845183201 797.5621908463432 308.4774817136454 1033.1119479756157 536.9465016987365 1.7 1.956 4.407 17.327334094088776 -6.64067590320259 -6.175 1.4682793687594693 0
TRAILER 0.0 0 2.5826490353335414 464.2833292214746 128.6428047912832 781.5377168004717 582.6465864307281 4.1983 3.0119 9.4432 21.215905049118295 -2.9732583483481516 -5.5448 1.5040095153050632 0
BICYCLE 0.0 0 4.209461164638267 805.4501830438362 165.77898033648458 854.5602208688309 245.73847442720222 1.7142 0.8998 1.2689 33.53199741342832 -10.417707193240254 -6.5743 2.88090798914154 0
CAR 0.0 0 -1.7804162412870315 1709.768886686131 349.7594749138219 1826.894044142016 440.970088192079 1.5535 1.9759 4.0961 44.57543268224849 8.07664062517995 -6.8684 -3.131880613887544 0
VAN 0.0 0 2.7031487638315452 1430.2318975191636 225.38716649869932 1858.0774830565117 498.4131552164955 2.613 2.2684 5.5662 15.342231954314808 -18.270349479166633 -5.7562 1.3445662732657342 0
CAR 0.0 0 2.671884397323864 1322.0255622306734 252.73276809912676 1579.6840066548748 412.709352526997 1.651 1.9856 4.1758 18.878894624904532 -17.845655993099097 -6.3514 1.3246148345160813 0
CAR 0.0 0 1.4031254696719642 1830.7206959449627 219.45222768225614 1883.2109709299946 250.58836297286766 1.56 1.9152 4.172 110.32252563970269 -7.791605915330926 -7.1881 -0.04190840405596502 0
CAR 0.0 0 -1.4266270978932765 228.59548386863045 445.5249282539588 437.58820475473823 568.2512533078573 1.5269 1.9408 4.1155 23.818880795831717 40.599625540626526 -8.831 -2.013284002215193 0
CAR 0.0 0 -0.5937019569109971 840.6546235166569 483.06630346841337 1010.6422330173785 638.3806730267135 1.585 1.9239 4.1682 24.78631730867896 25.715708345489745 -8.1024 -1.6237180287647368 0
CAR 0.0 0 2.7924717370617715 2120.9361062317894 279.7488248349712 2524.9238598404945 442.714939717922 1.5006 1.9544 4.3204 12.221544457239107 -31.809233966921077 -6.2434 1.37457573667756 0
CAR 0.0 0 2.7772922853802005 2084.2581440718736 237.53002954734612 2445.503961272783 379.76546311809653 1.5496 1.899 4.5119 14.580654193285746 -34.911743636325994 -6.1851 1.3407232366309791 0
CAR 0.0 0 2.764417456257584 1330.2362257531847 200.18969008557767 1526.4868213964335 312.57186900097497 1.5683 1.9824 4.1753 25.093459051960593 -22.717677498913993 -6.7242 1.3699820769311981 0
