CAR 0.0 0 2.654089213160729 1052.8522854599723 202.67398353036614 1221.7451530705516 319.6616016505895 1.5683 1.9824 4.1753 26.73239920674255 -15.661158434161726 -6.7242 1.3075026657119158 0
CAR 0.0 0 2.679132255357719 881.8026311728923 213.6979910187966 1068.5911421005922 366.5444626732016 1.6094 1.8776 4.9449 23.851911115700453 -10.313482625366316 -6.2139 1.3949195604692837 0
CAR 0.0 0 -1.3887390615954502 292.3364757809221 481.9203071329827 530.7554772261765 635.3081927641883 1.5083 1.8983 4.1522 20.616635286835365 35.01248189795827 -8.1788 -2.0303801756269455 0
CAR 0.0 0 -1.2825097540161725 483.7798051916968 461.7811560499424 686.6969113722037 600.8784914396629 1.4958 1.977 4.1388 23.488587726324464 33.03362280799444 -8.1989 -2.1215512600555186 0
TRAILER 0.0 0 -0.23646248945497805 3376.8929499160804 186.41292850501148 5295.973999374318 613.2532307885374 3.4934 3.115 10.3352 0.02186064329602111 -56.6298918356879 -5.0918 -1.7195019127797606 0
CAR 0.0 0 -1.5219755897790495 150.77948574910795 398.1882918563843 354.0223236821675 505.8847174916398 1.508 2.0028 4.001 24.786773024840606 44.209186397331685 -8.2196 -2.0364112519270283 0
MOTORCYCLE 0.0 0 2.798697354323341 1512.6936399100905 335.70415162724277 1667.2668318708743 473.68043023185254 1.6332 0.8894 1.834 15.264373918083193 -17.80594671527818 -6.5953 1.476332299180062 0
CAR 0.0 0 2.835632319470008 1396.3771140017702 225.95389990900574 1659.129480068177 380.63023814084835 1.654 1.8689 4.1757 18.699830978236232 -19.37648688477664 -5.8865 1.4589234827140753 0
CAR 0.0 0 2.7980634251498415 1556.9501832342723 170.44154839642545 1801.8102861032646 295.8810314692437 1.8284 1.8307 4.868 23.36796607486664 -28.67941670362679 -6.1655 1.363791018468171 0
CAR 0.0 0 2.765720109137966 1768.0062869039186 303.51962112681787 2139.1567707650597 493.5624679985533 1.7 1.7312 4.5344 13.838 -24.3783 -6.639 1.394397955834217 0
PEDESTRIAN 0.0 0 2.6217142243755536 344.5295429502991 157.3833305339006 387.32427793504775 232.67123159158848 1.7 0.7052 0.9487 38.80039424929006 0.804556845063589 -6.715 1.539277545606912 0
CAR 0.0 0 2.723963786294014 2013.9988368271086 307.2108489944174 2418.278788436682 491.6443926837039 1.7 1.6226 4.5676 12.47595386608552 -29.435327825670885 -6.7663 1.329991552531325 0
CAR 0.0 0 -0.3028479934248156 2878.9742399207767 401.5837889847521 3612.184285786227 653.0656119492521 1.7 1.8024 4.8041 4.089819313038516 -38.39912745464315 -6.8769 -1.7141218927926827 0
VAN 0.0 0 -1.277488266356559 333.9439358312631 364.3351679694583 545.1767059570666 496.6206132759527 2.0921 2.2958 4.814 27.657083278615257 40.755084405237966 -7.8814 -2.0802228104013043 0
CAR 0.0 0 -0.4976734804927634 2247.9458914018883 451.3504085731119 2980.7193716955107 780.4663683398253 1.7 2.0578 4.8188 6.028414907365167 -24.353223806610703 -6.6853 -1.8396935907490464 0
