CAR 0.0 0 4.344905007846636 1562.1137800372226 326.88267460786125 1653.1759088730007 413.55528441057675 1.7 2.0096 4.0382 46.36325960899367 12.133322767280232 -6.8888 2.9997781404841044 0
VAN 0.0 0 -0.1956299125921892 1115.1550713148044 185.04485941108803 1202.716470679407 259.14178948875474 3.1128 3.0226 6.773 73.48030975320634 32.80845282040309 -5.828 -1.5785158727392246 0
CAR 0.0 0 1.1867106296628218 343.7538954838615 77.99830193498178 415.49680716118104 148.5830046085339 1.7 1.967 4.5895 53.44191616842502 0.375114293732544 -6.577 -0.09708919829275349 0
TRUCK 0.0 0 2.7436875159380847 1777.704177966122 180.49253114548338 2063.7337925311385 397.57123544094105 3.4115 2.7462 2.4608 16.76298683225959 -27.56092266155111 -5.8128 1.3201315685536552 0
CAR 0.0 0 2.6897873562507586 1458.8785254434533 272.4754810403604 1730.7481021795209 426.3541757736814 1.5441 1.9368 4.2225 18.07864215529558 -20.692417568188684 -6.7047 1.333080974457774 0
BUS 0.0 0 -1.179039689963566 301.0825358046618 255.51770308135553 769.6166968805458 504.20592132848594 3.8144 4.294 14.4415 31.863687863369865 39.78324917788778 -6.7673 -2.1623981769175518 0
CAR 0.0 0 1.3465566738931405 407.38377325899796 35.86464764075992 455.58351328685484 84.30017488224908 1.7 1.7559 4.4079 72.55677061162379 -2.0000435456045906 -6.7373 -0.08718951402995222 0
CAR 0.0 0 2.670780795593612 1570.6860868581255 307.21732215020444 1939.313643671598 510.79890641678537 1.7 1.9879 4.7683 14.65524870147673 -20.561046170545776 -6.6494 1.3267852944624796 0
CAR 0.0 0 2.7079300931238457 1891.9907475146829 312.4891838754266 2275.1891363107557 489.59215089086877 1.5135 1.9357 4.3357 12.996204736264469 -26.544464828155675 -6.6523 1.3257352487004694 0
VAN 0.0 0 2.742921997170205 2197.468291745902 267.4812297930903 2740.6940291228993 485.6975711385064 2.0943 2.4031 5.4998 11.286014404939559 -34.275037891151435 -6.4152 1.321293181268636 0
VAN 0.0 0 -0.29487800557582844 3615.7030872884525 282.1261411371176 4662.550438081138 563.2201348440724 2.7252 2.5328 6.0568 -0.18788758562490626 -59.50766195665809 -6.1749 -1.7657681287947185 0
TRAILER 0.0 0 2.7639241351537587 1875.431285885819 122.58392551211769 2641.2915116092513 465.7793178574689 4.1983 3.0119 9.4432 15.069059304702868 -33.29332035754527 -5.5448 1.3160139587144968 0
TRAILER 0.0 0 -1.325184305818038 -37468.42167484239 -16676.964730523585 93150.08650632389 7868.566034898798 3.8072 3.3433 7.7358 4.365326402066247 23.178442245804334 -6.4136 -2.9976938499974026 0
BICYCLE 0.0 0 4.006363561043775 802.5681327569679 166.39179759257598 851.8197017430738 246.5736535931381 1.7142 0.8998 1.2689 33.4645 -10.3208 -6.5743 2.679422543851173 0
CAR 0.0 0 -0.3898997500080883 2966.659611810146 424.80595248556637 3632.4100191174516 656.5280482586195 1.5356 1.9913 4.1053 3.5680872724836212 -38.374369342387254 -6.8917 -1.7996717894500955 0
CAR 0.0 0 1.6742647606742054 509.6429050969571 164.80261298623816 615.5705159366584 265.58349993315016 1.5813 1.9585 4.1006 35.61051824074888 -3.8209530472250526 -6.7996 0.4665521711264377 0
TRUCK 0.0 0 -1.1126320576929438 3103.232395137496 -2238.7824876408836 4997.198631088869 -691.6645552087248 3.853 3.0824 3.0601 -4.380427237315221 22.177269426687975 -6.7871 -3.0029656085963925 0
OTHER 0.0 0 2.7522911863314885 2534.3703844199395 267.84391159500854 3002.8531276040812 434.2578892022858 1.7 1.956 4.407 9.660153210043354 -40.98014454972359 -6.175 1.306380539787374 0
