CAR 0.0 0 1.7887072041145804 406.0584616999157 6.35302452135704 463.1656557530512 45.792893505125484 1.7 1.937 4.0135 86.05610828720282 7.578458699732478 -6.2264 0.2769478986028073 0
CAR 0.0 0 2.9205302583654644 1405.3695091623467 276.968317055489 1634.6590501130881 438.70027992821986 1.7 1.9624 4.2616 24.52460537759721 -26.960001962587526 -6.4566 1.5798550217274272 0
MOTORCYCLE 0.0 0 2.8807510841713913 1525.0712376024567 344.6710459692831 1649.833311916261 479.9139873286856 1.7 0.8106 1.621 21.175154456088976 -26.571486305928566 -6.3809 1.5635222017560881 0
CAR 0.0 0 2.919549240500994 1695.1864385484919 310.4402013649389 2015.1414483097337 505.8038385743398 1.752 1.7066 4.5021 21.26949090875135 -31.104036396227084 -6.3051 1.56412138454581 0
CAR 0.0 0 2.9181646026050956 1614.6144046362308 280.79308476305533 1888.2427745874345 441.21794184680624 1.6356 1.9585 4.5139 24.448179295551967 -31.521362538341517 -6.5383 1.5496668587214586 0
CAR 0.0 0 1.784651923659134 1264.1821390402279 -329.4446114601707 1348.7648531380717 -267.63885184651855 1.7479 2.1574 4.4141 -67.4879 8.6671 -7.1261 -0.010319424834180245 0
CAR 0.0 0 3.014733174704264 2108.3005887269373 304.469069494969 2494.410265565016 472.61582865350374 1.5888 1.9932 4.2218 21.77449832065699 -39.967626382686596 -6.2836 1.6104035849024376 0
PEDESTRIAN 0.0 0 3.073935549244397 1374.4517210681313 346.85561337905943 1432.7483973990588 434.68256366524093 2.0834 0.8594 1.2954 35.709941204209734 16.120181485370225 -6.4178 1.774178811100657 0
CAR 0.0 0 -1.3087631400959294 231.35193128376562 476.82628629319913 506.4244417855229 625.846892251733 1.4933 1.9845 4.3346 11.461825666705106 26.93339073580116 -7.4122 -1.9026421715458148 0
CAR 0.0 0 -0.09699020379701229 2575.328006614326 452.23780865315155 3216.8687636624477 708.6776940603429 1.6932 1.9814 4.11 15.188813806235203 -41.61726845072777 -6.6873 -1.4705620644597983 0
VAN 0.0 0 1.7748911457619285 368.0260947119832 81.89353126670727 549.0324542601121 241.47889481746 3.1128 2.997 6.1486 40.656190828959666 -4.412213915162254 -5.7625 0.5310370161995475 0
CAR 0.0 0 -1.607324658592463 1666.1168910044153 291.35689242332336 1755.7928807001242 354.7024259244627 1.7 1.9526 4.1684 57.808461635663704 12.776578627037486 -6.5514 -2.992172382108163 0
CAR 0.0 0 -0.47458634103902475 1094.4839756606993 534.7163420696461 1460.2085672430683 969.5187574627233 2.0012 2.0683 4.7145 12.790571523386822 -18.30795245068743 -6.5857 -1.51116869641519 0
VAN 0.0 0 -0.0406422256415786 1147.6755517865022 198.3027161934256 1266.7198685389587 266.3345699173532 2.7763 2.7552 7.2016 62.903800000000004 37.8616 -5.1699 -1.422524184228078 0
CAR 0.0 0 -1.2346359561165798 1439.4224219076686 -566.619208120044 1622.5721497256359 -426.0498882909425 1.7 2.0312 4.764 -38.77201233122139 4.374842687247626 -8.0055 -3.117640778232648 0
CAR 0.0 0 -1.4503574292398147 1486.148015812156 325.9360047322487 1602.1305451080527 408.2567708758359 1.7 1.9575 4.0881 42.86822529849817 14.47735083255246 -6.4594 -2.7888357675205953 0
CAR 0.0 0 -1.140401569840105 614.3082540742483 502.1486772872334 859.7334881885105 661.8565949061341 1.4978 1.9686 4.1877 15.150502824120036 20.337876702985987 -7.4222 -2.0474828964410436 0
PEDESTRIAN 0.0 0 2.964342472488655 1675.7914463337859 376.5865148373186 1741.3921720644335 470.74605372751586 2.0136 0.8864 0.9253 36.48095338531779 8.662028522417856 -6.2865 1.6361990662420665 0
CAR 0.0 0 -1.46737654181601 275.6706841831038 650.3186668155647 662.0605071894103 924.0582880244054 1.54 2.0491 4.191 7.9259733472106895 17.29276710494197 -7.5175 -2.0117297163291368 0
