MOTORCYCLE 0.0 0 2.8672101514598136 1518.0210073423448 335.04306820265896 1672.8064363101732 472.706879310881 1.6332 0.8894 1.834 15.265582117456681 -17.925484126583818 -6.5953 1.5435531208983042 0
CAR 0.0 0 2.93017200748469 1386.6044258282814 226.55215020270995 1648.6120716020137 381.8080144346601 1.654 1.8689 4.1757 18.71092235217922 -19.141952628513312 -5.8865 1.55528535101477 0
CAR 0.0 0 1.3896973751518211 418.50210447768166 100.91633886218654 504.681821472675 196.61954643129383 1.8284 1.8307 4.868 42.500301549111086 -1.8358839700197915 -6.1655 0.12762125645216527 0
CAR 0.0 0 2.848821828114759 1752.061036067118 301.82632821071576 2118.5868693279135 490.82712266163514 1.7 1.7312 4.5344 14.0204330196268 -24.18194257271119 -6.639 1.4782455116673214 0
CAR 0.0 0 2.9021140409902095 2072.553937444139 301.80068393674765 2479.0407706661144 481.3761740157143 1.7 1.6226 4.5676 12.367129390711101 -31.060703022359526 -6.7663 1.5002918376385186 0
CAR 0.0 0 -1.904317329386667 345.70282071045773 704.5617192743667 688.8781610158743 1024.793068019937 1.7 1.8129 4.0976 13.41632662869211 26.328553735575696 -8.412 -2.4549518157955803 0
CAR 0.0 0 -2.8979552859653652 -1447.0991520669731 733.2942764428497 -604.4116083247653 1242.577814160886 1.5898 1.7895 4.1594 14.8857567067045 11.760351379689316 -8.2277 -2.113128683393416 0
CAR 0.0 0 -1.7693874735371822 1474.9518468364486 320.4879412799058 1536.5906092381085 397.1841749079501 1.5848 1.5393 4.034 47.3243970023275 14.99889772327814 -6.9916 -3.1070258963177793 0
CAR 0.0 0 -1.384343889259016 727.5939129470364 533.2960746735106 904.0202391018312 688.9005115080301 1.2805 1.5163 4.0841 21.97336731250091 26.707503598968596 -8.3229 -2.316408847598002 0
CAR 0.0 0 -1.856093644461517 321.90433150602786 487.1996024242515 547.6573975239734 649.772365637008 1.7 1.6536 4.0658 20.547357521129165 34.376301605479256 -8.2573 -2.515579666009611 0
CAR 0.0 0 2.8895983118586788 1654.5793588214563 260.27154775420354 1960.353374468142 419.022601590385 1.7 1.9869 4.3341 17.030854562100316 -25.028417233668904 -6.6115 1.5029514925570104 0
CAR 0.0 0 -0.3379969387799835 2773.0088555500824 437.1840314520049 3456.571253165213 695.9947874478762 1.6547 1.9661 4.2116 4.269647409799217 -34.08401275212075 -6.9014 -1.7305019282883631 0
CAR 0.0 0 3.035412033615002 2400.8378248980207 259.53580511816233 2833.1501053701177 419.98601834377195 1.7 1.9419 4.3933 11.072001962418371 -39.34936240603318 -6.2196 1.592485645964467 0
CAR 0.0 0 -1.7080398024825685 1633.6251880538687 288.06341040021687 1710.5663399438363 351.43583226895845 1.6092 1.9505 4.2191 59.27175261685972 8.993783689572508 -6.9696 -3.090318317252118 0
CAR 0.0 0 -1.6967310018736932 1505.188066703488 277.15207283316875 1568.4379800941458 341.65033954245916 1.7 1.9624 4.4376 58.556894816740666 13.89791678564939 -6.8839 -3.0693585669112906 0
