VAN 0.0 0 -0.04056420761462309 1141.9716033388372 203.36721902329862 1265.5232448941376 279.016228844288 3.0887 3.0353 7.0662 62.407809246286476 37.75540184717164 -5.5641 -1.4149697506383534 0
CAR 0.0 0 -1.7851906644752698 -75.32026297295255 411.1978299196087 313.8882708464264 719.091265314542 1.661 1.8473 4.112 15.674950157332187 -6.557203162326369 -5.6812 -2.0286351310263657 0
CAR 0.0 0 3.0232615966014604 1354.5036552919657 193.1102955885559 1519.1642804271921 308.200288295915 1.7 1.937 4.0135 31.754626304872254 -28.535820459802263 -6.2264 1.6242341597410155 0
CAR 0.0 0 -1.2501917655395847 200.75815116984475 428.55706130684405 435.4832125508509 558.3428199072996 1.7 1.9714 4.0628 12.606337699261422 31.50843615645942 -7.4038 -1.826574111919186 0
CAR 0.0 0 -1.070182103639111 383.1231885404012 439.93803745828944 576.7145191210059 551.4016267485671 1.4656 1.3758 3.7786 14.957059483104947 28.828401580432068 -7.4477 -1.8424388529812492 0
VAN 0.0 0 -1.0439053183228726 244.05997862857055 322.5835413751287 532.9314098768938 489.9248884454636 3.0074 3.0141 6.0193 16.858732345227594 36.09494716494417 -6.7457 -1.8157902456131392 0
CAR 0.0 0 2.9771004477760914 1400.7602816921533 231.07085008458165 1598.8836123985186 359.95789548729596 1.5329 1.947 4.1625 27.70754431027018 -28.08307143478196 -6.1782 1.5999076178923881 0
CAR 0.0 0 -1.3604954909162355 115.2928202557598 394.9502383388398 324.48348561968845 494.5190966732325 1.5121 1.9339 4.1099 13.257605279207567 38.370518714972455 -7.6011 -1.8219666918375406 0
TRUCK 0.0 0 -3.536380317335986 -364.9021591412369 164.87276603556057 -22.35044302157769 379.8007400455987 3.3377 3.0755 3.0748 29.41391364833022 5.4593417733086715 -5.9795 -2.9382777425663735 0
PEDESTRIAN 0.0 0 3.1208814904395377 618.7273905362878 126.97401863194054 661.3009153785708 201.47932754679567 1.8579 0.9295 0.9471 41.555243366695215 -9.022437912229629 -6.0836 1.8006514064715926 0
TRAILER 0.0 0 -3.6888442322620065 -400.19707945371846 9.389331987884681 112.80446529791493 284.8925575640812 4.1862 3.2286 10.2919 35.06371732338555 6.552586179676459 -4.2942 -2.964748386263928 0
CAR 0.0 0 -1.432036101071448 69.67326834427264 341.3454792515563 245.60648244988187 418.5940408730474 1.5206 1.9327 4.0484 15.108384749906016 47.441453886989244 -7.4583 -1.826875486489279 0
CAR 0.0 0 -1.1435826145540677 209.54818376048914 337.19807069527377 374.82352703069586 419.37788059429164 1.7 1.6238 4.0308 17.680886004891576 43.93588764909419 -7.2916 -1.8037533996333603 0
CAR 0.0 0 2.9523661196670017 1402.1750830396 276.84495164799984 1630.797461804096 438.5333488657989 1.7 1.9624 4.2616 24.535534888399145 -26.89658965035705 -6.4566 1.6121176661405914 0
MOTORCYCLE 0.0 0 2.952015331280368 1544.1274962639216 345.19765224685506 1670.9537610774964 480.49303384201784 1.7 0.8106 1.621 21.135052602331065 -26.897038820462193 -6.3809 1.632072091436402 0
TRAILER 0.0 0 -2.474324590974706 -435.1323753595189 321.53224879076754 118.44878269360983 684.028240147045 2.4731 2.3456 5.5455 18.473768887797124 -2.1743530002846714 -5.965 -2.218818480840221 0
CAR 0.0 0 3.069902453254057 1844.733896123436 300.0726367284641 2185.59358903584 486.1357162742225 1.752 1.7066 4.502 21.86398577615938 -34.537765966028346 -6.3051 1.6906731672187092 0
