CAR 0.0 0 2.5624103493140726 972.6192469502536 206.45923778498192 1135.0061675288748 326.5392846639075 1.5683 1.9824 4.1753 26.852272484319403 -13.567190827710588 -6.7242 1.2376894956321425 0
CAR 0.0 0 2.64081380375357 773.207944937916 215.1161731630001 946.8162506095614 370.6208844772206 1.6094 1.8776 4.9449 24.324922209190564 -8.12260657838724 -6.2139 1.3949195604692837 0
CAR 0.0 0 -1.5089369989204025 322.28463514792327 497.6383016813801 565.4474476137458 660.1412292026398 1.5083 1.8983 4.1522 20.046044526915903 33.66625552206376 -8.1788 -2.1700065157864916 0
CAR 0.0 0 -1.2879872935209125 517.781224263737 476.82922650107525 724.0246425873402 624.162518656986 1.4958 1.977 4.1388 22.845092369221643 31.6538987685501 -8.1989 -2.1390018981313816 0
TRAILER 0.0 0 -0.2325637000854175 3460.236232179364 182.96135501761134 5351.668076594783 592.2127970836658 3.4934 3.115 10.3352 -0.43131508202808355 -59.6844713461357 -5.0918 -1.7195019127797606 0
CAR 0.0 0 -1.4992538236425341 155.71015990020143 402.16201729852185 360.82853762090224 511.74074696498235 1.508 2.0028 4.001 24.53389673413393 43.71530661703892 -8.2196 -2.018957959407085 0
MOTORCYCLE 0.0 0 2.7984146248596105 1511.5030904935857 335.84136142425854 1666.0243233624929 473.88330361053045 1.6332 0.8894 1.834 15.264587312474355 -17.7797468678056 -6.5953 1.476332299180062 0
CAR 0.0 0 2.7837561261486634 1400.325594471446 226.02559813719077 1663.6874309888303 380.69422815558613 1.654 1.8689 4.1757 18.671331584036203 -19.452079235243627 -5.8865 1.406563605154246 0
CAR 0.0 0 2.784330958067036 1533.6036636153738 170.42154308981657 1775.6858878518692 296.1962973730648 1.8284 1.8307 4.868 23.534698988414338 -28.051808810262163 -6.1655 1.3521572603103322 0
CAR 0.0 0 2.765720109137966 1768.0062869039186 303.51962112681787 2139.1567707650597 493.5624679985533 1.7 1.7312 4.5344 13.838 -24.3783 -6.639 1.394397955834217 0
PEDESTRIAN 0.0 0 2.83593220422999 1818.753465505747 383.86290027246866 1884.7550131249816 465.04617159764985 1.7 0.84 1.0688 40.1558 6.8929 -6.6552 1.4902160803572406 0
CAR 0.0 0 2.722549699184894 1998.415683307687 307.2806924175522 2400.285822770572 492.0015342883797 1.7 1.6226 4.5676 12.570119733616258 -29.118643964737092 -6.7663 1.329991552531325 0
CAR 0.0 0 -0.29342603158882774 2993.673371245289 392.63782280708836 3729.8480365791493 634.0938339331234 1.7 1.8024 4.8041 3.6035326217905657 -41.25279140690573 -6.8769 -1.7141218927926827 0
VAN 0.0 0 -1.2758847955384778 342.376844769374 371.00528218228635 557.264723548533 507.5392134258715 2.0921 2.2958 4.814 27.110133083173974 39.912096349158325 -7.8814 -2.0802228104013043 0
CAR 0.0 0 -0.5140099079383325 2423.2327917460384 445.9791877263156 3188.572268805299 765.5355702270585 1.7 2.0578 4.8188 5.294420994816976 -27.13106909595812 -6.6853 -1.8746001757889328 0
CAR 0.0 0 -1.6581444325122294 92.95063468247824 337.1637875362435 261.72592166079505 423.21808241194555 1.7 1.8129 4.0976 30.1189 53.6668 -8.412 -2.098775480781578 0
