CAR 0.0 0 2.7325472373538857 1333.2788694625722 201.55802340721203 1530.9040944867559 314.6685144702808 1.5683 1.9824 4.1753 24.92549636741802 -22.686583573133447 -6.7242 1.33882426606999 0
VAN 0.0 0 4.357981357899302 1703.546685936937 328.62613955765164 1847.9237610331847 447.57194282243 1.9963 2.2756 5.9988 45.17742891218224 7.89711547739649 -6.704 3.0012018670575786 0
CAR 0.0 0 2.702350682309113 1385.312221690542 207.57345311179972 1642.5974661508073 348.445294438784 1.6094 1.8776 4.9449 21.346009954599634 -21.59591324573665 -6.2139 1.3114097922132018 0
PEDESTRIAN 0.0 0 2.7266361471977554 637.560769587984 127.07778467524709 674.4132449791817 194.25618003386376 1.7016 0.7772 0.6957 39.76508319990301 -7.0494861627445555 -6.3348 1.3955368288674803 0
CAR 0.0 0 -1.500296087957459 229.966184681551 423.91596798912025 442.5044804861672 545.674593540602 1.5083 1.8983 4.1522 23.577378012317133 40.124130196611794 -8.1788 -2.112322595820776 0
CAR 0.0 0 1.3056574709821083 1843.5889165733436 235.9672975435665 1907.1855566220988 276.3293180876005 1.7 1.9052 4.146 93.62765386118886 -5.242468750311311 -7.0868 -0.12958560023556057 0
CAR 0.0 0 3.8941288134476673 1132.133604127748 700.1851843987039 1363.0381397983099 1033.8149938343772 1.5569 1.7367 3.4921 14.679921488523672 17.563948470961318 -6.9154 2.922383782701959 0
CAR 0.0 0 4.1796761762732535 1280.06942679812 412.0532167772513 1397.8560787593672 538.5749212573329 1.5094 1.9164 4.1944 31.092342402679648 18.41205401251272 -7.0487 2.947463613343456 0
VAN 0.0 0 0.7426165182118216 214.97540006298644 212.66903135807036 375.1616695604298 401.16146488637787 2.001 2.2034 6.0581 29.082612461223192 1.9334682497883124 -6.8553 -0.04655191172913733 0
CAR 0.0 0 4.874154376387189 2279.679003654472 -1196.5614585264839 2970.085319319587 -736.4729660138177 1.5434 1.7657 3.6986 -10.773970540900056 22.22346051048892 -7.7405 2.9569570384702204 0
CAR 0.0 0 -1.290160156495252 405.92342603461344 424.57435532715766 598.6246706537938 544.3419772612883 1.4958 1.977 4.1388 25.3501 36.8335 -8.1989 -2.09854158769705 0
TRAILER 0.0 0 4.392023859044738 1708.0963709577188 206.03306934336806 1867.890581706272 332.74971686282163 3.4934 3.115 10.3352 63.2649 5.0191 -5.0918 2.9686603356601298 0
CAR 0.0 0 -1.6596957688459435 140.676272246216 381.5900942120412 334.83433274707136 481.50830694854477 1.508 2.0028 4.001 26.0277 46.1866 -8.2196 -2.1681369818205787 0
TRUCK 0.0 0 4.391394218646928 1725.171275854398 254.6068781007159 1821.5750336537085 337.22110826493576 2.4532 2.2469 1.9737 57.1937 6.1447 -5.6178 2.985525566570448 0
