VAN 0.0 0 -0.040489677193891405 1142.230542742557 203.33559287448242 1265.7258222528023 278.9505091266744 3.0887 3.0353 7.0662 62.440823798560416 37.76057317565812 -5.5641 -1.4149697506383534 0
CAR 0.0 0 -0.19406578989691936 1897.8623309026282 459.20826802378815 2474.9135876269515 785.4707904033838 1.661 1.8473 4.112 13.080200259381629 -28.34258018783176 -5.6812 -1.4882048227759914 0
CAR 0.0 0 3.0232653616685496 1354.4762787820594 193.1013283365775 1519.127595434251 308.18684655657495 1.7 1.937 4.0135 31.75572210893268 -28.53552126698445 -6.2264 1.6242341597410155 0
CAR 0.0 0 -1.2501089422023828 200.8178474718436 428.55595304567373 435.53684227609523 558.3406993741739 1.7 1.9714 4.0628 12.607236137903413 31.507655490661527 -7.4038 -1.826574111919186 0
CAR 0.0 0 -1.070141937978951 383.1629998950212 439.9375468925951 576.7505408533293 551.4006930372836 1.4656 1.3758 3.7786 14.9576574927565 28.827839923265273 -7.4477 -1.8424388529812492 0
VAN 0.0 0 -1.0438998661919698 244.06699328439134 322.58674171581515 532.9417476105673 489.93124024456256 3.0074 3.0141 6.0193 16.858608782954615 36.094249584831346 -6.7457 -1.8157902456131392 0
CAR 0.0 0 2.97710783259505 1400.767213837582 231.0625804391175 1598.8858314620954 359.94489499973935 1.5329 1.947 4.1625 27.708343213033118 -28.08356492231415 -6.1782 1.5999076178923881 0
CAR 0.0 0 -1.3604269806170013 115.33264344219523 394.9523884195692 324.52173115162543 494.52206159238506 1.5121 1.9339 4.1099 13.258167144866272 38.369533061313774 -7.6011 -1.8219666918375406 0
TRUCK 0.0 0 -2.4204414423030225 -363.68284292157 359.99831586903144 182.81435971500886 747.0833998586104 3.3377 3.0755 3.0748 16.56394551751347 -3.8941386120139745 -5.9795 -2.31026292021752 0
PEDESTRIAN 0.0 0 3.128026679225505 613.1900141304354 118.33551853084172 651.1716971979083 196.32767821840093 1.9771 0.7965 0.722 41.4314 -8.8314 -5.8804 1.8006514064715926 0
TRAILER 0.0 0 -3.1302853359009037 -919.1175870193387 84.67103027239168 113.50632233081468 636.7279606821736 4.1862 3.2286 10.2919 20.640923111349306 0.1293930785783255 -4.2942 -2.3541694231084525 0
CAR 0.0 0 -1.4319719194850524 69.70120397045227 341.3352260527077 245.62521954430534 418.5792312408311 1.5206 1.9327 4.0484 15.109612714784461 47.44299075740834 -7.4583 -1.826875486489279 0
CAR 0.0 0 -1.1434441954704904 209.63166216156384 337.1931956843119 374.89767280425775 419.3703347379253 1.7 1.6238 4.0308 17.682953070496794 43.93515227152024 -7.2916 -1.8037533996333603 0
CAR 0.0 0 2.9523689649034908 1402.232824363329 276.8535469558409 1630.8718430301062 438.5467390426 1.7 1.9624 4.2616 24.534848770110855 -26.89753294918794 -6.4566 1.6121176661405914 0
MOTORCYCLE 0.0 0 2.9520038942695117 1544.041832368939 345.19434662693686 1670.8585236679987 480.489162343242 1.7 0.8106 1.621 21.135283581708734 -26.895602122233694 -6.3809 1.632072091436402 0
TRAILER 0.0 0 -0.39170018939101725 1441.4848334777291 437.57546709959075 2056.025633696134 927.4329414429714 2.4731 2.3456 5.5455 12.984724805660942 -23.056776202856373 -5.965 -1.5908387642149773 0
CAR 0.0 0 3.0083752670361266 1777.137748139229 302.9678834203756 2107.061439108985 491.919624033634 1.752 1.7066 4.502 21.707691455806444 -33.03871912792687 -6.3051 1.6383132896588795 0
CAR 0.0 0 -1.6372215478943701 1736.7420265588146 333.901482762475 1875.8817577174852 460.59937286516487 2.5646 2.2507 5.3418 45.68704435751998 7.757659008682257 -6.7852 -2.993462219005152 0
CAR 0.0 0 -1.6780581971130497 1728.2225075587378 427.0971218887384 1877.9648763320647 559.5355435008323 1.6579 1.8216 4.0307 32.32005498958086 5.9233711042637225 -6.5644 -2.983783724677141 0
