VAN 0.0 0 -0.02414894018498215 1152.132705884453 202.71686589937497 1274.2738066676443 277.6008676577512 3.0887 3.0353 7.0662 63.3044 37.7007 -5.5641 -1.4008436983789376 0
TRAILER 0.0 0 3.057296915914866 1978.0246215158493 141.39100133647617 2827.6442287808586 466.1214635394894 3.3784 3.4486 11.6024 25.788400000000003 -44.5713 -5.4833 1.607797639799007 0
VAN 0.0 0 -0.25597699913352434 1813.430575182568 459.91673663236685 2471.319278392223 872.9017563212848 2.4742 2.2545 5.383 14.28316938752677 -29.322536666666736 -6.8547 -1.5259892902409578 0
VAN 0.0 0 -1.7131831315578991 1598.191512696064 302.79702930204945 1743.7097223403118 424.23940525713 2.5061 2.2666 5.3185 43.152 11.0252 -5.9066 -3.07177948351002 0
TRUCK 0.0 0 3.0491472713970995 1762.7243332080636 164.8140912964499 2197.6447618879033 413.51635401783113 3.5225 3.6418 4.7722 25.3768 -36.3279 -5.4368 1.6209232594911147 0
CAR 0.0 0 2.686338827643574 706.1932524471373 197.34254674238707 805.0617209175526 323.47398725278356 1.6999 1.9706 4.412 31.65379676415015 -12.743356510110933 -6.344 1.4430466933564536 0
MOTORCYCLE 0.0 0 -1.7557705868009565 1515.2826606321744 339.0799700814602 1555.0639808843566 404.25854537218294 1.7 0.647 0.6935 40.6043 14.103 -6.2977 -3.0892327760299634 0
CAR 0.0 0 -1.7211758752010382 1536.705329487101 311.00686308990953 1644.6240459421558 386.7278201264775 1.7 1.9666 4.1398 46.9737 14.2439 -6.3811 -3.0770070002730305 0
TRUCK 0.0 0 -1.294118155458635 390.51148382352704 543.0783272063903 828.8107032181063 1082.291187054225 3.7838 2.9175 2.9276 7.084975934551469 12.892982896055102 -5.8292 -1.9614207527279353 0
BUS 0.0 0 -0.8684324599836329 321.6920248442962 283.3740163172759 725.4661191320503 483.590315500628 3.5244 2.84 10.3328 20.150599789602712 34.16330003531026 -6.2138 -1.8215895708039374 0
CAR 0.0 0 2.935121896741931 1581.2924194040697 317.26427858203596 1882.5037848342247 513.0078237535503 1.7885 1.936 4.1812 21.0304 -28.775199990232686 -6.3142 1.5984642161224918 0
TRAILER 0.0 0 -3.2304000900777092 -404545.09427827667 490.05927727058094 -2597.404914243172 53604.177133636396 4.0038 3.0233 11.3683 8.808174556610002 19.756074687204283 -5.939799999999999 -1.8061844777510583 0
VAN 0.0 0 3.0472532376886208 2220.2397478503112 214.5095857653028 2904.411565175409 498.68490706860825 3.0142 2.9998 6.4302 21.6279 -43.8758 -5.5653 1.6122570075125129 0
PEDESTRIAN 0.0 0 3.050354578214788 1342.2351485907936 365.1948975050937 1379.4795915262687 432.8257812313415 1.7 0.5372 0.8386 35.96990926887735 17.42417640831003 -6.8768 1.7645325550078208 0
PEDESTRIAN 0.0 0 3.020858862964694 1182.0005573611502 340.08505871125504 1223.4877854662063 405.9790662761644 1.7 0.74 0.9001 34.624332724077604 21.85010835778851 -6.5499 1.7505168928616632 0
PEDESTRIAN 0.0 0 3.0278578464261034 1256.6020370717456 352.07824605925566 1289.816839221097 416.67122304146653 1.7 0.5608 0.655 35.5745 19.9977 -6.7648 1.7500539681940235 0
CAR 0.0 0 3.103555380575263 2540.287706781022 279.4067754944273 2994.576707527869 444.72267822517694 1.7728 1.9945 4.2516 22.396500004044654 -50.27230022432083 -6.13 1.6620912556300997 0
PEDESTRIAN 0.0 0 3.0691675919842876 1406.784162525507 357.4976123252462 1442.964472918459 426.67229239675186 1.7 0.491 0.746 35.959190350832436 15.610584399765093 -6.427 1.7666769358870078 0
