VAN 0.0 0 -0.10101525475881834 1149.565666673106 202.4578922102326 1271.4918432809043 277.126354806292 3.0887 3.0353 7.0662 63.37393253401113 37.9005211030998 -5.5641 -1.477576390199944 0
CAR 0.0 0 -1.6804004923965004 1777.844722317136 330.1866070588942 1895.7258431918108 423.45938731365794 1.661 1.8473 4.112 42.52303727029565 6.825298927952977 -5.6812 -3.0500607807103046 0
CAR 0.0 0 3.0081565909618755 1349.6471094265814 191.90639076425435 1512.9065089959252 306.4073985667163 1.7 1.937 4.0135 31.902266772129664 -28.464460143722224 -6.2264 1.6087736008161464 0
CAR 0.0 0 -1.2799833404044114 209.17332414632986 429.2430027753347 443.6449696742182 559.3642567884693 1.7 1.9714 4.0628 12.698197241075802 31.31080660306715 -7.4038 -1.8673876289855698 0
CAR 0.0 0 -1.0825611756044355 380.7490724315266 442.1681909223963 575.823842818371 554.6976424628654 1.4656 1.3758 3.7786 14.816834830881005 28.6610789614156 -7.4477 -1.8503676822190267 0
VAN 0.0 0 -1.0970611760266806 236.95530372938512 324.11089551442586 528.6445872734256 493.08712285630696 3.0074 3.0141 6.0193 16.62164925534758 35.93972703092511 -6.7457 -1.8587980939027253 0
CAR 0.0 0 2.971348588771108 1401.115952911076 230.1263785525161 1598.6344831403635 358.47779007955273 1.5329 1.947 4.1625 27.799160301913147 -28.12940559429919 -6.1782 1.5933728930092512 0
CAR 0.0 0 -1.905738630433384 1021.3976797217015 524.5867125528276 1316.8355980273545 773.5139098915677 1.7 1.8085 4.5388 14.809536117020947 10.953740743674098 -5.9788 -2.975999009515511 0
CAR 0.0 0 -1.39654864655185 117.91319951011846 396.20269488586615 327.7827817550917 496.3590330785016 1.5121 1.9339 4.1099 13.241888062592377 38.15203485483386 -7.6011 -1.8619935011827247 0
CAR 0.0 0 -1.8182107819812565 1278.942554515417 575.9717407931174 1569.2010103108103 836.6769829091334 1.5404 1.9796 4.1381 15.79954663703636 7.761699761958355 -6.1749 -2.934870961310483 0
CAR 0.0 0 -1.694573309654639 1407.5012848492547 366.0641907114957 1551.6958217292129 462.891261202862 1.4297 1.9111 4.1493 33.11256324865485 13.113905198850443 -6.1459 -2.9937915057097126 0
EMERGENCY_VEHICLE 0.0 0 -1.6784731021722985 1497.3265234846967 361.8343249887077 1713.5943038145317 521.4748583631417 2.0202 2.5494 5.842 30.72396284499805 9.565556737761941 -5.7294 -2.9845540713143457 0
CAR 0.0 0 1.4497011030703033 377.61739878623655 49.271566817720824 452.2983099249381 97.72425148873386 1.534 1.968 4.0552 66.91650955938579 3.816908233490486 -6.5733 0.052635115632315134 0
CAR 0.0 0 1.282531938456498 328.5019690060252 84.21541093489502 425.0008461238239 151.1774758659271 1.7 1.9759 4.002 53.91498947606767 1.8238259237879413 -6.5901 0.011400376679483456 0
VAN 0.0 0 -1.5960752446412136 1627.3826307280904 239.9290961029537 1785.9975514973278 363.44231723063075 3.123 2.9994 5.9995 50.595976563161514 11.76920636126922 -4.9167 -2.9941287684930233 0
TRUCK 0.0 0 -1.5647949185573937 1779.4437507682503 256.9725425557333 1907.5261996831603 364.79016658678233 3.3377 3.0755 3.0748 60.6865582182259 8.933580658789209 -5.9795 -2.9695762988525507 0
PEDESTRIAN 0.0 0 3.010328039959602 619.2902434509097 127.47680115462279 661.9230023533651 202.13501643973666 1.8579 0.9295 0.9471 41.46410026340877 -9.049399436799181 -6.0836 1.6907205764568618 0
TRAILER 0.0 0 -1.4668705444725063 167.19787203447635 -45.24729610527231 351.76674847968064 81.04635495503814 4.1862 3.2286 10.2919 67.2700877267283 9.845786253302611 -4.2942 -2.9848075644914873 0
CAR 0.0 0 -1.6278110815506557 1548.3085532601588 300.7292593784056 1645.7667051242888 364.29725725110154 1.5588 1.9734 4.1783 52.09278048527564 15.388541385123677 -6.5613 -2.994059404777344 0
