CAR 0.0 0 4.461406338961595 1561.5245572683125 327.14812203762347 1652.639488964934 413.9667346731749 1.7 2.0096 4.0382 46.2951 12.1536 -6.8888 3.11655435550722 0
VAN 0.0 0 -0.3304816039095446 1147.0123217535074 187.3324082266689 1234.242638416625 262.89941002822195 3.1128 3.0226 6.773 72.9264 30.9305 -5.828 -1.7158531596828857 0
TRUCK 0.0 0 -1.3304438556439813 345.6793521756426 424.63812031909157 629.1322315423187 728.8472251244424 3.8081 2.9722 2.9156 18.14712346922916 30.84581857925212 -7.0351 -2.0473228625974484 0
BUS 0.0 0 2.1242731521161913 305.49626553320155 184.66329693076383 599.3095803033809 314.39268068899116 3.6974 3.5688 12.6738 45.5427409422187 55.72636302066959 -5.9176 1.0438170666986544 0
CAR 0.0 0 2.674999065431394 1088.0477408849968 194.61358178409182 1272.8917532295477 322.2868129018403 1.7 1.967 4.5895 26.182420685863782 -16.443727021151407 -6.577 1.317956906484731 0
TRAILER 0.0 0 -0.28522779406492615 3334.955045843061 181.59576370982273 5966.6784731802545 731.3114903324023 4.6414 3.6368 14.786 -1.2900889895962457 -65.39618086347289 -6.1579 -1.763346625374898 0
TRUCK 0.0 0 2.64772836857784 1766.58559784941 181.49253800405307 2052.9115396443094 399.80120496510744 3.4115 2.7462 2.4608 16.746 -27.213399987716276 -5.8128 1.2258169406910011 0
CAR 0.0 0 2.6736791622293157 1463.3224305173178 275.6438936735956 1738.6310273624115 431.53048117316064 1.5441 1.9368 4.2225 17.8426 -20.5992 -6.7047 1.3186377821279618 0
BUS 0.0 0 -1.1458251463076232 276.3678408108657 247.9529883972602 733.9530768674942 480.35132589926343 3.8144 4.294 14.4415 32.9921 41.8438 -6.7673 -2.120489226164379 0
CAR 0.0 0 2.335691723439707 670.8333522737893 198.97898827903828 798.0420794111034 327.77389916647627 1.7 1.7559 4.4079 29.269423106240986 -6.815436747799548 -6.7373 1.1063704983859333 0
VAN 0.0 0 2.9761653467730325 2708.7785916967105 202.87592294805336 3366.7608713917925 411.8504109844487 2.3829 2.6598 6.0028 8.722186885455127 -48.351795888290845 -5.6352 1.5041920817351715 0
CAR 0.0 0 -2.9451157210422187 -1496.64548737644 701.2812311841221 -625.0096425467873 1195.3248048440307 1.7 2.0602 4.2454 15.947989855514205 12.681818336054427 -8.3962 -2.122798748936369 0
CAR 0.0 0 2.676432703981537 1566.249559769906 307.93285511098367 1934.9086101883381 512.17636324145 1.7 1.9879 4.7683 14.6432 -20.4419 -6.6494 1.333552304766139 0
CAR 0.0 0 2.6483532537986703 1883.398981764902 307.9786984134827 2260.0126150514184 482.00143166718715 1.5135 1.9357 4.3357 13.2682 -26.6938 -6.6523 1.2644279727318088 0
VAN 0.0 0 2.649239520519182 2196.6357041494757 270.09949437894767 2745.011541784661 490.9682955967961 2.0943 2.4031 5.4998 11.1554 -33.9905 -6.4152 1.2290361204144005 0
CAR 0.0 0 -0.34184216430968917 3267.6561371141474 403.73855655864065 3960.3060251913516 626.437749448725 1.7 1.8668 4.13 2.084628682554393 -45.40571505139677 -6.915 -1.7722570175861114 0
BICYCLE 0.0 0 4.344019320995075 731.3230470650028 125.60021816978437 776.9222045718491 198.90366989127773 1.7185 0.8392 1.6951 38.922638878618834 -9.748021421408204 -6.3427 2.984313267049473 0
BICYCLE 0.0 0 2.4912692924631195 854.3065421751492 341.27577147308284 890.6578395137512 409.98642898806133 1.8147 0.6832 1.1965 38.2 33.4102 -7.757 1.3265631903688766 0
CAR 0.0 0 -0.548184682884493 1678.9152861670298 475.53866829585786 2177.2759865487747 788.3584742134522 1.7 1.727 4.1102 8.71231909498756 -16.070554694362926 -6.8135 -1.8046014804023776 0
OTHER 0.0 0 2.8916461349944083 2527.2604006579513 265.5803697275344 2990.995533011002 430.4028223053963 1.7 1.956 4.407 9.813525871778182 -41.11113077376499 -6.175 1.4450837886021748 0
