CAR 0.0 0 4.3178241408048414 1466.739663336187 322.54702408229457 1528.861972754739 400.2956166740928 1.5848 1.5393 4.034 46.72409183533881 15.22816874874463 -6.9916 2.9829474981030093 0
CAR 0.0 0 4.337765153672244 1585.7265372918214 321.2857963743879 1672.948382942437 401.05614346414063 1.6092 1.9505 4.2191 48.87435173019672 11.314321344410098 -6.9696 2.9845130209103035 0
CAR 0.0 0 -1.1306918369870478 540.0730817668584 389.44883530080494 700.7511623858129 495.07706769793424 1.538 1.8644 4.1936 29.13950206213528 36.23226870741715 -8.0185 -2.085935844077625 0
CAR 0.0 0 -1.3157100370402661 362.7142319310674 414.1513669095391 547.6609320126125 527.2346189513839 1.5398 1.908 4.1045 26.25277874005731 39.09225733163094 -8.3962 -2.0890224003602347 0
PEDESTRIAN 0.0 0 -0.4100275236934747 3468.804318099708 943.5501504371807 3872.6572555524695 1172.3171666563526 1.7 0.4338 0.5002 -0.6519246455591449 -21.84044473909095 -6.7266 -1.7001904922863706 0
TRUCK 0.0 0 1.8228246690212164 -72.2731773307514 171.77321972484916 313.96048518544933 549.6309416618321 4.0512 3.03 2.5289 19.969198744580105 3.0950876596922363 -5.1666 1.434113273414909 0
CAR 0.0 0 4.310042352836177 1502.3389235451573 311.1057769680805 1561.6875625817222 376.40488050756124 1.3936 1.6751 4.618 52.93 14.094610146272867 -7.3266 2.959475738275266 0
CAR 0.0 0 4.406670640851108 1610.5162338623986 300.76844433726774 1689.0542067576732 373.3138578798576 1.7 1.8675 4.4489 55.085090001970016 10.137390001970019 -7.0682 3.0368570631059066 0
TRAILER 0.0 0 2.613887675324931 576.3190139836145 103.68533059720198 1076.6565321905944 711.4721506741718 4.1978 3.0224 13.9821 18.876381509020046 -4.941293938313375 -5.1618 1.4651438911817394 0
CAR 0.0 0 2.7192812676265783 1460.3124145061317 182.19614660341173 1684.095420659616 300.8556553931734 1.7 2.0375 4.4489 24.055415466199666 -26.057029580614714 -6.3555 1.2995706762302153 0
CAR 0.0 0 2.8169512961617915 2107.6793470142557 214.17222337039814 2384.655505779488 328.28442282142754 1.5686 1.4651 4.0018 17.052623102352346 -39.67365460646202 -6.3941 1.3655130147574221 0
