CAR 0.0 0 2.6863789154279036 1340.955530950102 200.0095275777547 1538.1466983410414 312.16800446216376 1.5683 1.9824 4.1753 25.036919221670203 -23.006885726026894 -6.7242 1.2904051040461615 0
CAR 0.0 0 2.6468642802071227 1379.8034391669164 208.0377488561854 1636.7907630201876 349.3244237476838 1.6094 1.8776 4.9449 21.338518035068056 -21.435121623238683 -6.2139 1.2570095736052027 0
CAR 0.0 0 -1.299633877180343 220.7634061018031 422.24454595603606 433.446596220116 543.2194202682757 1.5083 1.8983 4.1522 23.60363037352112 40.43342806357457 -8.1788 -1.9008039597235955 0
CAR 0.0 0 -1.1064224111895127 392.0414819687902 425.37630448852116 586.868013516823 545.6926500658595 1.4958 1.977 4.1388 25.150504452463025 37.038031879792015 -8.1989 -1.900855273565694 0
TRAILER 0.0 0 -2.906353405829793 -650.9336844170429 157.83570251028274 146.67565763376558 777.9692372244406 3.4934 3.115 10.3352 19.12326306234122 5.670598323937509 -5.0918 -2.5500557324220927 0
CAR 0.0 0 -1.4563027891635119 116.06354039231177 382.26829930844434 313.3098577300054 482.7197976816069 1.508 2.0028 4.001 25.689768214950544 46.62027753527769 -8.2196 -1.921975704819857 0
TRUCK 0.0 0 -2.373819970131687 -110.34340390364711 374.03089260184913 251.35794939017154 695.0780241665235 2.4532 2.2469 1.9737 15.330708329616137 3.1437985147444283 -5.6178 -2.540706021978826 0
MOTORCYCLE 0.0 0 2.606083334385554 1533.6425388353896 334.3586957583309 1689.5493567245553 471.60559585657757 1.6332 0.8894 1.834 15.21138834458851 -18.22307248932421 -6.5953 1.2795230550680976 0
CAR 0.0 0 2.629793006557085 1394.2504010687737 227.72762914258035 1658.4696417835878 383.7190881545578 1.654 1.8689 4.1757 18.577111588079077 -19.224285363213617 -5.8865 1.2547721101000144 0
CAR 0.0 0 -0.4479255928923489 2099.928387461458 453.40703390985914 2841.293176178769 816.4014405325688 1.879 2.4204 4.7456 6.380103864956196 -21.78243375417823 -6.6157 -1.7704560797960485 0
CAR 0.0 0 2.7403044432839505 2186.7572740600517 169.50712151032508 2497.48914657268 284.9767434266848 1.8284 1.8307 4.868 18.704589135989526 -47.10726108639233 -6.1655 1.2652991384422807 0
PEDESTRIAN 0.0 0 2.875155074372432 614.2052989419593 132.34324455314126 648.8651216338889 211.11859796495042 2.0064 0.6591 0.733 39.627085300938 -6.298046096775047 -6.5861 1.5692703461305249 0
TRAILER 0.0 0 -0.4923598239443685 1751.9680306977782 442.5593468283541 2544.7702067224845 904.4363131081461 2.3003 2.4332 5.4943 7.340410885890806 -16.96988574808344 -6.5644 -1.7639568156277632 0
