PEDESTRIAN 0.0 0 3.0683211702599156 1684.107210591524 402.14138971150686 1741.6702976259394 484.73755204243986 1.7 0.7401 0.9 35.52534834568831 8.323075567623832 -6.5499 1.7505168928616632 0
VAN 0.0 0 3.047253159641124 2220.2409585788187 214.5122782918123 2904.4090895616937 498.6819695318849 3.0141 2.9998 6.4302 21.6279 -43.8758 -5.5653 1.6122570075125129 0
VAN 0.0 0 -0.02414894018498215 1152.132705884453 202.71686589937497 1274.2738066676443 277.6008676577512 3.0887 3.0353 7.0662 63.3044 37.7007 -5.5641 -1.4008436983789376 0
CAR 0.0 0 -1.2717619249806054 208.35507368456882 507.94974214641866 526.0042505034229 706.0009631513888 1.8722 1.9964 4.4852 10.099660113748786 24.27544411180909 -7.4595 -1.8218717697658158 0
TRAILER 0.0 0 3.057296915914866 1978.0246215158493 141.39100133647617 2827.6442287808586 466.1214635394894 3.3784 3.4486 11.6024 25.788400000000003 -44.5713 -5.4833 1.607797639799007 0
TRUCK 0.0 0 -0.32775265818610233 1384.4736070138108 394.2324302457594 1905.4654107621732 895.6791203443579 4.081 2.7527 2.7246 12.632033479835393 -21.87703242787056 -5.613 -1.5257525439283905 0
VAN 0.0 0 -1.059261401496202 283.3488795809839 347.27643746933256 538.284468708693 492.6490305020658 2.4742 2.2545 5.383 16.571062219802577 34.50279232123806 -6.8547 -1.8401194507239977 0
VAN 0.0 0 -1.7131831315578991 1598.191512696064 302.79702930204945 1743.7097223403118 424.23940525713 2.5061 2.2666 5.3185 43.152 11.0252 -5.9066 -3.07177948351002 0
TRUCK 0.0 0 3.0491472713970995 1762.7243332080636 164.8140912964499 2197.6447618879033 413.51635401783113 3.5225 3.6418 4.7722 25.3768 -36.3279 -5.4368 1.6209232594911147 0
CAR 0.0 0 3.1549760266467004 1528.4849923518377 197.64292308797266 1727.276356615094 316.0359943430075 1.6999 1.9706 4.412 31.611025349420903 -33.22235538573625 -6.344 1.7397526661954892 0
MOTORCYCLE 0.0 0 -1.7557705868009565 1515.2826606321744 339.0799700814602 1555.0639808843566 404.25854537218294 1.7 0.647 0.6935 40.6043 14.103 -6.2977 -3.0892327760299634 0
CAR 0.0 0 2.78120267226074 1188.8354709908715 426.6371844294902 1360.8711441243802 561.9525785179748 1.7 1.714 4.1066 24.90046884620039 14.469113396930895 -6.6918 1.5778527081905207 0
CAR 0.0 0 -1.7211758752010382 1536.705329487101 311.00686308990953 1644.6240459421558 386.7278201264775 1.7 1.9666 4.1398 46.9737 14.2439 -6.3811 -3.0770070002730305 0
BUS 0.0 0 2.7522202371773035 330.63431865455556 122.153192908968 693.2666641968842 519.2893904103994 3.6584 3.5656 12.2161 26.065032312732846 -9.36898605860613 -5.4541 1.682272545812092 0
TRUCK 0.0 0 -1.505288513318311 53.2755491005412 246.75539279589466 216.04641575224522 392.2332297864019 3.7838 2.9175 2.9276 15.31079728579434 49.05456869310477 -5.8292 -1.9090608751681086 0
CAR 0.0 0 3.103553263727968 2540.283609151075 279.41187676573145 2994.5708678853443 444.72812431099396 1.7728 1.9945 4.2516 22.3965 -50.27227400688397 -6.1301 1.6620912556300997 0
CAR 0.0 0 -1.4684626233988114 267.381921074793 651.1648443459113 590.877902853662 892.4253868678778 1.5794 1.4904 3.551 7.6333 17.822 -7.4311 -1.9815905148931634 0
TRAILER 0.0 0 -0.8519681370179365 117.65335770291243 265.0490776252025 1190.3339001751133 1855.246351924143 4.1977 3.7027 14.0837 11.916871029356956 -13.453120798268978 -5.5382 -1.4961975653152346 0
BUS 0.0 0 -0.8683662342115971 321.76772336456247 283.369856078084 725.5170260947934 483.57821651420204 3.5244 2.84 10.3328 20.152347529673257 34.163013182494275 -6.2138 -1.8215895708039374 0
PEDESTRIAN 0.0 0 3.0026674373151296 1794.5719709194598 398.5357709210521 1837.4332259926096 471.19955824169045 1.5698 0.4741 0.7526 37.94960334598481 6.529388953256093 -6.4718 1.666699466173973 0
PEDESTRIAN 0.0 0 2.954829875320172 1701.2752651475603 391.0967744070797 1746.731712368946 467.5618025693253 1.7 0.5608 0.655 37.183 8.4081 -6.5079 1.6278809205544205 0
