CAR 0.0 0 4.486586834734716 1555.2329570841828 325.64442055283314 1644.942509328192 411.75296514133726 1.7 2.0096 4.0382 46.50730618254849 12.337262675725032 -6.8888 3.141592653589793 0
VAN 0.0 0 -0.18921515852177073 1136.5225604979983 186.71526700845766 1223.9956891219442 261.9272252793938 3.1128 3.0226 6.773 72.99865474140738 31.51408933439624 -5.828 -1.5736332775196553 0
TRUCK 0.0 0 2.603589585041873 868.1965187398011 189.29320975319317 1076.4689144418935 437.1413931748017 3.4115 2.7462 2.4608 20.84117403843691 -9.047968435776042 -5.8128 1.3401917289466796 0
BUS 0.0 0 -0.7010280948344352 765.9833677379827 339.09524525402054 1252.7030280237711 823.3655899533792 3.8144 4.294 14.4415 24.292485170748918 22.829236041079227 -6.7673 -1.7865806076107142 0
CAR 0.0 0 4.570842858394627 -15546.52712661587 -16215.713048670008 35731.04111645962 4738.920407466967 1.7 1.9879 4.7683 5.499253653325873 18.915374693599635 -6.6494 2.5931927189060393 0
VAN 0.0 0 2.580835014271593 778.2347932251597 294.94263698506995 1065.369245859967 573.8175902786039 2.0943 2.4031 5.4998 17.674952593318388 -6.7943207509974535 -6.4152 1.4451282702656247 0
OTHER 0.0 0 2.6747254218950385 1629.2763347190012 286.98110699165517 1994.1650852052476 483.02119992134214 1.7 1.956 4.407 14.224008390774987 -21.150111373878783 -6.175 1.3111997360799794 0
TRAILER 0.0 0 2.6805845049701804 1087.7442378016112 121.30785477697826 1592.8870790422739 512.2161250358138 4.1983 3.0119 9.4432 19.469117624461873 -14.775258878610298 -5.5448 1.3294501386490067 0
BICYCLE 0.0 0 4.209963185620686 806.0073767195398 165.51181822521943 855.0619352974568 245.37995809785696 1.7142 0.8998 1.2689 33.566075344433436 -10.442525511809254 -6.5743 2.88090798914154 0
CAR 0.0 0 -1.7783828110679425 1706.8768177517702 346.01606301501823 1821.6138849333556 435.30312723509957 1.5535 1.9759 4.0961 45.25880849073945 8.071316890763292 -6.8684 -3.131880613887544 0
VAN 0.0 0 2.7964842018882208 2133.408946277517 216.56214786468095 2688.2634214941304 458.67682380236414 2.613 2.2684 5.5662 11.923450557491117 -33.018235605202435 -5.7562 1.3620302021783255 0
CAR 0.0 0 2.6983082599141497 1790.716141794491 246.7915613206943 2103.271101037142 396.0938298910476 1.651 1.9856 4.1758 16.397418991181453 -28.030162436692812 -6.3514 1.2897082494761947 0
CAR 0.0 0 1.4011968038650175 428.04493763943543 37.722284283686285 475.907476281604 79.21770241705987 1.56 1.9152 4.172 77.79362908697438 -3.1229791417669555 -7.1881 -0.04190840405596502 0
CAR 0.0 0 2.8051939741104865 2102.5934007070205 244.1282116063096 2440.264531784139 381.0651773596968 1.5628 1.9342 4.1602 14.672743518199567 -35.56526402888169 -6.3567 1.3700529400743369 0
CAR 0.0 0 -1.4275392275126575 227.49111332078172 444.8101073335733 436.22013064318037 567.1905967644722 1.5269 1.9408 4.1155 23.855650277652554 40.67750069186126 -8.831 -2.013284002215193 0
CAR 0.0 0 1.2289455416693342 532.3626190382557 -13.434152319331163 574.4798550550485 18.592553944338718 1.5777 1.9548 4.1609 94.34871529479237 -10.362215482072546 -5.6064 -0.33771358048320094 0
CAR 0.0 0 -1.1783172117988725 523.953805322687 381.7981439893945 682.5512987940084 484.8292029973484 1.585 1.9239 4.1682 29.939736036012828 37.37236676448471 -8.1024 -2.129913873311846 0
CAR 0.0 0 2.8296229239841404 2650.078080970414 264.4353469226397 3095.3335204425384 409.2939747146819 1.5006 1.9544 4.3204 9.456946201925502 -45.16839894650468 -6.2434 1.37457573667756 0
