VAN 0.0 0 -0.06128071952545611 1151.2784042088686 202.57080199506132 1273.2673209011227 277.32526438071 3.0887 3.0353 7.0662 63.369725198300856 37.793394523476096 -5.5641 -1.437993474107063 0
VAN 0.0 0 -1.711868124235886 1527.7073915574767 343.0275690749068 1710.4918984103012 501.5160435789402 2.5061 2.2666 5.3185 33.77169438717064 10.055383079962061 -5.9066 -3.0306989853775987 0
CAR 0.0 0 -1.8014819088131542 1313.641070058269 413.76815825685736 1492.4652521489782 550.7891201588917 1.7 1.9666 4.1398 26.576785949602467 12.400173127464866 -6.3811 -3.0437406102343916 0
BICYCLE 0.0 0 -1.7825920146102046 1033.6069641795584 400.2012706145388 1091.0877107228612 519.7072850473445 1.455 0.6025 0.8913 19.28592801500153 -17.497674194183116 -6.2896 -2.945145701233959 0
CAR 0.0 0 -1.6311284465231757 1777.7685381942283 330.6293869018915 1895.908848016131 424.1658319382983 1.661 1.8473 4.112 42.426489059652525 6.811514867713008 -5.6812 -3.0004998075158436 0
CAR 0.0 0 3.013019589182373 1337.9832366374437 191.65541070048764 1499.5610878072466 306.13389652640495 1.7 1.937 4.0135 31.932715111437112 -28.169581036225075 -6.2264 1.6149400059223493 0
CAR 0.0 0 -1.2034401302614568 210.1088827978272 429.24178884708755 444.4969257406966 559.3563401278251 1.7 1.9714 4.0628 12.711593889374111 31.296901073270355 -7.4038 -1.7921101297431838 0
CAR 0.0 0 -1.0295051720961093 393.0697194624014 438.09126561501756 584.7348737666312 548.6334493068463 1.4656 1.3758 3.7786 15.190565999753476 28.846264435814344 -7.4477 -1.8133342874298124 0
VAN 0.0 0 -1.0428747485362262 249.8875369840009 323.1178198219425 538.7661796710742 490.9288868028698 3.0074 3.0141 6.0193 16.91811615795534 35.90017875259461 -6.7457 -1.8212771541448316 0
CAR 0.0 0 -1.3345239462513434 1231.0086022544795 -345.3984305365159 1340.6507614219327 -275.4790016694839 1.6185 2.5772 5.2097 -59.917019691278746 5.233407103867425 -6.6119 -3.141592653589793 0
CAR 0.0 0 3.035206244611373 1803.7742934099426 220.4477272220865 2051.616526334776 339.64910962974113 1.5329 1.947 4.1625 28.694992822976015 -38.50742334161953 -6.1782 1.6079448596805241 0
CAR 0.0 0 -1.2909032843927206 1124.705205371449 -364.58133643078816 1195.615847759489 -303.521263446919 1.5153 1.9251 4.1636 -64.53385132903887 1.118299618621056 -7.8343 -3.141592653589793 0
CAR 0.0 0 5.020461342506948 1414.098160589509 -530.3683993922058 1557.6000988370215 -421.0276750365227 1.5559 1.9857 4.1439 -44.020954385187245 5.580278246036659 -8.682 3.1406323040528 0
MOTORCYCLE 0.0 0 -2.0770882408837057 1064.4706152541507 647.192505230767 1178.5309104083435 814.4849721842062 1.6612 0.7676 1.4656 13.858 11.1417 -7.0617 -3.071714846133773 0
CAR 0.0 0 -1.7086133106191028 1648.819445302712 329.31610444840635 1755.2368870575565 405.12535857878834 1.5654 1.9196 4.1235 47.263829156196856 10.923310232657302 -6.5847 -3.0678153663665255 0
CAR 0.0 0 -1.6898336663562836 1582.5893241445824 273.71161275695766 1672.6712904457747 336.1764531821482 1.7 1.8085 4.5388 56.063612451054404 15.436666386726195 -5.9788 -3.0761246635286748 0
CAR 0.0 0 -1.208173832616829 1382.856962637892 -600.9433789894629 1546.8253189324007 -465.9945704329991 1.5373 1.9615 4.1776 -38.217125776332765 2.284714981681155 -8.5341 -3.1271669706908947 0
