CAR 0.0 0 4.317825970628592 1466.7677310706285 322.5501906655 1528.891562744067 400.30000197581273 1.5848 1.5393 4.034 46.72387519882133 15.227339545551349 -6.9916 2.9829474981030093 0
CAR 0.0 0 1.4538283251470825 -17904109.768392004 -5006.832175684925 12279.779480870202 4854263.048378264 1.7 1.9419 4.3933 4.1134546925630495 19.47971285651804 -6.2196 2.7596768429523926 0
CAR 0.0 0 4.337767555404552 1585.7063499133933 321.27830957990415 1672.9225783263364 401.04514236064244 1.6092 1.9505 4.2191 48.8757243100756 11.314887684955531 -6.9696 2.9845130209103035 0
CAR 0.0 0 -1.2295711590151974 548.5268187680851 389.6175153918922 708.3311370846922 495.25017321313106 1.538 1.8644 4.1936 29.21999380373058 36.04114557811775 -8.0185 -2.190655599197284 0
CAR 0.0 0 -1.3141329253436544 364.27794033454893 414.18934397571616 549.0639481295811 527.2769615189491 1.5398 1.908 4.1045 26.266366945215815 39.05792942985266 -8.3962 -2.0890224003602347 0
PEDESTRIAN 0.0 0 -0.4100166564343559 3469.009122166674 943.5692230849348 3872.8935020133613 1172.338704650786 1.7 0.4338 0.5002 -0.6525842022552695 -21.8416420325443 -6.7266 -1.7001904922863706 0
TRUCK 0.0 0 2.7050622299923477 1317.1845607986631 148.25307597847058 1620.603321344816 445.86253640331483 4.0512 3.03 2.5289 17.13551643353358 -16.38491112879244 -5.1666 1.3293935182952492 0
CAR 0.0 0 4.3100421149175645 1502.3360545119288 311.10556439746244 1561.6845816683176 376.4046005369659 1.3936 1.6751 4.618 52.93 14.094703831252946 -7.3266 2.959475738275266 0
CAR 0.0 0 4.406670633183932 1610.5189765770222 300.7689603610695 1689.0574605730324 373.3145971192155 1.7 1.8675 4.4489 55.085 10.1373 -7.0682 3.0368570631059066 0
TRAILER 0.0 0 2.726308605740679 1514.4445275660316 102.36607182623291 2593.108567301431 586.296313653421 4.1978 3.0224 13.9821 15.00251508182163 -24.326969769307446 -5.1618 1.3080561146714125 0
CAR 0.0 0 2.8553130195865952 2905.97796178836 201.72316123517254 3233.552921258148 299.6100829973404 1.5686 1.465 4.0018 11.3721 -65.8516 -6.3981 1.3655130147574221 0
