CAR 0.0 0 1.7806361151596013 -5213.985556463694 908.1762263376402 -1985.0813341542014 1953.394794306216 1.7 2.0096 4.0382 12.796538439143108 17.841614069214163 -6.8888 2.949491801071805 0
CAR 0.0 0 2.704664754986681 1329.5053505640667 200.74956716672258 1526.117678983285 313.4522563787869 1.5683 1.9824 4.1753 25.03851017935505 -22.654452466962564 -6.7242 1.310780564343317 0
VAN 0.0 0 4.311838593427534 1702.5650488470083 328.2727894976613 1846.4972251398106 446.96093773019123 1.9963 2.2756 5.9988 45.23687312814709 7.917585635736038 -6.704 2.9549434400728405 0
CAR 0.0 0 2.698802980100539 1380.0037956396886 207.85892193681758 1636.8343408244668 349.01398656801626 1.6094 1.8776 4.9449 21.353756469868898 -21.452819319987512 -6.2139 1.3087788871307455 0
CAR 0.0 0 4.10216318599907 1204.1255795937152 468.25285202157147 1328.1803091959246 638.7503310664426 1.7 1.4338 4.1609 25.271824002703575 19.078668392112984 -7.0814 2.9399563745571107 0
CAR 0.0 0 0.9401550868135001 270.15069488928333 134.68928959086568 356.37774322828216 234.33243444957964 1.7874 1.6906 4.6429 42.074087818280496 2.1574727830592377 -6.9019 -0.10672460276006801 0
CAR 0.0 0 0.4900006144312553 140.07312714245316 227.27135180352678 286.4853256093221 376.532403924546 1.7663 1.8436 4.3075 30.19695690072954 3.5793941135711185 -6.9886 -0.1427913810208227 0
EMERGENCY_VEHICLE 0.0 0 4.332316880567456 1581.4645166702785 281.8407051119255 1684.0519624236201 383.8842275508519 2.2503 2.304 6.2856 52.1999 11.0849 -6.5162 2.9615002461240043 0
PEDESTRIAN 0.0 0 3.122850858568855 633.8156274927194 127.5916225988428 670.8220769574483 194.9504241788783 1.7016 0.7772 0.6957 39.6926 -6.9306 -6.3348 1.7939184524963823 0
CAR 0.0 0 4.225211867066863 1552.2122659363404 370.23800923928746 1654.9043755181317 478.4890550973798 1.6266 1.8999 4.4696 39.2177 12.6784 -7.0385 2.9122265307228816 0
CAR 0.0 0 -1.1013560088554506 197.230729756153 429.7204712233594 417.39854507649073 554.8457429015247 1.5083 1.8983 4.1522 22.8689 40.2448 -8.1788 -1.665276828536639 0
CAR 0.0 0 4.11727387850823 1467.5464046453312 466.0193988418654 1595.6877443525873 626.7400064015825 1.612 1.9008 4.2774 28.6131 14.5465 -7.288 2.8873268555535674 0
