CAR 0.0 0 1.591105432381373 355.7696021624517 73.56800904845552 448.8901702879371 140.03324332190047 1.7 1.937 4.0135 53.986976478925264 0.8733193949127851 -6.2264 0.2769478986028073 0
CAR 0.0 0 2.920509430194161 1405.430557244562 277.0084933957098 1634.7601523984554 438.76510248595594 1.7 1.9624 4.2616 24.52149580772829 -26.96000105690324 -6.4566 1.5798550217274272 0
MOTORCYCLE 0.0 0 2.8807384967149945 1525.1178682382108 344.70115621941557 1649.8938137311172 479.9543645945655 1.7 0.8106 1.621 21.173494487721722 -26.571492625394644 -6.3809 1.5635222017560881 0
CAR 0.0 0 3.0227898369859876 1778.1670163639953 306.30230948145993 2111.6997483258897 497.64376264442154 1.752 1.7066 4.5021 21.489094815889555 -32.90719592511194 -6.3051 1.6546732152024497 0
CAR 0.0 0 3.03721787374972 1729.6935225364518 282.78951843233693 2026.1677228067122 443.2625662636691 1.6356 1.9585 4.5139 24.23751067223283 -33.93519319799396 -6.5383 1.6564487319189027 0
CAR 0.0 0 1.784651923659134 1264.1821390402279 -329.4446114601707 1348.7648531380717 -267.63885184651855 1.7479 2.1574 4.4141 -67.4879 8.6671 -7.1261 -0.010319424834180245 0
CAR 0.0 0 3.0141964331315183 2118.1714393391 307.04029922010284 2509.1051502039318 476.7439052443743 1.5888 1.9932 4.2218 21.59807688449319 -40.00729969536669 -6.2836 1.6104035849024376 0
PEDESTRIAN 0.0 0 3.2300378028422463 1565.7398829573108 383.0645633562426 1608.6049993314798 456.3033512991177 1.651 0.5088 0.9606 36.39529260959217 11.431398601799222 -6.6051 1.9174778364964447 0
CAR 0.0 0 -1.294861202076436 78.48629449299193 359.88218820360123 279.3778307416873 446.78688686148166 1.4933 1.9845 4.3346 14.173777029177998 43.29288401016795 -7.4122 -1.7143042624112637 0
CAR 0.0 0 -1.231502771846944 1604.1749959204635 260.4487358917414 1681.1289871888462 310.9192417450889 1.7 1.9861 4.2709 68.22093804462598 17.724520051592997 -6.5167 -2.6305764830943255 0
