VAN 0.0 0 -0.0353663885787745 1147.88925382865 202.70763510203255 1270.239842929591 277.6395637918603 3.0887 3.0353 7.0662 63.12439922879793 37.84669926790348 -5.5641 -1.4114024759719594 0
VAN 0.0 0 -1.7069874655152477 1600.2248673808592 302.0921007369518 1745.0639607804985 422.9128969362328 2.5061 2.2666 5.3185 43.371901169645604 11.02849946890581 -5.9066 -3.0663557118638796 0
CAR 0.0 0 -1.747787841148244 1532.5286104919226 312.577960003295 1641.493973230473 389.1257438853009 1.7 1.9666 4.1398 46.474898157895225 14.221499611813908 -6.3811 -3.1019631316146827 0
BUS 0.0 0 1.490975144510562 341.09451459463617 31.06054460949922 502.6895827943927 168.02461489830696 3.5244 2.84 10.3328 56.92663873541274 0.664121386023135 -6.2138 0.13998140976605283 0
BICYCLE 0.0 0 -1.1470105619516338 809.1225261903508 174.42764731133843 834.2416704094593 240.27982657429158 1.455 0.6025 0.8913 36.68040055378558 -14.184999792157777 -6.2896 -2.470962799178619 0
CAR 0.0 0 -1.7229855858797334 1783.559996067931 329.8034458483313 1900.9655693301918 422.8064530287543 1.661 1.8473 4.112 42.721793914106605 6.72369900112581 -5.6812 -3.093492692234448 0
MOTORCYCLE 0.0 0 -1.7221253071626583 1511.2712473076474 342.43854359839054 1563.0222685150484 411.5922698994713 1.7 0.7138 1.6517 41.13879979457378 14.168500367699455 -6.5238 -3.0527780599336807 0
CAR 0.0 0 2.9524459448236433 1347.1174475174007 192.85523753737286 1510.6477590690315 307.88019578523733 1.7 1.937 4.0135 31.785600000000002 -28.3542 -6.2264 1.554161860999463 0
CAR 0.0 0 3.1593790807987503 1080.4764853125923 640.0557705620719 1365.2693228745736 908.9657885304836 1.4668 1.6524 3.5756 12.753293939017984 8.978197626260812 -6.3814 2.1475168220047673 0
CAR 0.0 0 -1.1863571085281572 212.1556065211782 428.7939898807718 446.0432958402045 558.6410429176188 1.7 1.9714 4.0628 12.759400052071994 31.31260024665682 -7.4038 -1.7780935580836401 0
CAR 0.0 0 2.5671226760008365 276.598150527713 298.7284151653581 488.1526633383155 497.64548145013777 1.6434 1.7018 4.5628 22.51832921467269 -7.256852012769096 -6.2183 1.7856817972370385 0
VAN 0.0 0 -1.1275539002172623 290.15838234841357 377.947487360705 443.54023663285176 469.296290467806 1.7 1.5386 3.3297 16.826970017965447 37.71889602015715 -7.5647 -1.8436813340996476 0
CAR 0.0 0 -1.080848909644169 393.857984833173 439.124050923397 586.0408485425595 550.1473098611397 1.4656 1.3758 3.7786 15.15158358088079 28.739194001130627 -7.4477 -1.8644715208031146 0
CAR 0.0 0 1.4495272677841986 -633.1681111928174 399.9618378165955 -157.07840843619638 670.6843749920068 1.7252 1.6916 4.1704 18.38803907442329 0.9729361977317017 -6.4195 2.06889476960961 0
CAR 0.0 0 2.3999712987601844 105.72565490037223 434.7392360267433 376.6684397308732 661.4713525597774 1.3809 1.6884 3.6526 17.791129294604918 -6.751502444758772 -6.5568 1.9664491181044172 0
CAR 0.0 0 1.1412150577417135 274.5962710920852 133.3531724963225 398.4539073114581 223.7812298215774 1.7 1.8295 4.0434 41.72841059577067 -0.5316654235413831 -6.4708 0.05206668622266619 0
