VAN 0.0 0 -0.04057110738703096 1141.9472832839992 203.37009239458072 1265.5040877183017 279.02221063339925 3.0887 3.0353 7.0662 62.40477650728611 37.75495852138842 -5.5641 -1.4149697506383534 0
CAR 0.0 0 -2.0071529754718482 -172.24713001942996 394.90873860075396 232.53058582614003 688.8954488184639 1.661 1.8473 4.112 16.317804739481527 -5.314984310859974 -5.6812 -2.098438751864271 0
CAR 0.0 0 3.0232606991440365 1354.5101810403498 193.11243311751716 1519.173025086441 308.20349242154896 1.7 1.937 4.0135 31.754365106838797 -28.53589177599688 -6.2264 1.6242341597410155 0
CAR 0.0 0 -1.2502115088675279 200.74392172513538 428.5573254761195 435.47042916725377 558.3433253659814 1.7 1.9714 4.0628 12.606123545641315 31.508622237510373 -7.4038 -1.826574111919186 0
CAR 0.0 0 -1.0701916780922633 383.11369898622905 439.9381543909585 576.7059328755245 551.4018493108064 1.4656 1.3758 3.7786 14.956916940336018 28.828535458150487 -7.4477 -1.8424388529812492 0
VAN 0.0 0 -1.0439066179074799 244.05830663318204 322.58277854843317 532.9289457965514 489.9233744476157 3.0074 3.0141 6.0193 16.858761797775838 36.095113441526365 -6.7457 -1.8157902456131392 0
CAR 0.0 0 2.9770986874517855 1400.7586292802098 231.0728213169248 1598.8830834386733 359.96099442065423 1.5329 1.947 4.1625 27.707353882219934 -28.082953806112783 -6.1782 1.5999076178923881 0
CAR 0.0 0 -1.3605143437822904 115.28186215243637 394.9496467030759 324.4729616327639 494.51828081972434 1.5121 1.9339 4.1099 13.257450670128845 38.37078993817837 -7.6011 -1.8219666918375406 0
TRUCK 0.0 0 -3.544585079133724 -337.0745087051983 154.96791109091563 -10.231120591281332 361.59306752166606 3.3377 3.0755 3.0748 30.531288940219717 5.794712695899756 -5.9795 -2.9731770491418144 0
PEDESTRIAN 0.0 0 3.1209667255106566 618.6766252518161 126.91113166123084 661.2417373384507 201.39718842702635 1.8579 0.9295 0.9471 41.56668663502308 -9.019599517842144 -6.0836 1.8006514064715926 0
TRAILER 0.0 0 -3.630055402242773 -362.2782443278859 5.893521928336588 124.99604199616249 270.4668692950419 4.1862 3.2286 10.2919 36.20148545016297 6.735698226611498 -4.2942 -2.982198213888145 0
CAR 0.0 0 -1.432051400262139 69.66660917302198 341.34792335416626 245.60201599813672 418.59757113105337 1.5206 1.9327 4.0484 15.108092049746626 47.44108755548862 -7.4583 -1.826875486489279 0
CAR 0.0 0 -1.14361561320754 209.52828501370823 337.1992327489273 374.80585293882353 419.37967930069516 1.7 1.6238 4.0308 17.680393295026185 43.93606293515409 -7.2916 -1.8037533996333603 0
CAR 0.0 0 2.9523654414525202 1402.1613200317374 276.84290290363015 1630.7797326543623 438.53015724555456 1.7 1.9624 4.2616 24.535698432917783 -26.896364803755883 -6.4566 1.6121176661405914 0
MOTORCYCLE 0.0 0 2.9520180572602728 1544.1479153607895 345.1984401842116 1670.9764621548786 480.49395666405616 1.7 0.8106 1.621 21.134997545627492 -26.89738127470562 -6.3809 1.632072091436402 0
TRAILER 0.0 0 -2.6887255446863962 -455.51784766236693 302.973328975037 83.33063720429175 642.6386228409735 2.4731 2.3456 5.5455 19.462420506551588 -1.2103712387182815 -5.965 -2.3584188074695636 0
CAR 0.0 0 3.0714400054821915 1860.1509461675723 300.1912566709411 2204.2809519561433 486.1524930572543 1.752 1.7066 4.502 21.847769857981426 -34.84445227553369 -6.3051 1.6906731672187092 0
