MOTORCYCLE 0.0 0 2.8671217419689308 1517.6407711848833 335.0850134487245 1672.409007190028 472.7690362361405 1.6332 0.8894 1.834 15.26573625895937 -17.917164127673477 -6.5953 1.5435531208983042 0
CAR 0.0 0 2.9297145826286437 1388.2675138992224 227.42396888061518 1651.3636809807824 383.28577020137493 1.654 1.8689 4.1757 18.63485131901126 -19.122333384545424 -5.8865 1.55528535101477 0
CAR 0.0 0 1.380983150637875 410.4017608116103 95.14345016410883 493.53904898412105 187.42648506119727 1.8284 1.8307 4.868 43.92298815856781 -1.6392984270743485 -6.1655 0.11016796393222196 0
CAR 0.0 0 2.848452995378649 1749.224361245255 301.903890828218 2115.3705114280665 491.0075829875604 1.7 1.7312 4.5344 14.033364424498632 -24.122642394389572 -6.639 1.4782455116673214 0
CAR 0.0 0 2.9020800634152253 2072.2798371404087 301.8226290896742 2478.7529238925426 481.4182451468513 1.7 1.6226 4.5676 12.36781265454598 -31.05323650829335 -6.7663 1.5002918376385186 0
CAR 0.0 0 -2.0832298712261346 319.7658087590265 748.7938901628053 692.6774164935439 1109.8959437983544 1.7 1.8129 4.0976 12.343742116569524 25.570369030689672 -8.412 -2.594578155955127 0
CAR 0.0 0 -2.7895944843774654 -1209.1132616854165 734.3883133378876 -451.7887720731367 1241.614422594542 1.5898 1.7895 4.1594 14.315499082094211 10.263718234252364 -8.2277 -2.113128683393416 0
CAR 0.0 0 -1.7706746967625817 1472.9750128325961 321.81926948577177 1534.9904084306836 399.162237050426 1.5848 1.5393 4.034 46.99222417898277 15.05080253840357 -6.9916 -3.1070258963177793 0
CAR 0.0 0 -1.3819653565819587 767.5364195710845 555.1675524791345 947.2442694832478 723.0526556245002 1.2805 1.5163 4.0841 21.164381211189934 25.451512633567106 -8.3229 -2.316408847598002 0
CAR 0.0 0 -1.888284956986796 337.05291847968806 503.43729350893005 569.324060799554 675.7301939812065 1.7 1.6536 4.0658 19.846277076383835 33.27438315685191 -8.2573 -2.550486251049498 0
CAR 0.0 0 2.8722756667064386 1654.6672662838876 260.08779147911554 1960.2587161351378 418.71095057486644 1.7 1.9869 4.3341 17.04256779104998 -25.043899688852505 -6.6115 1.485498200037067 0
CAR 0.0 0 -0.32681468002668335 2867.994730257144 423.077925063537 3543.6698771252277 668.4916246395112 1.6547 1.9661 4.2116 4.03065901739458 -36.67662352072679 -6.9014 -1.7305019282883631 0
CAR 0.0 0 3.034324756170272 2387.842145127728 260.3454561236553 2819.833431584501 421.58961243441684 1.7 1.9419 4.3933 11.117712976146835 -38.95802641225763 -6.2196 1.592485645964467 0
CAR 0.0 0 -1.7113307644867117 1605.909895030142 288.01362348158176 1680.3210770385479 351.6567128001291 1.6092 1.9505 4.2191 58.612693808728245 10.067459817267654 -6.9696 -3.090318317252118 0
CAR 0.0 0 -1.6984995205222977 1500.446404507066 278.710595521033 1564.1731565197017 344.01051901374615 1.7 1.9624 4.4376 57.9093875713279 14.070497003806448 -6.8839 -3.0693585669112906 0
VAN 0.0 0 -0.49838829697820697 1534.4447504444538 405.8078518246896 2337.9537448674046 923.9093312400341 2.5997 2.5313 6.0978 8.252525309628446 -14.495288343987216 -6.3639 -1.7443359766837812 0
