PEDESTRIAN 0.0 0 3.07270091918385 1738.6306687721556 407.5068415657308 1797.801446054816 491.5173561477867 1.7 0.7401 0.9001 35.7803 7.1903 -6.5499 1.7505168928616632 0
VAN 0.0 0 3.047253159641124 2220.2409585788187 214.5122782918123 2904.4090895616937 498.6819695318849 3.0141 2.9998 6.4302 21.6279 -43.8758 -5.5653 1.6122570075125129 0
VAN 0.0 0 -0.02414894018498215 1152.132705884453 202.71686589937497 1274.2738066676443 277.6008676577512 3.0887 3.0353 7.0662 63.3044 37.7007 -5.5641 -1.4008436983789376 0
CAR 0.0 0 -1.34743844349263 154.7991818853291 455.8741945204026 437.4791367981532 617.5416378284407 1.8722 1.9964 4.4852 11.0206 29.0401 -7.4595 -1.8564564448127225 0
TRAILER 0.0 0 3.057296915914866 1978.0246215158493 141.39100133647617 2827.6442287808586 466.1214635394894 3.3784 3.4486 11.6024 25.788400000000003 -44.5713 -5.4833 1.607797639799007 0
TRUCK 0.0 0 -0.535927690188503 881.262512424963 423.7791161161353 1254.5235639201132 971.9313876709539 4.081 2.7527 2.7246 12.0353 -15.978 -5.613 -1.5257525439283905 0
VAN 0.0 0 -1.0712991644886356 240.94292783873615 324.60409295694365 476.9950046425069 452.7761491210295 2.4742 2.2545 5.383 17.5057 39.107 -6.8547 -1.8226767881212458 0
VAN 0.0 0 -1.7131831315578991 1598.191512696064 302.79702930204945 1743.7097223403118 424.23940525713 2.5061 2.2666 5.3185 43.152 11.0252 -5.9066 -3.07177948351002 0
TRUCK 0.0 0 3.0491472713970995 1762.7243332080636 164.8140912964499 2197.6447618879033 413.51635401783113 3.5225 3.6418 4.7722 25.3768 -36.3279 -5.4368 1.6209232594911147 0
CAR 0.0 0 3.1984431306172647 1595.5571111419235 194.90159717893204 1801.3849528841297 311.1177752934408 1.6999 1.9706 4.412 31.9515 -35.2283 -6.344 1.774659251235376 0
MOTORCYCLE 0.0 0 -1.7557705868009565 1515.2826606321744 339.0799700814602 1555.0639808843566 404.25854537218294 1.7 0.647 0.6935 40.6043 14.103 -6.2977 -3.0892327760299634 0
CAR 0.0 0 2.8649297176854995 1536.5231475376272 488.02714283331795 1720.7431420671985 661.017586756776 1.7 1.714 4.1066 24.6191 7.4338 -6.6918 1.6302125857503504 0
CAR 0.0 0 -1.7211758752010382 1536.705329487101 311.00686308990953 1644.6240459421558 386.7278201264775 1.7 1.9666 4.1398 46.9737 14.2439 -6.3811 -3.0770070002730305 0
BUS 0.0 0 2.9560890266976703 823.7907494578634 118.34700064918488 1078.4568900635313 488.64049080475587 3.6584 3.5656 12.2161 26.8476 -16.0556 -5.4541 1.682272545812092 0
TRUCK 0.0 0 -1.5168502287142922 48.32774461867419 240.0461053545118 204.24981237149083 378.5008687264651 3.7838 2.9175 2.9276 15.9145 51.4839 -5.8292 -1.9090608751681086 0
CAR 0.0 0 3.1035533251081544 2540.2847257959083 279.41186926375667 2994.5721564478918 444.7280988751144 1.7728 1.9945 4.2516 22.3965 -50.2723 -6.1301 1.6620912556300997 0
CAR 0.0 0 -1.4684626233988114 267.381921074793 651.1648443459113 590.877902853662 892.4253868678778 1.5794 1.4904 3.551 7.6333 17.822 -7.4311 -1.9815905148931634 0
TRAILER 0.0 0 -1.8272481121634254 -2136.991574502761 272.41142821692614 498.241636114826 2089.147028253974 4.1977 3.7027 14.0837 11.660200000000001 -7.584899999999999 -5.5382 -1.5311041503551215 0
BUS 0.0 0 -0.8684360418593137 321.6880165871751 283.3743043174875 725.4635714871436 483.591131422207 3.5244 2.84 10.3328 20.1505 34.1633 -6.2138 -1.8215895708039374 0
