VAN 0.0 0 -0.10101411591457121 1149.578518014352 202.45873986976335 1271.5051663475817 277.1278480609502 3.0887 3.0353 7.0662 63.37390064667248 37.899716320913555 -5.5641 -1.477576390199944 0
CAR 0.0 0 -1.6804033034766952 1777.8425331327692 330.1906729838034 1895.7261002477435 423.4658840319411 1.661 1.8473 4.112 42.52211862994737 6.825201966372493 -5.6812 -3.0500607807103046 0
CAR 0.0 0 3.008146881566674 1349.5594892981985 191.904506509534 1512.8062576758966 306.4053457211648 1.7 1.937 4.0135 31.90249536417301 -28.462244924456275 -6.2264 1.6087736008161464 0
CAR 0.0 0 -1.2799738176945294 209.1803569041976 429.24299325387364 443.65137366958186 559.3641966561411 1.7 1.9714 4.0628 12.698297957479982 31.310702118929328 -7.4038 -1.8673876289855698 0
CAR 0.0 0 -1.0824385473017215 380.84288073878815 442.13716754167865 575.8916062921221 554.6514345672975 1.4656 1.3758 3.7786 14.819643049566475 28.66247175428044 -7.4477 -1.8503676822190267 0
VAN 0.0 0 -1.0970418433193174 236.9700514048273 324.1096613391826 528.6559899587351 493.0844547461893 3.0074 3.0141 6.0193 16.62199302831466 35.93970053728832 -6.7457 -1.8587980939027253 0
CAR 0.0 0 2.971447220256709 1401.7066746127123 230.10438390840477 1599.299756420619 358.4377907469653 1.5329 1.947 4.1625 27.801159458157443 -28.144101965296723 -6.1782 1.5933728930092512 0
CAR 0.0 0 -1.396624955964736 117.8687884421912 396.2013660629352 327.74089618879765 496.35730707290287 1.5121 1.9339 4.1099 13.24121367609356 38.15298081654817 -7.6011 -1.8619935011827247 0
VAN 0.0 0 -1.8353038612866666 1104.648864721284 456.53504868020536 1639.8593105756663 1000.9449528611182 3.123 2.9994 5.9995 12.889751072834727 7.295792778828893 -4.9167 -2.9417688909331936 0
TRUCK 0.0 0 -1.61210348505838 1757.912810080222 271.76513991840534 1900.3394412428715 393.27034387014004 3.3377 3.0755 3.0748 53.98730933882032 8.513008324509247 -5.9795 -3.004381881272342 0
PEDESTRIAN 0.0 0 3.0103256541085908 619.2861852807865 127.4773352644764 661.919243649651 202.1357430029974 1.8579 0.9295 0.9471 41.463999721047955 -9.049299822833861 -6.0836 1.6907205764568618 0
TRAILER 0.0 0 -1.5730395504802315 1751.2439675262117 195.23015931885416 1919.4254091196553 340.3553739273245 4.1862 3.2286 10.2919 60.55972643035409 9.416877164468223 -4.2942 -3.0022977826389 0
CAR 0.0 0 -2.134643215122903 685.533342831794 716.8268542159734 1118.1247929528054 1110.4979354935879 1.5588 1.9734 4.1783 8.590030299236584 10.185522670793855 -6.5613 -2.924246234697571 0
CAR 0.0 0 1.377729827227213 370.07793911020633 53.20054102207642 447.7193984801618 106.82354448439615 1.7237 2.0206 4.126 66.70556534149719 4.065925448363787 -6.818 -0.0016624063706126633 0
CAR 0.0 0 -1.7032159790855326 1566.955108681261 386.4052207442514 1713.9570075619074 498.60773827407195 1.5556 1.8854 4.2176 33.36873397281507 9.437391871275592 -6.2649 -3.012298542956423 0
CAR 0.0 0 -1.6364671550522447 1674.4703916597 279.4679642244591 1762.5287778927898 340.5311497028521 1.5712 1.8019 4.16 55.68561122345399 12.246455288556056 -5.809 -3.02943855624761 0
CAR 0.0 0 -1.789454296029259 1237.7162271567324 468.27674961146647 1445.278617822008 644.4666206358002 1.7282 1.6724 4.4604 21.43121365252971 11.409851650752755 -6.4626 -2.9706858680711745 0
CAR 0.0 0 0.411311339426296 -41.294388783721594 289.32043917866145 269.654891324638 480.17557488780193 1.7 2.482 4.675 24.370998187424917 -2.369147305918318 -6.5583 0.09213218232254927 0
