VAN 0.0 0 -0.10101416992969137 1149.5779084719836 202.45869966507314 1271.504534431298 277.12777723549 3.0887 3.0353 7.0662 63.373902159086306 37.89975449166598 -5.5641 -1.477576390199944 0
CAR 0.0 0 -1.6804031701447926 1777.8426369676667 330.1904801337413 1895.7260880553717 423.465575886814 1.661 1.8473 4.112 42.52216220098318 6.8252065652521665 -5.6812 -3.0500607807103046 0
CAR 0.0 0 3.0081473421105898 1349.5636451137336 191.90459587958136 1512.811012587837 306.40544308746206 1.7 1.937 4.0135 31.90248452207133 -28.46234999212256 -6.2264 1.6087736008161464 0
CAR 0.0 0 -1.2799742693530167 209.1800233411924 429.2429937054755 443.65106992871137 559.3641995082113 1.7 1.9714 4.0628 12.698293180509275 31.310707074603332 -7.4038 -1.8673876289855698 0
CAR 0.0 0 -1.082444362769505 380.8384318559256 442.1386388463758 575.8883925667616 554.6536259860743 1.4656 1.3758 3.7786 14.819509855986844 28.662405694230237 -7.4477 -1.8503676822190267 0
VAN 0.0 0 -1.0970427602498583 236.96935192866354 324.10971987565597 528.655449133712 493.08458129353886 3.0074 3.0141 6.0193 16.621976723193356 35.93970179387848 -6.7457 -1.8587980939027253 0
CAR 0.0 0 2.9714425445680464 1401.6786601334868 230.10542698387283 1599.2682069227478 358.43968765484436 1.5329 1.947 4.1625 27.801064640375504 -28.1434049326085 -6.1782 1.5933728930092512 0
CAR 0.0 0 -1.3966213365867925 117.87089478834062 396.2014290869005 327.74288275473896 496.35738893459296 1.5121 1.9339 4.1099 13.241245661243594 38.15293595098902 -7.6011 -1.8619935011827247 0
EMERGENCY_VEHICLE 0.0 0 -4.248750475231364 -393635.238279945 -45561.21460730843 169056.2864530595 121785.54171232329 2.0202 2.5494 5.842 3.8938154206310145 6.502333652275951 -5.7294 -3.0191593915048185 0
VAN 0.0 0 -1.6518503919899261 1404.6903887156348 331.22314090248767 1707.8454149971208 594.4285002979545 3.123 2.9994 5.9995 24.951105292163962 9.029820994935415 -4.9167 -2.9417688909331936 0
TRUCK 0.0 0 -1.6475427703606484 1753.1599148555347 271.8395930007524 1895.648327274231 393.4772103421928 3.3377 3.0755 3.0748 53.82726698740481 8.630706199505346 -5.9795 -3.0392965204036466 0
PEDESTRIAN 0.0 0 3.0103256416719093 619.2861673409931 127.47733876954922 661.9192272334161 202.1357477149933 1.8579 0.9295 0.9471 41.463999068563155 -9.049299408432304 -6.0836 1.6907205764568618 0
TRAILER 0.0 0 -1.5978395171481599 98.9037701536413 -38.30761580878999 316.2960116294403 104.62034428474536 4.1862 3.2286 10.2919 60.38956301556263 9.311777180793973 -4.2942 -3.0372132049509877 0
CAR 0.0 0 -1.7310693142783031 1245.8338883594324 461.65111883167344 1450.4516101964157 617.6462778013683 1.5588 1.9734 4.1783 22.68217253024063 11.8469678603457 -6.5613 -2.924246234697571 0
CAR 0.0 0 1.1759431337622432 295.5653361835408 109.22228056161426 406.564118994723 185.65550356847962 1.7237 2.0206 4.126 49.01439628410208 1.3073038484090367 -6.818 -0.0016624063706126633 0
CAR 0.0 0 -1.705840578796616 1638.3668719614884 326.8171020564545 1748.981568402375 405.6939438404602 1.5556 1.8854 4.2176 45.19036229000588 10.789939532342654 -6.2649 -3.064658420516253 0
CAR 0.0 0 -1.6550178692019901 1709.3836162948123 259.6964314288049 1785.278042157528 311.2557451467324 1.5712 1.8019 4.16 65.02807433713681 12.968861931920367 -5.809 -3.064345165836241 0
CAR 0.0 0 -1.6645910348001698 1437.3835026048782 358.69052863828693 1568.511425491467 461.0692679890118 1.7282 1.6724 4.4604 35.67925187925661 13.338586520741952 -6.4626 -2.9706858680711745 0
