CAR 0.0 0 1.3079509525995405 406.79747471754104 51.858556239937926 464.93930477534127 102.65035622685711 1.5683 1.9824 4.1753 65.30416366919161 -1.9231768088110552 -6.7242 -0.088760735883548 0
CAR 0.0 0 2.5336709772161923 571.6350551710437 260.1829382306369 705.5233740498112 332.89800815932193 1.6094 1.8776 4.9449 39.37980517000845 42.7485323362199 -6.2139 1.3949195604692837 0
TRAILER 0.0 0 -0.2026881757818877 4055.9422313854184 140.23326786965214 5460.652607984069 391.72342332880174 3.4934 3.115 10.3352 -4.111217928218286 -97.44853176937818 -5.0918 -1.7195019127797606 0
CAR 0.0 0 -3.9249754721913965 -67610.70257199727 -9577.442055222657 21417.071524625233 22456.757158025197 1.508 2.0028 4.001 4.960025880674439 22.72492154436915 -8.2196 -2.68218307516493 0
MOTORCYCLE 0.0 0 2.798335740163651 1508.7778172378073 335.31448190463834 1662.8419612515308 473.171975922481 1.6332 0.8894 1.834 15.303653280822108 -17.75585970798457 -6.5953 1.476332299180062 0
CAR 0.0 0 2.7487358614764985 1398.4605347708368 225.84594588353696 1661.3898720879795 380.4129927129044 1.654 1.8689 4.1757 18.695958062129957 -19.425436431525057 -5.8865 1.3716570201143599 0
CAR 0.0 0 2.250835836231296 630.2369451386281 157.24707151931338 758.011061583811 287.1620050830497 1.8284 1.8307 4.868 31.05123805382923 -6.312334663923856 -6.1655 0.9863786261702423 0
CAR 0.0 0 2.765720109137966 1768.0062869039186 303.51962112681787 2139.1567707650597 493.5624679985533 1.7 1.7312 4.5344 13.838 -24.3783 -6.639 1.394397955834217 0
CAR 0.0 0 2.723120795878683 2004.5233399295955 307.227018103523 2407.305397817495 491.8157633243742 1.7 1.6226 4.5676 12.534508038018396 -29.24471693709005 -6.7663 1.329991552531325 0
VAN 0.0 0 -2.6318977279242075 -1457.5813230518224 662.3528347579866 -449.95143872819693 1280.3792057082007 2.0921 2.2958 4.814 14.492885102361363 10.666062131968948 -7.8814 -1.8882814970398498 0
CAR 0.0 0 -1.498823144653793 252.91845165895222 468.31567863910044 480.63308157027467 619.1249846936207 1.7 1.8129 4.0976 21.373024844211976 36.98763046978838 -8.412 -2.098775480781578 0
CAR 0.0 0 -1.2892420530318405 589.7111767554441 512.7455440754666 797.0396167099473 684.939628816417 1.5898 1.7895 4.1594 21.34619532336748 28.93491208687279 -8.2277 -2.153667325235009 0
PEDESTRIAN 0.0 0 2.8152434722941484 1464.404522978283 337.03363799110406 1506.7448701732217 409.3408827498387 1.7 0.84 1.0688 40.85867661223556 15.614998755509255 -6.3875 1.4902160803572406 0
CAR 0.0 0 4.461373786562933 1489.3040919412108 306.8049171893947 1546.9593344976672 377.0383665399545 1.5848 1.5393 4.034 50.88662931214431 14.609491471427274 -6.9916 3.1114880352422976 0
CAR 0.0 0 -1.5305570611749801 131.2438686374594 366.90809776283817 312.6621328667711 467.1583089701939 1.7 1.6536 4.0658 27.0394 47.9886 -8.2573 -2.0243388179827284 0
CAR 0.0 0 -1.2926577762151288 347.46858824042556 388.4347874176303 506.5523323965485 476.2904049274061 1.2805 1.5163 4.0841 28.49905513500299 42.10827326493111 -8.3229 -2.075159319442891 0
