VAN 0.0 0 -0.02414894018498215 1152.132705884453 202.71686589937497 1274.2738066676443 277.6008676577512 3.0887 3.0353 7.0662 63.3044 37.7007 -5.5641 -1.4008436983789376 0
TRAILER 0.0 0 3.057296915914866 1978.0246215158493 141.39100133647617 2827.6442287808586 466.1214635394894 3.3784 3.4486 11.6024 25.788400000000003 -44.5713 -5.4833 1.607797639799007 0
VAN 0.0 0 -0.18632959730875487 2221.936073398948 430.3732630712382 2980.0295619530652 799.9047323961463 2.4742 2.2545 5.383 15.06780584573137 -36.647777556008364 -6.8547 -1.5259892902409578 0
VAN 0.0 0 -1.7131831315578991 1598.191512696064 302.79702930204945 1743.7097223403118 424.23940525713 2.5061 2.2666 5.3185 43.152 11.0252 -5.9066 -3.07177948351002 0
TRUCK 0.0 0 3.0491472713970995 1762.7243332080636 164.8140912964499 2197.6447618879033 413.51635401783113 3.5225 3.6418 4.7722 25.3768 -36.3279 -5.4368 1.6209232594911147 0
CAR 0.0 0 2.4406108892026337 547.5658931757041 186.6804834585395 667.6988671885011 308.14182665663014 1.6999 1.9706 4.412 32.92068438305922 -9.315408979804765 -6.344 1.251060475637077 0
MOTORCYCLE 0.0 0 -1.75577098713491 1515.28166298352 339.0803302794099 1555.0630384011943 404.25901894797425 1.7 0.647 0.6935 40.60420999834374 14.103 -6.2977 -3.0892327760299634 0
CAR 0.0 0 -1.7211758752010382 1536.705329487101 311.00686308990953 1644.6240459421558 386.7278201264775 1.7 1.9666 4.1398 46.9737 14.2439 -6.3811 -3.0770070002730305 0
TRUCK 0.0 0 -3.5357396707178994 -24724.776867850775 1428.0141049300803 -4260.186914358927 4588.307044276424 3.7838 2.9175 2.9276 5.08397410727276 10.988746009876458 -5.8292 -2.223220140527085 0
BUS 0.0 0 -0.8684324555744075 321.6920298860915 283.37401604196396 725.4661225264903 483.5903146993813 3.5244 2.84 10.3328 20.15059990581472 34.1633000158068 -6.2138 -1.8215895708039374 0
CAR 0.0 0 2.9351218967851747 1581.2924196858717 317.26427857946226 1882.503785171887 513.0078237458018 1.7885 1.936 4.1812 21.0304 -28.775199995627624 -6.3142 1.5984642161224918 0
TRAILER 0.0 0 -3.519282773869022 -678029.5563600602 499.92744272637145 -2334.4025982316857 98143.92974331087 4.0038 3.0233 11.3683 8.48143928180432 17.161505839246825 -5.939799999999999 -2.102890450590094 0
VAN 0.0 0 3.0472532376886208 2220.2397478503112 214.5095857653028 2904.411565175409 498.68490706860825 3.0142 2.9998 6.4302 21.6279 -43.8758 -5.5653 1.6122570075125129 0
PEDESTRIAN 0.0 0 3.046612198696871 1274.544046139412 351.4124393040876 1310.150813691479 416.94098330937004 1.7 0.5372 0.8386 35.855989931378524 19.5227408743115 -6.7322 1.7645325550078208 0
PEDESTRIAN 0.0 0 3.019515592200212 1154.5263167565302 333.9461402069969 1194.7072068332343 398.1099255839566 1.7 0.74 0.9001 35.00603680098561 23.050999134065965 -6.5499 1.7505168928616632 0
CAR 0.0 0 3.1035553802766183 2540.2877015848385 279.40677555914965 2994.5767015769056 444.7226783932707 1.7728 1.9945 4.2516 22.396500001810544 -50.272300100414725 -6.13 1.6620912556300997 0
PEDESTRIAN 0.0 0 3.0551952571586125 1376.8680299855753 370.6831930559299 1412.191072367233 438.8529554805027 1.7 0.491 0.746 35.8921 16.3924 -6.8769 1.7666769358870078 0
PEDESTRIAN 0.0 0 3.0203671812138992 1211.6117329326792 349.18266033346333 1243.439544126127 412.0818105719586 1.7 0.5608 0.655 35.65287286052403 21.551367004790688 -6.8773 1.7500539681940235 0
