VAN 0.0 0 -0.10101796115126449 1149.5351273493204 202.4558778678229 1271.4601829441074 277.122806305998 3.0887 3.0353 7.0662 63.37400831238763 37.90243359827209 -5.5641 -1.477576390199944 0
CAR 0.0 0 -1.6803938140601318 1777.8499166583765 330.1769464384086 1895.725225618879 423.4439512970163 1.661 1.8473 4.112 42.525219954941356 6.825529466390458 -5.6812 -3.0500607807103046 0
CAR 0.0 0 3.0081796595099446 1349.8553310435727 191.91086852821527 1513.14474753635 306.41227697021975 1.7 1.937 4.0135 31.901723543402568 -28.46972442033772 -6.2264 1.6087736008161464 0
CAR 0.0 0 -1.280005970824773 209.15661137252042 429.24302540354637 443.6297511054423 559.364399689979 1.7 1.9714 4.0628 12.697957897028541 31.311054900634076 -7.4038 -1.8673876289855698 0
CAR 0.0 0 -1.0828527301659685 380.52606744510524 442.2419387424899 575.6627572285078 554.8074903058426 1.4656 1.3758 3.7786 14.810161340529968 28.657769104778435 -7.4477 -1.8503676822190267 0
VAN 0.0 0 -1.0971073854976436 236.920049627396 324.1138381072852 528.6173194149151 493.09348546301817 3.0074 3.0141 6.0193 16.620828064355088 35.93979173632137 -6.7457 -1.8587980939027253 0
CAR 0.0 0 2.9711128684273147 1399.7057893642127 230.17880852755084 1597.0462038531782 358.57316241982414 1.5329 1.947 4.1625 27.794397008313716 -28.09433811545443 -6.1782 1.5933728930092512 0
CAR 0.0 0 -1.651266684132441 1333.9154001881036 580.113414953724 1598.6392911024614 823.8371067173902 1.5654 1.9196 4.1235 17.212989551145835 7.667439062812617 -6.5847 -2.780975850895477 0
CAR 0.0 0 -1.7488271555056816 1298.4230626496858 401.65647726156055 1484.019093184619 544.3271100342489 1.7 1.8085 4.5388 25.638429217635387 12.308965154933638 -5.9788 -2.99473928014812 0
CAR 0.0 0 -1.3963672497104744 118.0187849804823 396.2058541050561 327.88236289537 496.363136585823 1.5121 1.9339 4.1099 13.243491375428215 38.14978588846009 -7.6011 -1.8619935011827247 0
CAR 0.0 0 -1.7332855711248754 1505.1202551784393 427.0162751933997 1685.0101988856502 566.5859738640979 1.5404 1.9796 4.1381 27.421486923808864 8.84739792038033 -6.1749 -3.0046735330137135 0
CAR 0.0 0 -1.6493480755104746 1500.923931546569 323.45033515903225 1616.0873134642566 397.6433617435587 1.4297 1.9111 4.1493 42.426008528139285 13.96870877582952 -6.1459 -2.9937915057097126 0
EMERGENCY_VEHICLE 0.0 0 -1.6452234866387534 1596.6757417135875 311.6775528319134 1760.5624777770302 425.53584824276936 2.0202 2.5494 5.842 41.33900807816008 10.441228397305668 -5.7294 -3.0020049239151168 0
CAR 0.0 0 1.316133242322707 320.8087478683551 93.60798953443401 420.96962782445104 158.82803874900813 1.534 1.968 4.0552 51.82450240180968 1.4313633997928557 -6.5733 0.07008840815225842 0
CAR 0.0 0 -1.878938800146343 1039.7962795921487 575.9003920044277 1324.0454179383019 812.0362451984477 1.5231 1.9803 4.185 15.092067782811341 10.87775315525998 -6.7201 -2.924246234697571 0
CAR 0.0 0 1.017700622381095 237.2057357009338 149.52228251428247 375.9931412718879 245.5244410435255 1.7 1.9759 4.002 39.71484884272715 -0.35031317819939933 -6.5901 0.011400376679483456 0
VAN 0.0 0 -1.5820215405130011 1663.4177896277274 226.90165351155855 1802.7930492314351 333.87145058642074 3.123 2.9994 5.9995 58.083528032978265 12.375149844870025 -4.9167 -2.9941287684930233 0
TRUCK 0.0 0 -1.6425873235858013 1782.6733979865394 244.0875208160478 1898.310690118993 340.4884252746159 3.3377 3.0755 3.0748 67.29616785908104 9.872168526587899 -5.9795 -3.056749720137021 0
PEDESTRIAN 0.0 0 3.0103267437912735 619.2866495579825 127.47677971318849 661.91958734332 202.1350114960908 1.8579 0.9295 0.9471 41.46410113638385 -9.0493 -6.0836 1.6907205764568618 0
TRAILER 0.0 0 -1.4757412653369946 215.048529491991 -50.78094623228085 376.4593548999752 62.860066963934614 4.1862 3.2286 10.2919 73.85376499991858 10.535179582669278 -4.2942 -3.0372047628656187 0
