CAR 0.0 0 4.865185146273619 2897.6648592003307 -1767.7971336437315 4406.951329587437 -841.5545820399299 1.7 2.0096 4.0382 -5.398089327847222 21.268810188632372 -6.8888 2.966945122707715 0
CAR 0.0 0 2.704532648715536 1326.9823601196167 200.50406094279813 1523.1482502411868 313.0989135948505 1.5683 1.9824 4.1753 25.082672560710385 -22.609474501366712 -6.7242 1.310780564343317 0
VAN 0.0 0 4.311742863857225 1704.947867793995 328.8634706724662 1849.754828606144 447.96939187708574 1.9963 2.2756 5.9988 45.150752436401305 7.860961159380409 -6.704 2.9549434400728405 0
CAR 0.0 0 2.6983874369057537 1377.6824349735145 207.99936400325782 1634.3293863984375 349.28959454163976 1.6094 1.8776 4.9449 21.355694620907254 -21.389236495427078 -6.2139 1.3087788871307455 0
CAR 0.0 0 4.731536444602969 -122491.23676297138 -74896.68168690582 246999.970249866 45290.42773096124 1.7 1.4338 4.1609 8.13931220897562 22.182474991720643 -7.0814 2.992316252116941 0
CAR 0.0 0 1.2413571070052964 383.5082234810981 62.767186695458456 438.34620224212165 124.95939128465811 1.7874 1.6906 4.6429 61.3780271277503 -0.7686493144308664 -6.9019 -0.10672460276006801 0
CAR 0.0 0 1.1147391467052057 320.4729550394741 106.0319670420493 395.4690797405517 186.03718424911924 1.7663 1.8436 4.3075 49.050923677018126 1.1084190057185552 -6.9886 -0.07297821094104945 0
EMERGENCY_VEHICLE 0.0 0 4.3025619185008175 1530.7357218987247 332.2574319162436 1657.8015559666076 478.5618664374795 2.2503 2.304 6.2856 39.206988995971216 13.059442331206917 -6.5162 2.9789561482798628 0
PEDESTRIAN 0.0 0 3.125717674773748 638.6210654397374 126.87639498756644 675.4209817084076 193.98718117546835 1.7016 0.7772 0.6957 39.79619573327433 -7.085034612690492 -6.3348 1.7939184524963823 0
CAR 0.0 0 4.103372031179443 1393.1144561194928 493.5364855581954 1537.0962645056177 688.4082069428816 1.6266 1.8999 4.4696 24.826535029955604 15.630453715716168 -7.0385 2.9122265307228816 0
CAR 0.0 0 -1.1013560088554506 197.230729756153 429.7204712233594 417.39854507649073 554.8457429015247 1.5083 1.8983 4.1522 22.8689 40.2448 -8.1788 -1.665276828536639 0
CAR 0.0 0 3.887415500485894 1133.431160437355 727.5854605964498 1394.3544951563856 1131.5543855999715 1.612 1.9008 4.2774 14.370974531183768 17.256550684796743 -7.288 2.9396840754320803 0
CAR 0.0 0 4.0585802065545575 1202.8555415055014 491.1764366939237 1345.2439970018702 670.6526016168866 1.5468 1.6772 4.4837 24.529641487319996 18.780440480744616 -7.2852 2.9115326316912644 0
TRUCK 0.0 0 4.526626400461239 1728.1217677651211 247.15529981950692 1816.9782584221796 320.06262209679426 2.5066 2.4248 2.2189 66.41234921216343 4.583836514250439 -6.1568 3.1141344093640972 0
CAR 0.0 0 4.284036033441753 1438.8413664297086 342.7371430529206 1510.3434280395797 435.14078066411724 1.7816 1.6668 4.0256 43.5026 15.796 -7.2905 2.969873047659069 0
TRAILER 0.0 0 4.475816151420712 1709.6041333669139 196.6628516793919 1823.564522125234 312.454787097045 4.1816 2.4332 9.846 75.8136 3.584 -5.6987 3.0464370376306564 0
