VAN 0.0 0 -0.02414894018498215 1152.132705884453 202.71686589937497 1274.2738066676443 277.6008676577512 3.0887 3.0353 7.0662 63.3044 37.7007 -5.5641 -1.4008436983789376 0
TRAILER 0.0 0 3.057296915914866 1978.0246215158493 141.39100133647617 2827.6442287808586 466.1214635394894 3.3784 3.4486 11.6024 25.788400000000003 -44.5713 -5.4833 1.607797639799007 0
VAN 0.0 0 -0.6160064105565687 1033.2544440043714 607.6471848449768 1435.3468639257185 1029.2164186793784 2.4742 2.2545 5.383 13.108612947423019 8.894888403186211 -6.8547 -1.6132426102230055 0
VAN 0.0 0 -1.7131831315578991 1598.191512696064 302.79702930204945 1743.7097223403118 424.23940525713 2.5061 2.2666 5.3185 43.152 11.0252 -5.9066 -3.07177948351002 0
TRUCK 0.0 0 3.0491472713970995 1762.7243332080636 164.8140912964499 2197.6447618879033 413.51635401783113 3.5225 3.6418 4.7722 25.3768 -36.3279 -5.4368 1.6209232594911147 0
CAR 0.0 0 3.133077287565042 1351.6523832747441 199.14561171432584 1526.4494677804817 320.11875629355916 1.6999 1.9706 4.412 31.43124478719886 -28.45150433595034 -6.344 1.7397526661954892 0
MOTORCYCLE 0.0 0 -1.7557705868009565 1515.2826606321744 339.0799700814602 1555.0639808843566 404.25854537218294 1.7 0.647 0.6935 40.6043 14.103 -6.2977 -3.0892327760299634 0
CAR 0.0 0 -1.7211758752010382 1536.705329487101 311.00686308990953 1644.6240459421558 386.7278201264775 1.7 1.9666 4.1398 46.9737 14.2439 -6.3811 -3.0770070002730305 0
BUS 0.0 0 2.7177274849585955 637.5090847845119 258.26948959885266 1059.7782706245634 477.8398840290639 3.6584 3.5656 12.2161 25.45339531801015 26.843067995871483 -5.4541 1.5425035444042443 0
TRUCK 0.0 0 -1.2433414351129946 154.19381009243298 306.5432313612996 373.4227371555066 517.1070226571389 3.7838 2.9175 2.9276 12.414641562558218 33.256444831776676 -5.8292 -1.8217944125683911 0
TRAILER 0.0 0 -0.01829746634408358 2451.7804776969447 198.06389203642655 4844.293816805185 913.1477913575288 4.1977 3.7027 14.0837 16.18300069183649 -47.869319172016866 -5.5382 -1.4438376877554036 0
BUS 0.0 0 -0.8684331860303184 321.6911946359021 283.37406165156506 725.4655601858617 483.5904474380753 3.5244 2.84 10.3328 20.150580653532852 34.16330324685163 -6.2138 -1.8215895708039374 0
CAR 0.0 0 -1.0256773945477353 533.97334622582 471.6497770397497 780.1513149758156 642.9858593811265 1.8616 1.767 4.202 14.44366259710174 21.746248274706367 -7.0946 -1.8985135612598674 0
CAR 0.0 0 2.9351218895239066 1581.292372366702 317.2642790116263 1882.5037284729503 513.0078250468786 1.7885 1.936 4.1812 21.0304 -28.77519908973 -6.3142 1.5984642161224918 0
TRAILER 0.0 0 -3.2831728042195727 -25851.579419223217 327.4076182641042 -3773.979503792441 2387.952136402912 4.0038 3.0233 11.3683 13.866440855573435 39.93306599592093 -5.939799999999999 -1.8236377702710016 0
PEDESTRIAN 0.0 0 3.0945683010400646 1683.8155714985292 384.95916124590104 1726.3811535521677 460.90198503042905 1.7 0.491 0.746 37.22947162382464 8.860498651918547 -6.427 1.7666769358870078 0
VAN 0.0 0 3.0472532376886208 2220.2397478503112 214.5095857653028 2904.411565175409 498.68490706860825 3.0142 2.9998 6.4302 21.6279 -43.8758 -5.5653 1.6122570075125129 0
PEDESTRIAN 0.0 0 3.080970885011001 1587.4784569509493 381.6960459407175 1630.4128820895367 455.77616367128815 1.7 0.5372 0.8386 36.99301297266547 11.052033564228244 -6.6197 1.7645325550078208 0
PEDESTRIAN 0.0 0 3.0443619108665656 1431.9224440835267 376.72907792792165 1482.2215067147672 452.6485454100997 1.7 0.74 0.9001 34.31364082179006 14.096776022284981 -6.5499 1.7505168928616632 0
PEDESTRIAN 0.0 0 3.05326963683628 1488.0446875629293 378.41187809100404 1527.2253672981626 448.912752179016 1.7 0.5608 0.655 36.5863 13.5043 -6.7968 1.7500539681940235 0
CAR 0.0 0 3.1035551888241333 2540.2852569205525 279.4069226425173 2994.5740787117634 444.72295202843964 1.7728 1.9945 4.2516 22.396490211091148 -50.27223026507891 -6.13 1.6620912556300997 0
