CAR 0.0 0 2.910410262345729 1112.324868577746 195.18564353993142 1245.5907698399121 313.6657462678787 1.7 1.937 4.0135 31.49981411518759 -22.251824228466507 -6.2264 1.5510382525586681 0
CAR 0.0 0 -1.209064679921463 251.51062206505947 473.24715438393486 513.3005374867255 629.2791747766005 1.7 1.9714 4.0628 11.614991501575611 26.720173709749776 -7.4038 -1.8201623861801035 0
CAR 0.0 0 -1.047907096904225 438.28389015977456 467.44421852407805 642.3800937311535 591.9246139693612 1.4656 1.3758 3.7786 14.46654182491131 25.713656793794545 -7.4477 -1.8465701910156123 0
VAN 0.0 0 -1.0143196234510192 264.54390849884476 329.1450499528949 559.4614624160678 502.93123347779664 3.0074 3.0141 6.0193 16.713158861384056 34.60389575700117 -6.7457 -1.8040050303749324 0
CAR 0.0 0 2.8165643641152007 934.9101913531102 243.02548591175503 1064.2720295156587 383.2922314285534 1.5329 1.947 4.1625 26.731469720405677 -17.452428581781536 -6.1782 1.5482138769844158 0
TRAILER 0.0 0 0.05634714359953574 3287.886120141514 137.0059920724789 5340.336264726602 619.0493105119112 4.1862 3.2286 10.2919 17.143608355205384 -64.22553292035067 -4.2942 -1.4315679485436985 0
CAR 0.0 0 2.9204527633623267 1405.6209525526565 277.12298438022555 1635.0676867687507 438.9496626786934 1.7 1.9624 4.2616 24.512630462713872 -26.96034473835567 -6.4566 1.5798550217274272 0
MOTORCYCLE 0.0 0 2.8807312617736196 1525.0779942654995 344.7022743460061 1649.850300894953 479.9561539484983 1.7 0.8106 1.621 21.173458120876553 -26.570750421709416 -6.3809 1.5635222017560881 0
CAR 0.0 0 3.0227845842886767 1778.1647294109098 306.3103793795668 2111.705196395563 497.657686863497 1.752 1.7066 4.5021 21.488572976823647 -32.906785741773525 -6.3051 1.6546732152024497 0
CAR 0.0 0 3.03686179924291 1724.4456154689367 282.43167083419706 2019.6291712262541 442.7317683280884 1.6356 1.9585 4.5139 24.26761148242654 -33.8384259870457 -6.5383 1.6564487319189027 0
TRUCK 0.0 0 0.041539822947909366 3832.9840132959257 292.55034764278435 4723.942252507217 567.0066685958234 3.3072 3.0001 3.4972 16.92699483907578 -69.79625108796225 -5.7424 -1.4301053464269944 0
CAR 0.0 0 1.784651923659134 1264.1821390402279 -329.4446114601707 1348.7648531380717 -267.63885184651855 1.7479 2.1574 4.4141 -67.4879 8.6671 -7.1261 -0.010319424834180245 0
CAR 0.0 0 3.0149413788461494 2118.9020112480384 305.70134540945253 2508.370690470802 474.5297343996929 1.5888 1.9932 4.2218 21.68634393606863 -40.10813111134138 -6.2836 1.6104035849024376 0
