VAN 0.0 0 -0.04005885910144924 1143.724357031567 203.15182053662406 1266.8928396061178 278.568857222007 3.0887 3.0353 7.0662 62.63269910923906 37.79105245837761 -5.5641 -1.4149697506383534 0
CAR 0.0 0 -3.5519861942297988 -384.2701053099894 220.62813914466668 -68.9596017049128 381.1392203230788 1.661 1.8473 4.112 26.369925366673755 3.9991904791050468 -5.6812 -2.9198296114524798 0
CAR 0.0 0 3.023536271204705 1352.5095966025958 192.45713825320587 1516.4929750742256 307.2214043734578 1.7 1.937 4.0135 31.834609621786665 -28.513984780760726 -6.2264 1.6242341597410155 0
CAR 0.0 0 -1.2441710194213451 205.11350839963586 428.47622464514 439.39612194812554 558.1881482205526 1.7 1.9714 4.0628 12.671916447150545 31.451450489527755 -7.4038 -1.826574111919186 0
CAR 0.0 0 -1.0672597591732125 386.0276849658552 439.9023412193706 579.3426439603753 551.3336456706757 1.4656 1.3758 3.7786 15.000694460493836 28.787406208386166 -7.4477 -1.8424388529812492 0
VAN 0.0 0 -1.0436940742255678 244.42478863416113 322.8248960178242 533.5660700347483 490.40599074334955 3.0074 3.0141 6.0193 16.84659892902951 36.04516668995303 -6.7457 -1.8157902456131392 0
CAR 0.0 0 2.9776276226614513 1401.2072993471845 230.47182026817202 1598.980762803918 359.01691103329114 1.5329 1.947 4.1625 27.765535280413765 -28.117597066957995 -6.1782 1.5999076178923881 0
CAR 0.0 0 -1.3545397240784278 118.76032669925698 395.11445631121836 327.79732174206544 494.7432421348266 1.5121 1.9339 4.1099 13.307599510425945 38.28792603390347 -7.6011 -1.8219666918375406 0
TRUCK 0.0 0 -1.659783111561382 1731.9197883942782 305.09614208768295 1906.9602161765545 458.5308656189903 3.3377 3.0755 3.0748 43.38023681769651 7.333927757550166 -5.9795 -3.025703229484277 0
PEDESTRIAN 0.0 0 3.1206066540074664 620.9012785262619 127.62711549210894 663.4783773856111 202.32174081177544 1.8579 0.9295 0.9471 41.43813549107023 -9.097142553583632 -6.0836 1.8006514064715926 0
TRAILER 0.0 0 -1.9459066633173014 -43.056386383595814 -22.966067877659647 252.29935071853217 158.42590624811953 4.1862 3.2286 10.2919 49.236686745638394 8.009850772576037 -4.2942 -3.0347243942306075 0
CAR 0.0 0 -1.427364177059251 71.70577035663626 340.59939175718057 246.97003130184913 417.51670208095885 1.5206 1.9327 4.0484 15.198018785844493 47.55362723263165 -7.4583 -1.826875486489279 0
CAR 0.0 0 -1.1335642442005907 215.6295636947651 336.8428656385557 380.2256647418529 418.82815796960074 1.7 1.6238 4.0308 17.831766660287293 43.882213441630505 -7.2916 -1.8037533996333603 0
CAR 0.0 0 2.9519993624798637 1403.6298397502178 277.63324976354204 1633.0838863970123 439.80274706061255 1.7 1.9624 4.2616 24.4744913242527 -26.902106680485588 -6.4566 1.6121176661405914 0
MOTORCYCLE 0.0 0 2.9510830948769358 1537.2960987525364 344.95861004850644 1663.366709724132 480.2175101214286 1.7 0.8106 1.621 21.152146941288514 -26.781753076873322 -6.3809 1.632072091436402 0
TRUCK 0.0 0 -1.2497786865840945 1273.759713307233 -417.7678203500181 1364.082648940587 -342.6509748001855 1.7 2.1523 2.7864 -55.48490465120047 4.834360367315412 -8.1915 -3.100820223456854 0
TRAILER 0.0 0 5.00110931786968 1304.2789040759083 -489.0982291300558 1496.912488891967 -348.83903778583226 1.9873 2.3714 8.8966 -48.82304506387091 4.934068196124815 -8.0597 3.141592653589793 0
TRAILER 0.0 0 -3.3149435400174854 -277.8950961324835 158.16148326466393 49.19200253014434 343.5823636812422 2.4731 2.3456 5.5455 31.440600000000003 5.088000000000001 -5.965 -2.916421399432782 0
CAR 0.0 0 3.048290725952353 2138.83207630445 292.293690876674 2528.7111087271624 469.36258480791236 1.752 1.7066 4.502 22.2426 -41.1258 -6.3051 1.6383132896588795 0
