VAN 0.0 0 -0.02414894018498215 1152.132705884453 202.71686589937497 1274.2738066676443 277.6008676577512 3.0887 3.0353 7.0662 63.3044 37.7007 -5.5641 -1.4008436983789376 0
TRAILER 0.0 0 3.057296915914866 1978.0246215158493 141.39100133647617 2827.6442287808586 466.1214635394894 3.3784 3.4486 11.6024 25.788400000000003 -44.5713 -5.4833 1.607797639799007 0
VAN 0.0 0 -0.16854624968362164 2363.0377158770098 422.0950305114662 3152.9770803834695 779.4168847960242 2.4742 2.2545 5.383 15.29025974229461 -39.34151339193798 -6.8547 -1.5259892902409578 0
VAN 0.0 0 -1.7131831315578991 1598.191512696064 302.79702930204945 1743.7097223403118 424.23940525713 2.5061 2.2666 5.3185 43.152 11.0252 -5.9066 -3.07177948351002 0
TRUCK 0.0 0 3.0491472713970995 1762.7243332080636 164.8140912964499 2197.6447618879033 413.51635401783113 3.5225 3.6418 4.7722 25.3768 -36.3279 -5.4368 1.6209232594911147 0
CAR 0.0 0 2.3472730913661755 488.79158819167003 181.06399256051282 615.8057985841803 299.90224259776886 1.6999 1.9706 4.412 33.61737309862428 -7.949563276194793 -6.344 1.1812473055573038 0
MOTORCYCLE 0.0 0 -1.7557710466064507 1515.281514778091 339.0803837885201 1555.062898390857 404.25908929990055 1.7 0.647 0.6935 40.60419662819758 14.103 -6.2977 -3.0892327760299634 0
CAR 0.0 0 -1.7211758752010382 1536.705329487101 311.00686308990953 1644.6240459421558 386.7278201264775 1.7 1.9666 4.1398 46.9737 14.2439 -6.3811 -3.0770070002730305 0
TRUCK 0.0 0 -3.4934740714470705 -64363.24875211257 1826.508172974457 -4785.119429882646 12513.795689277733 3.7838 2.9175 2.9276 3.995930459055228 9.78914228183132 -5.8292 -2.170860262967255 0
BUS 0.0 0 -0.8684324546445163 321.69203094938956 283.37401598390164 725.4661232423664 483.59031453040114 3.5244 2.84 10.3328 20.15059993032345 34.16330001169358 -6.2138 -1.8215895708039374 0
CAR 0.0 0 2.935121896794294 1581.292419745303 317.26427857891946 1882.5037852430985 513.0078237441679 1.7885 1.936 4.1812 21.0304 -28.775199996765398 -6.3142 1.5984642161224918 0
TRAILER 0.0 0 -0.424304967038176 -33958.5390178514 -12858.959029580426 75798.08877685499 10367.294887207452 4.0038 3.0233 11.3683 7.4004272088788285 15.868385065481249 -5.939799999999999 -1.980717402950491 0
VAN 0.0 0 3.0472532376886208 2220.2397478503112 214.5095857653028 2904.411565175409 498.68490706860825 3.0142 2.9998 6.4302 21.6279 -43.8758 -5.5653 1.6122570075125129 0
PEDESTRIAN 0.0 0 3.044546795440077 1256.194973218437 349.0483920883749 1291.3453293142732 413.9865849748131 1.7 0.5372 0.8386 35.83201585036784 20.113390736536584 -6.7322 1.7645325550078208 0
PEDESTRIAN 0.0 0 3.019517269085159 1145.8690123606616 331.5114208370873 1185.5507739284044 394.97990767419594 1.7 0.74 0.9001 35.21336884276319 23.494321829703004 -6.5499 1.7505168928616632 0
CAR 0.0 0 3.103555380213639 2540.287700489037 279.40677557279867 2994.5767003219335 444.7226784287193 1.7728 1.9945 4.2516 22.3965000013394 -50.272300074284686 -6.13 1.6620912556300997 0
PEDESTRIAN 0.0 0 3.0551952571586125 1376.8680299855753 370.6831930559299 1412.191072367233 438.8529554805027 1.7 0.491 0.746 35.8921 16.3924 -6.8769 1.7666769358870078 0
PEDESTRIAN 0.0 0 3.020895844841693 1204.1272636600609 346.4383026780571 1235.5163265502476 408.62725211114304 1.7 0.5608 0.655 35.92071677794236 21.96522509873673 -6.8773 1.7500539681940235 0
