CAR 0.0 0 4.486587507533496 1555.284603304473 325.65417374962516 1645.0044784362983 411.7671855728671 1.7 2.0096 4.0382 46.50611960287722 12.335728092054572 -6.8888 3.141592653589793 0
VAN 0.0 0 -0.18891681027609586 1139.4320546624301 186.8572336364388 1226.810794158564 262.1396004326219 3.1128 3.0226 6.773 73.00182634787784 31.35771175101699 -5.828 -1.5736332775196553 0
TRUCK 0.0 0 3.128698116137664 1462.4562625695828 490.7417438182765 1784.9323363000294 872.2850832337778 3.4115 2.7462 2.4608 18.63887584044194 14.0543456715251 -5.8128 1.9512624199560176 0
BUS 0.0 0 0.043894534860107526 31.639690398586517 117.9984542053573 378.8212457481112 486.63448225679065 3.8144 4.294 14.4415 31.924110063275002 3.0764552669680514 -6.7673 -0.6695831120626557 0
VAN 0.0 0 4.616899836864722 -31672.07226630792 -220215.58019306615 584179.163860977 13704.809856802405 2.0943 2.4031 5.4998 2.5025135452446308 19.94906683980159 -6.4152 2.701765331701541 0
OTHER 0.0 0 1.088014110276322 -1136.0593784158764 500.1975581504936 -351.56633636742794 971.8109476647575 1.7 1.956 4.407 14.852025846991493 8.961736849822577 -6.175 1.8522518041982217 0
TRAILER 0.0 0 1.0718086308222 -983.3064290037563 167.05235541264977 -26.861982962655873 821.0639259756391 4.1983 3.0119 9.4432 20.097927184592713 8.37867195116152 -5.5448 1.8007551692601682 0
BICYCLE 0.0 0 4.209045983805611 804.9865933393505 165.9990096048388 854.1423684982356 246.03378691685398 1.7142 0.8998 1.2689 33.50401708013521 -10.397189828904638 -6.5743 2.88090798914154 0
CAR 0.0 0 -1.7804132680359286 1704.949762578799 348.7767170741289 1820.9464846663059 439.52837242405263 1.5535 1.9759 4.0961 44.684940185729964 8.194259835961102 -6.8684 -3.131880613887544 0
VAN 0.0 0 2.6224665148174973 599.4199472509163 247.91138226985893 862.3226355145927 576.0529213261385 2.613 2.2684 5.5662 17.767747388809966 -4.0528494368242445 -5.7562 1.554016419897702 0
CAR 0.0 0 2.604644595337704 670.7237319115225 263.9468946585952 849.9504079178481 441.2362282869546 1.651 1.9856 4.1758 21.65272006385868 -5.487821528379111 -6.3514 1.4642411746756276 0
CAR 0.0 0 -1.4258889303580806 229.49322098764048 446.10573841816785 438.6998509082707 569.1134359640591 1.5269 1.9408 4.1155 23.789103282450686 40.53655736514977 -8.831 -2.013284002215193 0
CAR 0.0 0 -0.49018092030877725 1465.3271561719582 610.7377517601715 1634.0354451800786 846.0767712036413 1.585 1.9239 4.1682 22.24893042213604 14.29670247007194 -8.1024 -1.6237180287647368 0
CAR 0.0 0 2.578366971451533 1401.6125804162157 299.51368012218757 1721.61870076641 487.7862667593057 1.5006 1.9544 4.3204 15.362158780510708 -16.9563860140304 -6.2434 1.2524026890379567 0
CAR 0.0 0 2.7070854616736 1674.455151191669 241.06333291108064 1987.432656210885 391.60846123467223 1.5496 1.899 4.5119 17.01421857427898 -25.426396318819958 -6.1851 1.3058166515910923 0
CAR 0.0 0 2.7650022352037773 1345.0604294733873 201.85016448946533 1544.1105679721222 314.9879051013525 1.5683 1.9824 4.1753 24.81123067007266 -22.96359788605435 -6.7242 1.3699820769311981 0
CAR 0.0 0 2.736570050343609 1189.61635984252 290.8034181010544 1427.8158667760542 455.90781981682085 1.5716 1.9048 4.1778 19.05714362204278 -14.901008167867335 -6.8777 1.4418361224305425 0
CAR 0.0 0 2.6713966408413445 1794.4185702195955 310.3659525071963 2145.6568040467523 483.5573990911107 1.5502 1.9671 4.1367 13.8871 -25.013 -6.7148 1.297886702012072 0
