VAN 0.0 0 -0.06106187718738676 1151.2323815934753 202.27648965480145 1272.8271015190264 276.7477376398337 3.0887 3.0353 7.0662 63.57599188142282 37.92471617247958 -5.5641 -1.438074103094086 0
CAR 0.0 0 -1.7084389066059105 1780.1689918478546 330.7204665500655 1898.2547377162302 424.2932535200063 1.661 1.8473 4.112 42.455535044999806 6.760346308458962 -5.6812 -3.078007174963612 0
CAR 0.0 0 2.9600879308034256 1345.6696741089313 192.05840053007276 1508.5059432870953 306.6768755582075 1.7 1.937 4.0135 31.88337616080169 -28.352938794414577 -6.2264 1.5613408777075723 0
CAR 0.0 0 -1.2045220414585192 204.79699339697058 429.1154011728933 439.56451099548303 559.1922725205878 1.7 1.9714 4.0628 12.641031996916768 31.389676082501193 -7.4038 -1.7860664048787567 0
CAR 0.0 0 -1.016791403534745 392.7527654077815 439.2000143416151 585.0759566512265 550.2648844432579 1.4656 1.3758 3.7786 15.131882158186855 28.749125230657206 -7.4477 -1.7992607011529442 0
VAN 0.0 0 -1.0298897559697788 228.37667192545382 324.470434270067 521.548000963317 493.91696003928246 3.0074 3.0141 6.0193 16.44885214716645 36.01908857117723 -6.7457 -1.7806193478024308 0
CAR 0.0 0 2.9537380688667305 1404.4598448870277 228.79964729298993 1601.55965222156 356.3733839472516 1.5329 1.947 4.1625 27.928102990908624 -28.26172341099601 -6.1782 1.5742731399333625 0
CAR 0.0 0 -1.3672551956201338 99.93568053500282 398.69897786918517 312.9770060253078 500.15825345010927 1.5121 1.9339 4.1099 12.82957266792274 38.11692301023618 -7.6011 -1.800105966354912 0
TRUCK 0.0 0 -1.6217801130188159 1762.8337728217468 270.78586419537544 1904.3169607726122 391.32625351003 3.3377 3.0755 3.0748 54.487844922307836 8.447581586839398 -5.9795 -3.0152364718177616 0
PEDESTRIAN 0.0 0 2.9840337004804582 628.6504230888672 127.04161425627885 670.7326883095718 201.50398042624184 1.8579 0.9295 0.9471 41.551349169666786 -9.297909182623837 -6.0836 1.6602932387710603 0
TRAILER 0.0 0 -1.5732910049502078 99.89328559507182 -38.33223264535503 316.98407168451354 104.50999061148875 4.1862 3.2286 10.2919 60.41922193796 9.292084973981922 -4.2942 -3.0134491712793317 0
CAR 0.0 0 -4.237860776515969 -8508.14766266109 1092.6292149996573 -2563.755427296084 2684.854715991538 1.5712 1.8019 4.16 6.472236137744996 6.610772382255895 -5.809 -3.029328372113954 0
CAR 0.0 0 -1.8726255295878282 1116.0303629028856 511.16532002250614 1364.7535663946983 708.8754663680961 1.63 2.02 4.44 18.645319096317063 11.875754098798417 -6.7646 -2.9908135703250256 0
VAN 0.0 0 1.0933620307052467 242.89805102510522 170.46481636846505 413.3271923604456 307.53522762884535 2.1382 2.0815 4.5477 34.66901554173708 -2.5473600022557297 -6.523 0.13962634015954636 0
CAR 0.0 0 -1.5683176734711022 1603.2474802247668 257.3781238776147 1687.5536130836585 311.8262563915841 1.7 2.0565 4.1699 63.19210000000001 16.5153 -5.9339 -2.968387897526797 0
CAR 0.0 0 -1.438110205199791 70.5696573373772 339.63412637646314 245.21740060065673 416.1429352750129 1.5206 1.9327 4.0484 15.237981900587691 47.77640485921246 -7.4583 -1.835460922297258 0
VAN 0.0 0 0.2759872367587478 812.7593238543215 853.7662197112386 1237.322281097128 1739.3409751592014 1.9675 1.9559 4.604 7.430007285494062 -14.862897345519926 -6.6285 -0.3745389736758228 0
