VAN 0.0 0 -0.04295725603944356 1147.3285285222837 202.70872195183554 1269.7099231234188 277.6492108628832 3.0887 3.0353 7.0662 63.09901424460003 37.86496396243091 -5.5641 -1.418903573797595 0
CAR 0.0 0 -1.7127351219881015 1783.4493236959374 329.78000427548795 1900.8463018347713 422.76992708167705 1.661 1.8473 4.112 42.72461752576959 6.726727025621015 -5.6812 -3.0832454006018555 0
CAR 0.0 0 2.948577216225506 1348.8412494096276 191.25161916080538 1511.5802927770294 305.41557726245816 1.7 1.937 4.0135 31.98312881371602 -28.47377068123282 -6.2264 1.5487642730096802 0
CAR 0.0 0 -1.2835454469480898 213.1943554633363 428.32401921814215 446.65526106794516 557.8977291716905 1.7 1.9714 4.0628 12.79384842341439 31.345804899707513 -7.4038 -1.877003294840088 0
CAR 0.0 0 -1.1051029178953526 391.4023752573348 439.8381603618435 584.2072627201119 551.2106125756936 1.4656 1.3758 3.7786 15.081406872363335 28.711319263572697 -7.4477 -1.8856458483840466 0
VAN 0.0 0 -1.1445079670467457 245.73060010572 323.24084698594834 535.2571566012653 491.2272402905484 3.0074 3.0141 6.0193 16.837360541972817 35.94820398956291 -6.7457 -1.917786575270122 0
CAR 0.0 0 2.9459215651994297 1400.9142613212382 229.39265430772824 1597.8905112797802 357.3332139229211 1.5329 1.947 4.1625 27.870819227114474 -28.154390947527308 -6.1782 1.5674036341292166 0
CAR 0.0 0 -1.4376205259945758 123.61155833763473 395.5314148050537 332.56493093322274 495.33398242128715 1.5121 1.9339 4.1099 13.36852004113759 38.14661665220502 -7.6011 -1.9132188092271625 0
TRUCK 0.0 0 -1.6380876711888905 1763.7771401439513 270.8441803089265 1905.3191529559172 391.4253410902643 3.3377 3.0755 3.0748 54.49270449526363 8.419404635954864 -5.9795 -3.031595390596638 0
PEDESTRIAN 0.0 0 2.9153681733561383 624.1472614312033 127.76569851835399 666.5834667291875 202.48253961936868 1.8579 0.9295 0.9471 41.41569345575989 -9.189568663572997 -6.0836 1.594447662458931 0
TRAILER 0.0 0 -1.6150658356285004 115.51000805564425 -38.187597389875165 329.18585199756114 104.41960027966118 4.1862 3.2286 10.2919 60.465567724983515 8.78920776837704 -4.2942 -3.062835902477131 0
CAR 0.0 0 -1.465346755247029 75.44027889583722 339.2287211884547 249.47750950610836 415.5390681823464 1.5206 1.9327 4.0484 15.364219662570562 47.76148427160804 -7.4583 -1.8734535741965284 0
CAR 0.0 0 -1.304070455551615 226.8497957177985 336.18671460766194 390.1957618001281 417.81319100103474 1.7 1.6238 4.0308 18.111762068403312 43.782727137932504 -7.2916 -1.9923975746503848 0
CAR 0.0 0 3.0214964448875556 2170.3842316413325 256.5178224432839 2506.6587326345048 397.77342596206046 1.7 1.9624 4.2616 25.87817799770871 -45.55964123530378 -6.4566 1.58896339585535 0
MOTORCYCLE 0.0 0 2.90681785348871 1646.4978776035603 344.37557569428253 1783.1994350670982 478.6687808493381 1.7 0.8106 1.621 21.117043527737213 -28.760832506376634 -6.3809 1.5710430576065737 0
VAN 0.0 0 -1.6084963529272658 1581.9408841035734 263.660533074112 1690.6557875544024 344.25564193877494 2.3964 2.4699 4.5843 58.021002891405224 15.58187833497967 -6.1273 -2.996611774829779 0
