CAR 0.0 0 2.7325291799528264 1336.6018215214447 202.11772009691603 1535.0023028530218 315.5027317781464 1.5683 1.9824 4.1753 24.8425767896229 -22.726808277238757 -6.7242 1.33882426606999 0
VAN 0.0 0 4.357969448778484 1702.8437409633382 328.509815379229 1847.0075014461956 447.37746474925723 1.9963 2.2756 5.9988 45.19023446210617 7.915349076864288 -6.704 3.0012018670575786 0
CAR 0.0 0 2.7029673305110373 1388.7484075453638 207.35509227547067 1646.2915333274752 348.0196270930041 1.6094 1.8776 4.9449 21.344094867532892 -21.691256984236716 -6.2139 1.3114097922132018 0
PEDESTRIAN 0.0 0 2.7270119515079294 638.5917028465817 127.07048683664958 675.423484683201 194.23888575475772 1.7016 0.7772 0.6957 39.75988562346863 -7.078075355481225 -6.3348 1.3955368288674803 0
CAR 0.0 0 -1.5461466486228022 247.37557753655358 422.00759314657677 456.6095431894738 542.6057391066902 1.5083 1.8983 4.1522 23.8818854484615 39.959240835907664 -8.1788 -2.18213576590055 0
CAR 0.0 0 -1.2901629559322287 405.91993655817936 424.57389430911684 598.6213499321573 544.3413102562484 1.4958 1.977 4.1388 25.350099879794197 36.8336000312457 -8.1989 -2.09854158769705 0
TRAILER 0.0 0 4.392023744532708 1708.096684819416 206.03323188640093 1867.8912794088576 332.7501474339571 3.4934 3.115 10.3352 63.264799347594355 5.0191 -5.0918 2.9686603356601298 0
CAR 0.0 0 -1.6596889421666254 140.68005901192842 381.5893950193582 334.83727944650946 481.5072489848324 1.508 2.0028 4.001 26.027803107815824 46.1866 -8.2196 -2.1681369818205787 0
TRUCK 0.0 0 4.391394218646928 1725.171275854398 254.6068781007159 1821.5750336537085 337.22110826493576 2.4532 2.2469 1.9737 57.1937 6.1447 -5.6178 2.985525566570448 0
CAR 0.0 0 4.945226587772581 -20610.012144680488 -24295.208427469588 60096.326872303085 5772.682975546555 1.7 1.989 4.2817 6.579080329699863 22.176726740616676 -7.1172 3.0019663134302466 0
VAN 0.0 0 1.7384978568270388 -7652.468595734041 642.3858339778423 -1637.2962435514403 2233.7068696725087 3.0024 3.0029 5.9984 13.267539384349114 17.99476640603134 -6.3697 2.956470865082749 0
VAN 0.0 0 -0.40459982865837363 2483.051934092416 388.2819965689418 3426.3373142172068 749.8769963355727 2.0449 2.1484 6.0265 5.139128181047532 -29.942370038172783 -6.4734 -1.7881979038209308 0
