CAR 0.0 0 2.7811477755457252 1311.3155603584519 203.09516262593044 1507.8881998116422 317.3202161278668 1.5683 1.9824 4.1753 24.91686752260642 -22.010192537116154 -6.7242 1.391616819307995 0
VAN 0.0 0 4.4151466345722 1702.2866198073095 325.8468171789635 1844.305816463113 442.6604014076924 1.9963 2.2756 5.9988 45.766306972483 7.861860359768975 -6.704 3.0566068809084705 0
CAR 0.0 0 2.768388526592301 1378.5063742617706 209.07573292837623 1636.3843904330458 351.1295108809048 1.6094 1.8776 4.9449 21.251310713254448 -21.32977416170553 -6.2139 1.3795353276698106 0
PEDESTRIAN 0.0 0 2.907288936915557 631.2477832511339 127.2446239312654 668.2468370981687 194.52034991140215 1.7016 0.7772 0.6957 39.77394378174766 -6.870854199446059 -6.3348 1.5787143958338035 0
CAR 0.0 0 -1.1305213315605036 199.69002539263602 428.5118550684741 418.8104172119364 552.9743562948449 1.5083 1.8983 4.1522 22.97252535800987 40.29928435179787 -8.1788 -1.6986471999023898 0
CAR 0.0 0 -0.9253793390637507 379.91067883076124 430.6130880130316 579.1318615826607 553.7847216296692 1.4958 1.977 4.1388 24.644901426353364 36.88455887275042 -8.1989 -1.702920799359803 0
TRAILER 0.0 0 4.491070475330791 1696.3232665587773 204.6644316665763 1851.2002652709768 329.53106553579653 3.4934 3.115 10.3352 63.79023983923462 5.425141017208062 -5.0918 3.0676513757056805 0
CAR 0.0 0 -1.275620490475978 87.09640831966253 382.3022607977155 287.5184610512588 483.0255504198541 1.508 2.0028 4.001 25.358914639296014 47.21370216150638 -8.2196 -1.689088395475315 0
TRUCK 0.0 0 4.467061071879877 1733.6526541899873 256.30974377649034 1831.7085923190666 339.84622595373474 2.4532 2.2469 1.9737 56.73949565557735 5.924686720106074 -5.6178 3.061520652592247 0
MOTORCYCLE 0.0 0 2.647788807100951 1682.7341498603625 333.2007276338331 1851.296414229 468.60831123061536 1.6332 0.8894 1.834 14.4366300110899 -20.865323943447272 -6.5953 1.299371995623324 0
CAR 0.0 0 2.7946230460482413 2256.3702051706896 215.07574295464 2608.9827426042107 349.44477745875685 1.654 1.8689 4.1757 14.017253314528332 -39.67511094285454 -5.8865 1.3382726402361689 0
