CAR 0.0 0 4.344903973918882 1562.1115629566439 326.8836733953213 1653.173890797038 413.5568323683886 1.7 2.0096 4.0382 46.36300282405827 12.133399159853063 -6.8888 2.9997781404841044 0
VAN 0.0 0 -0.19562045201583533 1115.2731133479874 185.05334503202744 1202.8333901478707 259.15570916120316 3.1128 3.0226 6.773 73.47822295015249 32.80137780925201 -5.828 -1.5785158727392246 0
TRUCK 0.0 0 2.6988447969994134 1669.5138574070556 180.782711926607 1946.634742094176 400.7639504985989 3.4115 2.7462 2.4608 17.366209623927382 -25.17953883784222 -5.8128 1.2852302956391661 0
CAR 0.0 0 2.466310013492937 698.9930100384506 285.37284554298805 876.1611194097206 457.906096422491 1.5441 1.9368 4.2225 21.56881456616914 -5.926054157930746 -6.7047 1.3330809744577743 0
BUS 0.0 0 -1.1641830000089475 300.3466047299434 257.1327771588918 773.2129684100322 509.62918886808245 3.8144 4.294 14.4415 31.559657346821353 39.473084544814554 -6.7673 -2.144944864220243 0
CAR 0.0 0 2.5541130981243887 1054.18837922256 319.74896632410275 1336.3960207676037 542.5569271539222 1.7 1.9879 4.7683 16.825571530448055 -11.044705575277552 -6.6494 1.3267852944624803 0
CAR 0.0 0 2.6524451145773 1700.9494676893225 312.1831255209369 2055.056467478257 491.7747194072104 1.5135 1.9357 4.3357 14.148130043909154 -22.951073299739317 -6.6523 1.2908234282716162 0
VAN 0.0 0 2.703894484380164 2164.451128529462 270.9187357183934 2708.8244003990058 493.2943660474883 2.0943 2.4031 5.4998 11.317625417037327 -33.23390108798344 -6.4152 1.2863865962287475 0
TRAILER 0.0 0 2.7216145219973975 1788.1143137385022 123.44245616172685 2534.6839404649963 474.4306845679086 4.1983 3.0119 9.4432 15.482186187805029 -30.907339451691787 -5.5448 1.281112685800008 0
BICYCLE 0.0 0 4.006363561043775 802.5681327569679 166.39179759257598 851.8197017430738 246.5736535931381 1.7142 0.8998 1.2689 33.4645 -10.3208 -6.5743 2.679422543851173 0
CAR 0.0 0 1.4612110066496609 428.56615673888024 27.687140465394606 476.74616551382843 68.51389629409017 1.5813 1.9585 4.1006 78.95355487477052 -3.278550837315582 -6.7996 -0.004686726912031126 0
MOTORCYCLE 0.0 0 2.5866921395408737 862.1132677671317 207.72487839508653 938.547973299647 303.30060877102665 1.6462 1.1594 1.9268 28.627995176214352 -10.591486709908752 -6.7353 1.2913770127670434 0
CAR 0.0 0 4.42263924306633 1716.3715140437369 313.7435536263478 1814.8802493031408 386.8224053222973 1.5535 1.9759 4.0961 52.866724043376735 6.834904059890037 -6.8684 3.047210286189498 0
OTHER 0.0 0 2.751697413880559 2532.2717449553625 268.9425076971825 3002.368919133113 436.2188483247516 1.7 1.956 4.407 9.62346756686456 -40.79478254688461 -6.175 1.3063805397873736 0
