VAN 0.0 0 -0.03536710112408814 1147.893037608524 202.70889004285678 1270.2451215632177 277.6419797744888 3.0887 3.0353 7.0662 63.123685251288165 37.846021494253954 -5.5641 -1.4114024759719594 0
TRAILER 0.0 0 2.9406255904866594 889.4883592667463 151.4064060787105 1204.7249286422136 554.2135472566539 3.3784 3.4486 11.6024 23.928635354573355 -17.3017470842862 -5.4833 1.6853248986427092 0
VAN 0.0 0 -1.7069826393375622 1600.253425555747 302.0903045632278 1745.0895462207718 422.90926234463274 2.5061 2.2666 5.3185 43.37298402546091 11.0280077828543 -5.9066 -3.0663557118638796 0
TRUCK 0.0 0 2.7978662724824623 490.59792614358685 186.52276737889446 773.2778951934748 492.0929675408343 3.5225 3.6418 4.7722 23.035924877198152 -11.33107249087639 -5.4368 1.6959016594119833 0
CAR 0.0 0 -1.7477930048347632 1532.523175048043 312.5842598054963 1641.4923224454192 389.13529273559635 1.7 1.9666 4.1398 46.47319274058246 14.221140229822707 -6.3811 -3.1019631316146827 0
BUS 0.0 0 -0.12187224035357103 1162.5420451379362 405.13305055925304 1620.1141002687693 839.0418637192228 3.5244 2.84 10.3328 19.957964801380882 9.571578088531796 -6.2138 -1.2910989475322252 0
VAN 0.0 0 2.5156355937025965 17.362832314104892 273.19533729690517 506.5378499582523 705.6003791697791 3.0142 2.9998 6.4302 17.931419773238023 -7.646821762401936 -5.5653 1.9503832737626157 0
BICYCLE 0.0 0 -1.1470080044152333 809.115088565495 174.42391161946819 834.23390769048 240.27524143508668 1.455 0.6025 0.8913 36.68091324748821 -14.18480737219854 -6.2896 -2.470962799178619 0
CAR 0.0 0 -1.7230019849516562 1783.5614795008605 329.82961447461656 1900.9820752423661 422.84813362635487 1.661 1.8473 4.112 42.716159603126144 6.722774244898895 -5.6812 -3.093492692234448 0
MOTORCYCLE 0.0 0 -1.7221269667260364 1511.257509017742 342.437944599584 1563.0085034900542 411.5915360232203 1.7 0.7138 1.6517 41.13860937321005 14.168841209440222 -6.5238 -3.0527780599336807 0
CAR 0.0 0 2.9524459448236433 1347.1174475174007 192.85523753737286 1510.6477590690315 307.88019578523733 1.7 1.937 4.0135 31.785600000000002 -28.3542 -6.2264 1.554161860999463 0
CAR 0.0 0 2.9791289867875994 1621.4007066069494 281.9122885844576 1843.1687547022566 416.7536459851686 1.4668 1.6524 3.5756 24.557232346765915 -31.240898752408818 -6.3814 1.6065886511957113 0
CAR 0.0 0 -1.1863586911983675 212.15346620932027 428.79209234637494 446.03999124465645 558.63808187238 1.7 1.9714 4.0628 12.759448403669454 31.31282928053952 -7.4038 -1.7780935580836401 0
CAR 0.0 0 -0.7993659452703491 608.1101868778843 427.3968315271918 802.0921929469982 544.8744126072977 1.5178 1.8289 3.9952 18.41474529625172 25.199093095211353 -7.2359 -1.7698026579119586 0
VAN 0.0 0 3.0177656626826925 1875.1066084080037 243.45669281344988 2312.546775058274 488.2075715927422 2.5358 2.0016 5.2596 21.65263735362886 -35.36561189602621 -5.713 1.6178419900849237 0
