CAR 0.0 0 2.7325292256258926 1336.593399504849 202.11630151519083 1534.9919138277673 315.5006170061057 1.5683 1.9824 4.1753 24.842786602782816 -22.726706498863102 -6.7242 1.33882426606999 0
VAN 0.0 0 4.357969478921228 1702.8455186404565 328.51010953002213 1847.0098183630637 447.3779564936901 1.9963 2.2756 5.9988 45.19020206843573 7.915302945622055 -6.704 3.0012018670575786 0
CAR 0.0 0 2.70296510688103 1388.736086070603 207.35589738929434 1646.2783125174383 348.0211911970574 1.6094 1.8776 4.9449 21.344099691946326 -21.69091309464883 -6.2139 1.3114097922132018 0
PEDESTRIAN 0.0 0 2.7270110258558065 638.5891452377192 127.07050165648683 675.4209778768135 194.23892440311175 1.7016 0.7772 0.6957 39.75989913711219 -7.07800452287999 -6.3348 1.3955368288674803 0
CAR 0.0 0 -1.546948734300258 246.87860120328068 422.2156717083383 456.2976956804588 542.9267524207642 1.5083 1.8983 4.1522 23.86227095593976 39.95130202177454 -8.1788 -2.18213576590055 0
CAR 0.0 0 -1.290162950573149 405.91994137717955 424.5738934574151 598.6213536998705 544.34130891679 1.4958 1.977 4.1388 25.350099992787513 36.83360000187477 -8.1989 -2.09854158769705 0
TRAILER 0.0 0 4.392023629854467 1708.096999136732 206.03339466540055 1867.8919781247957 332.7505786304191 3.4934 3.115 10.3352 63.264698549386864 5.0191 -5.0918 2.9686603356601298 0
CAR 0.0 0 -1.6596891353856043 140.67995183299766 381.589414809002 334.83719604441967 481.5072789289659 1.508 2.0028 4.001 26.02780018949023 46.1866 -8.2196 -2.1681369818205787 0
TRUCK 0.0 0 4.391394218646928 1725.171275854398 254.6068781007159 1821.5750336537085 337.22110826493576 2.4532 2.2469 1.9737 57.1937 6.1447 -5.6178 2.985525566570448 0
VAN 0.0 0 -0.35094110233893483 3779.1720327523326 311.5383014944947 4768.340695704356 545.25841062203 2.0449 2.1484 6.0265 -1.264502973588006 -64.01457375683628 -6.4734 -1.8230459129182068 0
TRAILER 0.0 0 4.169595252786778 1223.8807553811482 395.4721398325619 1383.0249704222408 606.233490038886 2.8877 2.2446 3.2188 26.66222863314121 18.687796352880106 -6.4362 2.9612989393665345 0
VAN 0.0 0 4.108440600288141 1164.3352411586056 461.65840902331206 1322.377314376683 667.3079105858764 2.2938 1.9255 3.2364 23.503873525317776 19.238227555391415 -6.7544 2.959451845479912 0
VAN 0.0 0 4.3138186044559435 1531.9503260610486 294.80228514125616 1598.2405729008813 359.4236636290112 1.7028 1.988 4.1224 58.9293 12.7408 -7.5202 2.9486114755928803 0
