CAR 0.0 0 4.344908679621298 1562.1216535778617 326.87912760491145 1653.1830756668714 413.54978714546746 1.7 2.0096 4.0382 46.36417155144867 12.133051467757538 -6.8888 2.9997781404841044 0
VAN 0.0 0 -0.19566351670048854 1114.7359773079077 185.0147316674718 1202.301355936098 259.09236958620437 3.1128 3.0226 6.773 73.48772079660351 32.83357891679204 -5.828 -1.5785158727392246 0
TRUCK 0.0 0 5.042024539745217 -26770.61557308786 -250679.11642129146 597189.442014362 13185.728965717753 3.8081 2.9722 2.9156 3.6690435317021604 21.544363576467344 -7.0351 3.0882466766243977 0
CAR 0.0 0 1.3071157343613793 336.2752675917788 128.3202919500578 429.55170340484756 225.46378859758917 1.7 1.967 4.5895 40.897511328623835 0.3463932254420954 -6.577 0.16471018950639593 0
TRUCK 0.0 0 2.743622644762902 1779.4159255357736 180.7952025802142 2065.9644651741723 398.1230255603347 3.4115 2.7462 2.4608 16.728076276712702 -27.566898626022223 -5.8128 1.3201315685536548 0
CAR 0.0 0 2.6717113079046735 1461.5481246801053 273.87181299079646 1735.0267703828972 428.6244515151719 1.5441 1.9368 4.2225 17.96971719803091 -20.665593781710836 -6.7047 1.3156383118550223 0
BUS 0.0 0 -1.1285687787585807 273.0183966574364 254.4230276100603 748.3166794462364 501.61616071136024 3.8144 4.294 14.4415 31.71956830399955 40.51534475401418 -6.7673 -2.092592917636032 0
CAR 0.0 0 1.2664141712705888 356.74633191386914 74.98030903115946 418.3685965907865 141.05943167584164 1.7 1.7559 4.4079 55.99422379139051 0.13045636957347884 -6.7373 -0.0349065850398866 0
CAR 0.0 0 2.670704815266705 1570.6702075041424 307.3254018609649 1939.419883863006 510.9961118618486 1.7 1.9879 4.7683 14.649657509670647 -20.555039704411406 -6.6494 1.3267852944624796 0
CAR 0.0 0 2.708074743496412 1894.9905545772003 312.75247409069794 2278.9448208108447 490.0007801066463 1.5135 1.9357 4.3357 12.965466632716826 -26.583669544089954 -6.6523 1.325735248700469 0
VAN 0.0 0 2.7427955928040997 2196.761242760786 267.63018906860975 2740.1656423942627 486.010783185558 2.0943 2.4031 5.4998 11.282758529305736 -34.24472086027365 -6.4152 1.3212931812686368 0
VAN 0.0 0 -0.32420713304368465 3086.7979112301164 310.88538073370984 4138.599865298115 649.0125621592254 2.7252 2.5328 6.0568 2.6281670522959275 -43.91511578382693 -6.1749 -1.7657681287947185 0
TRAILER 0.0 0 2.781555471121891 1875.5359040270632 122.37048817808841 2640.2525330827943 464.9965130232089 4.1983 3.0119 9.4432 15.093466727917793 -33.331419334487094 -5.5448 1.33346725123444 0
TRAILER 0.0 0 -0.7594848310508975 -26691.045395301197 -365594.6793980629 1084745.307561313 10524.334890406288 3.8072 3.3433 7.7358 10.67925893181193 24.407068411224653 -6.4136 -2.6486279995985367 0
BICYCLE 0.0 0 4.006363561043775 802.5681327569679 166.39179759257598 851.8197017430738 246.5736535931381 1.7142 0.8998 1.2689 33.4645 -10.3208 -6.5743 2.679422543851173 0
CAR 0.0 0 1.398794803947358 431.9689390189657 29.610603875082827 481.5323900172832 71.71199525290884 1.5812 1.954 4.102 76.67332040615426 -3.381046269675818 -6.7166 -0.06254397204589136 0
CAR 0.0 0 -0.44374895065280406 2421.715719119883 466.13454588845383 3058.129525862244 740.6963691429379 1.5356 1.9913 4.1053 5.625972926494685 -27.134932982335524 -6.8917 -1.7996717894500955 0
OTHER 0.0 0 2.7873882510602574 2532.2088826678337 267.1243575859348 2999.191960593017 433.0300351662445 1.7 1.956 4.407 9.708030206067134 -41.023786037378734 -6.175 1.3412659167335605 0
