VAN 0.0 0 -0.0612807657974348 1151.278171864688 202.57081137524315 1273.2671133352294 277.3252859232068 3.0887 3.0353 7.0662 63.369708344835324 37.79339818635827 -5.5641 -1.437993474107063 0
VAN 0.0 0 -1.750162322877208 1468.1463671057618 380.5121476788311 1686.8843782839424 577.3014908874699 2.5061 2.2666 5.3185 27.77407879984325 9.30108853569251 -5.9066 -3.0306989853775987 0
CAR 0.0 0 -1.9398832512503117 1041.3801245824718 538.7056569155044 1318.601570993886 773.2309998905497 1.7 1.9666 4.1398 15.506036219743958 11.19179135154496 -6.3811 -3.008828825219938 0
BICYCLE 0.0 0 -1.8567043486467232 1131.5261248127003 538.0663260062464 1215.2871100863113 691.3924327445609 1.455 0.6025 0.8913 14.62229988615687 -17.96832600261593 -6.2896 -2.945145701233959 0
CAR 0.0 0 -1.6882759815441588 1777.399774497306 330.61664420762395 1895.5491843756308 424.1482496595573 1.661 1.8473 4.112 42.42175800785473 6.819334858170968 -5.6812 -3.057616256602798 0
CAR 0.0 0 3.0130196032799397 1337.9838620416963 191.65549284349134 1499.5618465203709 306.1340160441 1.7 1.937 4.0135 31.93270500440307 -28.16959371983136 -6.2264 1.6149400059223493 0
CAR 0.0 0 -1.203439822097816 210.10909868262286 429.2417645150362 444.49710516851917 559.3563005809256 1.7 1.9714 4.0628 12.711597976364875 31.296900355431283 -7.4038 -1.7921101297431838 0
CAR 0.0 0 -1.0295055126823107 393.0686010420789 438.0904689414917 584.7334006004794 548.6322846348882 1.4656 1.3758 3.7786 15.190588740254366 28.84635510567117 -7.4477 -1.8133342874298124 0
VAN 0.0 0 -1.0620475407682313 237.9117722642122 323.7465064148427 529.0149145726728 492.3410681614722 3.0074 3.0141 6.0193 16.665258573778782 35.98899165152643 -6.7457 -1.82530483703405 0
CAR 0.0 0 -1.3455174554091571 1160.4799733814048 -303.855846046251 1245.1163423136734 -248.6117940441854 1.6185 2.5772 5.2097 -71.86560137255822 5.09053881279741 -6.6119 -3.141592653589793 0
CAR 0.0 0 3.014239955272436 1600.1051820865766 224.00178325012826 1822.4568170289363 347.05612626823284 1.5329 1.947 4.1625 28.365634371495776 -33.1868913991251 -6.1782 1.6079448596805241 0
CAR 0.0 0 5.00033758147061 1275.9961635395825 -433.51630506548355 1374.0827129208133 -355.75313076647456 1.5559 1.9857 4.1439 -56.00310714715724 5.144967790552075 -8.682 3.1406323040528 0
CAR 0.0 0 -1.7288707336158502 1617.871069127976 354.1130274061481 1738.447390202193 442.4314681611647 1.5654 1.9196 4.1235 41.36837712278949 10.32704219164299 -6.5847 -3.0678153663665255 0
CAR 0.0 0 -1.6502320875205314 1552.2104918939317 286.82261704813993 1651.2974305168914 356.2621463558765 1.7 1.8085 4.5388 50.711891360311014 14.95609558067574 -5.9788 -3.0237647859688446 0
CAR 0.0 0 -1.2405439451896547 1202.611535657472 -451.40384431818313 1299.3356863562653 -367.8914143121467 1.5373 1.9615 4.1776 -53.15230255840427 1.488780842047115 -8.5341 -3.1271669706908947 0
CAR 0.0 0 -1.2317080793044202 1361.9279153525829 -506.1244631763728 1495.1831098731495 -402.92912996461746 1.5117 1.9409 4.126 -44.495265030159416 4.167505817021593 -8.2519 -3.109762181276535 0
CAR 0.0 0 -1.364109620209757 112.01534137072358 396.026220436938 322.2201946752501 496.1298183223864 1.5121 1.9339 4.1099 13.1523 38.2777 -7.6011 -1.8193646594160293 0
CAR 0.0 0 -1.6289559587192446 1660.9807879161451 300.7796382608868 1760.3695945252082 367.3068068620451 1.5404 1.9796 4.1381 51.9069724093062 11.68187332886943 -6.1749 -3.007665396882673 0
CAR 0.0 0 -1.6424958444722817 1606.1357135785775 269.5946933337176 1687.3833733970898 318.937543193971 1.4297 1.9111 4.1493 61.58146046743907 16.037792798641632 -6.1459 -3.0369523043851006 0
CAR 0.0 0 5.016872831317193 1528.4320547762795 -646.3882235079978 1742.7284375392155 -484.92722915825175 1.5642 1.972 4.1857 -33.131370005992814 3.859991040751098 -7.9971 3.1144344235112906 0
