VAN 0.0 0 -0.03384540692516458 1150.2811060250374 198.23811020619263 1269.0854621399615 266.17696182832344 2.7763 2.7552 7.2016 63.06637390088874 37.80559249183442 -5.1699 -1.416192480697106 0
CAR 0.0 0 -1.693270227329113 1484.6831881130215 330.37239376810993 1603.23381425016 415.01201739143664 1.7 1.9575 4.0881 41.89927080799555 14.188158436916325 -6.4594 -3.02834391244896 0
CAR 0.0 0 -0.892950721263571 562.3726944757943 420.34340689819595 680.1611321403168 487.86936806984846 0.9948 1.2858 2.4998 19.03802843789105 29.2534827971584 -7.372 -1.8337843290873004 0
PEDESTRIAN 0.0 0 -0.013568268293907115 3385.3306990802253 934.0569111392899 3871.829477573108 1170.71882981089 1.7 0.9483 0.6324 7.0434 -35.0259 -6.4597 -1.3017621272550564 0
TRAILER 0.0 0 2.984483636981719 1432.7139086412262 121.76648662582977 2262.5478702818127 646.0696094848896 4.449 3.1064 14.302 22.810580462097192 -29.634667056327576 -5.4278 1.606901487568916 0
CAR 0.0 0 -1.0333898004359614 348.99226311103973 415.79321998537733 558.5732829068794 528.4293408030493 1.5443 1.9623 4.0978 15.66621198715876 31.14417415861113 -7.4616 -1.8023740043592795 0
TRUCK 0.0 0 2.924888201413025 1141.8668621223146 188.44788316657335 1424.6757093169754 498.7605204373372 4.1117 3.1104 3.5612 22.607297141130367 -21.5412703349761 -5.5624 1.612161205831871 0
PEDESTRIAN 0.0 0 -1.3847378067886063 1120.626438905228 373.49842009053197 1162.1441963167151 445.0272559368936 1.7091 0.758 0.7219 30.533181109017065 21.393337780612896 -6.9127 -2.611545737766429 0
PEDESTRIAN 0.0 0 -1.2831064332270228 1152.405163714179 373.43937313558337 1194.519773892261 446.982234969685 1.7376 0.7422 0.7187 30.649062335024595 20.450793529442585 -6.8157 -2.517910424968787 0
PEDESTRIAN 0.0 0 2.983893922253464 1224.7000620770618 149.1664802228199 1266.2936382348578 218.45985535676238 1.7 0.7538 0.7055 38.4299 -25.9982 -6.0274 1.5594767795872573 0
CAR 0.0 0 -1.5921530395041246 1727.9276710250379 243.1500353792971 1798.8734076789824 288.2826472141 1.5772 1.9628 4.1479 73.8275 13.8721 -5.7409 -3.013776834973142 0
