VAN 0.0 0 -0.061076054086621534 1151.180223725392 202.28223998511578 1272.7854112997559 276.75972828558065 3.0887 3.0353 7.0662 63.56960247871182 37.923925068607865 -5.5641 -1.438074103094086 0
CAR 0.0 0 -1.7082841671474673 1782.2034259059765 330.8162292926685 1900.2536077706459 424.4308681427075 1.661 1.8473 4.112 42.47615972623422 6.716370407465865 -5.6812 -3.078007174963612 0
CAR 0.0 0 2.9601077803502545 1345.7925924138244 192.0535293959551 1508.6418436738727 306.6682822207889 1.7 1.937 4.0135 31.883980838273324 -28.35639053893085 -6.2264 1.5613408777075723 0
CAR 0.0 0 -1.204335746767849 204.93555711261405 429.11943441289657 439.6937038508306 559.1977069455761 1.7 1.9714 4.0628 12.642842621857419 31.38717912777605 -7.4038 -1.7860664048787567 0
CAR 0.0 0 -1.0172436811632661 392.37991436151674 439.29203742085446 584.7882058478656 550.4021851795828 1.4656 1.3758 3.7786 15.122012819655463 28.74638678304981 -7.4477 -1.7992607011529442 0
VAN 0.0 0 -1.029527713661562 228.65575282375576 324.45779083667225 521.7775771274379 493.8880459070439 3.0074 3.0141 6.0193 16.454530709257597 36.01668285160753 -6.7457 -1.7806193478024308 0
CAR 0.0 0 2.953815695107399 1403.99832075937 228.61815110586247 1600.901523656391 356.09439477377384 1.5329 1.947 4.1625 27.946043578456596 -28.258323078716895 -6.1782 1.5742731399333625 0
CAR 0.0 0 -1.3662088994692152 100.50810335497714 398.6193125919304 313.4479568151255 500.03689510476585 1.5121 1.9339 4.1099 12.842587037676026 38.11806384861075 -7.6011 -1.800105966354912 0
TRUCK 0.0 0 -1.6222552290630052 1755.618738315146 270.45335806014134 1896.7628717726611 390.78604355392383 3.3377 3.0755 3.0748 54.408209807127555 8.656280636339359 -5.9795 -3.0152364718177616 0
PEDESTRIAN 0.0 0 2.9839049236394946 628.3551354838761 127.05535483206783 670.4547348191767 201.52390332528793 1.8579 0.9295 0.9471 41.54858751621118 -9.290049084781312 -6.0836 1.6602932387710603 0
TRAILER 0.0 0 -1.5844196516979656 1751.1012700546007 195.44873345543388 1919.801812954084 341.1081448663622 4.1862 3.2286 10.2919 60.369443226806005 9.38798010740213 -4.2942 -3.0134491712793317 0
VAN 0.0 0 -0.10056098518222645 2226.9482934405505 407.75740137109045 2806.8042613202015 681.7130046054857 1.9675 1.9559 4.604 16.467669725205248 -37.38856067809662 -6.6285 -1.4591455572787007 0
CAR 0.0 0 -1.4328598554335399 72.91140870444141 339.23467389844086 247.1190753435265 415.5604236640145 1.5206 1.9327 4.0484 15.312099999999997 47.811798176342414 -7.4583 -1.835460922297258 0
VAN 0.0 0 -1.9651056025366793 1073.000127916876 579.3093617107311 1545.0947854153828 1041.964336853239 2.0176 2.2899 5.6298 11.762994824388334 7.374746330111557 -5.5529 -2.997667017415702 0
CAR 0.0 0 -1.1778977937867317 213.58406020519317 337.21743407940994 378.5834807209768 419.38368108690014 1.7 1.6238 4.0308 17.761080453526464 43.85084712902561 -7.2916 -1.8444774247416449 0
