VAN 0.0 0 -0.10101410679451539 1149.578620931159 202.4587466580334 1271.5052730420605 277.12786001931556 3.0887 3.0353 7.0662 63.37390039131248 37.89970987606157 -5.5641 -1.477576390199944 0
CAR 0.0 0 -1.680403325988836 1777.842515600987 330.19070554515906 1895.7261023063384 423.4659360600511 1.661 1.8473 4.112 42.52211127329709 6.825201189885343 -5.6812 -3.0500607807103046 0
CAR 0.0 0 3.0081468038069303 1349.558787619182 191.90449142005585 1512.8054548438392 306.4053292815787 1.7 1.937 4.0135 31.902497194782477 -28.46222718455035 -6.2264 1.6087736008161464 0
CAR 0.0 0 -1.27997374143533 209.18041322386665 429.2429931776238 443.65142495400215 559.36419617459 1.7 1.9714 4.0628 12.698298764036497 31.31070128220007 -7.4038 -1.8673876289855698 0
CAR 0.0 0 -1.0824375654102674 380.8436318957781 442.1369191239503 575.8921489032562 554.6510645644282 1.4656 1.3758 3.7786 14.81966553832687 28.662482908036086 -7.4477 -1.8503676822190267 0
VAN 0.0 0 -1.0970416885024887 236.9701695062077 324.1096514557312 528.6560812730465 493.08443337960483 3.0074 3.0141 6.0193 16.62199578131497 35.939700325122274 -6.7457 -1.8587980939027253 0
CAR 0.0 0 2.9714480096898748 1401.7114046243018 230.10420779381587 1599.3050832854979 358.4374704701259 1.5329 1.947 4.1625 27.801175467443663 -28.144219654147726 -6.1782 1.5933728930092512 0
CAR 0.0 0 -1.396625567071433 117.86843280117378 396.20135542180316 327.7405607717821 496.35729325116006 1.5121 1.9339 4.1099 13.241208275636081 38.15298839176806 -7.6011 -1.8619935011827247 0
TRUCK 0.0 0 -1.6119923691187408 1759.5134147562924 271.83188743902866 1902.0086867928514 393.3768389616182 3.3377 3.0755 3.0748 54.007549150362955 8.467540313645097 -5.9795 -3.0043818812723417 0
PEDESTRIAN 0.0 0 3.0103256562081873 619.2861883094355 127.47733467273993 661.919246421088 202.13574220750473 1.8579 0.9295 0.9471 41.46399983120232 -9.049299892794359 -6.0836 1.6907205764568618 0
TRAILER 0.0 0 -1.5756523868883394 104.15714618196243 -38.518300659782994 319.75109515044466 103.78695252399095 4.1862 3.2286 10.2919 60.61105657158707 9.235573796538214 -4.2942 -3.0197544876800797 0
CAR 0.0 0 1.4252055886690143 384.39389156187866 37.48929670001503 453.80929794635995 85.18729570772607 1.7237 2.0206 4.126 74.02517076783681 5.483727177044523 -6.818 -0.0016624063706126633 0
CAR 0.0 0 -1.6860263930169923 1518.1709086402673 426.32713717011336 1690.7259679666315 563.8736476343786 1.5556 1.8854 4.2176 28.040426119241694 8.8181473354839 -6.2649 -2.959938665396593 0
CAR 0.0 0 -1.6465508626949494 1655.4198475274259 291.64877545169185 1751.031701808976 358.8315923429195 1.5712 1.8019 4.16 51.08752189152127 11.818492510950492 -5.809 -3.0294251277070736 0
CAR 0.0 0 -1.8753821063355995 1110.7688961267606 532.0694978870883 1368.6267782128757 760.6199210798607 1.7282 1.6724 4.4604 16.5959079682027 10.7995347888075 -6.4626 -2.9706858680711745 0
CAR 0.0 0 0.8590169196623686 134.4157450652139 193.8467684375443 345.04061171184895 321.5200358356888 1.7 2.482 4.675 33.03634611659748 -1.1455583237489355 -6.5583 0.09213218232254927 0
