CAR 0.0 0 2.6863777820859993 1340.9500869825054 200.01006256790745 1538.1411251095149 312.1688998815926 1.5683 1.9824 4.1753 25.03690028264509 -23.00670273100876 -6.7242 1.2904051040461615 0
CAR 0.0 0 2.646864078104213 1379.8031815791599 208.03795917966266 1636.7906867081658 349.3247892203231 1.6094 1.8776 4.9449 21.338500265196696 -21.43510031795896 -6.2139 1.2570095736052027 0
CAR 0.0 0 -1.2996404158246997 220.75921891923505 422.24579932471937 433.4436842093054 543.2213659466292 1.5083 1.8983 4.1522 23.603501917077722 40.433400412660895 -8.1788 -1.9008039597235955 0
CAR 0.0 0 -1.106425775948215 392.0390615597287 425.3773548172114 586.8664688835477 545.6942695914101 1.4958 1.977 4.1388 25.150401535921468 37.03800046877647 -8.1989 -1.900855273565694 0
TRAILER 0.0 0 -0.4220276889316068 1859.9479992984636 238.89785588168255 3746.6732632780377 1040.7239039402975 3.4934 3.115 10.3352 5.977060851552136 -20.35375596914842 -5.0918 -1.7821108615445875 0
CAR 0.0 0 -1.456313115416321 116.05766827354167 382.2683057730027 313.3046278331743 482.7198590433409 1.508 2.0028 4.001 25.689701003066887 46.62039819921723 -8.2196 -1.921975704819857 0
MOTORCYCLE 0.0 0 2.606082639134706 1533.6388645818206 334.3588849291701 1689.545431251556 471.60589426286555 1.6332 0.8894 1.834 15.211399828612977 -18.223001065919423 -6.5953 1.2795230550680976 0
CAR 0.0 0 2.6297930771897056 1394.251353514124 227.72770693216285 1658.47080230099 383.7192079345867 1.654 1.8689 4.1757 18.577100170396935 -19.224299784773343 -5.8865 1.2547721101000144 0
CAR 0.0 0 2.707421148595044 1655.153613148087 171.02253280542448 1912.0926548454254 295.40010473602644 1.8284 1.8307 4.868 22.60122157359377 -31.289391393494384 -6.1655 1.2652991384422807 0
TRAILER 0.0 0 -0.2447035606915875 3564.486336358512 304.65871070314887 4424.127972025581 540.5240616650003 2.3003 2.4332 5.4943 0.5681570066903228 -60.09206260982018 -6.5644 -1.7115969380679334 0
PEDESTRIAN 0.0 0 2.704202391771228 368.54350789935006 139.9822236038533 409.75998849217535 223.41769631986224 2.0064 0.6591 0.733 39.79628640611834 0.2029491663767321 -6.5861 1.5692703461305249 0
TRUCK 0.0 0 -0.4409805191989622 2445.615080160592 453.1642516230007 2972.033195484332 780.6041923227832 2.8092 3.0165 1.8689 5.139740790100407 -24.489066789992663 -6.4515 -1.7902303630211702 0
