VAN 0.0 0 -0.06107038045328461 1151.2010971829038 202.2799387681484 1272.8020956669777 276.75492974158755 3.0887 3.0353 7.0662 63.57215935521785 37.92424163193505 -5.5641 -1.438074103094086 0
CAR 0.0 0 -1.7086389189790698 1779.4396940555964 330.91407124246587 1897.6698033080534 424.6074318814674 1.661 1.8473 4.112 42.39936928039565 6.768302312341888 -5.6812 -3.078007174963612 0
CAR 0.0 0 2.9600998329183676 1345.7433677118852 192.05547861986892 1508.5874192485285 306.671721266305 1.7 1.937 4.0135 31.883738866322904 -28.355008277948336 -6.2264 1.5613408777075723 0
CAR 0.0 0 -1.204410291370635 204.88010734588562 429.11782040639724 439.6420040831576 559.195532216275 1.7 1.9714 4.0628 12.642118057662852 31.38817834369256 -7.4038 -1.7860664048787567 0
CAR 0.0 0 -1.017062596213816 392.5291812903213 439.2551999423368 584.9034034271248 550.3472216566082 1.4656 1.3758 3.7786 15.12596304714511 28.747482668828628 -7.4477 -1.7992607011529442 0
VAN 0.0 0 -1.029672558754617 228.54431354156313 324.4631711356514 521.6863370956358 493.900260486005 3.0074 3.0141 6.0193 16.452238653319156 36.01758413226135 -6.7457 -1.7806193478024308 0
CAR 0.0 0 2.9537121055430884 1404.4075052498536 228.82389926514375 1601.516334864444 356.41174846858496 1.5329 1.947 4.1625 27.925733897252808 -28.25950078997625 -6.1782 1.5742731399333625 0
CAR 0.0 0 -1.36661889955779 100.28377456902402 398.65060182100063 313.2634403467899 500.08455600217 1.5121 1.9339 4.1099 12.837482707436983 38.1176073332702 -7.6011 -1.800105966354912 0
TRUCK 0.0 0 -1.6222523212441464 1755.5179503894853 270.4352205450609 1896.644217053116 390.75264243175695 3.3377 3.0755 3.0748 54.41212822520881 8.660073768970417 -5.9795 -3.0152364718177616 0
PEDESTRIAN 0.0 0 2.9839564720714034 628.4733081663703 127.04985592466106 670.5659702035932 201.51593028496615 1.8579 0.9295 0.9471 41.54969266026446 -9.293194497055572 -6.0836 1.6602932387710603 0
TRAILER 0.0 0 -1.5844295259266925 1750.9755004254807 195.44862241311256 1919.6898741805742 341.1118311796642 4.1862 3.2286 10.2919 60.365092497609865 9.391254955524085 -4.2942 -3.0134491712793317 0
VAN 0.0 0 1.4233699679559826 338.9934182036559 76.06063675058863 444.01258861239637 158.59870731160092 2.1382 2.0815 4.5477 53.62274612655217 1.1885933224304768 -6.523 0.13962634015954645 0
VAN 0.0 0 0.19449713407088975 1186.5953355744455 575.97255998464 1601.3209274322348 1039.1145734402442 1.9675 1.9559 4.604 11.87443707477031 -19.15328639048966 -6.6285 -0.848847989993715 0
CAR 0.0 0 -1.6101470169190015 1511.3519223340309 301.4247963129294 1626.3193860766946 379.1150970578602 1.7 2.0565 4.1699 45.23711525838782 14.514077084296556 -5.9339 -2.968387897526797 0
CAR 0.0 0 -1.4328647876091491 72.90903159355139 339.23393735715166 247.1163272204506 415.55938378312294 1.5206 1.9327 4.0484 15.312099999999997 47.812 -7.4583 -1.835460922297258 0
VAN 0.0 0 -1.6101423904742014 1676.2503846070506 254.57823727972988 1782.028604966857 326.4859824900564 2.0176 2.2899 5.6298 60.2775 12.796200000000002 -5.5529 -3.0154226207889554 0
