VAN 0.0 0 -0.10101423371787521 1149.5771886446935 202.45865218611863 1271.5037881819467 277.1276935955321 3.0887 3.0353 7.0662 63.373903945143596 37.89979956871368 -5.5641 -1.477576390199944 0
CAR 0.0 0 -1.6804030126892693 1777.842759589314 330.19025239146816 1895.726073657045 423.46521198930645 1.661 1.8473 4.112 42.52221365539617 6.825211996214493 -5.6812 -3.0500607807103046 0
CAR 0.0 0 3.0081478859778485 1349.5685528476051 191.90470141949433 1512.8166278135807 306.4055580703987 1.7 1.937 4.0135 31.902471718290858 -28.462474069849712 -6.2264 1.6087736008161464 0
CAR 0.0 0 -1.2799748027311622 209.1796294260843 429.2429942387866 443.6507112315067 559.3642028763114 1.7 1.9714 4.0628 12.698287539233618 31.310712926915354 -7.4038 -1.8673876289855698 0
CAR 0.0 0 -1.082451230539506 380.8331779734883 442.14037637346956 575.8845973396717 554.6562139296931 1.4656 1.3758 3.7786 14.819352563479871 28.662327681829517 -7.4477 -1.8503676822190267 0
VAN 0.0 0 -1.097043843084421 236.96852589454897 324.1097890032723 528.6548104559281 493.08473073741567 3.0074 3.0141 6.0193 16.62195746796039 35.939703277825494 -6.7457 -1.8587980939027253 0
CAR 0.0 0 2.971437022603058 1401.6455765759895 230.10665879883115 1599.2309486352724 358.441927802048 1.5329 1.947 4.1625 27.80095266701099 -28.14258178431625 -6.1782 1.5933728930092512 0
CAR 0.0 0 -1.3966170623638061 117.8733822412138 396.20150351395534 327.74522875521797 496.3574856077336 1.5121 1.9339 4.1099 13.241283433541135 38.152882967800004 -7.6011 -1.8619935011827247 0
CAR 0.0 0 -2.003361707477177 981.1268760387939 574.6365121401168 1289.381149802634 825.1359133713108 1.4297 1.9111 4.1493 13.410337912273185 10.608514907759934 -6.1459 -3.0278100857010606 0
EMERGENCY_VEHICLE 0.0 0 -4.223659825935017 -5151.947450191967 645.0126981253238 -1486.1572496364354 1714.2161466061914 2.0202 2.5494 5.842 9.73811792167946 7.16033234063022 -5.7294 -3.0191593915048185 0
VAN 0.0 0 -1.6772098444558916 1495.6447660771223 296.71132597259805 1741.3342291513802 501.6136993382051 3.123 2.9994 5.9995 31.563411861031163 9.672761281524837 -4.9167 -3.011582061012967 0
TRUCK 0.0 0 -1.5779943059711448 1758.22163711814 272.94215407105486 1901.7961957791695 395.52540020085524 3.3377 3.0755 3.0748 53.56712579822692 8.43127458835019 -5.9795 -2.9694700318089926 0
PEDESTRIAN 0.0 0 3.0103256269820085 619.2861461519553 127.47734290987961 661.919207843957 202.13575328097482 1.8579 0.9295 0.9471 41.46399829782422 -9.049298918984164 -6.0836 1.6907205764568618 0
TRAILER 0.0 0 -1.569292217983791 109.67436649639195 -38.940782267813674 322.8863725072632 102.29029734071669 4.1862 3.2286 10.2919 61.00742612484589 9.226988419445652 -4.2942 -3.019733534630946 0
CAR 0.0 0 -1.7306133494872753 1369.1261964962075 404.4418547169479 1532.6291408306574 523.1444626285612 1.5588 1.9734 4.1783 29.507152581661273 12.441424339966803 -6.5613 -2.994059404777344 0
CAR 0.0 0 0.9812370106849989 229.11831314428792 154.8315890175665 370.54182400367756 251.99509467440055 1.7237 2.0206 4.126 40.1067616602814 -0.0008640042633945022 -6.818 -0.0016624063706126633 0
CAR 0.0 0 -1.5697798234509335 1662.7857802546162 310.1038973535059 1763.3754433910785 380.52181269600413 1.5556 1.8854 4.2176 49.96847234541117 11.203630640648914 -6.2649 -2.94248537287665 0
CAR 0.0 0 -1.6321963519412501 1716.4723157710794 252.42732581338163 1788.155774334837 300.6656648806892 1.5712 1.8019 4.16 68.97065976441668 13.473856352273879 -5.809 -3.046891861113615 0
CAR 0.0 0 -1.6314300959643429 1498.329573782592 326.1010073267441 1608.6327748487884 410.05168207479176 1.7282 1.6724 4.4604 42.94554521875154 14.213076375107299 -6.4626 -2.9706858680711745 0
