VAN 0.0 0 -0.016680578369681287 1146.5562493654552 202.26547225511246 1268.3800142750097 276.7886684727322 3.0887 3.0353 7.0662 63.37710027124831 38.086601439817386 -5.5641 -1.3929679825469414 0
TRAILER 0.0 0 3.0562127795728387 1488.6402432137982 146.52325659674273 2133.4409864605627 506.56144958912694 3.3784 3.4486 11.6024 24.804407367199467 -31.347524440130513 -5.4833 1.6575297392573531 0
VAN 0.0 0 -1.6999437091092875 1590.0221100311378 302.7268371859843 1735.9195101764406 424.19912791890204 2.5061 2.2666 5.3185 42.98848554978776 11.203801469349555 -5.9066 -3.0575834777366406 0
TRUCK 0.0 0 3.024624563483881 1291.6990997695682 172.7360537498099 1639.724404253743 442.68643252434134 3.5225 3.6418 4.7722 24.418072675421236 -25.43433702886518 -5.4368 1.6574552326525247 0
CAR 0.0 0 -1.696985042535787 1534.4291327375822 310.37363319617026 1642.0712842090188 385.7878729428448 1.7 1.9666 4.1398 47.07850039101545 14.34870039101545 -6.3811 -3.0529654951011866 0
BUS 0.0 0 -0.7208413993211894 427.0186512331103 317.92527722214055 881.2768217495482 575.3267783761476 3.5244 2.84 10.3328 18.484650481442106 26.182436319643408 -6.2138 -1.7103738220394449 0
CAR 0.0 0 1.9707186282229074 -278.98618625584226 440.70723437385215 163.97102675491146 755.8983270337695 1.7885 1.936 4.1812 16.24752773146579 -4.239522866344118 -6.3142 2.032846802210489 0
VAN 0.0 0 2.9418475945371263 1660.8524885624954 221.36920811112765 2192.96639026299 530.2254975188196 3.0142 2.9998 6.4302 21.121815350277533 -31.537520357214873 -5.5653 1.5603140248623892 0
CAR 0.0 0 3.343626978474182 1308.5577498725181 590.4592657690957 1567.589510670073 860.47507662113 1.7553 1.5689 4.1046 15.855261991702104 7.566524286551807 -6.4088 2.2342920685285934 0
BICYCLE 0.0 0 -1.5989848295140618 811.7667631158696 175.75616873823466 837.0015294499239 241.91045711456107 1.455 0.6025 0.8913 36.498896281034376 -14.253099752945573 -6.2896 -2.9220305006185083 0
CAR 0.0 0 2.8167029422193335 874.4137765686681 337.70047431180603 1018.1411811658865 552.3827710664224 1.6332 1.7321 4.4876 20.40758182363323 -15.801816119846556 -6.3283 1.6842805443518494 0
CAR 0.0 0 -1.6736015252036691 1779.4031403951835 330.24301925490107 1897.247389243335 423.5377456940116 1.661 1.8473 4.112 42.54250912848063 6.792092889431089 -5.6812 -3.043391217708986 0
MOTORCYCLE 0.0 0 1.7304915318453622 487.93089885081713 110.15966424823107 523.9778286976724 170.45763064198113 1.52 0.5676 1.6613 46.1287 -4.3307 -6.1563 0.42929947525802714 0
MOTORCYCLE 0.0 0 -1.746088819305295 1514.5697220410366 342.58235845018214 1566.3271561677018 411.76846965190515 1.7 0.7138 1.6517 41.1845 14.0867 -6.5238 -3.077139203314816 0
