CAR 0.0 0 2.2925728729614185 471.0099376581638 159.2395957522988 589.0807983900287 264.56728813578474 1.7 1.937 4.0135 36.10921622581981 -6.981961148069861 -6.2264 1.0972526470401418 0
CAR 0.0 0 -0.9457240426160888 838.2114076113371 656.9152280640142 1099.2128949555386 891.3492470986017 1.4656 1.3758 3.7786 12.337750197599519 12.465656970159062 -7.4477 -1.8465701910156123 0
VAN 0.0 0 -0.9492665800166415 407.17099648555023 400.84692193451764 773.5787195516248 654.1775795254564 3.0074 3.0141 6.0193 14.391796016609092 23.506359940771524 -6.7457 -1.8040050303749324 0
CAR 0.0 0 0.8140229754612133 -454.9006272062274 267.9858665260463 -110.08189998901409 435.2344004026352 1.5329 1.947 4.1625 25.111040503308686 4.232086425929131 -6.1782 1.4784007069046419 0
CAR 0.0 0 2.9204834076643373 1405.5073961868188 277.058813592518 1634.8872323905823 438.8462902093382 1.7 1.9624 4.2616 24.517601868941156 -26.96000788471837 -6.4566 1.5798550217274272 0
MOTORCYCLE 0.0 0 2.8807450579567737 1525.089598383881 344.6844987106767 1649.8576231079333 479.93204440997204 1.7 0.8106 1.621 21.174414285448215 -26.57144499761941 -6.3809 1.5635222017560881 0
CAR 0.0 0 3.0227894999831815 1778.1668696374084 306.3028272304743 2111.7000978620995 497.64465599259256 1.752 1.7066 4.5021 21.489061335058622 -32.90716960803407 -6.3051 1.6546732152024497 0
CAR 0.0 0 3.0372701912818902 1726.132990503493 282.08137153542424 2021.2942842316743 442.1393792076316 1.6356 1.9585 4.5139 24.293704112284 -33.89308132255608 -6.5383 1.6564487319189027 0
CAR 0.0 0 1.784651923659134 1264.1821390402279 -329.4446114601707 1348.7648531380717 -267.63885184651855 1.7479 2.1574 4.4141 -67.4879 8.6671 -7.1261 -0.010319424834180245 0
CAR 0.0 0 3.01378148942236 2111.618544012093 306.8306088919563 2501.123955311112 476.46935390172507 1.5888 1.9932 4.2218 21.615661911652033 -39.88556614543364 -6.2836 1.6104035849024376 0
PEDESTRIAN 0.0 0 3.2428618574808468 1719.4675177481101 398.39995850544227 1765.3078989761477 475.4170182778535 1.651 0.5088 0.9606 37.09298444969584 7.960117983952481 -6.6051 1.9174778364964447 0
CAR 0.0 0 -1.35840000668844 45.44259031498364 327.4949922813309 223.88976790436192 400.0437383425557 1.4933 1.9845 4.3346 15.54708990816153 50.48611704179211 -7.4122 -1.7143042624112637 0
