VAN 0.0 0 -0.06107347262957452 1151.1897209062995 202.28119295906254 1272.79300248929 276.75754500278043 3.0887 3.0353 7.0662 63.570765808837265 37.92406909889364 -5.5641 -1.438074103094086 0
CAR 0.0 0 -1.7083391471109035 1779.5113574656982 330.4530685164013 1897.4720627098814 423.87177904829514 1.661 1.8473 4.112 42.49956631338833 6.782690827928861 -5.6812 -3.078007174963612 0
CAR 0.0 0 2.9601041645106356 1345.7701962354322 192.05441625065063 1508.6170817532977 306.66984691126464 1.7 1.937 4.0135 31.88387074564335 -28.35576163647416 -6.2264 1.5613408777075723 0
CAR 0.0 0 -1.2043696622131899 204.91032848813487 429.11870006971213 439.67018140963006 559.1967174836932 1.7 1.9714 4.0628 12.642512958945181 31.387633751992205 -7.4038 -1.7860664048787567 0
CAR 0.0 0 -1.0171612810980615 392.4478330334451 439.27527595595984 584.8406221936049 550.3771759899992 1.4656 1.3758 3.7786 15.123810107481672 28.746885390213567 -7.4477 -1.7992607011529442 0
VAN 0.0 0 -1.0295993416614788 228.6008948727688 324.4607995216513 521.7331316977115 493.89478515098153 3.0074 3.0141 6.0193 16.45337583419306 36.0170620387845 -6.7457 -1.7806193478024308 0
CAR 0.0 0 2.953733281343734 1404.2952067246058 228.77677861373587 1601.354120063473 356.339240224847 1.5329 1.947 4.1625 27.930387404583456 -28.258794741573695 -6.1782 1.5742731399333625 0
CAR 0.0 0 -1.3663990691551122 100.40404138567422 398.63379731087696 313.36234149464804 500.0589597763487 1.5121 1.9339 4.1099 12.840220432666948 38.11785614282376 -7.6011 -1.800105966354912 0
TRUCK 0.0 0 -1.6222539139391177 1755.5728222607675 270.44510860896304 1896.708829172242 390.77085273142774 3.3377 3.0755 3.0748 54.40998979427732 8.658007700677585 -5.9795 -3.0152364718177616 0
PEDESTRIAN 0.0 0 2.983928379709491 628.4089028058712 127.05285288832651 670.5053456994347 201.52027567779635 1.8579 0.9295 0.9471 41.54909033571263 -9.291480187475017 -6.0836 1.6602932387710603 0
TRAILER 0.0 0 -1.5844243811308887 1751.0399591079115 195.44859491795785 1919.7470499752962 341.10965283225323 4.1862 3.2286 10.2919 60.367393595607794 9.389589127633975 -4.2942 -3.0134491712793317 0
VAN 0.0 0 1.532890406916465 374.2710540049606 42.88358656790389 458.1406601721894 108.56207446952655 2.1382 2.0815 4.5477 65.75681803433822 3.4378873825542358 -6.523 0.13962634015954645 0
VAN 0.0 0 0.02244147053139134 1469.5907027951775 501.7328986169547 1929.2574186926338 877.3245275132316 1.9675 1.9559 4.604 13.65604179682063 -23.42246179808075 -6.6285 -1.1629310668826505 0
CAR 0.0 0 -1.6980297645291098 1400.2456328795918 350.6078535195707 1551.8232304439216 457.92005501093297 1.7 2.0565 4.1699 33.245866989877804 13.284593534547318 -5.9339 -3.003294482566684 0
CAR 0.0 0 -1.4328583307375367 72.91214355113739 339.23490158861154 247.11992488265733 415.56074512696733 1.5206 1.9327 4.0484 15.312099999999997 47.81173578596046 -7.4583 -1.835460922297258 0
VAN 0.0 0 -1.6379691545300576 1628.7387689732122 287.0361959317973 1763.3319826265056 382.53754333794757 2.0176 2.2899 5.6298 46.967118715130404 11.210824551799695 -5.5529 -3.0154226207889554 0
