VAN 0.0 0 -0.03384107721855134 1150.2991491946257 198.23658386949793 1269.1003627070472 266.17379266389935 2.7763 2.7552 7.2016 63.068295357514835 37.8056997408726 -5.1699 -1.416192480697106 0
CAR 0.0 0 -1.6932622987007182 1484.7718775537448 330.3794030395487 1603.3230769840727 415.0221138330063 1.7 1.9575 4.0881 41.89979872448618 14.185705925581324 -6.4594 -3.02834391244896 0
CAR 0.0 0 -0.7529677648227286 833.0804986967216 504.705539263469 967.4732729781099 598.37072280579 0.9948 1.2858 2.4998 18.17206729383065 19.08849748604577 -7.372 -1.775494630662898 0
PEDESTRIAN 0.0 0 -0.013568268293907115 3385.3306990802253 934.0569111392899 3871.829477573108 1170.71882981089 1.7 0.9483 0.6324 7.0434 -35.0259 -6.4597 -1.3017621272550564 0
TRAILER 0.0 0 2.0359201663069166 -1375.5734900049158 192.0381290458678 352.8998139654372 1342.4468523813512 4.449 3.1064 14.302 15.315819596799514 -4.78957730445649 -5.4278 2.4273526780724777 0
CAR 0.0 0 -1.0338298230394063 348.5804234506954 415.7971602395551 558.19791261039 528.4377318102324 1.5443 1.9623 4.0978 15.659631774279472 31.150406606164367 -7.4616 -1.8023740043592795 0
TRUCK 0.0 0 2.0961050106294996 -3099.0442253094807 621.7245232343041 -651.8948682366126 1655.1969629026853 4.1117 3.1104 3.5612 8.551267259804185 -0.6727647051586167 -5.5624 3.061322136603878 0
PEDESTRIAN 0.0 0 -1.3840149098295667 1121.8034467357993 373.0440049464665 1163.2633607947573 444.43851478208626 1.7091 0.758 0.7219 30.612014024181352 21.405992053894597 -6.9127 -2.611545737766429 0
PEDESTRIAN 0.0 0 -1.684290681725935 1153.2818252788907 373.43216943358084 1195.4062804968155 446.9689211295832 1.7376 0.7422 0.7187 30.666993418059224 20.433932570973813 -6.8157 -2.9193361529274826 0
CAR 0.0 0 2.985774576577969 1555.4104746373002 225.65772211221895 1771.0513107757367 349.5437943181638 1.543 1.9551 4.1131 28.28394633702802 -32.04479089290441 -6.1946 1.5853587630622614 0
CAR 0.0 0 2.989339378728795 1302.238751560616 202.71065952559297 1462.2462657204003 315.3657896898326 1.5805 1.9518 4.1417 31.60851418860397 -27.165981551992534 -6.3762 1.6028949418420577 0
CAR 0.0 0 -1.6442054155140324 1594.4638501207664 266.9938535599012 1680.2564266348631 322.85819314538907 1.5918 1.9068 4.1122 58.54479379203581 15.717778069149926 -5.8654 -3.0373686142602785 0
PEDESTRIAN 0.0 0 2.965205621303638 948.5046799820634 126.80095676555769 978.7137199922728 194.56459609958893 1.7 0.7538 0.7055 40.39 -18.2749 -5.7704 1.5594767795872573 0
