VAN 0.0 0 -0.10101409357762581 1149.5787700794087 202.45875649567444 1271.5054276649562 277.12787734951957 3.0887 3.0353 7.0662 63.37390002124181 37.89970053610749 -5.5641 -1.477576390199944 0
CAR 0.0 0 -1.680403358613704 1777.842490193715 330.19075273347056 1895.726105289679 423.46601145982186 1.661 1.8473 4.112 42.522100611954365 6.825200064591177 -5.6812 -3.0500607807103046 0
CAR 0.0 0 3.0081466911164685 1349.5577707378293 191.90446955220966 1512.804291370329 306.40530545714006 1.7 1.937 4.0135 31.90249984772289 -28.462201475673353 -6.2264 1.6087736008161464 0
CAR 0.0 0 -1.27997363091963 209.18049484298248 429.24299306712203 443.6514992759774 559.3641954767203 1.7 1.9714 4.0628 12.698299932907538 31.310700069602344 -7.4038 -1.8673876289855698 0
CAR 0.0 0 -1.082436142445749 380.84472047897884 442.13655911476644 575.8929352601285 554.6505283530847 1.4656 1.3758 3.7786 14.819698129298732 28.662499072187867 -7.4477 -1.8503676822190267 0
VAN 0.0 0 -1.0970414641402395 236.97034066007097 324.1096371325209 528.656213606787 493.0844024149078 3.0074 3.0141 6.0193 16.621999770994883 35.93970001764878 -6.7457 -1.8587980939027253 0
CAR 0.0 0 2.9714491537339898 1401.7182593976484 230.1039525670542 1599.3128030210923 358.4370063223197 1.5329 1.947 4.1625 27.801198668286247 -28.14439021019055 -6.1782 1.5933728930092512 0
CAR 0.0 0 -1.3966264526949987 117.86791740212898 396.2013400005525 327.74007468159135 496.35727322053174 1.5121 1.9339 4.1099 13.241200449230737 38.1529993698642 -7.6011 -1.8619935011827247 0
TRUCK 0.0 0 -1.6120459238152929 1758.5691632212333 271.7643537128264 1900.9965023963405 393.2599948486376 3.3377 3.0755 3.0748 54.00594848229398 8.496136913499097 -5.9795 -3.0043898425771913 0
PEDESTRIAN 0.0 0 3.0103256592509053 619.2861926985275 127.47733381520048 661.9192504374313 202.13574105468348 1.8579 0.9295 0.9471 41.463999990837095 -9.049299994180519 -6.0836 1.6907205764568618 0
TRAILER 0.0 0 -1.5604457372267861 100.85821458998679 -38.471628358135355 317.36607791437024 104.04509197035215 4.1862 3.2286 10.2919 60.53974973981587 9.31423169102703 -4.2942 -3.0022799433995133 0
CAR 0.0 0 -1.8388000032601193 1344.6017997169247 515.2494144408507 1595.4483394250549 737.4331096250946 1.5712 1.8019 4.16 17.918548157975174 7.983441278911628 -5.809 -3.0118852469934283 0
CAR 0.0 0 1.5577686254914869 396.7610603296582 23.86806478604914 472.88322138781126 69.08685088929322 1.7 2.482 4.675 78.44629571707807 5.74212917825086 -6.5583 0.09213218232254927 0
CAR 0.0 0 -1.6695099527267658 1409.7500532764402 362.7472058254273 1549.2580745381754 459.8778185946423 1.63 2.02 4.44 36.537288605885216 14.212076118742125 -6.7646 -2.9706568834179663 0
VAN 0.0 0 0.43879162173033154 -55.02045082240023 396.1657141931117 324.57450951144153 711.9131634066666 2.1382 2.0815 4.5477 17.7776636671871 -5.623475318126932 -6.523 0.1641795989217929 0
