CAR 0.0 0 2.732529226946202 1336.5931560442705 202.11626050734938 1534.9916135057804 315.5005558730794 1.5683 1.9824 4.1753 24.8427926680113 -22.726703556678242 -6.7242 1.33882426606999 0
VAN 0.0 0 4.357969479792588 1702.8455700291777 328.5101180332724 1847.0098853400302 447.37797070893885 1.9963 2.2756 5.9988 45.19020113200728 7.915301612071174 -6.704 3.0012018670575786 0
CAR 0.0 0 2.7029650687276923 1388.7358720082632 207.3559107761544 1646.2780822059267 348.02121733874145 1.6094 1.8776 4.9449 21.344099831409313 -21.690907164854224 -6.2139 1.3114097922132018 0
PEDESTRIAN 0.0 0 2.727010999097167 638.5890713029489 127.0705020848953 675.4209054106296 194.23892552034954 1.7016 0.7772 0.6957 39.759899527761355 -7.07800247526815 -6.3348 1.3955368288674803 0
CAR 0.0 0 -1.5469471397264276 246.87939416122532 422.21495568383364 456.2979653200267 542.9256564199892 1.5083 1.8983 4.1522 23.862329377154897 39.95134637877157 -8.1788 -2.18213576590055 0
CAR 0.0 0 -1.2901629504182832 405.9199415164384 424.57389343280283 598.621353808749 544.3413088780824 1.4958 1.977 4.1388 25.350099996052776 36.83360000102602 -8.1989 -2.09854158769705 0
TRAILER 0.0 0 4.392023630601612 1708.0969970889093 206.03339360487215 1867.8919735725597 332.7505758211117 3.4934 3.115 10.3352 63.2646992061006 5.0191 -5.0918 2.9686603356601298 0
CAR 0.0 0 -1.6596891410654417 140.67994868238108 381.5894153907355 334.83719359274386 481.5072798091993 1.508 2.0028 4.001 26.02780010370356 46.1866 -8.2196 -2.1681369818205787 0
TRUCK 0.0 0 4.391394218646928 1725.171275854398 254.6068781007159 1821.5750336537085 337.22110826493576 2.4532 2.2469 1.9737 57.1937 6.1447 -5.6178 2.985525566570448 0
TRAILER 0.0 0 3.904929605359557 902.1814446831567 532.1219525776606 1162.122270125013 886.1537118564803 2.8877 2.2446 3.2188 16.256281668708844 20.636545551107577 -6.4362 2.926401454352197 0
VAN 0.0 0 3.7292920587203318 716.4034528355439 659.8688226136192 1019.5556753727665 1051.7305771956762 2.2938 1.9255 3.2364 12.969412338578946 21.276750333022413 -6.7544 2.9245871458778057 0
VAN 0.0 0 4.281645317702312 1477.8553787988485 328.29794424347614 1553.4112886544585 408.8206288507257 1.7028 1.988 4.1224 48.82090333102175 14.624368506676198 -7.5202 2.9486114755928803 0
TRAILER 0.0 0 3.9631785321359434 1056.1790014550245 555.0338573263783 1271.0367254174923 813.4457170909217 1.8056 2.105 4.7288 20.204635574736127 19.723521444955043 -7.5445 2.916695320798723 0
