VAN 0.0 0 -0.033841084044967884 1150.2991207465723 198.23658627602435 1269.1003392138098 266.1737976606108 2.7763 2.7552 7.2016 63.06829232795397 37.805699571773026 -5.1699 -1.416192480697106 0
CAR 0.0 0 -1.6932623112014344 1484.771737713203 330.37939198773984 1603.3229362397105 415.0220979134892 1.7 1.9575 4.0881 41.89979789212019 14.18570979245622 -6.4594 -3.02834391244896 0
CAR 0.0 0 -0.8377043743860247 732.3911578319294 482.5782340433379 863.9750226828832 569.1080206281173 0.9948 1.2858 2.4998 17.96539028470516 21.765609850089167 -7.372 -1.8274867584294634 0
PEDESTRIAN 0.0 0 -0.013568268293907115 3385.3306990802253 934.0569111392899 3871.829477573108 1170.71882981089 1.7 0.9483 0.6324 7.0434 -35.0259 -6.4597 -1.3017621272550564 0
TRAILER 0.0 0 2.1007212584448545 -949.7631342257986 175.52677484811954 406.8125872551967 1170.944351990884 4.449 3.1064 14.302 16.584826769658978 -5.315195587565574 -5.4278 2.2701719268052436 0
CAR 0.0 0 -1.0344588264358419 347.9976392563717 415.8087709715319 557.6707818540035 528.458774961832 1.5443 1.9623 4.0978 15.649999038696894 31.15857561225625 -7.4616 -1.8023740043592795 0
TRUCK 0.0 0 1.8134083155710625 -2246.128843115523 508.3252191681895 -501.0727999367288 1336.6393518910909 4.1117 3.1104 3.5612 10.327330502814881 -0.33833020972051253 -5.5624 2.7469374592772486 0
PEDESTRIAN 0.0 0 -1.3841966839117825 1121.053995963324 373.01059298459825 1162.499392933891 444.39893605093584 1.7091 0.758 0.7219 30.601329964461275 21.42376381425687 -6.9127 -2.611545737766429 0
PEDESTRIAN 0.0 0 -1.6844610451807243 1153.5424131625705 373.7161359224939 1195.7160832743998 447.33457529427653 1.7376 0.7422 0.7187 30.637210061341086 20.407121938417166 -6.8157 -2.9193361529274826 0
CAR 0.0 0 2.9754334571914773 1614.2430209992308 224.4110359572042 1837.2950946653116 347.0624434218638 1.543 1.9551 4.1131 28.39811600072268 -33.54943362242388 -6.1946 1.5679054705423183 0
CAR 0.0 0 2.980660715221261 1304.599698751656 203.0604207062444 1465.1369985018273 315.8766810924285 1.5805 1.9518 4.1417 31.566926607432684 -27.212931715683865 -6.3762 1.5941736012422736 0
CAR 0.0 0 -1.6941278930045909 1599.1383748796266 264.1766629821962 1683.1341216566714 318.6971351370542 1.5918 1.9068 4.1122 59.865000150190625 15.895657493047864 -5.8654 -3.0897284918201087 0
PEDESTRIAN 0.0 0 2.968438684747575 994.5201707549145 130.99190240695899 1026.7497226372736 199.33736370187216 1.7 0.7538 0.7055 39.8625 -19.5621 -5.7976 1.5594767795872573 0
