MOTORCYCLE 0.0 0 2.867352497015198 1518.6395377005722 334.9768899594555 1673.4537432340774 472.6086414794008 1.6332 0.8894 1.834 15.265236945494275 -17.9389335293449 -6.5953 1.5435531208983042 0
CAR 0.0 0 2.929872905149131 1382.562822074619 226.21766856385813 1643.6874852113922 381.2926642966513 1.654 1.8689 4.1757 18.759995580448024 -19.08072668785778 -5.8865 1.55528535101477 0
CAR 0.0 0 1.3741764294652072 400.74793587485993 81.56549665683812 477.35882613488815 165.88648448059368 1.8284 1.8307 4.868 47.54821550765815 -1.4213275440471698 -6.1655 0.07526137889233536 0
CAR 0.0 0 2.849272698543174 1750.8277791209864 300.87330298457516 2116.041379638604 489.1693260248962 1.7 1.7312 4.5344 14.077329625163674 -24.219476996701143 -6.639 1.4782455116673214 0
CAR 0.0 0 2.902019425216542 2071.7908322071667 301.86177946543563 2478.2393724674134 481.49330325479673 1.7 1.6226 4.5676 12.369031387266608 -31.039918960939488 -6.7663 1.5002918376385186 0
CAR 0.0 0 -4.007915522827965 -122147.26679450467 2411.353536000885 -5659.86532505262 38474.04191854186 1.7 1.8129 4.0976 9.329839541440109 24.284794130590914 -8.412 -2.7691110811545596 0
CAR 0.0 0 -2.4231384284018676 -624.7517028011328 737.0894819919151 -74.69335750563077 1239.2454232736338 1.5898 1.7895 4.1594 12.88985502056849 6.522135370659983 -8.2277 -2.113128683393416 0
CAR 0.0 0 4.424949231064916 1468.7917257958395 321.3822824546829 1530.5916252028012 398.5606024983924 1.5848 1.5393 4.034 47.01733221124338 15.174653353691042 -6.9916 3.0888929482620906 0
CAR 0.0 0 -1.3274225326139257 958.85256637462 619.246607423656 1136.3594372413993 825.4292214248164 1.2805 1.5163 4.0841 19.608351823481176 21.396204956700345 -8.3229 -2.298955555078059 0
CAR 0.0 0 -2.141977294674014 405.31528166622763 552.39857949038 652.6418086948905 755.5964099995375 1.7 1.6536 4.0658 18.155472112553067 30.099789785345237 -8.2573 -2.8297389313685906 0
CAR 0.0 0 2.8725923658416352 1659.8333413532146 260.46802842773434 1966.5158648241238 419.2800602788298 1.7 1.9869 4.3341 16.98420009740404 -25.125752149400984 -6.6115 1.485498200037067 0
CAR 0.0 0 -0.30641805256227683 3161.5413943204885 408.85803334199613 3859.0706395673756 637.9910276132961 1.6547 1.9661 4.2116 2.60468630801957 -42.976231223989124 -6.9014 -1.7305019282883631 0
CAR 0.0 0 3.0326812259407636 2362.401488256928 260.8399220229723 2791.9989557971944 422.8382107571202 1.7 1.9419 4.3933 11.262504397265204 -38.330272629239104 -6.2196 1.592485645964467 0
CAR 0.0 0 -1.7526131292293348 1600.5824687690947 296.2767159181918 1678.1763714816577 363.7913809628143 1.6092 1.9505 4.2191 55.86494999176733 10.429722978912215 -6.9696 -3.1252249022920044 0
CAR 0.0 0 -1.7028341058145655 1491.5339827758578 282.9721801469452 1556.8076478441599 350.4381192117891 1.7 1.9624 4.4376 56.294721865691585 14.377598787838188 -6.8839 -3.0693585669112906 0
VAN 0.0 0 -0.4911109047949198 1874.513873934893 400.71577218106563 2800.4049702631764 896.1645176581809 2.5997 2.5313 6.0978 6.904158623595441 -19.14882793723512 -6.3639 -1.796695854243611 0
