VAN 0.0 0 -0.1010140948908318 1149.5787552603083 202.45875551822414 1271.5054123019047 277.12787562762173 3.0887 3.0353 7.0662 63.373900058011365 37.89970146410837 -5.5641 -1.477576390199944 0
CAR 0.0 0 -1.6804033553721556 1777.842492718136 330.1907480449247 1895.7261049932597 423.46600396823595 1.661 1.8473 4.112 42.52210167124602 6.825200176398361 -5.6812 -3.0500607807103046 0
CAR 0.0 0 3.0081467023131956 1349.5578717733144 191.90447172495922 1512.8044069709445 306.4053078242931 1.7 1.937 4.0135 31.902499584131547 -28.462204030060693 -6.2264 1.6087736008161464 0
CAR 0.0 0 -1.2799736419002685 209.18048673345538 429.24299307810134 443.6514918914809 559.3641955460594 1.7 1.9714 4.0628 12.698299816770634 31.31070019008385 -7.4038 -1.8673876289855698 0
CAR 0.0 0 -1.0824362838287107 380.8446123194452 442.13659488459024 575.892857129215 554.6505816300122 1.4656 1.3758 3.7786 14.819694891118946 28.662497466147094 -7.4477 -1.8503676822190267 0
VAN 0.0 0 -1.0970414864324602 236.9703236545352 324.1096385556488 528.6562004583476 493.08440549150356 3.0074 3.0141 6.0193 16.62199937458753 35.939700048198794 -6.7457 -1.8587980939027253 0
CAR 0.0 0 2.9714490400644555 1401.717578320564 230.10397792589342 1599.3120360031648 358.4370524391451 1.5329 1.947 4.1625 27.80119636309266 -28.144373264051872 -6.1782 1.5933728930092512 0
CAR 0.0 0 -1.3966263647010133 117.8679686112408 396.20134153277996 327.74012297862896 496.3572752107386 1.5121 1.9339 4.1099 13.241201226848158 38.1529982791005 -7.6011 -1.8619935011827247 0
TRUCK 0.0 0 -1.6293895727673966 1756.7247052264538 271.3593500104387 1898.753381494064 392.5079864780185 3.3377 3.0755 3.0748 54.103342104921865 8.569432668478555 -5.9795 -3.0218378221645223 0
PEDESTRIAN 0.0 0 3.010325658948587 619.2861922624369 127.47733390040362 661.919250038376 202.13574116922535 1.8579 0.9295 0.9471 41.463999974976126 -9.049299984107007 -6.0836 1.6907205764568618 0
TRAILER 0.0 0 -1.5780302887021416 99.90619912842628 -38.52475417523986 316.51106697240886 103.91343841569886 4.1862 3.2286 10.2919 60.57213726022234 9.360829662078835 -4.2942 -3.0197305782381396 0
CAR 0.0 0 -4.117034911890819 -4352.405651239329 846.8811597240658 -1729.177691911057 1699.4522833283859 1.5556 1.8854 4.2176 9.031468810823242 6.656678053113484 -6.2649 -2.959938665396593 0
CAR 0.0 0 -1.7831186843407156 1526.669061555876 389.6106106657614 1685.5951694047471 514.0725391470314 1.5712 1.8019 4.16 29.777114478801415 9.32698355861312 -5.809 -3.0817930442128896 0
CAR 0.0 0 1.4820060879153343 367.80241170228055 48.963676030788626 460.1995284100417 104.34034658528711 1.7 2.482 4.675 65.71051175312759 3.5199976937304593 -6.5583 0.09213218232254927 0
CAR 0.0 0 -1.6045169447647885 1544.4410004795175 299.75092967409927 1642.7199232081032 364.2800416463368 1.63 2.02 4.44 53.615567898521775 15.88242898521774 -6.7646 -2.9706568834179663 0
