CAR 0.0 0 2.686378394682359 1340.953029562236 200.00977339440345 1538.1441375595373 312.16841588837383 1.5683 1.9824 4.1753 25.036910519577823 -23.00680164358107 -6.7242 1.2904051040461615 0
CAR 0.0 0 2.646864187345039 1379.80332081069 208.0378454954567 1636.7907279564004 349.3245916747634 1.6094 1.8776 4.9449 21.33850987017777 -21.435111833900994 -6.2139 1.2570095736052027 0
CAR 0.0 0 -1.2996368815442807 220.76148218204233 422.24512185197017 433.4452582138358 543.220314265355 1.5083 1.8983 4.1522 23.603571350428293 40.433415358548636 -8.1788 -1.9008039597235955 0
CAR 0.0 0 -1.106423957223503 392.0403698427518 425.3767870921257 586.867303790824 545.6933942030975 1.4958 1.977 4.1388 25.150457164429625 37.038017447076626 -8.1989 -1.900855273565694 0
TRAILER 0.0 0 -2.369863940715142 -460.1546873963274 184.10483053783182 287.39297191221806 915.0992005462243 3.4934 3.115 10.3352 16.39281839278164 3.4440662854460746 -5.0918 -2.410429392262546 0
CAR 0.0 0 -1.4563075338497873 116.06084227533368 382.2683022787751 313.3074547006449 482.71982587605305 1.508 2.0028 4.001 25.689737332472845 46.62033297787532 -8.2196 -1.921975704819857 0
TRUCK 0.0 0 -1.830740621741668 201.43141392294632 414.2619440439681 524.1597078926853 763.177691876316 2.4532 2.2469 1.9737 13.09341505276408 0.4182759081805235 -5.6178 -2.40107968181928 0
MOTORCYCLE 0.0 0 2.6060830149325946 1533.6408505920915 334.3587826784067 1689.5475530512067 471.6057329680732 1.6332 0.8894 1.834 15.211393621261475 -18.2230396717392 -6.5953 1.2795230550680976 0
CAR 0.0 0 2.6297930390113295 1394.250838697776 227.7276648852897 1658.4701750174004 383.71914319101086 1.654 1.8689 4.1757 18.577106341889042 -19.224291989623598 -5.8865 1.2547721101000144 0
CAR 0.0 0 -0.36904214502663324 2432.090520226719 428.6231962803483 3204.8858496716152 755.4916229464869 1.879 2.4204 4.7456 5.3644997816023245 -27.65512291122094 -6.6157 -1.7355494947561616 0
CAR 0.0 0 2.734301328878275 2068.730013765612 170.09612216839307 2368.799941537625 287.7011471549163 1.8284 1.8307 4.868 19.586881650633703 -43.36955766328774 -6.1655 1.2652991384422807 0
PEDESTRIAN 0.0 0 2.8651509929221954 592.9302632982253 133.0202487694899 628.1358527321617 212.20470913163828 2.0064 0.6591 0.733 39.63980694161729 -5.703635910123775 -6.5861 1.5692703461305249 0
TRAILER 0.0 0 -0.41300359073080317 2126.402253160263 420.95308729764986 2993.200520705839 838.82735182964 2.3003 2.4332 5.4943 6.1898234329353645 -22.830405371747478 -6.5644 -1.7465035231078199 0
