VAN 0.0 0 -0.04296830856579237 1147.2881572614529 202.713190696983 1269.6776933387491 277.658535363466 3.0887 3.0353 7.0662 63.0941093325713 37.86434941120789 -5.5641 -1.418903573797595 0
CAR 0.0 0 -1.7130988074335667 1780.5307699339205 329.86805355988827 1898.1083544063754 422.931835643974 1.661 1.8473 4.112 42.64622356947694 6.782382363049537 -5.6812 -3.0832454006018555 0
CAR 0.0 0 2.9485880610560464 1348.872902799098 191.24328434160415 1511.6107828244646 305.40256098152645 1.7 1.937 4.0135 31.984162482209115 -28.474993486695816 -6.2264 1.5487642730096802 0
CAR 0.0 0 -1.2834243107402945 213.2801452426362 428.3157400181389 446.72758258939047 557.8842039444253 1.7 1.9714 4.0628 12.795422430042777 31.345375283083808 -7.4038 -1.877003294840088 0
CAR 0.0 0 -1.1051181957841991 391.3922619209798 439.84383778771024 584.2012694221073 551.2190181453813 1.4656 1.3758 3.7786 15.08098616831089 28.710954535869607 -7.4477 -1.8856458483840466 0
VAN 0.0 0 -1.144644706483705 245.61919319717353 323.24288307707116 535.1614899345998 491.23269829436504 3.0074 3.0141 6.0193 16.83529414736153 35.94971650650563 -6.7457 -1.917786575270122 0
CAR 0.0 0 2.9473139922777642 1401.6728367188507 227.73475674606286 1597.608771250562 354.7377266162362 1.5329 1.947 4.1625 28.033656857863576 -28.239860898110404 -6.1782 1.5674036341292166 0
CAR 0.0 0 -1.435698507392817 124.70401133322525 395.4369050357115 333.5059921471593 495.1881301562097 1.5121 1.9339 4.1099 13.391236731986037 38.14084777099404 -7.6011 -1.9132188092271625 0
TRUCK 0.0 0 -1.6380477521561185 1763.85313269899 270.7982209690324 1905.3505177857649 391.3362254871183 3.3377 3.0755 3.0748 54.51199191792894 8.420326926446766 -5.9795 -3.031595390596638 0
PEDESTRIAN 0.0 0 2.9153399028275793 624.1033332297494 127.77312607371269 666.5430613048535 202.49256285341028 1.8579 0.9295 0.9471 41.414308638764695 -9.188523598706018 -6.0836 1.594447662458931 0
TRAILER 0.0 0 -1.6152560245804144 113.26698582709574 -38.31962562952457 327.157005249621 104.08803305616077 4.1862 3.2286 10.2919 60.547307473824766 8.900826217758564 -4.2942 -3.062835902477131 0
CAR 0.0 0 -1.4652893427922415 75.46671194728876 339.22866250848347 249.50216386794995 415.53885002281083 1.5206 1.9327 4.0484 15.364764314982276 47.76095752611579 -7.4583 -1.8734535741965284 0
CAR 0.0 0 -1.3039789885930584 226.90503237474002 336.1803219222627 390.24269688606614 417.80360407352066 1.7 1.6238 4.0308 18.11339771986149 43.78284973249213 -7.2916 -1.9923975746503848 0
CAR 0.0 0 -1.300932525424307 1246.7482401370758 -369.7976211066564 1344.1373875659501 -292.1091783291587 1.8166 2.1601 4.1544 -57.24013060610425 4.704336415875229 -6.9374 -3.1212033226472595 0
CAR 0.0 0 3.0551911449457325 2709.2514575563127 242.6558709771827 3102.1786293143127 370.46316157501525 1.7 1.9624 4.2616 26.972752320730656 -61.19642964023037 -6.4566 1.58896339585535 0
MOTORCYCLE 0.0 0 2.961429314507301 2053.877651731511 327.3281248813491 2225.045655225849 454.8931502507536 1.7 0.8106 1.6211 21.513907051538155 -36.82135196763883 -6.2833 1.5710430576065737 0
