MOTORCYCLE 0.0 0 2.8673588296643615 1518.6642284090883 334.9732798705813 1673.4791908236684 472.6033664536951 1.6332 0.8894 1.834 15.265267654784079 -17.93951254737907 -6.5953 1.5435531208983042 0
CAR 0.0 0 2.927105194799714 1368.1264915666509 227.12732759238662 1628.1576157775435 383.0784308015955 1.654 1.8689 4.1757 18.774104429090283 -18.735080993562775 -5.8865 1.55528535101477 0
CAR 0.0 0 1.3937612904647247 408.48659146208894 36.19097327272317 465.745062716309 95.46688467631267 1.8284 1.8307 4.868 64.39583249935825 -2.030508883924658 -6.1655 -0.029458376227324383 0
CAR 0.0 0 2.848600151384447 1750.103240055579 301.8269721873673 2116.3055849314587 490.85856736699003 1.7 1.7312 4.5344 14.032100472775834 -24.144392997932183 -6.639 1.4782455116673214 0
CAR 0.0 0 2.9019401686289417 2071.152014762167 301.9129241331187 2477.5684469830303 481.59136166015975 1.7 1.6226 4.5676 12.370622980681317 -31.022527083377497 -6.7663 1.5002918376385186 0
CAR 0.0 0 -1.7364010561146455 1469.4590997680696 321.96630356013975 1531.4531133194305 399.4135338907074 1.5848 1.5393 4.034 46.89905664344025 15.152308806122585 -6.9916 -3.0721193112778926 0
CAR 0.0 0 5.078187712382654 -17274.966502712577 -92874.62465672278 201400.68837994043 5842.786094049699 1.7 1.6536 4.0658 6.329362958445433 22.38618209749241 -8.2573 3.0869272328921866 0
CAR 0.0 0 2.874410193100929 1665.144513081662 258.5764479813518 1970.525327359485 416.01178945757346 1.7 1.9869 4.3341 17.076841490278607 -25.380971659469253 -6.6115 1.485498200037067 0
CAR 0.0 0 -0.2582479446574346 3850.3586977665323 333.39052347705695 4487.750833103933 496.94037893775607 1.6547 1.9661 4.2116 -0.8699073542506146 -67.71864333370738 -6.9014 -1.7305019282883631 0
CAR 0.0 0 2.943999748912674 2352.162440835876 262.59746205263554 2783.2355271276797 426.0519009402767 1.7 1.9419 4.3933 11.240043016072763 -37.89464717352319 -6.2196 1.5052191833647506 0
CAR 0.0 0 -1.7348476539569753 1577.5607401796276 316.48704865159783 1661.746013837773 393.9648367913694 1.6092 1.9505 4.2191 49.86701568055309 11.526666749452325 -6.9696 -3.090318317252118 0
CAR 0.0 0 -1.709868166321803 1476.8773612763691 289.7328299491788 1544.5865087637328 360.6953730559448 1.7 1.9624 4.4376 53.88224488911693 14.849787775235281 -6.8839 -3.0693585669112906 0
VAN 0.0 0 -0.311689808938894 3076.921554008582 338.36136691640036 4164.9734791785895 689.7513513025062 2.5997 2.5313 6.0978 2.3312108706646315 -42.40438714591116 -6.3639 -1.7443359766837812 0
CAR 0.0 0 4.9885997008638165 3184.7581665221774 -2194.3193007378736 5341.950665689032 -973.1649813085138 1.744 1.9602 4.853 -4.7135 23.9723 -8.0571 3.0777419130264443 0
