CAR 0.0 0 2.6863796660461823 1340.9591365411147 200.00917324874268 1538.150389542994 312.1674114177183 1.5683 1.9824 4.1753 25.036931765214852 -23.007006925833476 -6.7242 1.2904051040461615 0
CAR 0.0 0 2.646864414062117 1379.8036097701813 208.0376095565854 1636.7908135624864 349.32418169109826 1.6094 1.8776 4.9449 21.33852980426808 -21.43513573398229 -6.2139 1.2570095736052027 0
PEDESTRIAN 0.0 0 2.876859869536312 616.1496905576543 131.7932554840059 650.6879153483615 210.3690781756554 2.0064 0.6591 0.733 39.7153 -6.3664 -6.5861 1.5692703461305249 0
CAR 0.0 0 -1.2996295465955512 220.76617930343335 422.2437158401161 433.44852486768343 543.2181316313241 1.5083 1.8983 4.1522 23.603715451772178 40.43344637710804 -8.1788 -1.9008039597235955 0
CAR 0.0 0 -1.1064201826843565 392.04308502546417 425.37560884679715 586.8690365406953 545.6915774409107 1.4958 1.977 4.1388 25.150572615329196 37.03805268368628 -8.1989 -1.900855273565694 0
TRAILER 0.0 0 -3.2721980917609743 -677.5667237295208 135.14171808475365 76.82177592982129 666.1150300553037 3.4934 3.115 10.3352 21.672804644589014 7.072886157501 -5.0918 -2.724588657621526 0
CAR 0.0 0 -1.4562959500257762 116.0674295638976 382.2682950268929 313.3133215509255 482.719757041027 1.508 2.0028 4.001 25.689812730191356 46.62019761809589 -8.2196 -1.921975704819857 0
TRUCK 0.0 0 -2.907553462228753 -289.767010818923 335.1846529425033 88.05556054727506 628.3976044578078 2.4532 2.2469 1.9737 17.48304304448059 5.159310809883439 -5.6178 -2.7326922396982023 0
MOTORCYCLE 0.0 0 2.6060837948563487 1533.6449723350681 334.35857046834894 1689.551956609407 471.60539821873584 1.6332 0.8894 1.834 15.21138073858066 -18.223119793906235 -6.5953 1.2795230550680976 0
CAR 0.0 0 2.6297929597762106 1394.2497702529156 227.72757762161692 1658.4688731591764 383.7190088228267 1.654 1.8689 4.1757 18.577119150147603 -19.224275811640755 -5.8865 1.2547721101000144 0
CAR 0.0 0 -0.5338291093870178 1786.428066814377 470.23087300815064 2473.7693283334966 861.2001967123881 1.879 2.4204 4.7456 7.381180974789716 -17.094464032215534 -6.6157 -1.805362664835935 0
CAR 0.0 0 2.7454226759781886 2301.6541321620093 169.2153790565309 2622.6847033836057 282.8062176055818 1.8284 1.8307 4.868 17.78959510941656 -50.7989027998217 -6.1655 1.2652991384422807 0
