MOTORCYCLE 0.0 0 2.8673487241153452 1519.4972696505833 335.18349830540075 1674.4719743430899 472.8894937609783 1.6332 0.8894 1.834 15.251055971170532 -17.944635270808753 -6.5953 1.5435531208983042 0
CAR 0.0 0 2.9281067696755816 1379.8975194480702 227.97090913069164 1642.3794035090032 384.3557886244705 1.654 1.8689 4.1757 18.641839904027822 -18.92099521885692 -5.8865 1.55528535101477 0
CAR 0.0 0 1.3629529138484153 1851.9027368333484 217.83196751045784 1918.4755537097321 260.7843148247288 1.8284 1.8307 4.868 94.05729167903047 -5.608025018420243 -6.1655 -0.08181825378715425 0
CAR 0.0 0 2.849357049528893 1750.3048266486971 300.64196909596427 2115.163380671788 488.7705800161282 1.7 1.7312 4.5344 14.0925224466009 -24.22431815919347 -6.639 1.4782455116673214 0
CAR 0.0 0 2.901927379016797 2071.048964236418 301.9211745314253 2477.460212580327 481.60718048874435 1.7 1.6226 4.5676 12.37087967294119 -31.019722120616482 -6.7663 1.5002918376385186 0
CAR 0.0 0 -1.7715842608741958 1470.36272588335 322.515718009482 1532.5448208757514 400.2135462652353 1.5848 1.5393 4.034 46.793067645518256 15.123409155741687 -6.9916 -3.1070258963177793 0
CAR 0.0 0 2.892286923146977 1665.9701380786657 258.06586831466507 1970.918070876606 415.1391774146688 1.7 1.9869 4.3341 17.105950179078143 -25.43733038733539 -6.6115 1.5029514925570104 0
CAR 0.0 0 2.9439626832970403 2360.907250861509 263.71746417161455 2794.8545913225785 427.867523319538 1.7 1.9419 4.3933 11.124809797696479 -37.95580838216491 -6.2196 1.5052191833647506 0
CAR 0.0 0 -1.7377452340004447 1572.8776442143105 319.67752751320813 1657.9488050231573 398.79110991935113 1.6092 1.9505 4.2191 49.00605543143409 11.71476461559383 -6.9696 -3.090318317252118 0
CAR 0.0 0 -1.7100209235554888 1481.3138734981958 290.7247596671234 1549.4954461813898 362.13561475189545 1.7 1.9624 4.4376 53.680281108202415 14.697525795512231 -6.8839 -3.0693585669112906 0
CAR 0.0 0 -0.3757543200147426 3223.1344057052306 418.8388352804759 3950.500700086516 656.0291271473772 1.7 1.9858 4.2822 2.080540008242527 -43.82929384949658 -7.0263 -1.799148459894675 0
CAR 0.0 0 -0.38640886008313324 2104.690273001281 467.68341610060435 2792.6382102723264 802.3375953234023 1.7 2.2097 4.6079 6.546597339107332 -22.015363325154084 -6.7839 -1.706218546549472 0
VAN 0.0 0 -0.2555967367110379 4050.7027713277444 263.70982522312244 5065.792415962236 496.91184186661354 2.5997 2.5313 6.0978 -3.1693137135437475 -75.92113202157411 -6.2218 -1.7443359766837814 0
