CAR 0.0 0 2.3414655924067107 778.0767609835395 198.48513582625864 917.3788218144347 316.2584424785029 1.5683 1.9824 4.1753 28.988134946318205 -9.391187200343227 -6.7242 1.0631565704327093 0
CAR 0.0 0 2.416574442441903 421.0154865777949 220.36481346614914 561.4700076160112 385.1121914177817 1.6094 1.8776 4.9449 25.710939140636004 -1.4105503274251112 -6.2139 1.3949195604692837 0
CAR 0.0 0 -1.5574663675153069 375.39120083237145 561.0104451532518 646.0318017719246 764.1006647484628 1.5083 1.8983 4.1522 17.638347939986208 30.024802927982627 -8.1788 -2.222366393346322 0
CAR 0.0 0 -1.2678862543213332 659.1010329917348 539.504310847675 876.4344589971598 724.0066899868959 1.4958 1.977 4.1388 20.56212592918151 26.883846666912266 -8.1989 -2.156452532970008 0
TRAILER 0.0 0 -0.22330482594267065 3673.8959299477424 173.9575521698115 5483.825943332627 539.8713162384788 3.4934 3.115 10.3352 -1.7042553132890657 -68.36248404036171 -5.0918 -1.7195019127797606 0
CAR 0.0 0 -1.59982250980734 190.83367697162228 422.04433182043795 403.9298847869807 541.1921867017599 1.508 2.0028 4.001 23.451826490506217 41.21368233939061 -8.2196 -2.1585842995666313 0
MOTORCYCLE 0.0 0 2.797835351286428 1507.7519857626303 335.8102197013447 1661.9228070396625 473.8745537469563 1.6332 0.8894 1.834 15.286492513978644 -17.71712913516509 -6.5953 1.476332299180062 0
CAR 0.0 0 2.731546453987277 1400.064092520018 225.75222696506216 1663.1188231369977 380.2275088434979 1.654 1.8689 4.1757 18.69378907158804 -19.463809710696793 -5.8865 1.3541751962078532 0
CAR 0.0 0 2.7570240326588786 1436.944293130945 170.91953842003474 1667.9430739718891 298.49294783712276 1.8284 1.8307 4.868 24.14834127134717 -25.426335253625563 -6.1655 1.334706625471706 0
CAR 0.0 0 2.765720109137966 1768.0062869039186 303.51962112681787 2139.1567707650597 493.5624679985533 1.7 1.7312 4.5344 13.838 -24.3783 -6.639 1.394397955834217 0
PEDESTRIAN 0.0 0 2.5286737814367184 274.2884757615889 158.35869710113045 320.9758381670163 234.43386596766092 1.7 0.7052 0.9487 39.06578776517635 2.454910718581312 -6.715 1.539277545606912 0
CAR 0.0 0 2.722824650322057 2001.3410933963842 307.25316788604573 2403.6458919330335 491.9093895356989 1.7 1.6226 4.5676 12.55315525225286 -29.17915285202073 -6.7663 1.329991552531325 0
VAN 0.0 0 -1.261524630491595 382.33162950082334 394.5661811801339 608.331264296725 546.511299126504 2.0921 2.2958 4.814 25.451610918085564 37.022418617202305 -7.8814 -2.0802228104013043 0
CAR 0.0 0 -0.4051885927334897 2793.109323037058 416.589489774258 3580.3892427116066 698.1213362984813 1.7 2.0578 4.8188 4.008706296628564 -34.65892167065058 -6.6853 -1.8047870057091593 0
CAR 0.0 0 -1.647959386179711 99.99646227192912 344.51646737423084 272.59373519175426 433.75877477046424 1.7 1.8129 4.0976 29.39794707325183 52.36845088367736 -8.412 -2.098775480781578 0
