VAN 0.0 0 -0.04295485832178336 1147.337286889553 202.70775247341066 1269.716915248909 277.6471879574736 3.0887 3.0353 7.0662 63.10007841864402 37.86509729600681 -5.5641 -1.418903573797595 0
CAR 0.0 0 -1.776494370368243 1775.037638458504 346.33747185371567 1902.4034338037611 449.43048584195424 1.661 1.8473 4.112 39.245918487231876 6.357720502625216 -5.6812 -3.135605278161685 0
CAR 0.0 0 2.948574863169568 1348.834381605627 191.2534275598462 1511.573677346609 305.41840140435204 1.7 1.937 4.0135 31.98290454808722 -28.47350538027998 -6.2264 1.5487642730096802 0
CAR 0.0 0 -1.2835717316586557 213.17574172187338 428.3258155431329 446.639569570758 557.9006637321103 1.7 1.9714 4.0628 12.793506925546708 31.345898109709363 -7.4038 -1.877003294840088 0
CAR 0.0 0 -1.1050996032563392 391.4045694162151 439.83692860628986 584.2085630126091 551.2087889351881 1.4656 1.3758 3.7786 15.081498148919472 28.711398395217213 -7.4477 -1.8856458483840466 0
VAN 0.0 0 -1.1437433892490614 246.33878814570122 323.21034672389027 535.7543242236696 491.1584194862028 3.0074 3.0141 6.0193 16.85011818660829 35.94343028914471 -6.7457 -1.917786575270122 0
CAR 0.0 0 2.94614088841267 1402.3560350552573 229.3657364696238 1599.53230732438 357.2774601989699 1.5329 1.947 4.1625 27.87311013588635 -28.189262899561754 -6.1782 1.5674036341292166 0
CAR 0.0 0 -1.4410668429146505 121.64996702911476 395.677022769952 330.858359528406 495.5602321455053 1.5121 1.9339 4.1099 13.328922647319763 38.160287503438724 -7.6011 -1.9132188092271625 0
TRUCK 0.0 0 -1.6404460975823318 1761.3042799005887 273.83703068816743 1905.759205324195 397.20300341651324 3.3377 3.0755 3.0748 53.33026678989002 8.297493578550739 -5.9795 -3.031595390596638 0
PEDESTRIAN 0.0 0 2.915374306261394 624.1567917175614 127.76408709800121 666.5922327620331 202.4803650620845 1.8579 0.9295 0.9471 41.415993906877766 -9.189795401769329 -6.0836 1.594447662458931 0
TRAILER 0.0 0 -1.6355610504222884 97.47861240582601 -36.892684933879465 318.76899258829087 109.06292901545874 4.1862 3.2286 10.2919 59.27511447633348 8.85364559791498 -4.2942 -3.062835902477131 0
CAR 0.0 0 -1.4653591172935263 75.43458750159952 339.22873382285957 249.4722010884225 415.53911515478717 1.5206 1.9327 4.0484 15.364102391820046 47.761597686816465 -7.4583 -1.8734535741965284 0
CAR 0.0 0 -1.3040903023203827 226.8378110851704 336.1881016191951 390.1855783751926 417.8152710689304 1.7 1.6238 4.0308 18.111407196765573 43.78270053941558 -7.2916 -1.9923975746503848 0
CAR 0.0 0 2.9316626674518984 1421.067806921819 277.6354983551185 1653.6837056785912 439.62004117589134 1.7 1.9624 4.2616 24.466280218861606 -27.269362640729824 -6.4566 1.58896339585535 0
MOTORCYCLE 0.0 0 2.8887007853453044 1527.1945815772333 344.5456114764002 1652.13015422867 479.72963297053343 1.7 0.8106 1.621 21.1806646795663 -26.612835461643936 -6.3809 1.5710430576065737 0
TRAILER 0.0 0 -1.0015905569629524 -7805.342902013365 -184195.007890376 453737.35426274495 2213.5414460533525 2.564 2.814 6.1278 2.7034399010221435 9.82192870569639 -6.1856 -2.9427125468726505 0
