VAN 0.0 0 -0.016681986218302747 1146.537067790989 202.26391921183694 1268.3597384575023 276.78587503902344 3.0887 3.0353 7.0662 63.377351392452745 38.08793442018589 -5.5641 -1.3929679825469414 0
TRAILER 0.0 0 3.0962833666437435 1853.7619848970721 143.36395751657264 2659.850006577452 478.4673238990983 3.3784 3.4486 11.6024 25.431470264957557 -40.97477061232506 -5.4833 1.6575297392573518 0
VAN 0.0 0 -1.6996111915442234 1594.948103983158 303.09951558446915 1740.8846972544493 424.83502609126987 2.5061 2.2666 5.3185 43.00580921126768 11.074182880118828 -5.9066 -3.0575834777366406 0
TRUCK 0.0 0 3.0799796943418656 1720.993070603112 167.74645226878204 2153.405367140417 420.98310366060974 3.5225 3.6418 4.7722 25.038793045088333 -35.140485432239856 -5.4368 1.6574552326525247 0
CAR 0.0 0 1.532237953718028 312.9934430730763 77.67102902874008 414.9784074329949 146.72234115625554 1.6999 1.9706 4.412 53.50119825016876 2.097489197255567 -6.344 0.25679976361242424 0
CAR 0.0 0 -1.6969845275872 1534.421295859687 310.3714526265113 1642.0624943287073 385.7846370312446 1.7 1.9666 4.1398 47.07886239242156 14.349062392421564 -6.3811 -3.0529654951011866 0
BUS 0.0 0 -0.809422472145975 329.3425366319376 288.9188425551091 743.6030567026648 497.913389125992 3.5244 2.84 10.3328 19.700788898929968 32.8327666304782 -6.2138 -1.7626103138235327 0
CAR 0.0 0 2.950964416350226 1575.3104839723728 315.40709898370386 1873.6628670473096 509.92343863082675 1.7885 1.936 4.1812 21.147356928115094 -28.724302428001458 -6.3142 1.613923014294209 0
TRAILER 0.0 0 -4.035197025838457 -13133.916235298102 -2425.861377485898 6556.403292155811 2792.7143846104814 4.0038 3.0233 11.3683 -1.0519301086527175 9.666254159984694 -5.939799999999999 -2.7427658620867112 0
VAN 0.0 0 3.0617128039033803 2175.5231932594306 215.3001786447767 2849.407979038534 501.75239419856604 3.0142 2.9998 6.4302 21.56353243339544 -42.810864262036326 -5.5653 1.6301165965656204 0
CAR 0.0 0 3.14600104992467 2529.969578628729 277.17196409740933 2979.1917421161575 441.1170079263226 1.7728 1.9945 4.2516 22.570153508112377 -50.26007415408651 -6.13 1.7040956439614174 0
CAR 0.0 0 2.958395455038641 1482.8220049882916 273.59816286880925 1700.340915343821 434.1535814734075 1.7553 1.5689 4.1046 24.53885421484848 -28.385499425820004 -6.4088 1.6052376305312825 0
MOTORCYCLE 0.0 0 -1.746088819305295 1514.5697220410366 342.58235845018214 1566.3271561677018 411.76846965190515 1.7 0.7138 1.6517 41.1845 14.0867 -6.5238 -3.077139203314816 0
BICYCLE 0.0 0 -1.5987196708096034 812.0195455470493 175.60397998678098 837.2403808475832 241.72090922014007 1.455 0.6025 0.8913 36.519715700161996 -14.259684742082081 -6.2896 -2.9220305006185083 0
CAR 0.0 0 1.5680660404608922 387.94734639799265 26.58045633407164 449.78022833178187 74.0328358945157 1.7 1.618 4.0238 72.73588285588548 5.06808521528084 -6.1929 0.11545695850784415 0
CAR 0.0 0 3.0510679785117745 1889.368141149905 302.5826395859896 2234.396564804785 479.8973720307295 1.6332 1.7321 4.4876 21.976682066811073 -35.544510627925874 -6.3283 1.6668272518319063 0
