VAN 0.0 0 -0.10101409435169928 1149.5787613442421 202.45875591951318 1271.5054186091556 277.1278763345414 3.0887 3.0353 7.0662 63.37390004291574 37.899701083120604 -5.5641 -1.477576390199944 0
CAR 0.0 0 -1.6804033567029628 1777.8424916817435 330.190749969792 1895.7261051149533 423.4660070438823 1.661 1.8473 4.112 42.52210123635725 6.825200130496283 -5.6812 -3.0500607807103046 0
CAR 0.0 0 3.0081466977164157 1349.5578302935223 191.90447083294396 1512.8043595114855 306.405306852466 1.7 1.937 4.0135 31.902499692348123 -28.462202981365223 -6.2264 1.6087736008161464 0
CAR 0.0 0 -1.2799736373922026 209.1804900627955 429.2429930735937 443.6514949231621 559.3641955175925 1.7 1.9714 4.0628 12.698299864450265 31.310700140620554 -7.4038 -1.8673876289855698 0
CAR 0.0 0 -1.082436225784387 380.8446567239954 442.13658019940374 575.8928892056114 554.65055975734 1.4656 1.3758 3.7786 14.819696220543195 28.662498125501944 -7.4477 -1.8503676822190267 0
VAN 0.0 0 -1.0970414772804609 236.97033063610323 324.1096379713883 528.6562058563969 493.08440422841716 3.0074 3.0141 6.0193 16.62199953733129 35.939700035656585 -6.7457 -1.8587980939027253 0
CAR 0.0 0 2.9714490867311323 1401.7178579345805 230.10396751490325 1599.3123508999229 358.4370335060299 1.5329 1.947 4.1625 27.80119730948244 -28.144380221234357 -6.1782 1.5933728930092512 0
CAR 0.0 0 -1.3966264008266587 117.86794758750537 396.2013409037289 327.74010315043625 496.3572743936656 1.5121 1.9339 4.1099 13.241200907599838 38.15299872691001 -7.6011 -1.8619935011827247 0
TRUCK 0.0 0 -1.5944580371523964 1756.7846895073358 271.32502613913056 1898.7800667210543 392.44135381155377 3.3377 3.0755 3.0748 54.11768501505934 8.57007100514985 -5.9795 -2.986936550057248 0
PEDESTRIAN 0.0 0 3.010325659072703 619.2861924414725 127.47733386542393 661.9192502022069 202.13574112220064 1.8579 0.9295 0.9471 41.463999981487795 -9.049299988242655 -6.0836 1.6907205764568618 0
TRAILER 0.0 0 -1.5555791947389743 1749.5417156936373 195.10793003036125 1917.6319318637338 339.9922859977778 4.1862 3.2286 10.2919 60.60324392526559 9.479481658793103 -4.2942 -2.9848239915795123 0
CAR 0.0 0 -1.7403165698233931 1486.0025371821619 418.3248761915487 1664.86378771685 562.5659026036237 1.5712 1.8019 4.16 26.176656008854795 8.925820560849052 -5.809 -3.01197986205257 0
CAR 0.0 0 1.515261188647644 381.8981769895262 38.40552364112171 467.19306507649304 89.42381594695325 1.7 2.482 4.675 70.55990507336247 4.286154298906196 -6.5583 0.09213218232254927 0
CAR 0.0 0 -1.618287696926189 1524.4336307852132 315.7493064675822 1632.2940287110064 387.94884265549297 1.63 2.02 4.44 48.578612245305635 15.012872453056335 -6.7646 -2.9706568834179663 0
