CAR 0.0 0 4.8755975140238705 2558.9602590684403 -1393.1181556068957 3627.9000245839075 -734.9721872856031 1.7 2.0096 4.0382 -7.589684633350187 21.668277587199924 -6.8888 2.9844164959098043 0
CAR 0.0 0 2.704534565373481 1327.018120596085 200.5074906756915 1523.1902963970745 313.10384353439014 1.5683 1.9824 4.1753 25.08205158979893 -22.610116376430895 -6.7242 1.310780564343317 0
VAN 0.0 0 4.311743818652275 1704.9160907489265 328.85605576390725 1849.7117235057465 447.95676094023065 1.9963 2.2756 5.9988 45.15179790163011 7.86172676618211 -6.704 2.9549434400728405 0
CAR 0.0 0 2.6984526548751075 1378.1441805435738 207.9933000961992 1634.8503199799204 349.27237902351214 1.6094 1.8776 4.9449 21.35328796157467 -21.400278787698547 -6.2139 1.3087788871307455 0
CAR 0.0 0 4.823163338864768 -81996.56964267141 -83563.79058934725 233405.17878593804 31530.50819587488 1.7 1.4338 4.1609 3.783045267661838 22.832970137008502 -7.0814 2.9399563745571107 0
CAR 0.0 0 1.2909068607799834 401.18457594870756 47.664427428763304 451.4284598440796 102.85516272829179 1.7874 1.6906 4.6429 67.8406739300878 -1.578264897531033 -6.9019 -0.10672460276006801 0
CAR 0.0 0 1.2009092072739103 352.19083305181005 84.15878329609696 417.76490749594416 153.54218759237057 1.7663 1.8436 4.3075 55.073095567944705 0.26961356226579025 -6.9886 -0.07297821094104945 0
EMERGENCY_VEHICLE 0.0 0 4.259338009645959 1496.573597571526 356.6927677913704 1633.609145867096 527.4607474216456 2.2503 2.304 6.2856 34.70140103859823 13.933543343837231 -6.5162 2.961509950794583 0
PEDESTRIAN 0.0 0 3.12539371431984 637.8900001566811 126.91735079862177 674.7103548210744 194.04580553623558 1.7016 0.7772 0.6957 39.793148194390035 -7.063610516564942 -6.3348 1.7939184524963823 0
CAR 0.0 0 4.016495451328053 1294.3525579228362 575.9572529561672 1477.596358626298 844.1411117712737 1.6266 1.8999 4.4696 19.599400315271417 16.47360088677953 -7.0385 2.9122265307228816 0
CAR 0.0 0 -1.1013560088554506 197.230729756153 429.7204712233594 417.39854507649073 554.8457429015247 1.5083 1.8983 4.1522 22.8689 40.2448 -8.1788 -1.665276828536639 0
CAR 0.0 0 1.7959938042665031 -12395.568110262677 1405.6033877380842 -2862.5956650911016 4500.671185261886 1.612 1.9008 4.2774 9.645487251990684 18.146457823390833 -7.288 2.957134713507943 0
CAR 0.0 0 3.9415302764523323 1063.9594746157452 559.7258178238475 1251.8262766713722 794.9571380114093 1.5468 1.6772 4.4837 19.759125117234674 19.740663816731445 -7.2852 2.894079339171321 0
TRUCK 0.0 0 4.453813681528994 1732.5934262148983 252.2301703571355 1825.1224495140355 328.0351292300154 2.5066 2.4248 2.2189 64.16899570319622 4.718935300430067 -6.1568 3.044321239284324 0
CAR 0.0 0 4.267995441180852 1412.4148460563015 357.8396705430378 1489.7506877217074 458.4174054936337 1.7816 1.6668 4.0256 40.4544 16.3515 -7.2905 2.969873047659069 0
