VAN 0.0 0 -0.040492358829999464 1142.2208834377286 203.33667898907896 1265.7181387605985 278.9527763078676 3.0887 3.0353 7.0662 62.43965626602219 37.76042095450814 -5.5641 -1.4149697506383534 0
CAR 0.0 0 -0.224512608061324 1836.168905942868 466.03702463149995 2402.466134868972 800.012182496136 1.661 1.8473 4.112 12.913390019151628 -27.389742113975785 -5.6812 -1.505631064508268 0
CAR 0.0 0 3.023265333384278 1354.4764844380986 193.10139569973668 1519.127871015749 308.18694753239623 1.7 1.937 4.0135 31.755713876873 -28.535523514624536 -6.2264 1.6242341597410155 0
CAR 0.0 0 -1.250109564364804 200.81739901546274 428.5559613712664 435.5364393934398 558.3407153042474 1.7 1.9714 4.0628 12.607229388521123 31.507661355293422 -7.4038 -1.826574111919186 0
CAR 0.0 0 -1.0701422397050133 383.16270081935966 439.93755057788303 576.7502702464515 551.4007000516219 1.4656 1.3758 3.7786 14.957653000300851 28.827844142628464 -7.4477 -1.8424388529812492 0
VAN 0.0 0 -1.0438999071501693 244.06694058706015 322.5867176734223 532.9416699488594 489.93119252689974 3.0074 3.0141 6.0193 16.858609711197214 36.09425482529479 -6.7457 -1.8157902456131392 0
CAR 0.0 0 2.977107777119353 1400.7671617622168 231.06264256196198 1598.8858147922117 359.94499266109364 1.5329 1.947 4.1625 27.708337211398828 -28.083561215064865 -6.1782 1.5999076178923881 0
CAR 0.0 0 -1.3604169972688953 115.33844675853881 394.95270174436814 324.52730455857994 494.52249366142564 1.5121 1.9339 4.1099 13.258249023374772 38.3693894258198 -7.6011 -1.8219666918375406 0
TRUCK 0.0 0 -2.5310543536505383 -394.48414716307826 352.9561185377356 153.42732045129713 733.7827191226188 3.3377 3.0755 3.0748 16.85867655159762 -3.3949655466955466 -5.9795 -2.362590920964874 0
PEDESTRIAN 0.0 0 3.128026679225505 613.1900141304354 118.33551853084172 651.1716971979083 196.32767821840093 1.9771 0.7965 0.722 41.4314 -8.8314 -5.8804 1.8006514064715926 0
TRAILER 0.0 0 -3.1700859141670703 -911.1765661504221 81.1700732667513 102.90750545996528 618.4979985472241 4.1862 3.2286 10.2919 21.062435752949362 0.4988529397487378 -4.2942 -2.3716120857112046 0
CAR 0.0 0 -1.4319724016206714 69.70099411794357 341.33530307501286 245.6250787908386 418.5793424907512 1.5206 1.9327 4.0484 15.109603489887071 47.44297921190556 -7.4583 -1.826875486489279 0
CAR 0.0 0 -1.1434452352012179 209.63103505980143 337.1932323061648 374.89711580961557 419.37039142346936 1.7 1.6238 4.0308 17.682937541983947 43.9351577959313 -7.2916 -1.8037533996333603 0
CAR 0.0 0 2.952368943529547 1402.2323905821813 276.85348238364116 1630.8712842397417 438.54663844870885 1.7 1.9624 4.2616 24.534853924469076 -26.89752586280043 -6.4566 1.6121176661405914 0
MOTORCYCLE 0.0 0 2.952003980192561 1544.0424759037526 345.1943714598174 1670.8592391219004 480.4891914271835 1.7 0.8106 1.621 21.13528184651164 -26.895612915208442 -6.3809 1.632072091436402 0
TRAILER 0.0 0 -0.5130016384240463 1371.9908587526654 437.27476680560306 1951.0433646954823 928.571915723705 2.4731 2.3456 5.5455 13.036068332557015 -22.153751600746077 -5.965 -1.6941158027971546 0
CAR 0.0 0 3.0084039081466285 1777.4287750910876 302.9752700229098 2107.4205308571077 491.9287705970094 1.752 1.7066 4.502 21.707047863475676 -33.044190507384144 -6.3051 1.6383132896588795 0
CAR 0.0 0 -1.635213290780821 1736.9746382138226 330.96960379683287 1874.13865877183 455.39118826057 2.5646 2.2507 5.3418 46.36843998286849 7.87705971767861 -6.7852 -2.993462219005152 0
CAR 0.0 0 -1.7093782837510396 1728.3877202722877 421.40627272695957 1875.251104274938 550.3471651276822 1.6579 1.8216 4.0307 32.984753154761094 6.045895781288106 -6.5644 -3.0186903097170275 0
