VAN 0.0 0 -0.02414894018498215 1152.132705884453 202.71686589937497 1274.2738066676443 277.6008676577512 3.0887 3.0353 7.0662 63.3044 37.7007 -5.5641 -1.4008436983789376 0
CAR 0.0 0 -1.418506725900012 254.4872480237736 710.4546128880569 724.6910025983886 1092.9923305395394 1.8722 1.9964 4.4852 6.742803758347248 14.720020814971125 -7.4595 -1.926528815375497 0
TRAILER 0.0 0 3.057296915914866 1978.0246215158493 141.39100133647617 2827.6442287808586 466.1214635394894 3.3784 3.4486 11.6024 25.788400000000003 -44.5713 -5.4833 1.607797639799007 0
TRUCK 0.0 0 -0.17419196910621992 2199.182077455936 354.62242977784274 2904.5917161559896 791.3317615206599 4.081 2.7527 2.7246 13.548795621190001 -33.3341103505453 -5.613 -1.5257525439283905 0
VAN 0.0 0 -0.9092130943435266 446.36036832312345 421.18301244531983 754.8108511062117 629.4920659824736 2.4742 2.2545 5.383 14.635208939354284 23.615609809255012 -6.8547 -1.7703062806442245 0
VAN 0.0 0 -1.7131831315578991 1598.191512696064 302.79702930204945 1743.7097223403118 424.23940525713 2.5061 2.2666 5.3185 43.152 11.0252 -5.9066 -3.07177948351002 0
TRUCK 0.0 0 3.0491472713970995 1762.7243332080636 164.8140912964499 2197.6447618879033 413.51635401783113 3.5225 3.6418 4.7722 25.3768 -36.3279 -5.4368 1.6209232594911147 0
CAR 0.0 0 3.14427020163157 1434.2931462005163 198.06163488046786 1620.1677218541397 317.61092571891527 1.6999 1.9706 4.412 31.56089970139142 -30.680345036712787 -6.344 1.7397526661954892 0
MOTORCYCLE 0.0 0 -1.7557705868009565 1515.2826606321744 339.0799700814602 1555.0639808843566 404.25854537218294 1.7 0.647 0.6935 40.6043 14.103 -6.2977 -3.0892327760299634 0
CAR 0.0 0 2.700131837172021 719.2517327740334 339.0307478719001 866.3733846638088 428.3020481795736 1.7 1.714 4.1066 25.75219817631752 30.105365793065364 -6.6918 1.5778527081905207 0
CAR 0.0 0 -1.7211758752010382 1536.705329487101 311.00686308990953 1644.6240459421558 386.7278201264775 1.7 1.9666 4.1398 46.9737 14.2439 -6.3811 -3.0770070002730305 0
BUS 0.0 0 0.6704196880533095 -1045.5402862103879 125.93568924244654 -22.239469774562775 577.8490272679929 3.6584 3.5656 12.2161 25.06997469466245 5.7038643863977665 -5.4541 1.629888721169962 0
TRUCK 0.0 0 -1.3378501111580592 90.21122730919267 266.31208209624015 271.4922623026417 432.34398435707936 3.7838 2.9175 2.9276 14.23161621922441 42.64709903765169 -5.8292 -1.8217944125683911 0
TRAILER 0.0 0 -0.22715222694250614 1472.6215613089385 241.30803722487047 3497.5315230400074 1399.1291258175686 4.1977 3.7027 14.0837 13.075222706921886 -26.286538434322498 -5.5382 -1.4787442727952902 0
BUS 0.0 0 -0.8684380073299417 321.68568168506977 283.3743626911159 725.4618485378641 483.59132356106363 3.5244 2.84 10.3328 20.150453581928723 34.16332457284934 -6.2138 -1.8215895708039374 0
PEDESTRIAN 0.0 0 3.058334666841513 1566.65683496861 389.9175468422638 1620.6999582345293 469.27403750984587 1.7 0.7401 0.9 35.03678588630605 10.91500638470553 -6.5499 1.7505168928616632 0
PEDESTRIAN 0.0 0 2.9472740498277967 1605.2947516402887 381.1459333852533 1648.0308948551492 455.1775537365926 1.7 0.5608 0.655 36.815005405933015 10.595245162447114 -6.5079 1.6278809205544205 0
PEDESTRIAN 0.0 0 2.9935853546623648 1684.6528661936343 389.53171208762797 1725.1938175327193 459.8122529325689 1.5698 0.4741 0.7526 37.430236540303454 8.88893288982696 -6.5077 1.666699466173973 0
CAR 0.0 0 -1.2150114698864458 287.4547533305833 358.5856039151671 478.1303655754827 462.76975409393003 1.8616 1.767 4.202 16.96888109983864 36.912428640363935 -7.0946 -1.9687672609738398 0
CAR 0.0 0 2.9351218968202213 1581.2924199142612 317.26427857737633 1882.5037854455486 513.0078237395221 1.7885 1.936 4.1812 21.0304 -28.7752 -6.3142 1.5984642161224918 0
TRAILER 0.0 0 -3.30264402461654 -22873.789977178505 281.74006503509395 -4302.365122620998 1952.4176808755356 4.0038 3.0233 11.3683 15.818095046925054 49.30941730311766 -5.939799999999999 -1.8236377702710016 0
