CAR 0.0 0 4.461406338961595 1561.5245572683125 327.14812203762347 1652.639488964934 413.9667346731749 1.7 2.0096 4.0382 46.2951 12.1536 -6.8888 3.11655435550722 0
VAN 0.0 0 -0.3304816039095446 1147.0123217535074 187.3324082266689 1234.242638416625 262.89941002822195 3.1128 3.0226 6.773 72.9264 30.9305 -5.828 -1.7158531596828857 0
TRUCK 0.0 0 -0.6871489732108669 -27761.22117035208 -214951.76939567027 968555.097374851 7171.408371100038 3.8081 2.9722 2.9156 9.090326752436493 21.868448228986672 -7.0351 -2.4662018830760877 0
CAR 0.0 0 2.0753511396471955 527.0580606831024 173.8187926213563 648.0507695899101 295.59164817459015 1.7 1.967 4.5895 32.29020105876517 -4.0157584193012905 -6.577 0.8816245934861487 0
TRUCK 0.0 0 2.647728368632457 1766.5855982515477 181.4925379753532 2052.9115400451788 399.8012048990767 3.4115 2.7462 2.4608 16.746 -27.213399999454577 -5.8128 1.2258169406910011 0
CAR 0.0 0 2.6736791622293157 1463.3224305173178 275.6438936735956 1738.6310273624115 431.53048117316064 1.5441 1.9368 4.2225 17.8426 -20.5992 -6.7047 1.3186377821279618 0
BUS 0.0 0 -1.1458251463076232 276.3678408108657 247.9529883972602 733.9530768674942 480.35132589926343 3.8144 4.294 14.4415 32.9921 41.8438 -6.7673 -2.120489226164379 0
CAR 0.0 0 1.2992029717488007 345.9962200078047 127.44705738467898 427.29086575790296 219.47207071600943 1.7 1.7559 4.4079 42.31952443544067 0.2760326877196835 -6.7373 0.1465154849329005 0
VAN 0.0 0 2.9773163109780407 2724.8035323632707 201.68769796404465 3381.2203287590123 408.8157218652441 2.3829 2.6598 6.0028 8.67801798352717 -48.987954211886645 -5.6352 1.5041920817351715 0
CAR 0.0 0 2.676432703981537 1566.249559769906 307.93285511098367 1934.9086101883381 512.17636324145 1.7 1.9879 4.7683 14.6432 -20.4419 -6.6494 1.333552304766139 0
CAR 0.0 0 2.6483532537986703 1883.398981764902 307.9786984134827 2260.0126150514184 482.00143166718715 1.5135 1.9357 4.3357 13.2682 -26.6938 -6.6523 1.2644279727318088 0
VAN 0.0 0 2.649239520519182 2196.6357041494757 270.09949437894767 2745.011541784661 490.9682955967961 2.0943 2.4031 5.4998 11.1554 -33.9905 -6.4152 1.2290361204144005 0
BICYCLE 0.0 0 4.327103657739776 795.8623507631635 150.50355550487552 846.7380209637654 232.243824907218 1.7185 0.8392 1.6951 34.26448750879782 -10.403722910736795 -6.3427 2.984313267049473 0
CAR 0.0 0 -0.2754087767536424 3416.8293130573034 386.71217509908064 4105.790656802223 596.0855270990852 1.7 1.727 4.1102 1.4006711536135996 -49.37415828289437 -6.8135 -1.7173350178026607 0
VAN 0.0 0 -0.40538172648891746 2357.7249142052647 346.91718999163265 3348.4002327108615 767.0699943334674 2.7252 2.5328 6.0568 5.666524870896873 -27.963279889576953 -6.1749 -1.7877509125443363 0
BICYCLE 0.0 0 2.4276341922495557 594.9001254728055 284.3674767129212 631.1543238598539 338.78523339763797 1.8147 0.6832 1.1965 43.9031 47.3437 -7.757 1.3265631903688766 0
OTHER 0.0 0 2.891646342563672 2527.2645670282704 265.5803712875265 2991.000219861614 430.4027599903782 1.7 1.956 4.407 9.813497789128569 -41.11122347434457 -6.175 1.4450837886021748 0
