CAR 0.0 0 2.6863779736452464 1340.9510071276436 200.00997214330746 1538.1420671032054 312.16874853682236 1.5683 1.9824 4.1753 25.036903483732694 -23.006733660957945 -6.7242 1.2904051040461615 0
CAR 0.0 0 2.6468641122638172 1379.803225116854 208.03792363061558 1636.7906996064878 349.32472744783104 1.6094 1.8776 4.9449 21.338503268673094 -21.435103918992613 -6.2139 1.2570095736052027 0
CAR 0.0 0 -1.2996393106534696 220.75992664236907 422.24558747877353 433.44417640102955 543.2210370854951 1.5083 1.8983 4.1522 23.6035236288779 40.43340508623815 -8.1788 -1.9008039597235955 0
CAR 0.0 0 -1.1064252072323606 392.03947066020646 425.37717728944006 586.8667299592561 545.6939958572304 1.4958 1.977 4.1388 25.15041893094912 37.03800577788884 -8.1989 -1.900855273565694 0
TRAILER 0.0 0 -1.2906197095816005 410.3224405478978 224.64644342013318 1002.7096377909583 1130.8337216166367 3.4934 3.115 10.3352 12.174645502919983 -1.957564639434577 -5.0918 -2.11372341942351 0
CAR 0.0 0 -1.4563113700575037 116.05866078370892 382.268304680358 313.30551179444404 482.7198486719321 1.508 2.0028 4.001 25.689712363267656 46.62037780451164 -8.2196 -1.921975704819857 0
TRUCK 0.0 0 -1.3644944889913064 834.8005866223596 517.9040635198011 1199.856068883213 944.5417115081565 2.4532 2.2469 1.9737 8.75222890201374 -4.389941123924437 -5.6178 -2.313813219219564 0
MOTORCYCLE 0.0 0 2.6060827566467863 1533.6394856071447 334.3588529553607 1689.5460947382303 471.60584382599023 1.6332 0.8894 1.834 15.211397887574925 -18.223013137954513 -6.5953 1.2795230550680976 0
CAR 0.0 0 2.6297930652513344 1394.251192531105 227.72769378410987 1658.4706061494744 383.7191876892771 1.654 1.8689 4.1757 18.577102100221758 -19.224297347230976 -5.8865 1.2547721101000144 0
CAR 0.0 0 -0.3003753770247768 2909.183111767855 381.27616083512726 3676.8276385260874 648.2074735678635 1.879 2.4204 4.7456 3.8913801808853443 -38.697250348668156 -6.6157 -1.718096202236218 0
CAR 0.0 0 2.723686226199268 1882.1656969316834 170.3959159753088 2163.4018127939016 290.9626676659028 1.8284 1.8307 4.868 20.99608115449933 -37.79272470002437 -6.1655 1.2652991384422807 0
PEDESTRIAN 0.0 0 2.8315416449167055 529.3138580763301 134.81345764835865 566.138310520299 215.14408859909372 2.0064 0.6591 0.733 39.71845965209643 -3.967020537454338 -6.5861 1.5692703461305249 0
TRAILER 0.0 0 -0.3110514066087229 2685.775073172489 377.7372361694123 3593.8619118900288 720.5109278679352 2.3003 2.4332 5.4943 4.429917836327081 -33.96973817590281 -6.5644 -1.7115969380679334 0
