VAN 0.0 0 -0.06128040698803083 1151.2799735463009 202.5707386378853 1273.2687228770062 277.32511887482485 3.0887 3.0353 7.0662 63.369839032891115 37.793369783004195 -5.5641 -1.437993474107063 0
VAN 0.0 0 -1.6796657178840668 1585.9244063671104 310.9060784390084 1738.6991824865968 439.46447929207454 2.5061 2.2666 5.3185 40.976870172314364 10.76116295258702 -5.9066 -3.0306989853775987 0
CAR 0.0 0 -1.6974300534926854 1477.1522119584731 337.1175913785581 1602.37511687933 426.96557640781697 1.7 1.9666 4.1398 39.85567966728296 13.696371927532955 -6.3811 -3.0262847080785336 0
BUS 0.0 0 1.6301633318675601 436.4928390923567 -30.701793531541423 518.9081678195504 37.3837678340536 3.5244 2.84 10.3328 104.34907218834476 8.991610859294743 -6.2138 0.06357411080289209 0
BICYCLE 0.0 0 -1.7134748049184676 933.0267250424067 289.8171619514928 971.5642346364297 382.81724465058704 1.455 0.6025 0.8913 25.349961683981768 -16.48567429174224 -6.2896 -2.945145701233959 0
CAR 0.0 0 -1.647259304405459 1780.8912352548446 330.98338584614885 1899.096501810777 424.7072127105829 1.661 1.8473 4.112 42.413871060854994 6.736919839995455 -5.6812 -3.0167375536858496 0
CAR 0.0 0 3.0130194939619788 1337.9790124315684 191.65485587704075 1499.5559631865096 306.1330892609627 1.7 1.937 4.0135 31.932783378113612 -28.16949536641894 -6.2264 1.6149400059223493 0
CAR 0.0 0 -1.2034422117172983 210.10742463039583 429.2419531949389 444.4957138174942 559.3566072425217 1.7 1.9714 4.0628 12.711566284314609 31.29690592182312 -7.4038 -1.7921101297431838 0
CAR 0.0 0 -1.0295028716492116 393.0772738374772 438.09664674063214 584.7448242586323 548.6413160905139 1.4656 1.3758 3.7786 15.190412401931118 28.84565201779284 -7.4477 -1.8133342874298124 0
CAR 0.0 0 1.4364570332729558 421.05642808151777 13.828741405393885 476.55437318582847 54.31993803676482 1.7 1.8295 4.0434 84.19825262764567 6.386848449438199 -6.4708 -0.05946880055420704 0
VAN 0.0 0 -1.0649275169790657 246.32147797403678 323.39392720628445 535.9767409705437 491.52825134807534 3.0074 3.0141 6.0193 16.835857408814785 35.910747905374414 -6.7457 -1.8387728370367906 0
CAR 0.0 0 4.943377880588536 1344.9243021519405 -368.496737814132 1457.102040228459 -292.3669113293887 1.5152 1.971 4.0119 -49.863805545364855 6.003406464614758 -6.0728 3.141592653589793 0
CAR 0.0 0 -1.3174044714373996 1421.6437491098804 -449.2196516547467 1607.0264702282843 -338.4990897430897 1.6185 2.5772 5.2097 -42.594824496723106 6.156831533867192 -6.6119 -3.141592653589793 0
CAR 0.0 0 3.063702819645586 2184.971701433278 214.4608687567957 2476.401186112463 326.92446258295536 1.5329 1.947 4.1625 29.284156802679043 -49.152580889132885 -6.1782 1.6079448596805244 0
MOTORCYCLE 0.0 0 -1.8787334371302837 1313.038845549603 483.50839214664495 1392.062898958619 592.5630929822274 1.6612 0.7676 1.4656 23.7464 12.236 -6.9541 -3.071714846133773 0
CAR 0.0 0 -1.2416444612591075 1399.7444481866876 -575.0316159250341 1567.824855426874 -442.26302879919155 1.5153 1.9251 4.1636 -37.059775736392695 2.380131253536164 -7.8343 -3.141592653589793 0
