VAN 0.0 0 -0.04297498202773031 1147.2637823514021 202.71588877204468 1269.6582340557704 277.66416522096 3.0887 3.0353 7.0662 63.0911481744 37.86397839876866 -5.5641 -1.418903573797595 0
CAR 0.0 0 -1.7129612672342185 1781.066549921217 329.7402684049307 1898.5465613787678 422.7242774607333 1.661 1.8473 4.112 42.68474031290616 6.776016771298188 -5.6812 -3.0832454006018555 0
CAR 0.0 0 2.9485946076619647 1348.8920114138818 191.23825275867432 1511.6291890188775 305.3947033190872 1.7 1.937 4.0135 31.984786521112618 -28.475731709994946 -6.2264 1.5487642730096802 0
CAR 0.0 0 -1.2833511898645085 213.3319350085025 428.31074198825013 446.77124197924826 557.8760390141247 1.7 1.9714 4.0628 12.79637267799184 31.345115918006886 -7.4038 -1.877003294840088 0
CAR 0.0 0 -1.1051274170997771 391.38615831569683 439.84726506062935 584.1976528303228 551.2240923151403 1.4656 1.3758 3.7786 15.080732231816498 28.710734345099098 -7.4477 -1.8856458483840466 0
VAN 0.0 0 -1.144598415074589 245.6541729085123 323.2387593203711 535.1870149837697 491.22396952313187 3.0074 3.0141 6.0193 16.836207921833264 35.9498679882319 -6.7457 -1.917786575270122 0
CAR 0.0 0 2.946572862405584 1403.3356373697552 228.98242118251054 1600.3928734069789 356.66946581431637 1.5329 1.947 4.1625 27.910429329169954 -28.227858348333257 -6.1782 1.5674036341292166 0
CAR 0.0 0 -1.4350817711954205 125.05379472756252 395.40280267384657 333.80461347374745 495.13574638902907 1.5121 1.9339 4.1099 13.398698141221958 38.139530217070714 -7.6011 -1.9132188092271625 0
TRUCK 0.0 0 -1.6380468190507518 1765.5266387357574 271.0292018749155 1907.252709685381 391.7564789621098 3.3377 3.0755 3.0748 54.47306701842122 8.362382887411243 -5.9795 -3.031595390596638 0
PEDESTRIAN 0.0 0 2.915322833004442 624.0768116916372 127.77761043554975 666.5186667005164 202.49861434697962 1.8579 0.9295 0.9471 41.4134726070251 -9.187892679704486 -6.0836 1.594447662458931 0
TRAILER 0.0 0 -1.6164939743394424 112.40224049489704 -38.21820992605453 326.7524228636182 104.43194353560453 4.1862 3.2286 10.2919 60.45777720495925 8.890075467769382 -4.2942 -3.062835902477131 0
CAR 0.0 0 -1.4648172916710087 75.68409618739928 339.2281798423 249.7049203878217 415.537055768902 1.5206 1.9327 4.0484 15.369243599916402 47.7566255326603 -7.4583 -1.8734535741965284 0
CAR 0.0 0 -1.303923766851033 226.93838373169174 336.17646244753615 390.27103618393784 417.7978161350913 1.7 1.6238 4.0308 18.11438533091268 43.782923683807674 -7.2916 -1.9923975746503848 0
CAR 0.0 0 -1.2924243161905555 1314.9237811891182 -410.19327988977506 1434.3781250375318 -317.6119272806365 1.8166 2.1601 4.1544 -49.982396991584515 4.957571778381395 -6.9374 -3.1212033226472595 0
