CAR 0.0 0 2.704537497134368 1327.072824256404 200.51273722210465 1523.254615587749 313.1113850029674 1.5683 1.9824 4.1753 25.081101696779104 -22.611098246101506 -6.7242 1.310780564343317 0
VAN 0.0 0 4.311745279160329 1704.8674852484728 328.8447140779689 1849.645791799786 447.9374411520379 1.9963 2.2756 5.9988 45.15339714329948 7.862897908007592 -6.704 2.9549434400728405 0
CAR 0.0 0 2.69855232004194 1378.8503865245282 207.98402576693962 1635.6470284738748 349.246049755592 1.6094 1.8776 4.9449 21.349606576000788 -21.4171698278022 -6.2139 1.3087788871307455 0
PEDESTRIAN 0.0 0 3.1243094758122227 635.6258120246544 127.09146465681766 672.5171364410064 194.2886171480481 1.7016 0.7772 0.6957 39.77483756290206 -6.995850831446556 -6.3348 1.7939184524963823 0
CAR 0.0 0 -1.1013560088554506 197.230729756153 429.7204712233594 417.39854507649073 554.8457429015247 1.5083 1.8983 4.1522 22.8689 40.2448 -8.1788 -1.665276828536639 0
VAN 0.0 0 4.8263487830833105 1878.8534385544112 -879.2093865258582 2521.854186583743 -460.93157110972817 2.4175 2.2088 5.2336 -14.451257154480382 22.81573185343076 -6.4546 2.9683530093943826 0
CAR 0.0 0 4.864620789692386 4683.540510013724 -5195.1070089817495 13157.708244900883 -1320.6649270783741 1.7 1.8869 4.632 0.1733686687749434 23.421719966823463 -7.4704 2.965445368014858 0
CAR 0.0 0 1.7963539096260173 -9615.271351237623 1393.469603791031 -2875.845024244042 3504.9944784560003 1.5434 1.7657 3.6986 9.989300775473895 18.101810414795427 -7.228 2.9569570384702204 0
CAR 0.0 0 1.2503268924214181 399.6712267384812 56.553073244792046 455.20443282771686 109.87284985902673 1.7 1.9052 4.146 66.4670415023896 -1.5509581127618004 -7.0868 -0.1295856002355606 0
CAR 0.0 0 4.233155078409417 1501.882423423979 408.8518628402434 1602.4339891620964 525.5679859738416 1.5569 1.7367 3.4921 33.40047301407079 14.100524032838644 -6.9154 2.953829388697243 0
CAR 0.0 0 4.335410675627957 1565.9815328304321 250.35921685076138 1622.4839406905073 297.8845622873416 1.5094 1.9164 4.1944 69.9908 11.205 -6.6403 2.934589091691096 0
