CAR 0.0 0 1.689227157765405 417.6472386341139 34.090878140749105 469.177962012509 77.8104485080933 1.5683 1.9824 4.1753 74.238109348128 -2.623353632605494 -6.7242 0.24285182199537458 0
TRAILER 0.0 0 -0.20272862641679135 4055.2197819914013 140.31064526025781 5460.868296561872 392.0271036922038 3.4934 3.115 10.3352 -4.1057398074901315 -97.36930789957704 -5.0918 -1.7195019127797606 0
MOTORCYCLE 0.0 0 2.7978440054856892 1508.8135549380365 336.0486321849883 1663.1757831200448 474.19804759631927 1.6332 0.8894 1.834 15.269771820728254 -17.725026402549247 -6.5953 1.476332299180062 0
CAR 0.0 0 2.7484756441187237 1398.759212564065 226.2294438095132 1662.109828148392 381.0688630227525 1.654 1.8689 4.1757 18.664873174380823 -19.40765910768511 -5.8865 1.3716570201143607 0
CAR 0.0 0 1.9096479125210315 514.725222157126 139.79631132624561 625.3433806282284 259.3089632201123 1.8284 1.8307 4.868 34.37195081567492 -3.921874269022491 -6.1655 0.6721435306965442 0
CAR 0.0 0 2.765720109137966 1768.0062869039186 303.51962112681787 2139.1567707650597 493.5624679985533 1.7 1.7312 4.5344 13.838 -24.3783 -6.639 1.394397955834217 0
CAR 0.0 0 2.7231234930200747 2004.5523671682163 307.22677959098354 2407.3387765523153 491.8149093721642 1.7 1.6226 4.5676 12.534337894575172 -29.245315162119823 -6.7663 1.329991552531325 0
VAN 0.0 0 -1.6867111181362282 -164.7509162040264 631.9896231434708 288.0491836359473 1185.429936256242 2.0921 2.2958 4.814 12.451468641096492 3.157490498475929 -7.8814 -1.8005906820264541 0
CAR 0.0 0 -1.4685178871594033 319.9426334028546 527.3837693857373 570.9843430929644 713.4665717439017 1.7 1.8129 4.0976 18.949074991793115 32.644114804962356 -8.412 -2.098775480781578 0
CAR 0.0 0 -1.135059624252833 849.4518566110578 602.7405775188062 1059.1910016353665 833.51912716687 1.5898 1.7895 4.1594 18.990655027719672 22.710648765910012 -8.2277 -2.0664008626352928 0
PEDESTRIAN 0.0 0 2.8099868042366505 1408.638192219328 331.6063082946379 1450.3292256812365 402.59944584174474 1.7 0.84 1.0688 40.966347614105274 17.11671812141269 -6.3875 1.4902160803572406 0
CAR 0.0 0 4.333950216322442 1485.7370819488467 313.1968840744446 1545.3089886331209 386.39045933337025 1.5848 1.5393 4.034 49.22057601580661 14.702828413270122 -6.9916 2.9893149876026945 0
CAR 0.0 0 -1.2576643465728388 421.4283779578992 426.23781531322334 590.742493054058 529.989581785842 1.2805 1.5163 4.0841 26.086285133006488 37.37713893274842 -8.3229 -2.075159319442891 0
CAR 0.0 0 -1.4773516070862565 182.27989094312838 409.4313755038258 382.9315438732917 530.1560218612525 1.7 1.6536 4.0658 24.095281307785708 42.40734572815467 -8.2573 -2.0243388179827284 0
