MOTORCYCLE 0.0 0 2.867375795248353 1518.7352161158715 334.96474089502397 1673.5530979982489 472.5907727469182 1.6332 0.8894 1.834 15.265271396794343 -17.941097449627826 -6.5953 1.5435531208983042 0
CAR 0.0 0 2.9275250189469118 1376.9125668166355 228.17092625929132 1639.1784984327046 384.7461402572806 1.654 1.8689 4.1757 18.64394832480876 -18.84913612976035 -5.8865 1.55528535101477 0
CAR 0.0 0 1.4129248415076383 436.583484793856 12.196526443465782 484.41805497743405 59.20853075339863 1.8284 1.8307 4.868 78.52587868584546 -3.750011256872737 -6.1655 -0.08181825378715425 0
CAR 0.0 0 2.848848239745587 1751.6687800310517 301.7120878684695 2117.9967308942223 490.6321113745233 1.7 1.7312 4.5344 14.02869976166036 -24.18174721766832 -6.639 1.4782455116673214 0
CAR 0.0 0 2.901930105233194 2071.070929525495 301.9194159529673 2477.483282918414 481.6038086811377 1.7 1.6226 4.5676 12.370824960090733 -31.020319986357173 -6.7663 1.5002918376385186 0
CAR 0.0 0 -1.7541274493856136 1468.7708999947213 322.19383220623223 1530.8224462009316 399.75534058878657 1.5848 1.5393 4.034 46.8368573278143 15.171144958087599 -6.9916 -3.089572603797836 0
CAR 0.0 0 2.8744303380637013 1665.2041622227837 258.5555303534676 1970.5706585107616 415.9756672016869 1.7 1.9869 4.3341 17.077866417296978 -25.383831034348727 -6.6115 1.485498200037067 0
CAR 0.0 0 2.943860761562223 2360.0941618040365 263.8348817024734 2794.1235466937537 428.0846375489577 1.7 1.9419 4.3933 11.124227405992636 -37.92411680238636 -6.2196 1.5052191833647506 0
CAR 0.0 0 -1.7378490565416518 1574.8733296386733 320.22627794028415 1660.4088526786359 399.5908136890268 1.6092 1.9505 4.2191 48.9147646581936 11.655388732146228 -6.9696 -3.090318317252118 0
CAR 0.0 0 -1.710062298271171 1481.234011135824 290.76534609630943 1549.4303439936643 362.19736512647154 1.7 1.9624 4.4376 53.666635337623504 14.699997882576273 -6.8839 -3.0693585669112906 0
VAN 0.0 0 -0.2774134566495685 3626.291370463878 299.92689024279235 4686.329758168776 581.72693797563 2.5997 2.5313 6.0978 -0.41920368621991333 -59.06116725217108 -6.3639 -1.7443359766837814 0
CAR 0.0 0 4.960730336738554 2009.7136352412333 -922.2731439196584 2570.3342658137744 -581.627321051395 1.744 1.9602 4.853 -15.471539746283865 25.838567667835697 -8.0571 3.0777419130264443 0
CAR 0.0 0 -0.42930288942179673 2630.3935279068082 468.99441448094115 3342.022518813346 759.3205494242031 1.7 1.9858 4.2822 4.448609926938236 -30.37944727379515 -7.0263 -1.799148459894675 0
