CAR 0.0 0 2.074837951323966 431.681354478104 150.65100684004219 551.3916103400354 251.98041574611514 1.7 1.937 4.0135 37.380959733919354 -5.776949924094533 -6.2264 0.887813136800822 0
CAR 0.0 0 -0.9391436032084519 883.977371802299 677.3457989885865 1149.7876100936478 925.9197211661366 1.4656 1.3758 3.7786 12.18948807430209 11.545455720872079 -7.4477 -1.8465701910156123 0
VAN 0.0 0 -0.9252697238402942 451.3257891874187 410.40801744130835 822.8317651843693 675.1870517742608 3.0074 3.0141 6.0193 14.44650351729414 22.102347944950218 -6.7457 -1.8040050303749324 0
CAR 0.0 0 2.7331678199415306 1531.080040648809 458.0048392484603 1726.2708400386205 618.1097258786874 1.5329 1.947 4.1625 25.051763047837476 7.632707877649553 -6.1782 1.4784007069046419 0
CAR 0.0 0 2.920486002099879 1405.4996819751602 277.05378513813895 1634.874490881436 438.8381774423147 1.7 1.9624 4.2616 24.51799095739916 -26.960006448120573 -6.4566 1.5798550217274272 0
MOTORCYCLE 0.0 0 2.880745903483273 1525.0873991063427 344.682702669871 1649.8546545594759 479.92963189722616 1.7 0.8106 1.621 21.174512948090047 -26.571455009873258 -6.3809 1.5635222017560881 0
CAR 0.0 0 3.0227895708276735 1778.166900482167 306.3027183896434 2111.70002438283 497.6444681935423 1.752 1.7066 4.5021 21.489068373367786 -32.907175140385725 -6.3051 1.6546732152024497 0
CAR 0.0 0 3.037556164898099 1723.331305166914 281.1371962790648 2017.0993703105557 440.62193848811654 1.6356 1.9585 4.5139 24.367959729343394 -33.879449509503935 -6.5383 1.6564487319189027 0
CAR 0.0 0 1.784651923659134 1264.1821390402279 -329.4446114601707 1348.7648531380717 -267.63885184651855 1.7479 2.1574 4.4141 -67.4879 8.6671 -7.1261 -0.010319424834180245 0
CAR 0.0 0 3.0138000330999812 2113.7479705719365 307.12549956870924 2503.9872658344 476.9323952548504 1.5888 1.9932 4.2218 21.59498080654211 -39.910717641071635 -6.2836 1.6104035849024376 0
PEDESTRIAN 0.0 0 3.2415206867180144 1704.4425351069233 397.20553919878904 1750.038694391203 473.94122482813543 1.651 0.5088 0.9606 36.98529315070533 8.276610329909378 -6.6051 1.9174778364964447 0
CAR 0.0 0 -1.349365239241325 49.445908460204485 329.29156143855437 229.00024803783674 402.5945231380325 1.4933 1.9845 4.3346 15.507526500316144 49.99074047276876 -7.4122 -1.7143042624112637 0
