CAR 0.0 0 2.7325286296710756 1336.7033005593094 202.13481295516596 1535.1274837236954 315.5282133739918 1.5683 1.9824 4.1753 24.84004883618645 -22.728034563495413 -6.7242 1.33882426606999 0
VAN 0.0 0 4.357969085601011 1702.8223227589285 328.50627132713447 1846.9795863319869 447.37154001941116 1.9963 2.2756 5.9988 45.190624760267035 7.915904893441 -6.704 3.0012018670575786 0
CAR 0.0 0 2.702985382039788 1388.8493280332484 207.3486987128441 1646.4000282296952 348.0071612110767 1.6094 1.8776 4.9449 21.34403674013811 -21.694058830317097 -6.2139 1.3114097922132018 0
PEDESTRIAN 0.0 0 2.72702310373345 638.6225182901221 127.07030827940575 675.4536880333762 194.23842009878462 1.7016 0.7772 0.6957 39.75972280306093 -7.0789287886367545 -6.3348 1.3955368288674803 0
CAR 0.0 0 -1.5446183411273808 248.38786766182218 421.7115158389955 457.32070536397435 542.1461521588842 1.5083 1.8983 4.1522 23.912849437978657 39.964868908192194 -8.1788 -2.18213576590055 0
CAR 0.0 0 4.857413383357262 3003.3744126152524 -1731.3409849237028 4361.682280080193 -889.3006103350219 1.5569 1.7367 3.4921 -5.201855352511727 21.194722382492085 -6.9154 2.957290367741846 0
VAN 0.0 0 1.270506602441687 377.74632712933527 63.20195930704479 450.6880039963186 139.24230627408187 2.001 2.2034 6.0581 58.893507156496156 -0.8222714714585608 -6.8553 -0.06338274536302377 0
CAR 0.0 0 -1.290163024125143 405.91987523761105 424.5739051467722 598.6213019889371 544.3413273004724 1.4958 1.977 4.1388 25.350098441985217 36.833600404985866 -8.1989 -2.09854158769705 0
TRAILER 0.0 0 4.392023859044738 1708.0963709577188 206.03306934336806 1867.890581706272 332.74971686282163 3.4934 3.115 10.3352 63.2649 5.0191 -5.0918 2.9686603356601298 0
CAR 0.0 0 -1.6596957688459435 140.676272246216 381.5900942120412 334.83433274707136 481.50830694854477 1.508 2.0028 4.001 26.0277 46.1866 -8.2196 -2.1681369818205787 0
TRUCK 0.0 0 4.391394218646928 1725.171275854398 254.6068781007159 1821.5750336537085 337.22110826493576 2.4532 2.2469 1.9737 57.1937 6.1447 -5.6178 2.985525566570448 0
CAR 0.0 0 4.403672451054664 1448.9857970659361 322.1163465088775 1526.7472924442652 406.01183877778146 1.7 1.989 4.2817 46.87456623620097 15.501207031187917 -7.1172 3.07177948351002 0
