VAN 0.0 0 -0.06107197363052608 1151.195235779667 202.28058496568852 1272.7974105844783 276.75627720329675 3.0887 3.0353 7.0662 63.57144135210849 37.924152736967095 -5.5641 -1.438074103094086 0
CAR 0.0 0 -1.708637974551659 1779.2601889366424 330.8825303006216 1897.4801035953428 424.55845822096745 1.661 1.8473 4.112 42.402485029856074 6.7729715433516 -5.6812 -3.078007174963612 0
CAR 0.0 0 2.960102064730954 1345.7571907278852 192.05493124912627 1508.6027024390658 306.67075553109555 1.7 1.937 4.0135 31.883806815092775 -28.355396434190183 -6.2264 1.5613408777075723 0
CAR 0.0 0 -1.2043893575507363 204.89567830873537 429.1182736389587 439.656522003229 559.1961429064501 1.7 1.9714 4.0628 12.642321524409729 31.38789775128479 -7.4038 -1.7860664048787567 0
CAR 0.0 0 -1.0171134388059309 392.4872696526029 439.26554341763153 584.8710576846454 550.3626545444736 1.4656 1.3758 3.7786 15.124853787463346 28.747174930307967 -7.4477 -1.7992607011529442 0
VAN 0.0 0 -1.02963299615862 228.57488622997028 324.4618896615574 521.7116216635777 493.8973019541869 3.0074 3.0141 6.0193 16.452853105037207 36.01730203365267 -6.7457 -1.7806193478024308 0
CAR 0.0 0 2.953718280592598 1404.3617932156576 228.80787071211944 1601.4525054308083 356.38715514555975 1.5329 1.947 4.1625 27.92731844934023 -28.259084253484158 -6.1782 1.5742731399333625 0
CAR 0.0 0 -1.3665014113690876 100.34805696069778 398.6416549334345 313.31632757288935 500.07092689991015 1.5121 1.9339 4.1099 12.838944378576576 38.11773552852537 -7.6011 -1.800105966354912 0
TRUCK 0.0 0 -1.6222532087880839 1755.5448491197355 270.4402182965447 1896.6760370456234 390.7618577280482 3.3377 3.0755 3.0748 54.41102376780992 8.659051187180378 -5.9795 -3.0152364718177616 0
PEDESTRIAN 0.0 0 2.983941998671007 628.4401246052332 127.05140004996534 670.5347346390338 201.51816916133728 1.8579 0.9295 0.9471 41.54938232190249 -9.292311225693775 -6.0836 1.6602932387710603 0
TRAILER 0.0 0 -1.5844270991798999 1751.0048469721644 195.4485250505543 1919.7157096411204 341.1105488653105 4.1862 3.2286 10.2919 60.366211811264975 9.390509171548102 -4.2942 -3.0134491712793317 0
VAN 0.0 0 1.4757352562185435 353.05184760597706 60.00966806939605 448.0193813078182 134.2872041737005 2.1382 2.0815 4.5477 58.90059868907088 2.281101209739068 -6.523 0.13962634015954645 0
VAN 0.0 0 0.05609167730586262 1307.4203900179718 537.7240731080446 1739.5027000798837 954.8259255988813 1.9675 1.9559 4.604 12.75262289873551 -20.909837618240868 -6.6285 -1.0582439989568886 0
CAR 0.0 0 -1.6286248496077917 1473.1370321844652 319.6016214022585 1601.2564256437158 407.76077470047915 1.7 2.0565 4.1699 40.16357252353042 13.937348521008442 -5.9339 -2.968387897526797 0
CAR 0.0 0 -1.4328647876091491 72.90903159355139 339.23393735715166 247.1163272204506 415.55938378312294 1.5206 1.9327 4.0484 15.312099999999997 47.812 -7.4583 -1.835460922297258 0
VAN 0.0 0 -1.620468988360132 1654.8155622304914 266.30173526533923 1771.0887890151605 346.4667564181143 2.0176 2.2899 5.6298 54.65598288054334 12.25814821214542 -5.5529 -3.0154226207889554 0
