CAR 0.0 0 2.686416475785938 1341.1359741907577 199.9917950456908 1538.3314242762958 312.13832558587376 1.5683 1.9824 4.1753 25.037547017211256 -23.012951690651533 -6.7242 1.2904051040461615 0
VAN 0.0 0 -2.4510586999145723 -258.75177793559794 374.0271351443243 158.11489850326552 761.3287509169244 1.9963 2.2756 5.9988 18.077719834325357 4.9228110107950105 -6.704 -2.416227903033952 0
CAR 0.0 0 2.646870979360086 1379.8119775321256 208.03077718013824 1636.7932925546347 349.312309328577 1.6094 1.8776 4.9449 21.3391070752071 -21.4358278559782 -6.2139 1.2570095736052027 0
PEDESTRIAN 0.0 0 2.898128260677377 632.7820542581571 127.40943867243818 669.7786642586865 194.7222311989692 1.7016 0.7772 0.6957 39.73328122091834 -6.907880790396799 -6.3348 1.5692703461305249 0
CAR 0.0 0 -1.2994171718250795 220.90218345783185 422.203004394088 433.54311163976337 543.1549339733741 1.5083 1.8983 4.1522 23.607888479826368 40.43434464297509 -8.1788 -1.9008039597235955 0
CAR 0.0 0 -1.1063108908462405 392.12170460243027 425.34149166193924 586.9192098886565 545.6389721532562 1.4958 1.977 4.1388 25.153915955715966 37.03907309998937 -8.1989 -1.900855273565694 0
TRAILER 0.0 0 4.366715636105221 1643.3570607759038 257.86635784475436 1897.0384509394532 494.1769739388528 3.4934 3.115 10.3352 38.716166994394776 9.721267748682592 -5.0918 3.000161899578589 0
CAR 0.0 0 -1.4559605577424168 116.2581872903363 382.2680850231887 313.4832167795726 482.7177636849464 1.508 2.0028 4.001 25.69199617127581 46.61627773683901 -8.2196 -1.921975704819857 0
TRUCK 0.0 0 4.345941924972292 1671.3469217436984 347.09875126361504 1829.046830086542 491.9641136721939 2.4532 2.2469 1.9737 34.21728626953431 10.31066339984996 -5.6178 3.0094409993631417 0
MOTORCYCLE 0.0 0 2.6061063784495166 1533.7643310780848 334.3524252252648 1689.6794759548263 471.5957044569176 1.6332 0.8894 1.834 15.211007669284001 -18.225440050194496 -6.5953 1.2795230550680976 0
CAR 0.0 0 2.6297906651695344 1394.218829353696 227.72505056917674 1658.4311729206145 383.71511768290986 1.654 1.8689 4.1757 18.577490064280262 -19.223807313693474 -5.8865 1.2547721101000144 0
TRAILER 0.0 0 -2.8756575135695024 -494.90521026526227 316.48673721385086 -33.62827661507413 645.8267525277284 2.3003 2.4332 5.4943 21.845293391028164 8.204334760698487 -6.725 -2.409728638865664 0
