MOTORCYCLE 0.0 0 2.8651946604878464 1510.2733286575071 336.2022123660713 1664.8288903432895 474.3992453584357 1.6332 0.8894 1.834 15.254776552807948 -17.743326187502266 -6.5953 1.5435531208983042 0
CAR 0.0 0 2.9260982149888974 1363.9899012946464 227.64195810809554 1623.9510359363921 384.02872157624785 1.654 1.8689 4.1757 18.7587714578016 -18.621551292655305 -5.8865 1.55528535101477 0
CAR 0.0 0 1.373779180817855 1824.9025342361103 197.62759421992106 1876.8824392158192 231.33262230513895 1.8284 1.8307 4.868 115.0313277772437 -8.153310123470963 -6.1655 -0.08181825378715425 0
CAR 0.0 0 2.8491618433669075 1754.0477942962807 301.63876695554904 2120.684035922258 490.46624556723333 1.7 1.7312 4.5344 14.018275358676956 -24.232062201271216 -6.639 1.4782455116673214 0
CAR 0.0 0 2.9019265691183604 2071.0424389218597 301.9216969592753 2477.453358973865 481.60818216627416 1.7 1.6226 4.5676 12.370895926568835 -31.019544511754013 -6.7663 1.5002918376385186 0
CAR 0.0 0 -1.7542997398907059 1468.6973865046975 322.4091488223931 1530.8144268642238 400.0731295247349 1.5848 1.5393 4.034 46.78803168341319 15.172188489170233 -6.9916 -3.089572603797836 0
CAR 0.0 0 2.892341736826852 1666.4132851936965 258.0550869022166 1971.4082014115124 415.1147469028167 1.7 1.9869 4.3341 17.10382973514729 -25.4476713232479 -6.6115 1.5029514925570104 0
CAR 0.0 0 2.943783648965729 2359.008843737728 263.8675109449718 2792.9517061401434 428.15823314759405 1.7 1.9419 4.3933 11.12975745858938 -37.8964021856908 -6.2196 1.5052191833647506 0
CAR 0.0 0 -1.7204477644844918 1572.3634098749772 319.7956836773303 1657.4290321589883 398.97398904070576 1.6092 1.9505 4.2191 48.96807987751193 11.732729269187791 -6.9696 -3.0728650247321747 0
CAR 0.0 0 -1.7100737160632618 1481.182659314761 290.7713254610214 1549.3804692327835 362.20688589795185 1.7 1.9624 4.4376 53.66380464422398 14.701674885681163 -6.8839 -3.0693585669112906 0
CAR 0.0 0 -0.22834949194909404 3787.4578932561676 348.2595419991661 4449.461807261436 523.7295323758735 1.7 1.9858 4.2822 -0.6178700554778538 -64.57810027805121 -7.0263 -1.6944760375988668 0
CAR 0.0 0 -0.2896537847950762 3063.3007412731254 412.713130010658 3847.1130911984133 673.7098090069634 1.7 2.2097 4.6079 2.756806461264851 -40.02295402560858 -6.7839 -1.706218546549472 0
