VAN 0.0 0 -0.10101551334123138 1149.5627487260745 202.4576997457396 1271.4888182259053 277.12601575709687 3.0887 3.0353 7.0662 63.37393977422156 37.90070383369384 -5.5641 -1.477576390199944 0
CAR 0.0 0 -1.680399854140104 1777.8452193713574 330.1856838885354 1895.725784826784 423.4579122340819 1.661 1.8473 4.112 42.52324585304249 6.825320943664645 -5.6812 -3.0500607807103046 0
CAR 0.0 0 3.0081587953646447 1349.66700409854 191.90681859550963 1512.929271655064 306.4078646775224 1.7 1.937 4.0135 31.902214868943226 -28.464963122465186 -6.2264 1.6087736008161464 0
CAR 0.0 0 -1.27998550261007 209.1717273159934 429.2430049372401 443.6435156082741 559.3642704418795 1.7 1.9714 4.0628 12.69817437281568 31.310830326813655 -7.4038 -1.8673876289855698 0
CAR 0.0 0 -1.0825890239174831 380.7277699985268 442.17523577808805 575.8084549254665 554.7081355848466 1.4656 1.3758 3.7786 14.816197208083867 28.66076271949058 -7.4477 -1.8503676822190267 0
VAN 0.0 0 -1.097065565759363 236.95195514066512 324.1111757439865 528.6419981956717 493.0877286732977 3.0074 3.0141 6.0193 16.621571199405032 35.93973304656226 -6.7457 -1.8587980939027253 0
CAR 0.0 0 2.9713261784259704 1400.981800817989 230.13137351451783 1598.483397230442 358.48687403231963 1.5329 1.947 4.1625 27.798706355127603 -28.12606849836832 -6.1782 1.5933728930092512 0
CAR 0.0 0 -1.96778756991712 1065.9935676327852 744.1587542459099 1459.7821997659653 1158.2426693800703 1.5654 1.9196 4.1235 10.441111122982928 7.193750958418615 -6.5847 -2.903075211727386 0
CAR 0.0 0 -1.8628313011522566 1085.5923238714352 497.8282895838613 1355.2302949756918 720.8467731848226 1.7 1.8085 4.5388 16.58129291399686 11.15614194760292 -5.9788 -2.975999009515511 0
CAR 0.0 0 -1.3965313195198812 117.92328413070243 396.2029966275799 327.79229289677966 496.35942501036504 1.5121 1.9339 4.1099 13.2420411981089 38.15182005169651 -7.6011 -1.8619935011827247 0
CAR 0.0 0 -1.7817732370912636 1330.2384380662652 543.2152693879789 1594.7758940761084 773.6392114823998 1.5404 1.9796 4.1381 17.646999254315478 7.93826334478048 -6.1749 -2.934870961310483 0
CAR 0.0 0 -1.6850751880543744 1427.018088442789 357.576000322067 1565.2534242505924 449.6747606116839 1.4297 1.9111 4.1493 34.71198778914856 13.246351540760207 -6.1459 -2.9937915057097126 0
EMERGENCY_VEHICLE 0.0 0 -1.6680832431627133 1513.675221036731 351.27483785089726 1718.9484411658523 500.68694039119674 2.0202 2.5494 5.842 32.49046380238259 9.800348581461098 -5.7294 -2.9845540713143457 0
CAR 0.0 0 1.4287107823948793 368.3999353774953 55.72897625509455 446.74373955446725 106.53425521662228 1.534 1.968 4.0552 64.21688784709607 3.4326971303412077 -6.5733 0.052635115632315134 0
CAR 0.0 0 1.2500178843740684 316.71623855232144 92.97895861792995 418.55750153747766 163.6046563959815 1.7 1.9759 4.002 51.48256112842328 1.4453390657781586 -6.5901 0.011400376679483456 0
VAN 0.0 0 -1.5932898734345944 1633.5146703348819 237.2728605731115 1788.2359721935943 357.36964751418736 3.123 2.9994 5.9995 51.94877731145167 11.912632598363746 -4.9167 -2.9941287684930233 0
TRUCK 0.0 0 -1.633118425567686 1779.4105396750683 254.99433895428749 1905.5771471310059 361.048339903344 3.3377 3.0755 3.0748 61.601865519108976 9.081397580140317 -5.9795 -3.0392911438351318 0
PEDESTRIAN 0.0 0 3.010327595870155 619.2890180462373 127.47679513825314 661.9218381681293 202.13501645161256 1.8579 0.9295 0.9471 41.46410032566901 -9.049365561339187 -6.0836 1.6907205764568618 0
TRAILER 0.0 0 -1.5285463453628794 180.73245477734625 -46.02333325121083 360.4789162264467 78.24352663797636 4.1862 3.2286 10.2919 68.21705644391494 9.712652315704402 -4.2942 -3.054659578089866 0
CAR 0.0 0 -1.6222217659651708 1561.7996717394126 295.02648209982704 1655.713531921851 355.9630609782819 1.5588 1.9734 4.1783 54.22827795707569 15.543856830481918 -6.5613 -2.994059404777344 0
