VAN 0.0 0 -0.016680747751827818 1146.553941544324 202.2652854016532 1268.3775748015735 276.78833238209506 3.0887 3.0353 7.0662 63.377130484382185 38.08676181462291 -5.5641 -1.3929679825469414 0
TRAILER 0.0 0 3.0961103325278385 1853.6799291334414 143.57622134801395 2660.846788900455 479.20256911979243 3.3784 3.4486 11.6024 25.401703942022884 -40.95010913910476 -5.4833 1.6575297392573518 0
VAN 0.0 0 -1.6997429042212506 1592.9836568016324 302.9500193216778 1738.90398611993 424.5797838398553 2.5061 2.2666 5.3185 42.999125621006634 11.125878960092562 -5.9066 -3.0575834777366406 0
TRUCK 0.0 0 3.079549699154644 1717.1191890488853 167.8624366068735 2148.972327905548 421.3336416450993 3.5225 3.6418 4.7722 25.025081208818065 -35.04315143496443 -5.4368 1.6574552326525247 0
CAR 0.0 0 -1.6969849805804893 1534.4281898503725 310.37337084294825 1642.0702266624344 385.78748361682096 1.7 1.9666 4.1398 47.07854394447391 14.348743944473906 -6.3811 -3.0529654951011866 0
BUS 0.0 0 -0.7758281379106993 327.8200090119882 288.97099984528927 742.5177658591531 498.07757875048975 3.5244 2.84 10.3328 19.670253130480972 32.84559813363319 -6.2138 -1.727750514297035 0
CAR 0.0 0 2.946370413431609 1553.3286296146707 317.2952239343696 1848.7880035724545 513.3951711764887 1.7885 1.936 4.1812 21.044051933155632 -28.248143235605355 -6.3142 1.613923014294209 0
VAN 0.0 0 3.061651902687407 2174.572066552855 215.29446013739886 2848.168807579353 501.76356950432233 3.0142 2.9998 6.4302 21.56416548391437 -42.79036589679558 -5.5653 1.6301165965656204 0
CAR 0.0 0 3.146072839687045 2539.6968230368843 278.1622573522252 2992.002786848306 442.6545454993382 1.7728 1.9945 4.2516 22.490383408087034 -50.38247348184467 -6.13 1.7040956439614174 0
CAR 0.0 0 2.952718669289255 1449.901507435217 274.5497311112307 1662.2191649732545 436.0462484959547 1.7553 1.5689 4.1046 24.48019692935262 -27.654175820148925 -6.4088 1.6052376305312825 0
BICYCLE 0.0 0 -1.5956778296960532 808.2646311084212 172.1551089223674 833.3533544856483 237.91997598833788 1.4549 0.6025 0.8913 36.7522 -14.1642 -6.2465 -2.9220305006185083 0
CAR 0.0 0 3.0507214738136064 1886.4781289789653 302.6814919514275 2231.0392508807663 480.0970352961751 1.6332 1.7321 4.4876 21.971628117441668 -35.480242388227744 -6.3283 1.6668272518319063 0
MOTORCYCLE 0.0 0 -1.746088819305295 1514.5697220410366 342.58235845018214 1566.3271561677018 411.76846965190515 1.7 0.7138 1.6517 41.1845 14.0867 -6.5238 -3.077139203314816 0
MOTORCYCLE 0.0 0 3.0867025726994006 1571.5809533905897 234.59849152698112 1650.3348852552053 319.57654864476643 1.52 0.5676 1.6613 30.6376 -32.4665 -6.6281 1.685891769256303 0
