CAR 0.0 0 2.6863779537183943 1340.9509114099635 200.0099815496854 1538.141969112744 312.1687642803926 1.5683 1.9824 4.1753 25.03690315074089 -23.006730443482866 -6.7242 1.2904051040461615 0
CAR 0.0 0 2.6468641087103792 1379.803220587864 208.0379273285898 1636.7906982647453 349.3247338736878 1.6094 1.8776 4.9449 21.338502956237715 -21.43510354439659 -6.2139 1.2570095736052027 0
CAR 0.0 0 -1.2996394256183539 220.75985302181311 422.24560951594697 433.44412520102014 543.2210712951152 1.5083 1.8983 4.1522 23.60352137031693 40.43340460007123 -8.1788 -1.9008039597235955 0
CAR 0.0 0 -1.1064252663927538 392.03942810372234 425.37719575668353 586.8667028009772 545.6940243322991 1.4958 1.977 4.1388 25.150417121438615 37.03800522561064 -8.1989 -1.900855273565694 0
TRAILER 0.0 0 -1.2210354771110088 465.54709840205527 226.91490909524944 1114.257535600944 1140.129430908416 3.4934 3.115 10.3352 11.866775109555668 -2.558194130774763 -5.0918 -2.0962701269035664 0
CAR 0.0 0 -1.4563115516175729 116.05855753826081 382.2683047940199 313.3054198407482 482.7198497508135 1.508 2.0028 4.001 25.689711181527503 46.62037992606239 -8.2196 -1.921975704819857 0
MOTORCYCLE 0.0 0 2.606082744422647 1533.6394210052508 334.3588562814225 1689.5460257193133 471.60584907266434 1.6332 0.8894 1.834 15.2113980894906 -18.223011882166094 -6.5953 1.2795230550680976 0
CAR 0.0 0 2.6297930664932183 1394.2512092772965 227.7276951518306 1658.470626554054 383.7191897952868 1.654 1.8689 4.1757 18.577101899472535 -19.224297600795307 -5.8865 1.2547721101000144 0
CAR 0.0 0 -0.2975340246558016 2974.0773542034854 382.6247081629129 3756.2745689629373 649.5923018104395 1.879 2.4204 4.7456 3.4877628301016137 -39.708620763178246 -6.6157 -1.718096202236218 0
CAR 0.0 0 2.722575011017471 1867.0141511745358 170.67609023751714 2147.005848357071 291.6606367393197 1.8284 1.8307 4.868 21.079620686445306 -37.31078850919167 -6.1655 1.2652991384422807 0
PEDESTRIAN 0.0 0 2.8283713912894815 523.8060148482662 134.93265597553503 560.766556534645 215.3505292356495 2.0064 0.6591 0.733 39.731624045169596 -3.8196412239939055 -6.5861 1.5692703461305249 0
TRAILER 0.0 0 -0.30712070524501756 2740.493475269956 376.49954276379447 3658.2646284923603 716.2138543255866 2.3003 2.4332 5.4943 4.160267177358933 -34.97944587818809 -6.5644 -1.7115969380679334 0
