CAR 0.0 0 2.7045374787365146 1327.072480957493 200.51270429681682 1523.2542119448478 313.11133767556714 1.5683 1.9824 4.1753 25.081107657858446 -22.611092084351835 -6.7242 1.310780564343317 0
VAN 0.0 0 4.311745269995028 1704.8677902601396 328.84478524983126 1849.6462055341085 447.9375623876041 1.9963 2.2756 5.9988 45.15338710721498 7.86289055847536 -6.704 2.9549434400728405 0
CAR 0.0 0 2.6985516949548036 1378.845955129977 207.9840839626949 1635.6420292620255 349.24621496744544 1.6094 1.8776 4.9449 21.34962967863232 -21.41706382763728 -6.2139 1.3087788871307455 0
PEDESTRIAN 0.0 0 3.1243068827096425 635.6206761523298 127.09193724554343 672.5121741665773 194.28926852182747 1.7016 0.7772 0.6957 39.774781484341766 -6.995694861620222 -6.3348 1.7939184524963823 0
CAR 0.0 0 -1.1013560088554506 197.230729756153 429.7204712233594 417.39854507649073 554.8457429015247 1.5083 1.8983 4.1522 22.8689 40.2448 -8.1788 -1.665276828536639 0
CAR 0.0 0 1.3189794722840102 419.58993764935497 27.04872434939581 466.6819988084401 69.21321952733659 1.7 1.9602 4.1068 81.24679478865336 -2.8661684592936787 -7.0007 -0.14463527124728018 0
VAN 0.0 0 1.6645323299302273 -303416.61934066564 -5093.206034855633 11202.428172119904 80577.32121593675 2.4175 2.2088 5.2336 3.837936849207877 19.248115053555864 -6.4546 2.9686575942845708 0
CAR 0.0 0 4.87083968342927 -61625.54631865288 -139437.36715108552 393399.71803678444 23670.622111510125 1.7 1.618 4.0482 3.9894350218585237 22.925304065066005 -7.0709 2.9789100807513336 0
CAR 0.0 0 3.802678294009544 851.3170843619099 670.9191119031688 1140.4469921888476 1036.3179032455819 1.7 1.8869 4.632 14.820476705634992 20.44075795028837 -7.4704 2.9300302160825575 0
CAR 0.0 0 4.211576100695508 1457.9433360783535 481.91267912750874 1580.6675595570932 637.0577421811565 1.5434 1.7657 3.6986 27.423468044853166 14.770308445986368 -7.228 2.9918583113847093 0
CAR 0.0 0 4.92085311045115 2038.239885449577 -1028.271382168037 2656.0235486527927 -634.7694168319515 1.6266 1.8999 4.4696 -13.400319403144067 22.93497315250817 -7.7168 3.0155654836300347 0
CAR 0.0 0 0.8826400643059722 268.93159007750484 152.54808671605883 364.61491815178294 250.6342406510133 1.7 1.9052 4.146 40.531574406387946 2.0537203237425263 -7.0868 -0.12958560023556062 0
CAR 0.0 0 4.31296899448938 1589.4562994223202 315.1407769841181 1664.3363975909385 385.3980918043892 1.5569 1.7367 3.4921 50.58339872153416 11.246389262884538 -6.9154 2.9537738035077123 0
