MOTORCYCLE 0.0 0 2.867357496373817 1518.6593321646346 334.9741107858347 1673.4741909702625 472.60457328657407 1.6332 0.8894 1.834 15.265256280380132 -17.939392732985787 -6.5953 1.5435531208983042 0
CAR 0.0 0 2.928235779035914 1373.9420302290664 226.74946769292293 1634.405044528869 382.33911765858716 1.654 1.8689 4.1757 18.76930701280488 -18.874661416484386 -5.8865 1.55528535101477 0
CAR 0.0 0 1.3754180434488206 405.1708292707366 42.47829770161895 465.00184577335926 105.06458761212772 1.8284 1.8307 4.868 61.452982415033475 -1.8350399157144457 -6.1655 -0.029458376227324383 0
CAR 0.0 0 2.8486077714105695 1743.8589354421777 300.6741720730787 2107.6909431284353 488.9268058531972 1.7 1.7312 4.5344 14.129436170995744 -24.098407739800475 -6.639 1.4782455116673214 0
CAR 0.0 0 2.901945023107756 2071.191131616336 301.9097923735645 2477.609531261362 481.5853570481214 1.7 1.6226 4.5676 12.370525539112593 -31.023591860210978 -6.7663 1.5002918376385186 0
CAR 0.0 0 -4.1612931149791486 -102818.01996479533 -31060.639664901373 89958.89906544743 38930.861376620014 1.7 1.8129 4.0976 3.630249077383013 22.275899991508062 -8.412 -3.065817053993596 0
CAR 0.0 0 4.459257259946335 1469.2643290020585 322.27537251422194 1531.3506589080614 399.87050857335623 1.5848 1.5393 4.034 46.82730243922077 15.156424823815124 -6.9916 3.1237995333019772 0
CAR 0.0 0 -2.796275824269895 -643.0937588250257 692.6271661445708 -175.0495530194078 1090.0767614622494 1.2805 1.5163 4.0841 14.749178414801513 7.776182426801395 -8.3229 -2.386169126544069 0
CAR 0.0 0 1.7466570314757899 -129474.19001891633 -31396.489952636945 98251.14009323972 44792.443992555556 1.7 1.6536 4.0658 8.309700143511977 23.517573484336975 -8.2573 2.929847600212697 0
CAR 0.0 0 2.8912103322252616 1662.6694085426088 259.16398547342635 1968.346012820359 417.0379947371171 1.7 1.9869 4.3341 17.053234679643687 -25.283699729241544 -6.6115 1.5029514925570104 0
CAR 0.0 0 -0.26345960111682776 3762.0997437903134 343.01421941601114 4408.155716863575 514.3429861228365 1.6547 1.9661 4.2116 -0.3247701378413801 -63.845752859815036 -6.9014 -1.7305019282883631 0
CAR 0.0 0 2.9440078781162375 2351.945614415936 262.55459057283207 2782.923830065949 425.98061793838616 1.7 1.9419 4.3933 11.243684204833192 -37.894903190217974 -6.2196 1.5052191833647506 0
CAR 0.0 0 4.480562603163364 1580.0808627360511 314.07685322456985 1663.477338479539 390.3397367787439 1.6092 1.9505 4.2191 50.515041978639275 11.41479798016311 -6.9696 3.123053819847695 0
CAR 0.0 0 4.466841264069528 1475.401310443055 291.7888386519314 1543.9017312540377 363.79627315561237 1.7 1.9624 4.4376 53.24608141721642 14.88772487815529 -6.8839 3.109106985148636 0
VAN 0.0 0 -0.32294260755982895 2921.8043384180464 347.578518568019 4006.2250419690436 717.6877229695563 2.5997 2.5313 6.0978 3.014466295574554 -38.666668546952195 -6.3639 -1.7443359766837812 0
