VAN 0.0 0 -0.10101456324746394 1149.5734700325688 202.4584069108368 1271.499933073716 277.1272615133593 3.0887 3.0353 7.0662 63.373913171900355 37.900032436359695 -5.5641 -1.477576390199944 0
CAR 0.0 0 -1.680402199281125 1777.8433930471454 330.18907588473616 1895.7259992759255 423.46333211184015 1.661 1.8473 4.112 42.52247946845715 6.825240052519798 -5.6812 -3.0500607807103046 0
CAR 0.0 0 3.0081506955293236 1349.5939061589213 191.90524663778422 1512.8456360218347 306.40615207126814 1.7 1.937 4.0135 31.902405574069547 -28.463115054335542 -6.2264 1.6087736008161464 0
CAR 0.0 0 -1.2799775581644481 209.1775944637169 429.24299699386717 443.6488582045717 559.3642202758901 1.7 1.9714 4.0628 12.69825839645144 31.310743159909617 -7.4038 -1.8673876289855698 0
CAR 0.0 0 -1.0824867111116738 380.8060354940079 442.1493527149436 575.8649905860101 554.6695837063761 1.4656 1.3758 3.7786 14.818539991723267 28.661924670429233 -7.4477 -1.8503676822190267 0
VAN 0.0 0 -1.097049437038492 236.9642585987874 324.1101461167288 528.6515110445813 493.0855027651665 3.0074 3.0141 6.0193 16.621857995590208 35.93971094388322 -6.7457 -1.8587980939027253 0
CAR 0.0 0 2.9714084909852776 1401.4746602821954 230.1130226064962 1599.0384636830888 358.4535009111874 1.5329 1.947 4.1625 27.800374211113382 -28.138329389237015 -6.1782 1.5933728930092512 0
CAR 0.0 0 -1.3965949819354329 117.88623248750177 396.20188800603086 327.7573482540748 496.3579850237022 1.5121 1.9339 4.1099 13.241478566050759 38.152609255494596 -7.6011 -1.8619935011827247 0
CAR 0.0 0 -1.7408935500492575 1293.0569713466346 422.59254224480475 1477.780650962806 553.6509518276673 1.4297 1.9111 4.1493 25.01829365858387 12.15943431239216 -6.1459 -2.9754581682401766 0
EMERGENCY_VEHICLE 0.0 0 -1.7550585176128486 1375.9970319307843 434.83617693512923 1673.1415946385541 675.5272873250921 2.0202 2.5494 5.842 21.726099731948363 8.409775402254915 -5.7294 -2.9836440737196255 0
CAR 0.0 0 1.5892115351261134 404.4204562825107 25.81313791599515 466.689444757292 66.0279948673593 1.534 1.968 4.0552 78.8271360466611 5.820761996764174 -6.5733 0.12244828571208832 0
CAR 0.0 0 1.3951987155303907 373.05783669726026 51.73283260166052 450.42523062788854 105.6241774080589 1.7 1.9759 4.002 65.21558739721254 3.518511023592075 -6.5901 0.011400376679483456 0
VAN 0.0 0 -1.6492874327454345 1587.741640047257 256.9765524004518 1771.7348973623687 403.2176853598282 3.123 2.9994 5.9995 43.181779557069696 10.978201151592852 -4.9167 -3.02903535353291 0
TRUCK 0.0 0 -1.6064701827407564 1769.0365432195026 265.26198666165595 1905.1545141912165 380.68129537011635 3.3377 3.0755 3.0748 56.80956151388079 8.642739268812196 -5.9795 -3.0044297207708714 0
PEDESTRIAN 0.0 0 3.0103259267660274 619.2866777671636 127.4772806676593 661.9197015781407 202.13566823281084 1.8579 0.9295 0.9471 41.46401006387291 -9.049312143552603 -6.0836 1.6907205764568618 0
TRAILER 0.0 0 -1.5533167470221179 137.90896735439338 -41.692571654355866 337.68274544837124 92.85789973951174 4.1862 3.2286 10.2919 63.63079151557072 9.394426156301298 -4.2942 -3.037196553122415 0
CAR 0.0 0 -1.6763079998847086 1488.9195710200954 333.55792698409084 1606.596823475519 412.9980269649945 1.5588 1.9734 4.1783 42.47537659589134 14.231005476463382 -6.5613 -3.011512697297287 0
CAR 0.0 0 0.13268815202818265 -104.4448786753182 344.77806439776765 202.6433964601499 551.8263716906569 1.7237 2.0206 4.126 22.11730130945333 -2.3009445879251733 -6.818 -0.0016624063706126633 0
