MOTORCYCLE 0.0 0 2.867304150521665 1519.423757981551 335.2324434970308 1674.4116520465054 472.95859410988714 1.6332 0.8894 1.834 15.249212448121439 -17.94125481775718 -6.5953 1.5435531208983042 0
CAR 0.0 0 2.9281299936152907 1380.3161568899336 228.0161445935825 1642.9003330599562 384.42751768860546 1.654 1.8689 4.1757 18.635990191091775 -18.92668036562078 -5.8865 1.55528535101477 0
CAR 0.0 0 1.3645179205964666 1847.2387510255408 214.79510634039607 1911.5136012585845 256.3243126982968 1.8284 1.8307 4.868 96.67145044192901 -5.8900434092859655 -6.1655 -0.08181825378715425 0
CAR 0.0 0 2.8491805976505873 1748.5584980414112 300.6087333581785 2113.09040009125 488.73911635456244 1.7 1.7312 4.5344 14.104717217082555 -24.192891117743937 -6.639 1.4782455116673214 0
CAR 0.0 0 2.901927194641164 2071.04747872695 301.92129346385326 2477.4586523345492 481.6074085238939 1.7 1.6226 4.5676 12.370883373138719 -31.01968168731208 -6.7663 1.5002918376385186 0
CAR 0.0 0 -1.7369063192071181 1469.5135821843382 322.6518488536113 1531.721718222124 400.4224751029938 1.5848 1.5393 4.034 46.748505868785315 15.147338407156875 -6.9916 -3.0721193112778926 0
CAR 0.0 0 2.892343079587346 1666.3268031759956 258.038800578369 1971.293031437436 415.0885119608189 1.7 1.9869 4.3341 17.105484872229756 -25.447047924193683 -6.6115 1.5029514925570104 0
CAR 0.0 0 2.94396162517263 2360.8765016897323 263.7160248662718 2794.817662463277 427.86548998645003 1.7 1.9419 4.3933 11.125086777284789 -37.95530026928631 -6.2196 1.5052191833647506 0
CAR 0.0 0 -1.7377092003938885 1572.8753401457827 319.625834445171 1657.9235444112608 398.71368706119824 1.6092 1.9505 4.2191 49.0182772740598 11.714313581983 -6.9696 -3.090318317252118 0
CAR 0.0 0 -1.7099911276706885 1481.2991764089045 290.68267398684327 1549.4637268219426 362.0726282790063 1.7 1.9624 4.4376 53.69241408979183 14.698196863121906 -6.8839 -3.0693585669112906 0
CAR 0.0 0 -0.3702454747710793 3301.2514832267116 412.78338678732774 4029.0383431793066 643.8338978940643 1.7 1.9858 4.2822 1.707721426313217 -45.840346504080244 -7.0263 -1.799148459894675 0
CAR 0.0 0 -0.36836953202607847 2264.5163352157106 465.67406645983937 2987.251231041643 794.8649146887288 1.7 2.2097 4.6079 5.837814063409466 -24.300531273140365 -6.7839 -1.706218546549472 0
VAN 0.0 0 -0.252783822703069 4058.9578978925615 254.95450770496754 5034.784057506397 477.50053278779035 2.5997 2.5313 6.0978 -3.1388939772213043 -78.60202736009718 -6.2218 -1.7443359766837814 0
