CAR 0.0 0 2.704537488069447 1327.0726551074304 200.51272099927812 1523.254416706306 313.1113616839851 1.5683 1.9824 4.1753 25.08110463390001 -22.611095210107056 -6.7242 1.310780564343317 0
VAN 0.0 0 4.311745274644436 1704.8676355326688 328.8447491454999 1849.6459956533927 447.9375008867665 1.9963 2.2756 5.9988 45.15339219835714 7.862894286773325 -6.704 2.9549434400728405 0
CAR 0.0 0 2.6985520120518984 1378.8482031048998 207.9840544409276 1635.6445652816237 349.24613115813503 1.6094 1.8776 4.9449 21.349617959043727 -21.417117599794015 -6.2139 1.3087788871307455 0
PEDESTRIAN 0.0 0 3.1243094731654777 635.6260015002498 127.0915078105448 672.5173292975626 194.28867162082398 1.7016 0.7772 0.6957 39.774828249216114 -6.995854690149182 -6.3348 1.7939184524963823 0
CAR 0.0 0 -1.1013560088554506 197.230729756153 429.7204712233594 417.39854507649073 554.8457429015247 1.5083 1.8983 4.1522 22.8689 40.2448 -8.1788 -1.665276828536639 0
CAR 0.0 0 1.287140452232008 1837.3660645014324 240.78667792977075 1905.1636747767982 283.6823415672946 1.7 1.9602 4.1068 88.66725739300341 -3.951814464171888 -7.0007 -0.14463527124728018 0
VAN 0.0 0 4.903853484884177 3392.154011211082 -3618.643658378544 8490.511147781714 -885.3075974763452 2.4175 2.2088 5.2336 -2.0785549647017736 20.297501166254044 -6.4546 3.0035379651792 0
CAR 0.0 0 4.85122121622628 4056.10377295128 -2709.335075844876 7506.919756031451 -1062.7688542809162 1.7 1.618 4.0482 -1.4447635385300908 23.941193812517664 -7.0709 2.9789100807513336 0
CAR 0.0 0 1.7587149029333429 -153733.92696125235 -20115.517497739518 66041.37536949439 51613.71196110902 1.7 1.8869 4.632 8.231035480130085 21.766519555084024 -7.4704 2.965445368014858 0
CAR 0.0 0 4.083999076165011 1370.443072021297 559.277346976591 1518.8139513204949 767.0032475776918 1.5434 1.7657 3.6986 21.899779123318982 15.810148926932142 -7.228 2.9395063939238253 0
CAR 0.0 0 1.0634425769254983 330.8731972538558 109.42112797827458 406.436163433005 186.15344257208406 1.7 1.9052 4.146 49.24501260553915 0.8149293296108409 -7.0868 -0.12958560023556062 0
CAR 0.0 0 4.276753566832583 1564.7881686544263 337.2528575599541 1645.8012607149387 417.63721983851735 1.5569 1.7367 3.4921 45.17994551992337 12.2517087946095 -6.9154 2.9363311093643114 0
