CAR 0.0 0 4.486587526052469 1555.2855212027175 325.6543378805379 1645.0055756575566 411.76742429515434 1.7 2.0096 4.0382 46.50610052669956 12.33570075479087 -6.8888 3.141592653589793 0
VAN 0.0 0 -0.18880279330380478 1140.5661170564672 186.9142794714892 1227.9096129835682 262.22573827010973 3.1128 3.0226 6.773 73.00169713144626 31.296475353334927 -5.828 -1.5736332775196553 0
BUS 0.0 0 1.1998415129879765 364.3204558503852 33.4637338260403 520.7288867856422 198.17177671777296 3.8144 4.294 14.4415 56.032522790502185 -1.6105285441785373 -6.7673 -0.12772379534034992 0
TRAILER 0.0 0 4.418841740509657 -47330.43364216179 -11878.030856474608 93075.70048359169 6929.222498466813 4.1983 3.0119 9.4432 4.42272311199623 23.99009125589885 -5.5448 2.8304700535726472 0
BICYCLE 0.0 0 4.208796166822067 804.7071291272321 166.13115366644968 853.8903840324177 246.21115613587847 1.7142 0.8998 1.2689 33.48724340660117 -10.38485902305873 -6.5743 2.88090798914154 0
VAN 0.0 0 4.630524272426197 -51072.10461313983 -35293.98665086039 100395.57216866156 20400.20999785406 2.613 2.2684 5.5662 2.4884535957873406 20.16454699172903 -5.7562 2.7932635540844752 0
CAR 0.0 0 -1.4254587689095377 230.02380658874588 446.4553753344086 439.3602618548786 569.6327059038728 1.5269 1.9408 4.1155 23.77112169142571 40.498870277681625 -8.831 -2.013284002215193 0
CAR 0.0 0 2.460293660726471 414.9651394791785 265.73682471195036 574.776708293362 453.3552837202206 1.5496 1.899 4.5119 22.152768057900985 -1.2132563556910418 -6.1851 1.5152561618304126 0
CAR 0.0 0 2.765496806109521 1335.7361577992292 199.7429072732092 1532.1933432584276 311.81305481604306 1.5683 1.9824 4.1753 25.10263629974275 -22.894451655473066 -6.7242 1.3699820769311981 0
CAR 0.0 0 1.4318741927799485 -464.627159388347 393.17778448883223 -89.06669165820695 655.6947029459005 1.5716 1.9048 4.1778 20.4377321848905 8.115367610790349 -6.8777 1.8956217279490681 0
CAR 0.0 0 2.0320576721103727 225.67727246871652 379.81457187103456 433.49121436641707 627.8268479830291 1.5502 1.9671 4.1367 18.26788962876042 1.0850095728980207 -6.7148 1.4375130421716178 0
VAN 0.0 0 -1.7746915651691788 1697.304345541987 326.8514243724759 1839.226214530409 444.5289999915255 1.9963 2.2756 5.9988 45.454281780859624 8.04051341235933 -6.704 -3.131880613887544 0
CAR 0.0 0 3.2429236847142406 1206.129452351455 646.6225697945529 1437.793747967869 981.1865499805243 1.651 1.9856 4.1758 16.355416800634355 16.94830836833732 -6.9778 2.214732753033188 0
CAR 0.0 0 1.0551548288288919 282.213196594046 154.5491712059673 373.91148649547273 244.10301395141803 1.515 1.9112 4.1456 41.01935309121859 1.8003082519168438 -7.135 0.023297883782106288 0
