CAR 0.0 0 4.344903963675792 1562.111540992129 326.8836832902634 1653.1738708040402 413.55684770394356 1.7 2.0096 4.0382 46.36300028011382 12.133399916667168 -6.8888 2.9997781404841044 0
VAN 0.0 0 -0.19562035829446778 1115.2742828529936 185.05342910322025 1202.8345485271514 259.1558470709118 3.1128 3.0226 6.773 73.47820227638894 32.801307717775344 -5.828 -1.5785158727392246 0
TRUCK 0.0 0 2.6779779613927204 1355.4531148510823 182.77680031881178 1605.984553243445 412.3337967121819 3.4115 2.7462 2.4608 18.937732568059968 -18.50675522620711 -5.8128 1.3026835913968395 0
CAR 0.0 0 3.3855302303292056 1290.618115931376 615.321552377435 1499.059494175244 921.8187174925442 1.5441 1.9368 4.2225 17.27656992423657 16.228012416028026 -6.7047 2.3100020484000123 0
BUS 0.0 0 -1.14740075713208 398.2596383364549 278.4513225776849 889.6305153472111 580.7699921649631 3.8144 4.294 14.4415 29.089535974611756 34.116978091285915 -6.7673 -2.162398176917552 0
CAR 0.0 0 1.2971265362809272 -261.78611432082965 418.5825918356461 117.5652719276667 759.54236231777 1.7 1.9879 4.7683 17.181653380587672 5.033356884176538 -6.6494 1.3797729182380674 0
CAR 0.0 0 2.4577931187213045 940.7498112696275 354.6565024741898 1180.3414318185587 556.4933174098765 1.458 1.9719 4.1782 17.181804962786728 -8.960176739438307 -6.9509 1.2908234282716162 0
VAN 0.0 0 2.6609857213537342 1724.2520130297075 276.66135298824213 2196.3243554934843 514.3735186659218 2.0943 2.4031 5.4998 13.68608925253398 -23.953037189430184 -6.4152 1.2863865962287473 0
TRAILER 0.0 0 2.7135325523661855 1513.4260884095918 122.80932935980046 2174.246303887623 489.7396800728734 4.1983 3.0119 9.4432 17.097803431974512 -24.247829449625304 -5.5448 1.2985659815576802 0
BICYCLE 0.0 0 4.006363561043775 802.5681327569679 166.39179759257598 851.8197017430738 246.5736535931381 1.7142 0.8998 1.2689 33.4645 -10.3208 -6.5743 2.679422543851173 0
MOTORCYCLE 0.0 0 2.545643448343514 467.47170824233143 127.46122995519077 521.4085517256857 197.7189288900429 1.6462 1.1594 1.9268 43.103522055419035 -2.7493617419581398 -6.7353 1.2913770127670434 0
CAR 0.0 0 4.402159924563775 1717.9263679350483 345.97014843922324 1833.9762434275576 435.10398291455834 1.5535 1.9759 4.0961 45.45578835063112 7.742048106862416 -6.8684 3.047210286189498 0
OTHER 0.0 0 2.7363690007147548 2303.697749186542 274.5019778174462 2752.9638941837575 449.6464645498347 1.7 1.956 4.407 10.848630121188586 -35.25307064680047 -6.175 1.306380539787373 0
