VAN 0.0 0 -0.016680579121829853 1146.556239117457 202.26547142538024 1268.3800034424032 276.7886669803044 3.0887 3.0353 7.0662 63.377100405411056 38.08660215196872 -5.5641 -1.3929679825469414 0
TRAILER 0.0 0 3.0633585993923638 1538.7092772714498 145.61904386003738 2205.309483587337 500.96714869291753 3.3784 3.4486 11.6024 24.94928728817733 -32.64852518492096 -5.4833 1.6575297392573527 0
VAN 0.0 0 -1.6999438395958113 1590.0202016078888 302.7266945103235 1735.9175878322594 424.1988847695638 2.5061 2.2666 5.3185 42.98847840253562 11.2038516573339 -5.9066 -3.0575834777366406 0
TRUCK 0.0 0 3.0353682902324346 1351.0641821504948 170.86191078454792 1709.7005745640465 437.0351758409244 3.5225 3.6418 4.7722 24.622149113585156 -26.763330293261248 -5.4368 1.6574552326525247 0
CAR 0.0 0 -1.6969850422606716 1534.429128550645 310.37363203117775 1642.0712795129311 385.78787121402314 1.7 1.9666 4.1398 47.07850058441649 14.348700584416486 -6.3811 -3.0529654951011866 0
BUS 0.0 0 -0.7294191318220954 400.26463600818323 310.1900074646731 844.4951896132462 554.1001783636973 3.5244 2.84 10.3328 18.777557229736193 27.786591921181635 -6.2138 -1.7103738220394455 0
CAR 0.0 0 2.270850237320419 -30.077691482374895 412.2590440081755 325.24981502660125 699.9949271173704 1.7885 1.936 4.1812 17.207571234956674 -6.020374529417563 -6.3142 1.98048023883539 0
VAN 0.0 0 2.9546219411509593 1775.00543466085 221.21197143365757 2343.7326452495595 526.7504578825234 3.0142 2.9998 6.4302 21.116623086518114 -33.863402912700934 -5.5653 1.5603140248623895 0
CAR 0.0 0 3.1367219599282525 2401.489606755731 282.00950434555995 2836.4547773835316 450.68373040240067 1.7728 1.9945 4.2516 22.273343171205916 -46.928442226195294 -6.13 1.7040956439614177 0
CAR 0.0 0 3.3930545192074613 1605.4610260139918 620.8886053391144 1854.0210154921897 916.2908843319046 1.7553 1.5689 4.1046 17.104097608191136 4.456799706568244 -6.4088 2.2342920685285934 0
BICYCLE 0.0 0 -1.5989848478112576 811.7667585709501 175.75618221767814 837.0015261168819 241.91047381466 1.455 0.6025 0.8913 36.4988944415882 -14.253099630749414 -6.2896 -2.9220305006185083 0
CAR 0.0 0 2.892429492878837 1050.1567732923234 331.03000866356876 1233.265529047786 538.5640004333943 1.6332 1.7321 4.4876 20.683308604627047 -18.850979856962553 -6.3283 1.6842805443518494 0
CAR 0.0 0 -1.6725763436761698 1771.6043052646835 327.3278046579638 1888.109808698111 418.95536864090815 1.661 1.8473 4.112 43.01756824757622 7.052611800989885 -5.6812 -3.043391217708986 0
MOTORCYCLE 0.0 0 1.683763582739568 503.60028519768855 129.01239996030506 541.3154433032688 194.08362820948167 1.52 0.5676 1.6613 42.7785 -5.4618 -6.2167 0.4118440051264233 0
