VAN 0.0 0 -0.02414894018498215 1152.132705884453 202.71686589937497 1274.2738066676443 277.6008676577512 3.0887 3.0353 7.0662 63.3044 37.7007 -5.5641 -1.4008436983789376 0
TRAILER 0.0 0 3.057296915914866 1978.0246215158493 141.39100133647617 2827.6442287808586 466.1214635394894 3.3784 3.4486 11.6024 25.788400000000003 -44.5713 -5.4833 1.607797639799007 0
VAN 0.0 0 -0.1632219556625445 2408.739403616976 419.41771721769925 3208.371079355275 772.8381508926202 2.4742 2.2545 5.383 15.364411041149024 -40.23942533724785 -6.8547 -1.5259892902409578 0
VAN 0.0 0 -1.7131831315578991 1598.191512696064 302.79702930204945 1743.7097223403118 424.23940525713 2.5061 2.2666 5.3185 43.152 11.0252 -5.9066 -3.07177948351002 0
TRUCK 0.0 0 3.0491472713970995 1762.7243332080636 164.8140912964499 2197.6447618879033 413.51635401783113 3.5225 3.6418 4.7722 25.3768 -36.3279 -5.4368 1.6209232594911147 0
CAR 0.0 0 2.3052544874337206 470.8636721387726 178.82718472813295 599.7017821090616 296.58358333096317 1.6999 1.9706 4.412 33.9015814599627 -7.50860291298804 -6.344 1.146340720517417 0
MOTORCYCLE 0.0 0 -1.7557710472349002 1515.2815132119704 339.08038435396327 1555.0628969113354 404.2590900433255 1.7 0.647 0.6935 40.6041964869122 14.103 -6.2977 -3.0892327760299634 0
CAR 0.0 0 -1.7211758752010382 1536.705329487101 311.00686308990953 1644.6240459421558 386.7278201264775 1.7 1.9666 4.1398 46.9737 14.2439 -6.3811 -3.0770070002730305 0
TRUCK 0.0 0 -3.4550257942845857 -60745.60915319086 1813.670221514844 -4705.885097945918 11922.729785507334 3.7838 2.9175 2.9276 4.003336123031215 9.582482884552647 -5.8292 -2.1359536779273687 0
BUS 0.0 0 -0.868432454391827 321.69203123833097 283.3740159681237 725.4661234368994 483.5903144844823 3.5244 2.84 10.3328 20.15059993698347 34.163300010575846 -6.2138 -1.8215895708039374 0
CAR 0.0 0 2.9351218967967725 1581.2924197614527 317.26427857877195 1882.5037852624498 513.0078237437237 1.7885 1.936 4.1812 21.0304 -28.775199997074576 -6.3142 1.5984642161224918 0
TRAILER 0.0 0 -0.8945476343020573 -40001.750007636125 -9409.168865820368 54821.21182911044 12323.497692095616 4.0038 3.0233 11.3683 7.157964627873383 15.550496627437282 -5.939799999999999 -1.9981706954704341 0
VAN 0.0 0 3.0472532376886208 2220.2397478503112 214.5095857653028 2904.411565175409 498.68490706860825 3.0142 2.9998 6.4302 21.6279 -43.8758 -5.5653 1.6122570075125129 0
PEDESTRIAN 0.0 0 3.0439507877199734 1251.3266790372238 348.4686286514254 1286.3634512261533 413.26375325846055 1.7 0.5372 0.8386 35.8180696131139 20.267849682004634 -6.7322 1.7645325550078208 0
PEDESTRIAN 0.0 0 3.0193409334174555 1142.4990284145952 330.76517167102793 1182.0233931852827 394.02406267616584 1.7 0.74 0.9001 35.26154983784268 23.64810119261548 -6.5499 1.7505168928616632 0
CAR 0.0 0 3.103555380196525 2540.2877001912652 279.4067755765076 2994.576699980908 444.72267843835203 1.7728 1.9945 4.2516 22.396500001211376 -50.27230006718414 -6.13 1.6620912556300997 0
PEDESTRIAN 0.0 0 3.0618751082504994 1338.4536430851688 350.057587951758 1373.0404879072405 417.37480057824905 1.7 0.491 0.746 35.713 17.5232 -6.427 1.7666769358870078 0
PEDESTRIAN 0.0 0 3.0356419341720007 1197.760148241931 324.9553829605053 1229.1321570511411 387.13920108311453 1.7 0.5608 0.655 35.8973 22.2318 -6.2667 1.7500539681940235 0
