VAN 0.0 0 -0.0612806178294254 1151.2789148525562 202.57078137939249 1273.2677770873486 277.32521703482905 3.0887 3.0353 7.0662 63.36976223869427 37.79338647322695 -5.5641 -1.437993474107063 0
VAN 0.0 0 -1.6907075450830678 1564.5749144380256 321.92681785759646 1727.589934500781 460.471535088047 2.5061 2.2666 5.3185 38.21372895862996 10.523362598215636 -5.9066 -3.0306989853775987 0
CAR 0.0 0 -1.7248167024419812 1421.2774015317682 362.39197541981883 1563.7281065766003 466.8339771627905 1.7 1.9666 4.1398 34.490588218370014 13.230001751099323 -6.3811 -3.026281494167783 0
BICYCLE 0.0 0 -1.7409895325862113 968.2128399086016 329.5781434268979 1013.0762185328575 432.0847440496093 1.455 0.6025 0.8913 22.816852541120067 -16.887365105450307 -6.2896 -2.945145701233959 0
CAR 0.0 0 -1.6513738623040277 1779.8464296004943 330.7057369090477 1897.9380720057834 424.2721588518762 1.661 1.8473 4.112 42.452166469291384 6.767305843812907 -5.6812 -3.020917278343672 0
CAR 0.0 0 3.013019558198846 1337.9818621306845 191.65523016747818 1499.5594203158573 306.1336338517201 1.7 1.937 4.0135 31.932737324584707 -28.169553160310414 -6.2264 1.6149400059223493 0
CAR 0.0 0 -1.2034408075412044 210.10840832804718 429.24184232386267 444.49653139575315 559.356427043667 1.7 1.9714 4.0628 12.711584907022948 31.296902650930548 -7.4038 -1.7921101297431838 0
CAR 0.0 0 -1.0295044235587567 393.0721775361755 438.0930165496779 584.7381115017689 548.6360090330916 1.4656 1.3758 3.7786 15.190516020887216 28.846065162426726 -7.4477 -1.8133342874298124 0
VAN 0.0 0 -1.0532442391208074 241.7989793952704 323.7350566706068 532.4289319543273 492.2705435705112 3.0074 3.0141 6.0193 16.73258880068829 35.925694410620935 -6.7457 -1.8212744964635146 0
CAR 0.0 0 -1.3255347582094512 1318.116379026272 -392.86382178152576 1460.2721287612499 -304.98221138531306 1.6185 2.5772 5.2097 -50.44474185703668 5.6694650712958925 -6.6119 -3.141592653589793 0
CAR 0.0 0 3.0511257359195962 1995.7034454281898 217.03186189980698 2265.833977062219 332.6073443490175 1.5329 1.947 4.1625 29.028727904616893 -43.78149890085487 -6.1782 1.6079448596805244 0
CAR 0.0 0 -1.2677692301367474 1238.1875402902815 -448.4295732012368 1344.0240506398818 -360.89790308893043 1.5153 1.9251 4.1636 -49.51815389304747 1.804162400929151 -7.8343 -3.141592653589793 0
MOTORCYCLE 0.0 0 -2.023396640868724 1128.4891232701511 606.3109205664953 1233.1729944489973 757.5542212005461 1.6612 0.7676 1.4656 15.8234 11.3813 -7.0764 -3.071714846133773 0
