CAR 0.0 0 2.781412447956763 1310.2557149215143 202.5983405237877 1506.3364841620237 316.55703888619763 1.5683 1.9824 4.1753 24.97689562004759 -22.021390718601328 -6.7242 1.391616819307995 0
VAN 0.0 0 4.415060607939138 1701.6321306967272 325.8476064450119 1843.5386107694035 442.67325756012457 1.9963 2.2756 5.9988 45.75432237500416 7.8819406414077555 -6.704 3.0566068809084705 0
CAR 0.0 0 2.768390081123975 1378.5122191824094 209.07475018160434 1636.390049969707 351.1277328465147 1.6094 1.8776 4.9449 21.251363373017533 -21.32997910154039 -6.2139 1.3795353276698106 0
PEDESTRIAN 0.0 0 2.907290602306676 631.2519561553461 127.24452495660142 668.2509148545506 194.52018994448343 1.7016 0.7772 0.6957 39.77393581202041 -6.870971756522884 -6.3348 1.5787143958338035 0
CAR 0.0 0 -1.1304812772229451 199.7174446380809 428.5082051032815 418.832142051373 552.9685152337669 1.5083 1.8983 4.1522 22.97303043469277 40.2990869638786 -8.1788 -1.6986471999023898 0
CAR 0.0 0 -0.9253612042948819 379.92575529985186 430.6095957401034 579.1431329205553 553.7792469480742 1.4958 1.977 4.1388 24.64530163952988 36.88452995265115 -8.1989 -1.702920799359803 0
TRAILER 0.0 0 4.4910818777576065 1694.4867359818631 204.44803252815092 1848.5985915430067 329.0222318098368 3.4934 3.115 10.3352 63.87526205829293 5.489009393943965 -5.0918 3.0676513757056805 0
CAR 0.0 0 -1.275563822762826 87.12703679264868 382.3018536195882 287.54549052428825 483.0246825388363 1.508 2.0028 4.001 25.359294243969618 47.21311926212062 -8.2196 -1.689088395475315 0
TRUCK 0.0 0 4.467008861565667 1731.5168182076563 256.07872416450846 1829.2941817833394 339.5063857361248 2.4532 2.2469 1.9737 56.776240969457625 5.990195901914241 -5.6178 3.061520652592247 0
MOTORCYCLE 0.0 0 2.6610222148810925 1646.4336043943733 332.7844639687774 1811.64587753695 468.36267737523355 1.6332 0.8894 1.834 14.658461218591649 -20.25057352487584 -6.5953 1.317143833334322 0
CAR 0.0 0 2.8781441410405395 2192.9940252331653 215.76004875018646 2539.934810925635 351.5119391129935 1.654 1.8689 4.1757 14.408828064629429 -38.028849252418304 -5.8865 1.425525846778026 0
