VAN 0.0 0 -0.04295481621667774 1147.3374406917278 202.70773544877648 1269.7170380348703 277.64715243405544 3.0887 3.0353 7.0662 63.100097106416456 37.865099637454186 -5.5641 -1.418903573797595 0
CAR 0.0 0 -1.660167782065203 1747.1093976288682 404.96071438164665 1910.4399550669943 547.4825256890784 1.661 1.8473 4.112 30.232686463049127 5.3599330070725415 -5.6812 -2.978588396251402 0
CAR 0.0 0 2.948574821847484 1348.834261000516 191.2534593170432 1511.5735611733026 305.4184509989851 1.7 1.937 4.0135 31.982900609798122 -28.473500721376805 -6.2264 1.5487642730096802 0
CAR 0.0 0 -1.2835699666087352 213.17742166165263 428.326534909964 446.6416141912658 557.9017802977426 1.7 1.9714 4.0628 12.793500928562969 31.345798021146614 -7.4038 -1.877003294840088 0
CAR 0.0 0 -1.105089255040471 391.4136429826117 439.8353992960666 584.2159675553596 551.2064909552621 1.4656 1.3758 3.7786 15.081703202625228 28.711399784834047 -7.4477 -1.8856458483840466 0
VAN 0.0 0 -1.144981056722215 245.35580975057317 323.26115230054563 534.9527474625988 491.2726918901434 3.0074 3.0141 6.0193 16.829386427456715 35.950873296622404 -6.7457 -1.917786575270122 0
CAR 0.0 0 2.946078469991543 1401.901440404757 229.36561240368704 1599.0086485791937 357.2815874204742 1.5329 1.947 4.1625 27.873230242022554 -28.178616399015745 -6.1782 1.5674036341292166 0
CAR 0.0 0 -1.434872206957841 125.1811339998779 395.42012938131217 333.9342352129207 495.1606999508811 1.5121 1.9339 4.1099 13.399989110016415 38.13494250992743 -7.6011 -1.9132188092271625 0
TRUCK 0.0 0 -1.6547257081959892 1747.565598008235 292.04578335352426 1909.8148509090884 432.6709980194593 3.3377 3.0755 3.0748 47.169934006385596 7.617187625393576 -5.9795 -3.031595390596638 0
PEDESTRIAN 0.0 0 2.915374413958051 624.1569590759149 127.76405880035159 666.5923866996291 202.48032687536258 1.8579 0.9295 0.9471 41.41599918304678 -9.189799383478748 -6.0836 1.594447662458931 0
TRAILER 0.0 0 -1.7632518881287047 21.0654505099363 -28.912291423580744 282.5698247937588 136.9177477177674 4.1862 3.2286 10.2919 53.117252865717916 8.265461747063899 -4.2942 -3.0453826099571875 0
CAR 0.0 0 -1.4653509917963476 75.43826831630709 339.2283634608893 249.4753751575248 415.53856748772387 1.5206 1.9327 4.0484 15.364202226342242 47.76159969188633 -7.4583 -1.8734535741965284 0
CAR 0.0 0 -1.304084823017516 226.84114515082055 336.1877562568348 390.1884389985539 417.8147512033353 1.7 1.6238 4.0308 18.111502690334568 43.78270007232372 -7.2916 -1.9923975746503848 0
CAR 0.0 0 2.9280390795640607 1404.4852297350053 278.8680190145384 1634.9861976572747 441.8077447488016 1.7 1.9624 4.2616 24.38003369413261 -26.880852014732515 -6.4566 1.58896339585535 0
MOTORCYCLE 0.0 0 2.8884430070259777 1525.488507071958 344.51695163389974 1650.245060968283 479.7027815630001 1.7 0.8106 1.621 21.183254863270697 -26.583163559263827 -6.3809 1.5710430576065737 0
TRUCK 0.0 0 -1.2494287316961536 1434.4850749396 -514.6715154387339 1566.9680358920743 -409.41767764871537 1.7 2.1523 2.7864 -42.88865612591061 5.630488742541994 -8.1915 -3.1182735159767976 0
TRAILER 0.0 0 5.020919526707693 1474.0222198465701 -634.1389355228011 1792.5416431893639 -417.6579258345041 1.9873 2.3714 8.8966 -36.95804693367958 5.668638264083101 -8.0597 3.141592653589793 0
