CAR 0.0 0 1.3018128224201144 398.0896951016565 59.489461594487906 458.957221015939 113.45994021641701 1.5683 1.9824 4.1753 62.091601926486454 -1.508984687961962 -6.7242 -0.07130744336360471 0
CAR 0.0 0 2.5526024651829293 633.916730041695 270.7069723663668 768.3772055600446 348.54876484998425 1.6094 1.8776 4.9449 38.20171893212466 39.489156024292335 -6.2139 1.3949195604692837 0
TRAILER 0.0 0 -0.20266244991143734 4056.4018274556124 140.1840437800693 5460.5154447297455 391.53029145354645 3.4934 3.115 10.3352 -4.11470646321467 -97.49898288916009 -5.0918 -1.7195019127797606 0
CAR 0.0 0 -0.7234165401166823 -21524.383416686753 -42578.467998194275 100338.88100860284 6786.023605310875 1.508 2.0028 4.001 6.734153621008477 23.876455882220277 -8.2196 -2.68218307516493 0
MOTORCYCLE 0.0 0 2.798029646770863 1510.1896626024406 336.0999805551499 1664.696575935547 474.2570782613112 1.6332 0.8894 1.834 15.259911818037633 -17.74627567311676 -6.5953 1.476332299180062 0
CAR 0.0 0 2.7663854977015143 1396.477288807412 225.22762250125564 1658.523850362837 379.37858764779196 1.654 1.8689 4.1757 18.75500232573156 -19.423672218926487 -5.8865 1.3890918869314237 0
CAR 0.0 0 2.317898492612871 682.4255597519428 161.63553029442178 816.3859833799296 293.89435474908794 1.8284 1.8307 4.868 30.139964519120852 -7.397012307165271 -6.1655 1.0387346795619878 0
CAR 0.0 0 2.765720109137966 1768.0062869039186 303.51962112681787 2139.1567707650597 493.5624679985533 1.7 1.7312 4.5344 13.838 -24.3783 -6.639 1.394397955834217 0
PEDESTRIAN 0.0 0 2.8167191052860687 1479.6747031240982 338.3760056557036 1522.5613668505573 410.9961969841045 1.7 0.84 1.0688 40.85474557344978 15.212886481404821 -6.3875 1.4902160803572406 0
CAR 0.0 0 2.723119078211236 2004.50485443149 307.22716999614335 2407.284141125905 491.81630714958266 1.7 1.6226 4.5676 12.534616390475653 -29.244335969415122 -6.7663 1.329991552531325 0
VAN 0.0 0 -2.8320753582610543 -1937.5330146487493 666.7417522430899 -717.9119409821286 1299.468063452468 2.0921 2.2958 4.814 15.341833114589228 13.259051715325562 -7.8814 -1.9236663895234276 0
CAR 0.0 0 -1.5115493158228506 232.22124747164278 450.9982843180114 452.7965888802123 592.2201801645627 1.7 1.8129 4.0976 22.207174254247832 38.53506231673786 -8.412 -2.098775480781578 0
CAR 0.0 0 -1.3004140219747935 537.6492432063275 485.5365710363211 739.3089805615056 641.6380489263287 1.5898 1.7895 4.1594 22.440513014205408 30.939326745716933 -8.2277 -2.153667325235009 0
CAR 0.0 0 4.46438800175992 1494.3273584309018 303.6771847429114 1551.1011675347481 372.44833252781126 1.5848 1.5393 4.034 51.80521717436575 14.45634779613003 -6.9916 3.1114880352422976 0
CAR 0.0 0 -1.5305570611749801 131.2438686374594 366.90809776283817 312.6621328667711 467.1583089701939 1.7 1.6536 4.0658 27.0394 47.9886 -8.2573 -2.0243388179827284 0
CAR 0.0 0 -1.3130897440030727 317.90438113002796 375.99534346582703 473.8256745599764 458.955559412102 1.2805 1.5163 4.0841 29.34716466321431 44.034496928346094 -8.3229 -2.075159319442891 0
