MOTORCYCLE 0.0 0 2.867239609250818 1519.1361905761455 335.26083953875786 1674.1097418581398 473.00095426354665 1.6332 0.8894 1.834 15.249483147211754 -17.935107407338283 -6.5953 1.5435531208983042 0
CAR 0.0 0 2.9275421894031535 1376.7951775142697 228.12839485735142 1639.0031256231289 384.6745070685883 1.654 1.8689 4.1757 18.64784813396707 -18.84932501070229 -5.8865 1.55528535101477 0
CAR 0.0 0 1.3714439174487736 1830.2886743018646 201.8974631287929 1885.2455178325235 237.50802289397345 1.8284 1.8307 4.868 109.82481339627564 -7.500074981362385 -6.1655 -0.08181825378715425 0
CAR 0.0 0 2.848594841159181 1750.968705183255 301.9936340223904 2117.5082823928597 491.1385641096922 1.7 1.7312 4.5344 14.018293846660004 -24.150307599769206 -6.639 1.4782455116673214 0
CAR 0.0 0 2.901926669512272 2071.043247788865 301.9216321999973 2477.454208535646 481.6080579999789 1.7 1.6226 4.5676 12.37089391179984 -31.019566527813282 -6.7663 1.5002918376385186 0
CAR 0.0 0 -1.753990947443805 1469.558597297152 322.16851470078456 1531.6173500488749 399.7102494177603 1.5848 1.5393 4.034 46.85598553551388 15.148418667257983 -6.9916 -3.089572603797836 0
CAR 0.0 0 2.909794670588363 1666.395684621984 258.05273795274604 1971.3857871603745 415.1110354315327 1.7 1.9869 4.3341 17.104101399916615 -25.44747121819428 -6.6115 1.5204047850769535 0
CAR 0.0 0 2.9438594731306806 2359.7856976330722 263.8007952583205 2793.722051628067 428.03000440757734 1.7 1.9419 4.3933 11.1280037639798 -37.92132675247608 -6.2196 1.5052191833647506 0
CAR 0.0 0 -1.72039813141505 1573.1626157617488 319.8857830034136 1658.3570747152708 399.099928002917 1.6092 1.9505 4.2191 48.96221393760327 11.707595479809266 -6.9696 -3.0728650247321747 0
CAR 0.0 0 -1.7099150272906194 1481.26384879872 290.5755814016438 1549.385124531296 361.91233985429017 1.7 1.9624 4.4376 53.723355241105445 14.699837126311213 -6.8839 -3.0693585669112906 0
CAR 0.0 0 -0.23569358345880898 3672.680731916641 361.51783315005764 4347.979250115322 548.0144086796948 1.7 1.9858 4.2822 0.04305820466063581 -59.7833685658352 -7.0263 -1.6944760375988668 0
CAR 0.0 0 -0.3044937284150184 2823.580174338489 417.30703031829347 3573.1873410473822 687.0449644894604 1.7 2.2097 4.6079 4.011266042583286 -35.63388087490602 -6.7839 -1.706218546549472 0
