VAN 0.0 0 -0.10101410425050616 1149.5786496394635 202.4587485515991 1271.505302804134 277.1278633550623 3.0887 3.0353 7.0662 63.37390032008065 37.89970807829147 -5.5641 -1.477576390199944 0
CAR 0.0 0 -1.6804033322685243 1777.8425107105536 330.19071462804317 1895.726102880577 423.46595057312305 1.661 1.8473 4.112 42.522109221183875 6.825200973286824 -5.6812 -3.0500607807103046 0
CAR 0.0 0 3.008146782116093 1349.5585918881457 191.90448721089604 1512.805230896497 306.40532469581063 1.7 1.937 4.0135 31.902497705424913 -28.462222236062377 -6.2264 1.6087736008161464 0
CAR 0.0 0 -1.2799737201630805 209.18042893405183 429.2429931563543 443.6514392596213 559.3641960402629 1.7 1.9714 4.0628 12.698298989022765 31.310701048797217 -7.4038 -1.8673876289855698 0
CAR 0.0 0 -1.082437291515296 380.84384142830993 442.13684982871484 575.8923002626871 554.6509613534641 1.4656 1.3758 3.7786 14.819671811492062 28.662486019339262 -7.4477 -1.8503676822190267 0
VAN 0.0 0 -1.0970416453168563 236.97020245019405 324.10964869877535 528.6561067448695 493.0844274194673 3.0074 3.0141 6.0193 16.621996549255282 35.93970026593926 -6.7457 -1.8587980939027253 0
CAR 0.0 0 2.9714482298984777 1401.7127240439318 230.10415866728928 1599.3065691949273 358.4373811300733 1.5329 1.947 4.1625 27.801179933180965 -28.144252483062445 -6.1782 1.5933728930092512 0
CAR 0.0 0 -1.3966257375376874 117.86833359629424 396.2013524534948 327.7404672083205 496.35728939563086 1.5121 1.9339 4.1099 13.241206769196381 38.15299050485052 -7.6011 -1.8619935011827247 0
TRUCK 0.0 0 -1.612092697278732 1758.3871838394994 271.8162262188315 1900.8646599847514 393.36196305285654 3.3377 3.0755 3.0748 53.981820090828045 8.497554804652621 -5.9795 -3.004381881272342 0
PEDESTRIAN 0.0 0 3.0103256567938574 619.2861891542592 127.47733450767838 661.9192471941641 202.13574198560664 1.8579 0.9295 0.9471 41.46399986192923 -9.049299912309428 -6.0836 1.6907205764568618 0
TRAILER 0.0 0 -1.5611587388131352 99.0864986634276 -38.515330927548625 315.91321710579325 103.97084713336493 4.1862 3.2286 10.2919 60.55615980531394 9.381112847570625 -4.2942 -3.0023011822348193 0
CAR 0.0 0 1.4419989347621134 391.2810230582618 31.977368417598303 457.712690295382 77.62809344754623 1.7237 2.0206 4.126 76.98079893313002 5.964585256781822 -6.818 -0.0016624063706126633 0
CAR 0.0 0 -1.7390630338710586 1491.469806484983 445.7386224558254 1676.9723299042919 596.5548774826945 1.5556 1.8854 4.2176 25.890500741429747 8.606798232849359 -6.2649 -2.9948452504364798 0
CAR 0.0 0 -1.6513661324452291 1647.517451865954 297.56544942207984 1746.7828918337236 367.7902889410991 1.5712 1.8019 4.16 49.11961816233701 11.598193224133928 -5.809 -3.0294171412588793 0
CAR 0.0 0 -1.9301415214572308 1034.668374441084 569.5687058529403 1324.071764616839 832.4540389288558 1.7282 1.6724 4.4604 14.40545515113999 10.51058956436223 -6.4626 -2.9706858680711745 0
CAR 0.0 0 0.9888805618722287 178.3107675573157 166.65862959891274 364.3340422278257 278.88370674310465 1.7 2.482 4.675 36.568626674338965 -0.587777163245415 -6.5583 0.09213218232254927 0
