CAR 0.0 0 2.783496762897605 1317.671765181549 201.2810970319168 1513.4942523556285 314.4169763517297 1.5683 1.9824 4.1753 25.06507207527231 -22.311081651144267 -6.7242 1.3916168193079952 0
VAN 0.0 0 4.432102880812151 1704.9293975900007 327.0631685933732 1848.342909318271 444.7708396385834 1.9963 2.2756 5.9988 45.54424321505198 7.813631917443484 -6.704 3.074060173428414 0
CAR 0.0 0 2.7693401229796604 1382.0929463903456 208.4727220675152 1639.8558193958356 350.0389177699511 1.6094 1.8776 4.9449 21.28369978568955 -21.455829597257363 -6.2139 1.3795353276698106 0
PEDESTRIAN 0.0 0 2.90830899129828 633.8130011510805 127.18378171764822 670.7535855703445 194.42201389529365 1.7016 0.7772 0.6957 39.769041609405434 -6.943160858460572 -6.3348 1.5787143958338035 0
CAR 0.0 0 -1.1063197696650247 216.41528940054738 426.283745176598 432.0746511766569 549.4122252630078 1.5083 1.8983 4.1522 23.28313943002341 40.17784696358889 -8.1788 -1.6986471999023898 0
CAR 0.0 0 -0.914363647165686 389.1150341139725 428.47920727932535 586.0187218402394 550.4425250501452 1.4958 1.977 4.1388 24.891058485674527 36.866771136521265 -8.1989 -1.702920799359803 0
TRAILER 0.0 0 4.490922353515026 1696.8043722226146 204.88186683343918 1852.1961884736058 330.102184671115 3.4934 3.115 10.3352 63.655533304723036 5.421593868011319 -5.0918 3.0676513757056805 0
CAR 0.0 0 -1.2413548746789131 105.88775614822683 382.0523850404964 304.10560240263584 482.49309037985796 1.508 2.0028 4.001 25.592396194913064 46.85518123208434 -8.2196 -1.689088395475315 0
TRUCK 0.0 0 4.466928174128316 1725.9859851903773 255.3997658788641 1822.9874338416037 338.49534630996305 2.4532 2.2469 1.9737 56.9032566637063 6.15632295725276 -5.6178 3.061520652592247 0
VAN 0.0 0 5.371529132346791 -33777.09141270102 -13430.923071422549 32286.00559070859 9916.973116515424 1.7028 1.988 4.1224 5.929934965890695 22.65946702055861 -7.5202 2.9486114755928803 0
CAR 0.0 0 3.9443210404836613 1100.3598701627718 689.1372277692334 1376.700650047406 1101.02249884189 1.7 1.9526 4.3411 14.20948071636909 17.53379136255007 -6.8415 2.9871052959369946 0
