CAR 0.0 0 2.7798843040634074 1301.8625939452072 203.05459132869862 1497.430775926175 317.3663400204343 1.5683 1.9824 4.1753 24.98733533345071 -21.774976142603382 -6.7242 1.391616819307995 0
VAN 0.0 0 4.414996441864666 1700.049443813686 325.6417824566779 1841.524434918925 442.33633695708284 1.9963 2.2756 5.9988 45.77161008951647 7.924989599122078 -6.704 3.0566068809084705 0
CAR 0.0 0 2.7683953549058256 1378.532048541781 209.07141613514148 1636.4092503434733 351.1217007397395 1.6094 1.8776 4.9449 21.251542028521882 -21.33067438817694 -6.2139 1.3795353276698106 0
PEDESTRIAN 0.0 0 2.9072962522056924 631.2661132511607 127.24418917275145 668.2647491503556 194.51964723682684 1.7016 0.7772 0.6957 39.773908773622246 -6.871370585108871 -6.3348 1.5787143958338035 0
CAR 0.0 0 -1.1303454045701653 199.81046268809868 428.4958227428063 418.9058426792903 552.948699811042 1.5083 1.8983 4.1522 22.97474397695406 40.298417298156544 -8.1788 -1.6986471999023898 0
CAR 0.0 0 -0.925299685101994 379.97690157035 430.5977482826039 579.1813706710478 553.7606743334707 1.4958 1.977 4.1388 24.646659417892444 36.88443183722834 -8.1989 -1.702920799359803 0
TRAILER 0.0 0 4.4910488254417125 1694.5369190724587 204.4901592901976 1848.7400673986156 329.1346482197255 3.4934 3.115 10.3352 63.84746849209287 5.490204921930875 -5.0918 3.0676513757056805 0
CAR 0.0 0 -1.275371592818596 87.23094624363367 382.3004722340382 287.6371902445354 483.0217381860154 1.508 2.0028 4.001 25.36058210514559 47.2111416956136 -8.2196 -1.689088395475315 0
TRUCK 0.0 0 4.467004588535344 1731.1392611329447 256.03058121563686 1828.8622962087436 339.43444410606287 2.4532 2.2469 1.9737 56.78557821345453 6.00140457398979 -5.6178 3.061520652592247 0
MOTORCYCLE 0.0 0 2.745058234446341 1518.3097186881332 335.32417206677434 1673.2346344472091 473.09714874136824 1.6332 0.8894 1.834 15.251099271809773 -17.91823721407635 -6.5953 1.4215450432629269 0
CAR 0.0 0 2.7974392005074407 1814.8282834700115 221.1694817164418 2126.052525764251 366.1985832751114 1.654 1.8689 4.1757 16.51726246950844 -28.6255806173133 -5.8865 1.3731739099134217 0
TRUCK 0.0 0 4.321731906574129 1390.3393391833583 327.21851470777233 1508.724376831852 468.0171745213078 2.4848 2.6187 6.0302 41.149220048610005 16.414687324686547 -7.0671 3.015535789931609 0
