CAR 0.0 0 4.317824700659186 1466.7482508534574 322.5479929208611 1528.871026014377 400.29695838730333 1.5848 1.5393 4.034 46.72402555335339 15.227915046208208 -6.9916 2.9829474981030093 0
CAR 0.0 0 4.3377658885146255 1585.7203606376195 321.28350566817795 1672.9404875821276 401.05277749091374 1.6092 1.9505 4.2191 48.87477168395417 11.314494621640602 -6.9696 2.9845130209103035 0
CAR 0.0 0 -1.229656098945595 547.7479079498916 389.19992526199894 707.426984322632 494.63204705101543 1.538 1.8644 4.1936 29.251963575322996 36.09028509835232 -8.0185 -2.190655599197284 0
CAR 0.0 0 -1.3149210309116623 363.37941553827994 414.0508275070255 548.1946454185859 527.0782666439683 1.5398 1.908 4.1045 26.267956506354786 39.087205463016076 -8.3962 -2.0890224003602347 0
PEDESTRIAN 0.0 0 -0.4100242237060656 3468.866507142112 943.5559418693366 3872.7289920417343 1172.3237066958945 1.7 0.4338 0.5002 -0.6521249226631926 -21.84080830217838 -6.7266 -1.7001904922863706 0
TRUCK 0.0 0 2.6204685248379445 850.2437974638699 148.46308844726568 1101.1820477244846 463.43338355528914 4.0512 3.03 2.5289 19.102844844036795 -8.342877642177491 -5.1666 1.3468468108151925 0
CAR 0.0 0 4.3100421212063225 1502.3361303472072 311.1055700162028 1561.6846604608502 376.40460793724554 1.3936 1.6751 4.618 52.93 14.094701354937417 -7.3266 2.959475738275266 0
CAR 0.0 0 4.406670633183932 1610.5189765770222 300.7689603610695 1689.0574605730324 373.3145971192155 1.7 1.8675 4.4489 55.085 10.1373 -7.0682 3.0368570631059066 0
TRAILER 0.0 0 2.6928022396175715 1153.0841688278229 99.59282037248391 2005.2639511234559 612.5296797195754 4.1978 3.0224 13.9821 17.11687066759948 -16.286953416111906 -5.1618 1.3255121487466803 0
CAR 0.0 0 2.773506778622293 1910.519499945289 180.77024856785923 2177.213671817793 292.6220235317253 1.7 2.0375 4.4489 20.894087561052686 -38.65422218673876 -6.3555 1.3170186509596595 0
CAR 0.0 0 2.8489431895066204 2723.149529790463 203.45459656351056 3040.002328734432 304.44662860361376 1.5686 1.4651 4.0018 12.87796492700749 -59.47773324528697 -6.3941 1.3655130147574221 0
