VAN 0.0 0 -0.04045211826153983 1142.3616532448984 203.31973995394966 1265.8286142795969 278.91755045246816 3.0887 3.0353 7.0662 62.457439422359144 37.763123071416224 -5.5641 -1.4149697506383534 0
CAR 0.0 0 3.0232655699936073 1354.474764044457 193.10083218044272 1519.1255656686715 308.1861028301023 1.7 1.937 4.0135 31.755782741397425 -28.535504712201863 -6.2264 1.6242341597410155 0
CAR 0.0 0 -1.2501043597397343 200.8211505339622 428.55589172432235 435.5398096694409 558.3405820427587 1.7 1.9714 4.0628 12.607285849846683 31.507612295264487 -7.4038 -1.826574111919186 0
CAR 0.0 0 -1.0701397156496246 383.1652027083233 439.93751974895747 576.7525339825494 551.4006413738431 1.4656 1.3758 3.7786 14.957690581517914 28.82780884594078 -7.4477 -1.8424388529812492 0
VAN 0.0 0 -1.0438995645182305 244.06738142202653 322.58691879796015 532.9423196211043 489.93159170488883 3.0074 3.0141 6.0193 16.85860194607069 36.09421098668856 -6.7457 -1.8157902456131392 0
CAR 0.0 0 2.9771082411953453 1400.7675973931946 231.06212287986764 1598.885954242333 359.9441756854896 1.5329 1.947 4.1625 27.708387417508494 -28.083592227711595 -6.1782 1.5999076178923881 0
CAR 0.0 0 -1.3604120262379351 115.34133644210124 394.9528577602346 324.5300797616152 494.52270880441625 1.5121 1.9339 4.1099 13.258289793630103 38.36931790453941 -7.6011 -1.8219666918375406 0
TRUCK 0.0 0 -1.2781076804990423 390.8477648697818 464.99428901268914 797.5743805971723 945.2946478409608 3.3377 3.0755 3.0748 12.841479951239055 -12.12592149891105 -5.9795 -2.0137232347579888 0
PEDESTRIAN 0.0 0 3.084871870428486 552.2794821733833 131.89597284836347 599.1632784046675 208.36158848448903 1.8579 0.9295 0.9471 40.62455806087844 -7.347168521060184 -6.0836 1.8006514064715922 0
TRAILER 0.0 0 -1.915339490395577 -612.457447078929 142.2713496189771 456.6928012914865 961.4913187579797 4.1862 3.2286 10.2919 15.279528371375537 -7.0558325387591125 -4.2942 -2.0227443995043184 0
CAR 0.0 0 -1.4319683683690092 69.70274961498386 341.3346587536585 245.62625624795126 418.578411842371 1.5206 1.9327 4.0484 15.10968065990238 47.44307579472796 -7.4583 -1.826875486489279 0
CAR 0.0 0 -1.143436537487782 209.63628101298983 337.19292594991254 374.9017752895652 419.36991722657876 1.7 1.6238 4.0308 17.68306744430408 43.93511158198783 -7.2916 -1.8037533996333603 0
CAR 0.0 0 2.952369122331061 1402.2360193416373 276.8540225569231 1630.8759587541958 438.54747995853376 1.7 1.9624 4.2616 24.53481080616802 -26.897585143311584 -6.4566 1.6121176661405914 0
MOTORCYCLE 0.0 0 2.952003261409352 1544.0370924744798 345.19416372271877 1670.8532540604501 480.48894812823994 1.7 0.8106 1.621 21.13529636214044 -26.89552262758884 -6.3809 1.632072091436402 0
TRAILER 0.0 0 -0.022451402914355434 2492.7458411827324 430.09641683833223 3576.9067184280416 880.5053109588857 2.4731 2.3456 5.5455 12.572569960460713 -37.72745708478942 -5.965 -1.3817384082680089 0
CAR 0.0 0 3.0084912256334313 1777.982855846225 302.93631024395415 2108.0504051148164 491.8551249313429 1.752 1.7066 4.502 21.709318783873208 -33.057045811951745 -6.3051 1.6383132896588795 0
CAR 0.0 0 -1.6760966630346514 1693.3841726760793 383.07959047662894 1868.3931219695128 550.9684066483179 2.5646 2.2507 5.3418 35.848175911581876 6.837496002940394 -6.7852 -2.993462219005152 0
CAR 0.0 0 -3.0127127184048357 -401.624818792834 312.7612112057765 -60.14902607504681 502.0141139715858 1.6579 1.8216 4.0307 23.4141832619284 2.476609381651922 -6.5644 -2.512558050383241 0
