CAR 0.0 0 2.7818642919745407 1313.3926519351073 202.56720954277296 1509.7712652883 316.47217202793513 1.5683 1.9824 4.1753 24.958192745201917 -22.10307633337735 -6.7242 1.391616819307995 0
VAN 0.0 0 4.2956100607584755 1675.3091752137263 366.48640909905646 1843.705886208866 517.3073543243181 1.9963 2.2756 5.9988 37.75098912177098 9.471908722799439 -6.704 2.969340418308754 0
CAR 0.0 0 2.7683970245393454 1378.538326454631 209.07036058661762 1636.415329103534 351.1197909990652 1.6094 1.8776 4.9449 21.251598591277748 -21.330894517573025 -6.2139 1.3795353276698106 0
PEDESTRIAN 0.0 0 2.90729804092241 631.2705954029192 127.24408286322051 668.2691291035488 194.51947541499356 1.7016 0.7772 0.6957 39.77390021320134 -6.871496855183917 -6.3348 1.5787143958338035 0
CAR 0.0 0 -1.1303023925061764 199.83991064628046 428.4919026672429 418.92917522225247 552.9424265817973 1.5083 1.8983 4.1522 22.975286488492923 40.29820528040268 -8.1788 -1.6986471999023898 0
CAR 0.0 0 -0.9252802097535732 379.99309372225383 430.59399752969335 579.1934762485423 553.7547945207414 1.4958 1.977 4.1388 24.647089293738254 36.88440077365307 -8.1989 -1.702920799359803 0
TRAILER 0.0 0 4.450502437719922 1688.2242596010892 209.98537756568533 1851.9641543744774 344.5299246117231 3.4934 3.115 10.3352 59.98114073936799 6.176916051291927 -5.0918 3.032744790665794 0
CAR 0.0 0 -1.2753107397948742 87.263843621495 382.3000348913018 287.6662221126961 483.02080601404947 1.508 2.0028 4.001 25.360989845044507 47.21051559337314 -8.2196 -1.689088395475315 0
TRUCK 0.0 0 4.459119548936997 1719.1589550622 265.83598953784946 1823.0736102306137 355.6082639421862 2.4532 2.2469 1.9737 52.951394897141974 6.8963972318014015 -5.6178 3.061520652592247 0
MOTORCYCLE 0.0 0 2.7279497964245767 1521.3487604188383 335.5207752493835 1676.626204271213 473.3438109161788 1.6332 0.8894 1.834 15.225464725992012 -17.96164375188874 -6.5953 1.404089182858187 0
CAR 0.0 0 2.7640661091108316 1383.058709421608 227.75075518856966 1645.7600701311783 383.9281352984492 1.654 1.8689 4.1757 18.640234797964197 -18.997740083081126 -5.8865 1.390624547989284 0
