VAN 0.0 0 -0.03527898260492601 1147.4252024683808 202.55373657978703 1269.5924582469286 277.3433248254557 3.0887 3.0353 7.0662 63.21209338623801 37.92995233234122 -5.5641 -1.4114024759719594 0
TRAILER 0.0 0 3.022108530428853 1458.3721918920162 146.20392810947928 2086.182437099711 506.86748845083565 3.3784 3.4486 11.6024 24.830906422757 -30.622689242237744 -5.4833 1.6271151216262598 0
VAN 0.0 0 -1.707583970670109 1596.6920223184418 302.3120598755651 1741.8972799448038 423.35845302376873 2.5061 2.2666 5.3185 43.23870937841127 11.089373823034704 -5.9066 -3.0663557118638796 0
TRUCK 0.0 0 2.987950817285081 1256.9023913815877 172.35889680133212 1596.309528063832 442.7199085539139 3.5225 3.6418 4.7722 24.449916566887943 -24.715479153768673 -5.4368 1.6261104511527569 0
CAR 0.0 0 -1.7471563556254952 1533.1933445393333 311.80728455178763 1641.695848700719 387.95800910172466 1.7 1.9666 4.1398 46.68436450300627 14.265641853195426 -6.3811 -3.1019631316146827 0
BUS 0.0 0 -0.6884207689286288 454.45371900873255 320.4224047070905 907.5536066619222 581.9106732735554 3.5244 2.84 10.3328 18.65138313606286 25.435357392019828 -6.2138 -1.6918156753349236 0
CAR 0.0 0 1.6404504754343374 -562.6878208092684 469.8180148098734 -14.122698697039308 814.7912745512166 1.7885 1.936 4.1812 15.38077416506353 -2.444242167362421 -6.3142 2.032846802210489 0
VAN 0.0 0 2.9543988048239798 1568.3176116137392 221.12060416820484 2069.266320112196 532.1279464155934 3.0142 2.9998 6.4302 21.15666003082792 -29.69657422415036 -5.5653 1.5842820303845817 0
BICYCLE 0.0 0 -1.147324972704619 810.0374366566949 174.88733046010344 835.1965856047951 240.84403915757807 1.455 0.6025 0.8913 36.617412234406366 -14.208632211055457 -6.2896 -2.470962799178619 0
CAR 0.0 0 2.991916589360285 709.194057782028 342.88906357334434 844.865127063878 563.2817807248447 1.6332 1.7321 4.4876 20.204960603270116 -13.43878050410241 -6.3283 1.9421036342945075 0
CAR 0.0 0 -1.723603526944495 1780.9686003571126 330.34753121338855 1898.8034054349437 423.69272684388693 1.661 1.8473 4.112 42.55177018916038 6.757107242636804 -5.6812 -3.093492692234448 0
MOTORCYCLE 0.0 0 1.7304915318453622 487.93089885081713 110.15966424823107 523.9778286976724 170.45763064198113 1.52 0.5676 1.6613 46.1287 -4.3307 -6.1563 0.42929947525802714 0
MOTORCYCLE 0.0 0 -1.722089865523894 1511.5646983133554 342.4513382549207 1563.3162905349345 411.6079455633476 1.7 0.7138 1.6517 41.14286705597092 14.16122023679605 -6.5238 -3.0527780599336807 0
CAR 0.0 0 2.9524459448236433 1347.1174475174007 192.85523753737286 1510.6477590690315 307.88019578523733 1.7 1.937 4.0135 31.785600000000002 -28.3542 -6.2264 1.554161860999463 0
CAR 0.0 0 3.0045281815100497 2205.688817736047 266.50134172043306 2494.552634648622 388.62833596262755 1.4668 1.6524 3.5756 25.5131 -45.4502 -6.3814 1.571682066155826 0
CAR 0.0 0 -1.186357106823709 212.15560882618988 428.79399192432277 446.04329939909144 558.6410461065209 1.7 1.9714 4.0628 12.7594 31.3126 -7.4038 -1.7780935580836401 0
