CAR 0.0 0 4.461406338961595 1561.5245572683125 327.14812203762347 1652.639488964934 413.9667346731749 1.7 2.0096 4.0382 46.2951 12.1536 -6.8888 3.11655435550722 0
VAN 0.0 0 -0.3304816039095446 1147.0123217535074 187.3324082266689 1234.242638416625 262.89941002822195 3.1128 3.0226 6.773 72.9264 30.9305 -5.828 -1.7158531596828857 0
TRUCK 0.0 0 -1.3952086523762461 436.698582882832 514.3636867606015 775.4290720783738 917.540202706753 3.8081 2.9722 2.9156 14.898170703299275 26.010244656080953 -7.0351 -2.1171360326772217 0
BUS 0.0 0 2.05332895554756 163.17246632846363 166.70279944878175 442.95842073561647 273.24777021352514 3.6974 3.5688 12.6738 50.13010786742721 69.12595965257395 -5.9176 1.096248154566075 0
CAR 0.0 0 2.5007012113247917 863.9110387659499 193.83502505272966 1021.0127542390228 323.97394083285576 1.7 1.967 4.5895 27.71995640994488 -11.182063276433375 -6.577 1.1957838588451286 0
TRAILER 0.0 0 -0.2693639160648136 3719.353661888631 170.61231316269246 6192.505809813396 630.9633369036665 4.6414 3.6368 14.786 -4.118928823919376 -81.63621002849098 -6.1579 -1.763346625374898 0
TRUCK 0.0 0 2.6477283686195126 1766.5855981562395 181.49253798215508 2052.9115399501716 399.8012049147262 3.4115 2.7462 2.4608 16.746 -27.213399996672553 -5.8128 1.2258169406910011 0
CAR 0.0 0 2.6736791622293157 1463.3224305173178 275.6438936735956 1738.6310273624115 431.53048117316064 1.5441 1.9368 4.2225 17.8426 -20.5992 -6.7047 1.3186377821279618 0
BUS 0.0 0 -1.1458251463076232 276.3678408108657 247.9529883972602 733.9530768674942 480.35132589926343 3.8144 4.294 14.4415 32.9921 41.8438 -6.7673 -2.120489226164379 0
CAR 0.0 0 1.9889370594677014 492.3088261088907 178.99883559084518 599.2735428893787 298.00688825365137 1.7 1.7559 4.4079 32.86428781719521 -3.110717019704121 -6.7373 0.8273182111623254 0
VAN 0.0 0 2.9792500875747345 2751.155262543256 199.5791770305597 3404.407528987107 403.50392736758374 2.3829 2.6598 6.0028 8.613220919438312 -50.08304659190678 -5.6352 1.5041920817351715 0
CAR 0.0 0 2.676432703981537 1566.249559769906 307.93285511098367 1934.9086101883381 512.17636324145 1.7 1.9879 4.7683 14.6432 -20.4419 -6.6494 1.333552304766139 0
CAR 0.0 0 2.6483532537986703 1883.398981764902 307.9786984134827 2260.0126150514184 482.00143166718715 1.5135 1.9357 4.3357 13.2682 -26.6938 -6.6523 1.2644279727318088 0
VAN 0.0 0 2.649239520519182 2196.6357041494757 270.09949437894767 2745.011541784661 490.9682955967961 2.0943 2.4031 5.4998 11.1554 -33.9905 -6.4152 1.2290361204144005 0
CAR 0.0 0 -0.3100788744919547 3748.8459137690884 357.7064226783637 4414.2464597406615 539.3491295810682 1.7 1.8668 4.13 -0.40202457483279685 -61.08118388403354 -6.915 -1.7722570175861114 0
BICYCLE 0.0 0 4.337695781827697 768.1181905996123 137.14065231457693 816.1580901282603 214.27511616464025 1.7185 0.8392 1.6951 36.60402503462472 -10.254594813745392 -6.3427 2.984313267049473 0
CAR 0.0 0 -0.43012434941673794 2511.9684368946537 435.2883327990477 3136.017956973561 697.8547613816254 1.7 1.727 4.1102 5.653072640465424 -29.612490707477676 -6.8135 -1.8046014804023776 0
BICYCLE 0.0 0 2.4731988318958336 756.4273028541312 318.7839637700989 792.7255153618617 381.7535423498305 1.8147 0.6832 1.1965 40.2515 38.0754 -7.757 1.3265631903688766 0
VAN 0.0 0 -0.5809434954029593 1313.426812092278 384.1487237792952 2024.2706366631176 912.4911071750628 2.7252 2.5328 6.0568 9.290724918147411 -11.718393184593522 -6.1749 -1.7877509125443363 0
OTHER 0.0 0 2.8916466141417922 2527.2677213389593 265.58011577268536 2991.003331492045 430.4022634749017 1.7 1.956 4.407 9.81348861472504 -41.11132658876246 -6.175 1.4450837886021748 0
