CAR 0.0 0 2.7814972976652887 1311.3076908281041 202.6691851078241 1507.5510453947315 316.6554239778079 1.5683 1.9824 4.1753 24.96200697612403 -22.04255299679566 -6.7242 1.391616819307995 0
VAN 0.0 0 4.379936685763071 1692.2851609791069 349.4039520704496 1850.7412218486377 485.28616931393356 1.9963 2.2756 5.9988 40.87440023367098 8.706467122698188 -6.704 3.0391535883885274 0
CAR 0.0 0 2.7683969821107866 1378.538166920286 209.07038741021998 1636.4151746301668 351.1198395293703 1.6094 1.8776 4.9449 21.25159715389892 -21.33088892362116 -6.2139 1.3795353276698106 0
PEDESTRIAN 0.0 0 2.9072979954676743 631.2704815021061 127.24408556476715 668.2690177998128 194.51947978134436 1.7016 0.7772 0.6957 39.77390043073967 -6.871493646395201 -6.3348 1.5787143958338035 0
CAR 0.0 0 -1.1303034855003777 199.839162322184 428.4920022833793 418.92858230060995 552.9425859955069 1.5083 1.8983 4.1522 22.9752727021314 40.29821066822062 -8.1788 -1.6986471999023898 0
CAR 0.0 0 -0.925280704652657 379.99268225078146 430.5940928431564 579.1931686237895 553.7549439372623 1.4958 1.977 4.1388 24.64707836968707 36.88440156304398 -8.1989 -1.702920799359803 0
TRAILER 0.0 0 4.470856870720612 1692.376568850512 207.27124555206916 1851.6001774705599 336.8375868503191 3.4934 3.115 10.3352 61.87174612597536 5.802931127412868 -5.0918 3.050198083185737 0
CAR 0.0 0 -1.2753122861541881 87.26300763336994 382.30004600505947 287.6654843546045 483.02082970240167 1.508 2.0028 4.001 25.360979483514384 47.21053150395055 -8.2196 -1.689088395475315 0
TRUCK 0.0 0 4.463190511444929 1725.2619416380178 260.77632358716255 1825.9864871570703 347.25343323168624 2.4532 2.2469 1.9737 54.86415650867787 6.452152099091037 -5.6178 3.061520652592247 0
MOTORCYCLE 0.0 0 2.7448431129448165 1516.9677272484184 335.328208276815 1671.7737082088906 473.11523266240744 1.6332 0.8894 1.834 15.258254192107787 -17.895131275529685 -6.5953 1.4215450432629269 0
CAR 0.0 0 2.72956643507852 1388.1180331317073 228.13958295028482 1651.9006040484333 384.52252340118866 1.654 1.8689 4.1757 18.58148800823935 -19.075881818326433 -5.8865 1.3557232750747947 0
TRUCK 0.0 0 4.841405459149137 2610.4465133174103 -1561.2363346240045 4252.945652784806 -633.0750170057134 2.4848 2.6187 6.0302 -7.123222397309556 24.900390074956576 -7.0671 2.9806292048917222 0
TRAILER 0.0 0 4.855578559805704 3766.645884044448 -7196.7369625772135 17542.613596362567 -944.1721983530268 2.5812 2.5835 7.1008 -0.5360484382851647 23.37798718647264 -7.1588 2.960535275938103 0
