VAN 0.0 0 -0.033841075314345215 1150.2991571301156 198.23658319820535 1269.1003692604077 266.1737912700835 2.7763 2.7552 7.2016 63.068296202600806 37.80569978804236 -5.1699 -1.416192480697106 0
CAR 0.0 0 -1.693262295213685 1484.7719165618023 330.3794061224143 1603.323116244248 415.0221182737031 1.7 1.9575 4.0881 41.899798956671916 14.18570484692939 -6.4594 -3.02834391244896 0
CAR 0.0 0 -0.8510500972424999 866.2015202131324 515.3682308085318 1002.7526737427057 612.631032609579 0.9948 1.2858 2.4998 18.06576243037238 18.10934581611789 -7.372 -1.880150826000462 0
PEDESTRIAN 0.0 0 -0.013568268293907115 3385.3306990802253 934.0569111392899 3871.829477573108 1170.71882981089 1.7 0.9483 0.6324 7.0434 -35.0259 -6.4597 -1.3017621272550564 0
TRAILER 0.0 0 2.043582590282044 -1550.6889455430153 198.33384926836405 336.1457800311964 1413.8889119113055 4.449 3.1064 14.302 14.86774496525769 -4.661551961287531 -5.4278 2.497216245836653 0
CAR 0.0 0 -1.0336316428572152 348.8581448914225 415.89846235220995 558.5206713959002 528.5900265416109 1.5443 1.9623 4.0978 15.658518486112621 31.13502047625341 -7.4616 -1.8023740043592795 0
TRUCK 0.0 0 2.0683445451044573 -3730.7547310418445 682.889828529426 -767.5302525948852 1837.2040021111814 4.1117 3.1104 3.5612 7.820797824976957 -0.543214980288834 -5.5624 3.061322136603878 0
PEDESTRIAN 0.0 0 -1.3842724280853402 1121.7323193096797 373.31952263661026 1163.2352096917116 444.7926225933016 1.7091 0.758 0.7219 30.57684124076438 21.38538628272404 -6.9127 -2.611545737766429 0
PEDESTRIAN 0.0 0 -1.6845914651557736 1152.8017239011913 373.6352488562561 1194.9529966961643 447.2334658497742 1.7376 0.7422 0.7187 30.63273846950503 20.427980300706686 -6.8157 -2.9193361529274826 0
CAR 0.0 0 2.9832418259098157 1532.98023403486 225.68446729010574 1745.4093501717869 349.7953001868402 1.543 1.9551 4.1131 28.2861788577283 -31.500474545431643 -6.1946 1.5853587630622612 0
CAR 0.0 0 2.9455643731100642 1300.845955489174 202.67474517492937 1460.644048177634 315.3236054251956 1.5805 1.9518 4.1417 31.612850815335143 -27.131314733292317 -6.3762 1.5592882711839928 0
CAR 0.0 0 -1.6453714671411794 1592.3751167367334 268.3584918464416 1679.0342791930493 324.8767528771659 1.5918 1.9068 4.1122 57.928981506144986 15.628929211378175 -5.8654 -3.0373686142602785 0
PEDESTRIAN 0.0 0 2.965531395701875 945.1098720736703 125.99826745119103 975.0947330506045 193.5546619018002 1.7 0.7538 0.7055 40.53350677187374 -18.18875596284459 -5.7704 1.5594767795872573 0
