VAN 0.0 0 -0.06128057980145907 1151.2791058015143 202.57077367041518 1273.2679476726069 277.32519933041647 3.0887 3.0353 7.0662 63.36977608950225 37.79338346293347 -5.5641 -1.437993474107063 0
VAN 0.0 0 -1.6871826250856412 1568.9208986701085 318.0042664900029 1728.459687670932 452.99613512381774 2.5061 2.2666 5.3185 39.09605482005392 10.66897182781957 -5.9066 -3.0306989853775987 0
CAR 0.0 0 -1.7162489116011226 1438.6749676047282 354.68625663218745 1575.8005543108281 454.57729688130377 1.7 1.9666 4.1398 36.007945156131214 13.356185934752551 -6.3811 -3.0262847080785336 0
BICYCLE 0.0 0 -1.7350201293339234 959.3499381421199 320.27737309265893 1002.6514849501574 420.5588106397623 1.455 0.6025 0.8913 23.367942317000786 -16.788449726542492 -6.2896 -2.945145701233959 0
CAR 0.0 0 -1.6556212895900426 1779.9829783869611 330.69326731240585 1898.061325206728 424.2512610138768 1.661 1.8473 4.112 42.45759955432845 6.7650005549187195 -5.6812 -3.025187079377664 0
CAR 0.0 0 3.013019546612922 1337.9813481508365 191.65516265938763 1499.5587967780848 306.1335356277699 1.7 1.937 4.0135 31.9327456309231 -28.169542736448644 -6.2264 1.6149400059223493 0
CAR 0.0 0 -1.2034410608019657 210.10823090575227 429.24186232086214 444.49638393518467 559.3564595448062 1.7 1.9714 4.0628 12.711581548181163 31.296903240877537 -7.4038 -1.7921101297431838 0
CAR 0.0 0 -1.0295041436522163 393.0730967101644 438.0936712950852 584.7393222221967 548.6369662191643 1.4656 1.3758 3.7786 15.190497331893503 28.845990646548984 -7.4477 -1.8133342874298124 0
VAN 0.0 0 -1.049476587716562 244.6081901392424 323.3643590068863 534.4267786047477 491.489614285153 3.0074 3.0141 6.0193 16.808727468544976 35.94492839868183 -6.7457 -1.8212771541448316 0
CAR 0.0 0 -1.3235265919775516 1340.0999587709468 -404.98201058372456 1491.0894671528954 -312.3263021632696 1.6185 2.5772 5.2097 -48.50961362311533 5.767579341440243 -6.6119 -3.141592653589793 0
CAR 0.0 0 3.054275539249508 2040.9967333353197 216.54758297340038 2316.488881109753 331.4460892803758 1.5329 1.947 4.1625 29.0743168103012 -45.03227091010568 -6.1782 1.6079448596805244 0
CAR 0.0 0 -1.2637082974433815 1267.2970072062838 -468.40598984701296 1382.5549050004486 -374.1293185217086 1.5153 1.9251 4.1636 -46.953859585849145 2.0111867487539286 -7.8343 -3.141592653589793 0
MOTORCYCLE 0.0 0 -1.9823252898765358 1187.2025895902643 577.9482365186004 1284.1734012229945 716.5554132049022 1.6612 0.7676 1.4656 17.7632 11.5189 -7.1694 -3.071714846133773 0
