CAR 0.0 0 2.612712740920423 1222.9703534134806 204.9676104801345 1411.7287650317348 321.272929764694 1.5683 1.9824 4.1753 25.331936255041693 -19.672517769518443 -6.7242 1.2376894956321425 0
CAR 0.0 0 2.534252640164145 1137.9946439914406 211.2111770304754 1362.4879710976907 358.3828979836148 1.6094 1.8776 4.9449 22.559825315745158 -15.833853110791392 -6.2139 1.185322247099895 0
CAR 0.0 0 -1.4929264880992466 267.20364393189027 444.4263144046492 487.1487477425654 576.7754808476578 1.5083 1.8983 4.1522 22.56999831701413 37.870565680579126 -8.1788 -2.135099930746605 0
CAR 0.0 0 -1.3204396783233798 429.1453789015292 435.6014961370909 625.0268461265999 560.93606506722 1.4958 1.977 4.1388 24.76405924554178 35.623685117327724 -8.1989 -2.1390018981313816 0
TRAILER 0.0 0 -0.25047525149279126 3108.199809604206 197.61990913565043 5103.545245998923 685.046588750708 3.4934 3.115 10.3352 1.3349477765640971 -47.75814177172391 -5.0918 -1.7195019127797606 0
CAR 0.0 0 -1.6098810154700245 145.18781231233712 384.98074761845027 340.94206844678854 486.4427486797058 1.508 2.0028 4.001 25.791631275198753 45.715629953462866 -8.2196 -2.1236777145267447 0
MOTORCYCLE 0.0 0 2.798077443356044 1509.8570193960138 335.9507416970913 1664.2739578450094 474.0514999485851 1.6332 0.8894 1.834 15.26856173492311 -17.746996054491575 -6.5953 1.476332299180062 0
CAR 0.0 0 2.9420111913185534 1393.988674237928 223.43157746300764 1653.922463949107 376.32801225188786 1.654 1.8689 4.1757 18.908602794710742 -19.48538482141381 -5.8865 1.5636432378337353 0
CAR 0.0 0 2.8053456871100337 1576.1614879465722 170.75615639726672 1823.6346848338617 296.1282473015551 1.8284 1.8307 4.868 23.19572755247813 -29.16323344060679 -6.1655 1.369607898386195 0
CAR 0.0 0 2.765720109137966 1768.0062869039186 303.51962112681787 2139.1567707650597 493.5624679985533 1.7 1.7312 4.5344 13.838 -24.3783 -6.639 1.394397955834217 0
PEDESTRIAN 0.0 0 2.3373279473813082 170.28926535752507 138.84870086580943 229.0008423382122 216.264914427778 1.7 0.84 1.0688 40.0788 4.7309 -6.3135 1.4902160803572406 0
CAR 0.0 0 2.733588453025746 2135.129647615084 308.0029831130681 2559.6487863666453 491.19268600907236 1.7 1.6226 4.5676 11.673810748816551 -31.810410351039458 -6.7663 1.329991552531325 0
CAR 0.0 0 -0.3414158591629235 2495.946193151292 434.1470614600727 3212.8071714144285 723.3515761420048 1.7 1.8024 4.8041 5.480362219363647 -29.720868158756456 -6.8769 -1.7141218927926827 0
VAN 0.0 0 -1.314986951108996 291.32195642332033 354.97096093755437 501.3621251094223 481.78404900692027 2.0921 2.2958 4.814 28.1005 42.6501 -7.8814 -2.0802228104013043 0
