CAR 0.0 0 2.9195846099650398 1695.4072431577629 310.42918542793046 2015.3992599698408 505.782063146161 1.752 1.7066 4.5021 21.27006685693275 -31.108765169649544 -6.3051 1.56412138454581 0
CAR 0.0 0 2.9182043284058925 1614.9226585229374 280.7916472195299 1888.6064248388566 441.2122929799338 1.6356 1.9585 4.5139 24.448139245566715 -31.528120205295686 -6.5383 1.5496668587214586 0
CAR 0.0 0 -1.30081621337261 241.4386602109581 483.18430680668837 520.1508840120343 636.0702269087103 1.4933 1.9845 4.3346 11.377738889733852 26.302223254975953 -7.4122 -1.9026421715458148 0
VAN 0.0 0 1.7415430294021494 359.8594042815976 79.31132053435391 540.1881392157408 236.4212654470668 3.1128 2.997 6.1486 41.23524430582874 -4.045784417015394 -5.7625 0.4961526340343951 0
CAR 0.0 0 -0.4341064631102991 1185.0243779452878 531.6330090595318 1586.7057939888045 961.1055691668025 2.0012 2.0683 4.7145 12.812098055373415 -19.445798543574114 -6.5857 -1.5093410865859374 0
VAN 0.0 0 -0.0406422256415786 1147.6755517865022 198.3027161934256 1266.7198685389587 266.3345699173532 2.7763 2.7552 7.2016 62.903800000000004 37.8616 -5.1699 -1.422524184228078 0
PEDESTRIAN 0.0 0 3.072864698124748 1364.2383427653006 345.76293595654244 1422.213796818438 433.2118485871672 2.0834 0.8594 1.2954 35.676039245422174 16.40513833984926 -6.4178 1.774178811100657 0
CAR 0.0 0 -1.2372346904921128 1412.0543831207115 -547.5851347092783 1583.5119420996946 -414.7113627666777 1.7 2.0312 4.764 -40.29714679534916 4.243761584342886 -8.0055 -3.117640778232648 0
CAR 0.0 0 -1.450763213492945 1485.4590821018123 326.3615337232355 1601.7084324424345 408.907162556005 1.7 1.9575 4.0881 42.76101057688805 14.461403596223533 -6.4594 -2.7888357675205953 0
CAR 0.0 0 -0.9834212125702861 629.3522219004385 512.8085488291667 879.8932137493947 679.1884262134308 1.4978 1.9686 4.1877 14.886619583539773 19.551461200610163 -7.4222 -1.890617360348905 0
PEDESTRIAN 0.0 0 2.96388409555297 1669.9357221427504 376.02543127020397 1735.3128592286362 470.0037969374897 2.0136 0.8864 0.9253 36.455972800956765 8.790450413308353 -6.2865 1.6361990662420665 0
CAR 0.0 0 -1.565247962734523 257.35868351201293 679.3220774470764 667.3876753563661 978.7190397433276 1.54 2.0491 4.191 7.329713036627616 16.417771832375845 -7.5175 -2.08154288640891 0
