CAR 0.0 0 2.7467445090390616 1308.808353154597 202.06965928187506 1504.3336598036085 315.74893170796315 1.5683 1.9824 4.1753 25.043233510074685 -22.025258383101168 -6.7242 1.356710234268108 0
VAN 0.0 0 4.41513445670304 1702.6287543942608 325.92885612287785 1844.7701271883625 442.7997676792935 1.9963 2.2756 5.9988 45.754211977677606 7.853570243090198 -6.704 3.0566068809084705 0
CAR 0.0 0 2.7683622052499617 1378.4074149772912 209.09237164134467 1636.2885687166015 351.1596147964979 1.6094 1.8776 4.9449 21.25041920272313 -21.326304605249128 -6.2139 1.3795353276698106 0
PEDESTRIAN 0.0 0 2.9072607389920053 631.1771363503854 127.24629956341164 668.1778010585806 194.5230581369013 1.7016 0.7772 0.6957 39.774078706315436 -6.868864001126532 -6.3348 1.5787143958338035 0
CAR 0.0 0 -1.1311997874246977 199.2257151420724 428.57366087741053 418.4425444900034 553.0732674064708 1.5083 1.8983 4.1522 22.963974594466798 40.30262605707926 -8.1788 -1.6986471999023898 0
CAR 0.0 0 -0.9256864663346475 379.6553841253935 430.6722223203652 578.9410049394382 553.8774263052724 1.4958 1.977 4.1388 24.63812596363273 36.88504847945493 -8.1989 -1.702920799359803 0
TRAILER 0.0 0 4.491061470349927 1693.9901082410604 204.4154960873868 1847.9458746504768 328.95535467552486 3.4934 3.115 10.3352 63.88001501314021 5.5084249722219045 -5.0918 3.0676513757056805 0
CAR 0.0 0 -1.2765803241828928 86.57784147985069 382.3091546301339 287.06083155599487 483.04024441081094 1.508 2.0028 4.001 25.35248807099317 47.22357043494139 -8.2196 -1.689088395475315 0
TRUCK 0.0 0 4.466912895326962 1730.820502684719 256.11941038860465 1828.5885163253356 339.58409606745016 2.4532 2.2469 1.9737 56.74328384249791 6.017719413214987 -5.6178 3.061520652592247 0
MOTORCYCLE 0.0 0 2.6506256231916137 1985.6761694934883 325.2080689325511 2175.7986351414556 454.6762011030601 1.6332 0.8894 1.834 13.041385505003317 -26.818331821060813 -6.5953 1.264483836286317 0
CAR 0.0 0 2.9049068174801267 2689.2767502712873 205.31393641768372 3067.597621318907 327.01058169346624 1.654 1.8689 4.1757 11.476026049013278 -52.74812027470871 -5.8865 1.425525846778026 0
