VAN 0.0 0 -0.03536639829796906 1147.8893054396074 202.70765221950458 1270.2399149304633 277.6395967459786 3.0887 3.0353 7.0662 63.12438948997604 37.8466900229108 -5.5641 -1.4114024759719594 0
TRAILER 0.0 0 1.2123610284759312 -4033.8342053590754 286.2316717233545 -480.2315228140702 1444.5938683125 3.3784 3.4486 11.6024 13.924475595211351 5.486521089419539 -5.4833 2.377533493539607 0
VAN 0.0 0 -1.7069873996832305 1600.2252569260918 302.09207623642754 1745.064309776227 422.9128473588872 2.5061 2.2666 5.3185 43.37191594005471 11.028492762191926 -5.9066 -3.0663557118638796 0
TRUCK 0.0 0 3.41546371265181 681.541419148396 514.7908281722846 1303.9264716066307 1161.3061530573445 3.5225 3.6418 4.7722 9.173838150435834 9.568892589667943 -5.4368 2.5161863783608944 0
CAR 0.0 0 -1.7477879115797164 1532.528536353692 312.5780459313348 1641.4939507141155 389.12587412934255 1.7 1.9666 4.1398 46.47487489560024 14.221494709758657 -6.3811 -3.1019631316146827 0
BUS 0.0 0 1.0236533475593348 201.67064592001367 92.36762623690754 468.318641215965 317.3880096324468 3.5244 2.84 10.3328 38.1556563038407 -2.0781660505967086 -6.2138 -0.03353509156765991 0
BICYCLE 0.0 0 -1.1470105270661357 809.1224247381158 174.42759635497856 834.2415645228073 240.27976403112217 1.455 0.6025 0.8913 36.68040754704879 -14.184997167504081 -6.2896 -2.470962799178619 0
CAR 0.0 0 -1.7229858095397446 1783.560016299643 329.80380275060634 1900.9657944461512 422.80702148465696 1.661 1.8473 4.112 42.721717060797765 6.723686387236348 -5.6812 -3.093492692234448 0
MOTORCYCLE 0.0 0 -1.7221253297710404 1511.2710601481053 342.43853543810707 1563.0220809912903 411.59225990172456 1.7 0.7138 1.6517 41.138797200428826 14.168505011048628 -6.5238 -3.0527780599336807 0
CAR 0.0 0 2.9524459448236433 1347.1174475174007 192.85523753737286 1510.6477590690315 307.88019578523733 1.7 1.937 4.0135 31.785600000000002 -28.3542 -6.2264 1.554161860999463 0
CAR 0.0 0 2.2761354860050766 30.455496758314002 352.45471828851487 281.54003624483255 539.7025882065424 1.4668 1.6524 3.5756 20.91752893435631 -4.428138966843581 -6.3814 1.9207171533404026 0
CAR 0.0 0 -1.1863571300521234 212.15557741322812 428.79396407457705 446.0432508981757 558.6410026478011 1.7 1.9714 4.0628 12.759400709643142 31.312603361467517 -7.4038 -1.7780935580836401 0
VAN 0.0 0 1.8166913653724834 -578.9005812758645 386.2376715149208 88.17828268672795 855.7501346728527 2.5358 2.0016 5.2596 14.937005075817835 -3.6633259794250828 -5.713 2.1413776460210756 0
CAR 0.0 0 2.8613684848448075 1329.9842669023594 262.52367391280745 1537.6209059013072 424.9230367119798 1.6434 1.7018 4.5628 24.700759269517434 -25.308764899267285 -6.2183 1.5245750128184465 0
CAR 0.0 0 3.0334730622705766 855.4344590327391 353.28577580292824 986.2490866829677 546.2484314994646 1.4475 1.6209 3.887 19.99930386575158 -15.413048415328372 -6.2681 1.9160589352775848 0
VAN 0.0 0 -1.207500639071013 200.45461891975785 325.2047238527491 329.84588166269947 395.4929340557688 1.7 1.5386 3.3297 18.986721048332697 48.96272975183167 -7.5647 -1.8436813340996476 0
CAR 0.0 0 -1.0877605559348995 339.28239075501597 404.6997151739729 516.2951005577664 500.3622233497713 1.4656 1.3758 3.7786 16.125445693046913 33.17425677486474 -7.4477 -1.8476544266735753 0
CAR 0.0 0 3.03262404104445 832.6857256298898 287.35819075079814 943.9943987518278 462.67588801838775 1.7252 1.6916 4.1704 23.881813523426892 -15.15540916596056 -6.4195 1.859416817485831 0
CAR 0.0 0 2.8493670623062375 1510.6568038014943 340.2590027894545 1748.2769663260126 498.29196396310397 1.3809 1.6884 3.6526 21.47576798319694 -27.405068150835532 -6.5568 1.5297283948773255 0
CAR 0.0 0 -0.5758481349353457 -278.2530844723924 273.402650459382 17.088489436986812 443.4408061673174 1.7 1.8295 4.0434 25.5833 2.2561999999999998 -6.4708 -0.24463397449097227 0
