VAN 0.0 0 -0.02414894018498215 1152.132705884453 202.71686589937497 1274.2738066676443 277.6008676577512 3.0887 3.0353 7.0662 63.3044 37.7007 -5.5641 -1.4008436983789376 0
TRAILER 0.0 0 3.057296915914866 1978.0246215158493 141.39100133647617 2827.6442287808586 466.1214635394894 3.3784 3.4486 11.6024 25.788400000000003 -44.5713 -5.4833 1.607797639799007 0
VAN 0.0 0 -2.3641869521802312 -1425.1789817934643 551.3467431425628 -327.9819670503872 1146.2716159259248 2.4742 2.2545 5.383 13.139125123806767 0.603370052814975 -6.8547 -1.595791972107714 0
VAN 0.0 0 -1.7131831315578991 1598.191512696064 302.79702930204945 1743.7097223403118 424.23940525713 2.5061 2.2666 5.3185 43.152 11.0252 -5.9066 -3.07177948351002 0
TRUCK 0.0 0 3.0491472713970995 1762.7243332080636 164.8140912964499 2197.6447618879033 413.51635401783113 3.5225 3.6418 4.7722 25.3768 -36.3279 -5.4368 1.6209232594911147 0
CAR 0.0 0 3.1149301935551117 1239.2681919249947 201.26516525098043 1398.936348623951 324.55310830515805 1.6999 1.9706 4.412 31.182871268470056 -25.46510178752591 -6.344 1.7397526661954892 0
MOTORCYCLE 0.0 0 -1.7557705868009565 1515.2826606321744 339.0799700814602 1555.0639808843566 404.25854537218294 1.7 0.647 0.6935 40.6043 14.103 -6.2977 -3.0892327760299634 0
CAR 0.0 0 -1.7211758752010382 1536.705329487101 311.00686308990953 1644.6240459421558 386.7278201264775 1.7 1.9666 4.1398 46.9737 14.2439 -6.3811 -3.0770070002730305 0
BUS 0.0 0 2.625589347955668 429.7026898601401 228.64075652903628 809.261722316776 393.5430768939368 3.6584 3.5656 12.2161 26.887851740889875 38.83862061200615 -5.4541 1.5079322061826013 0
TRUCK 0.0 0 -1.19830714620778 202.12221782738195 340.77087721257595 453.2923514509822 591.6058596919534 3.7838 2.9175 2.9276 11.224340226116956 27.723007946580065 -5.8292 -1.821794412568391 0
BUS 0.0 0 -0.8684326950291962 321.69175607796745 283.3740309935079 725.4659381823963 483.5903582132088 3.5244 2.84 10.3328 20.150593594612918 34.16330107499428 -6.2138 -1.8215895708039374 0
CAR 0.0 0 -0.6177723275193985 811.720041157708 590.5824259863693 1105.03150572404 850.7942573521416 1.8616 1.767 4.202 12.985392851170735 13.175185953567784 -7.0946 -1.5498882404952001 0
CAR 0.0 0 2.935121894432931 1581.2924043571152 317.26427871945907 1882.503766804612 513.0078241672777 1.7885 1.936 4.1812 21.0304 -28.775199702167605 -6.3142 1.5984642161224918 0
TRAILER 0.0 0 -3.2690398270409946 -28776.39953924384 357.3091983601173 -3438.936088419385 2731.55401935352 4.0038 3.0233 11.3683 12.717006031517693 34.459030194763294 -5.939799999999999 -1.8236377702710016 0
VAN 0.0 0 3.0472532376886208 2220.2397478503112 214.5095857653028 2904.411565175409 498.68490706860825 3.0142 2.9998 6.4302 21.6279 -43.8758 -5.5653 1.6122570075125129 0
PEDESTRIAN 0.0 0 3.0706350702423366 1498.5345566735007 376.2905925805999 1539.296787004546 447.9201486708298 1.7 0.5372 0.8386 36.69559755541351 13.248834240630766 -6.7322 1.7645325550078208 0
PEDESTRIAN 0.0 0 3.0364083182785064 1356.7906173463068 368.06860774176545 1404.8123041048407 441.67916998809795 1.7 0.74 0.9001 34.06548179022949 16.070161552061187 -6.5499 1.7505168928616632 0
PEDESTRIAN 0.0 0 3.050158667342762 1414.018866601462 363.3810338499411 1451.51536477709 432.46011760171643 1.7 0.5608 0.655 36.06128455916053 15.407001723441713 -6.5719 1.7500539681940235 0
CAR 0.0 0 3.10355513721022 2540.2832661924444 279.40680367099384 2994.571580758523 444.7227766140365 1.7728 1.9945 4.2516 22.396500128050185 -50.27219702080763 -6.13 1.6620912556300997 0
PEDESTRIAN 0.0 0 3.0886840186178404 1608.2817399926105 377.15085931621155 1649.0044328848983 451.14989394841973 1.7 0.491 0.746 36.952718354480496 10.595422442970978 -6.427 1.7666769358870078 0
