CAR 0.0 0 4.317832707081913 1466.8710714064669 322.5618494743082 1529.0005079332432 400.3161479747659 1.5848 1.5393 4.034 46.7230776120815 15.224286738296165 -6.9916 2.9829474981030093 0
CAR 0.0 0 1.35527009406124 -1735.3701525935717 572.8052624157071 -622.3182144432973 1151.5994152859996 1.7 1.9419 4.3933 13.85960675825702 10.683172422090388 -6.2196 2.2709846523939796 0
CAR 0.0 0 4.337776397003043 1585.6320403088596 321.25075033042583 1672.82759325397 401.00464733896035 1.6092 1.9505 4.2191 48.88077762266852 11.31697268349214 -6.9696 2.9845130209103035 0
CAR 0.0 0 -1.1833055702002993 545.2794311192852 389.1125567862301 705.1937778534326 494.5244336562321 1.538 1.8644 4.1936 29.232158031481266 36.14917565262768 -8.0185 -2.142650229973238 0
CAR 0.0 0 -1.3531079915312265 355.24660943213166 408.89628971580663 538.2046259062815 519.4653497770037 1.5398 1.908 4.1045 26.60124759559536 39.68049424279585 -8.3962 -2.123928987018862 0
PEDESTRIAN 0.0 0 -0.3866545080253663 3450.3324464875295 936.5782473069927 3849.0794996774084 1164.0839180313942 1.7 0.4338 0.5002 -0.5775 -21.8456 -6.7266 -1.6772143668761963 0
TRUCK 0.0 0 2.8085457311647266 2077.6802641367485 155.8106945317633 2472.8048308616676 436.23899009683174 4.0512 3.03 2.5289 12.786364792729044 -30.56755646865838 -5.1666 1.364300103335136 0
CAR 0.0 0 4.310042378603213 1502.3392342675074 311.10579998992534 1561.6878854209374 376.4049108289675 1.3936 1.6751 4.618 52.93 14.0946 -7.3266 2.959475738275266 0
CAR 0.0 0 4.406670633183932 1610.5189765770222 300.7689603610695 1689.0574605730324 373.3145971192155 1.7 1.8675 4.4489 55.085 10.1373 -7.0682 3.0368570631059066 0
TRAILER 0.0 0 2.8230843009383317 2102.426766496372 107.59316447438194 3489.958074457379 550.370065784196 4.1978 3.0224 13.9821 11.114952161990272 -38.613241398009166 -5.1618 1.3604242337416614 0
