VAN 0.0 0 -0.01668062314371399 1146.555639321186 202.26542286269105 1268.3793694300912 276.78857963128274 3.0887 3.0353 7.0662 63.37710825771026 38.08664383288024 -5.5641 -1.3929679825469414 0
TRAILER 0.0 0 3.0934771514265886 1825.6137662676201 144.00736134412284 2622.334206758047 481.9731263967065 3.3784 3.4486 11.6024 25.32532927502634 -40.15968308261204 -5.4833 1.6575297392573518 0
VAN 0.0 0 -1.6999514760486445 1589.9085227349822 302.71834526720977 1735.805094144356 424.18465596613134 2.5061 2.2666 5.3185 42.988060134841824 11.206788719362658 -5.9066 -3.0575834777366406 0
TRUCK 0.0 0 3.076743332910226 1686.1034206650809 167.82804581856635 2111.5403422109275 422.0210819068224 3.5225 3.6418 4.7722 25.021156538071327 -34.33499137371452 -5.4368 1.6574552326525247 0
CAR 0.0 0 -1.696985026158675 1534.4288834969598 310.3735638463305 1642.0710046596107 385.78777002930207 1.7 1.9666 4.1398 47.078511903824435 14.348711903824436 -6.3811 -3.0529654951011866 0
BUS 0.0 0 -0.7944060706169743 326.4041895348488 288.99020768171624 741.4448360921474 498.1533112922348 3.5244 2.84 10.3328 19.644853343138866 32.863712523290964 -6.2138 -1.7451803274457776 0
CAR 0.0 0 2.905356415166543 1342.262696526258 322.39443155168317 1597.101322913829 524.637180666949 1.7885 1.936 4.1812 20.855401161534633 -24.212929756075845 -6.3142 1.613923014294209 0
VAN 0.0 0 3.0615782788967225 2174.381934961004 215.40029559668793 2848.238208793692 502.0229565637623 3.0142 2.9998 6.4302 21.554830327829116 -42.77668986728437 -5.5653 1.6301165965656204 0
CAR 0.0 0 3.1460710894800226 2534.540551404054 277.5545634446445 2985.0854879612543 441.7015492181477 1.7728 1.9945 4.2516 22.538888035646927 -50.325897439272936 -6.13 1.7040956439614174 0
CAR 0.0 0 2.8889779122730332 1151.1730126094676 281.0731480523856 1312.2577444576689 449.87470734123787 1.7553 1.5689 4.1046 24.1253126595436 -21.33771962536779 -6.4088 1.6052376305312819 0
BICYCLE 0.0 0 -1.598985918742476 811.7664925577153 175.75697116680274 837.001331034606 241.91145126811213 1.455 0.6025 0.8913 36.498786779480525 -14.253092478653128 -6.2896 -2.9220305006185083 0
CAR 0.0 0 3.046464091232522 1852.881162555959 304.0868352362822 2192.231843295153 482.8524024373388 1.6332 1.7321 4.4876 21.89611257306623 -34.724039128742376 -6.3283 1.6668272518319063 0
CAR 0.0 0 -1.6412862155401944 1815.8828422235567 284.5387981114395 1906.1810990002202 352.05282321239247 1.661 1.8473 4.112 56.10719420204194 7.859716796569959 -5.6812 -3.043391217708986 0
MOTORCYCLE 0.0 0 3.0311103155062433 1176.911871401677 232.55235534838877 1228.8679120839702 320.78610113625194 1.52 0.5676 1.6613 30.4343 -22.6478 -6.513 1.685891769256303 0
