VAN 0.0 0 -0.03536639128268049 1147.8892681869563 202.7076398641591 1270.2398629604265 277.63957295978423 3.0887 3.0353 7.0662 63.12439651943122 37.84669669592141 -5.5641 -1.4114024759719594 0
TRAILER 0.0 0 1.3446391328822116 -149953.98611122734 478.4058144321471 -1436.8265327272518 28620.099035410258 3.3784 3.4486 11.6024 8.038026603036187 9.103777825264459 -5.4833 2.6916943981600694 0
VAN 0.0 0 -1.7069874472005968 1600.2249757534148 302.0920939208387 1745.0640578720697 422.9128831436787 2.5061 2.2666 5.3185 43.37190527881353 11.028497603079794 -5.9066 -3.0663557118638796 0
TRUCK 0.0 0 1.3165222204927385 -70910.59740385532 -7147.15622989154 40062.6588047148 21116.91313132329 3.5225 3.6418 4.7722 3.5490205082858464 13.340149430928713 -5.4368 2.481279655339955 0
CAR 0.0 0 -1.7477878607424642 1532.5285898664724 312.5779839087015 1641.4939669663631 389.12578011953445 1.7 1.9666 4.1398 46.474891686261586 14.221498248048825 -6.3811 -3.1019631316146827 0
BUS 0.0 0 1.3266564473470244 287.8398105862558 62.827614073749125 496.47251546188073 242.3864965380082 3.5244 2.84 10.3328 45.58121123017115 -1.3946127192183262 -6.2138 0.1061280018936436 0
BICYCLE 0.0 0 -1.1470105522463931 809.1224979660598 174.427633135139 834.2416409515014 240.27980917460982 1.455 0.6025 0.8913 36.6804024993304 -14.184999061971991 -6.2896 -2.470962799178619 0
CAR 0.0 0 -1.7229856481024806 1783.5600016964406 329.8035451393917 1900.9656319579844 422.80661117451604 1.661 1.8473 4.112 42.72177253330738 6.723695491907508 -5.6812 -3.093492692234448 0
MOTORCYCLE 0.0 0 -1.7221253134523697 1511.2711952393668 342.4385413281779 1563.0222163454418 411.59226711807173 1.7 0.7138 1.6517 41.13879907287579 14.168501659491477 -6.5238 -3.0527780599336807 0
CAR 0.0 0 2.9524459448236433 1347.1174475174007 192.85523753737286 1510.6477590690315 307.88019578523733 1.7 1.937 4.0135 31.785600000000002 -28.3542 -6.2264 1.554161860999463 0
CAR 0.0 0 1.412786485235993 -709.7533863673046 432.0441315107486 -246.64458358613265 676.035651345085 1.4668 1.6524 3.5756 17.72551716253307 1.4588623993939678 -6.3814 2.112627759578073 0
CAR 0.0 0 -1.1863571145161793 212.15559842327198 428.79398270142224 446.0432833372169 558.6410317144522 1.7 1.9714 4.0628 12.759400235009963 31.312601113205094 -7.4038 -1.7780935580836401 0
VAN 0.0 0 1.3259812632044419 -3967.7596875936893 643.1979263750763 -1123.8404417159418 1672.706772190741 2.5358 2.0016 5.2596 9.37059316171602 3.550812325943336 -5.713 2.4380586597119236 0
CAR 0.0 0 2.871873869040562 967.2443824815566 269.0709925932505 1104.7834136606261 440.0182189825007 1.6434 1.7018 4.5628 24.333519294268957 -17.782935459205767 -6.2183 1.6292788477402143 0
CAR 0.0 0 2.408456922531493 66.89687092802468 431.4165085131072 362.6983119272171 685.8562706539125 1.4475 1.6209 3.887 16.941311355415596 -6.851603051769949 -6.2681 2.0189223194371135 0
VAN 0.0 0 -1.1581528984152045 246.31824435091224 348.7035644302331 386.264862342414 428.0826271353553 1.7 1.5386 3.3297 18.041910832222786 43.26482751600594 -7.5647 -1.8436813340996476 0
CAR 0.0 0 -1.06576877275783 377.1154091985785 423.527204681394 561.8520151477177 527.416073284206 1.4656 1.3758 3.7786 15.691695679698405 30.505713623494454 -7.4477 -1.8476305245250224 0
CAR 0.0 0 2.7480540176407775 333.4842451736605 314.2724822529136 527.688909971154 512.1057692808906 1.7252 1.6916 4.1704 22.315837849713546 -7.993562474754677 -6.4195 1.9282679059041115 0
CAR 0.0 0 2.8217339440837823 1017.5481977727042 357.07527828390215 1174.543911261016 528.9144714398606 1.3809 1.6884 3.6526 20.843806980167617 -18.225284755332645 -6.5568 1.634448149996985 0
CAR 0.0 0 0.5300378398517692 91.60327765459797 206.00386994988432 278.99376174680077 334.0653070358373 1.7 1.8295 4.0434 31.52829847159578 -0.5453005131530042 -6.4708 -0.08755965393688013 0
