VAN 0.0 0 -0.061063044269542566 1151.2280880533615 202.27696311241164 1272.8236697827172 276.7487248806421 3.0887 3.0353 7.0662 63.575465810957006 37.924651001928 -5.5641 -1.438074103094086 0
CAR 0.0 0 -1.7082771949582858 1781.8040891923758 330.73848547146474 1899.827240042213 424.3098520085871 1.661 1.8473 4.112 42.484745007621065 6.7270080906701475 -5.6812 -3.078007174963612 0
CAR 0.0 0 2.9600895551782784 1345.6797158734323 192.0579993499144 1508.5170436093906 306.6761685882898 1.7 1.937 4.0135 31.88342595672379 -28.35322092592742 -6.2264 1.5613408777075723 0
CAR 0.0 0 -1.2045067007654118 204.80840222761373 429.11573324595 439.5751482620088 559.1927199565117 1.7 1.9714 4.0628 12.641181078458796 31.389470492089437 -7.4038 -1.7860664048787567 0
CAR 0.0 0 -1.016830785504889 392.72017408810177 439.2079053629954 585.0507164786336 550.2766610055053 1.4656 1.3758 3.7786 15.131026660478469 28.748899822717256 -7.4477 -1.7992607011529442 0
VAN 0.0 0 -1.029857081623546 228.40180825449437 324.46923278205355 521.5685966113621 493.9142292659218 3.0074 3.0141 6.0193 16.449368190100483 36.01888314132251 -6.7457 -1.7806193478024308 0
CAR 0.0 0 2.953734322322102 1404.4532934910123 228.80332365751792 1601.5546778788478 356.37918646116344 1.5329 1.947 4.1625 27.92774351124846 -28.261418928106785 -6.1782 1.5742731399333625 0
CAR 0.0 0 -1.3671635159513504 99.98583564073871 398.6920414894672 313.0183003835496 500.14768485973525 1.5121 1.9339 4.1099 12.830710665864142 38.117016982239804 -7.6011 -1.800105966354912 0
TRUCK 0.0 0 -1.6221593920511699 1756.8094928424975 270.48402029623037 1897.9859812561426 390.8287890777626 3.3377 3.0755 3.0748 54.43040160559563 8.623355931085026 -5.9795 -3.0152364718177616 0
PEDESTRIAN 0.0 0 2.9840231024808666 628.626112616476 127.04274549150291 670.7098048372864 201.50562064084372 1.8579 0.9295 0.9471 41.55112179056877 -9.297262024799107 -6.0836 1.6602932387710603 0
TRAILER 0.0 0 -1.571278665586251 103.03808443138935 -38.354319029827295 319.31240940373493 104.33320088428869 4.1862 3.2286 10.2919 60.469129448204484 9.209254820111374 -4.2942 -3.0134491712793317 0
CAR 0.0 0 -1.99237701450985 947.1038484690075 588.6899634189065 1261.7482776444474 854.4187807756182 1.63 2.02 4.44 13.77819825279563 11.282180345964349 -6.7646 -2.9908135703250256 0
VAN 0.0 0 1.2142001571686971 278.9709923067839 136.42920660051516 424.65815331251736 252.6507136855835 2.1382 2.0815 4.5477 39.84757084457857 -1.5366822906498685 -6.523 0.13962634015954636 0
CAR 0.0 0 -1.594609598135336 1579.9866283935635 266.56189711429886 1670.6802002433094 325.6414353941162 1.7 2.0565 4.1699 58.412545236764906 16.12317234083243 -5.9339 -2.9858385323654235 0
CAR 0.0 0 -1.4515860952248332 64.57777209823767 340.657994445955 240.35496357713203 417.6368026177265 1.5206 1.9327 4.0484 15.049456481575245 47.685983067152236 -7.4583 -1.835460922297258 0
VAN 0.0 0 0.25988732673432124 911.0614422244186 752.7854937583346 1318.6572379557285 1463.998432379575 1.9675 1.9559 4.604 8.727373021901274 -15.714963072336177 -6.6285 -0.5158802857436364 0
