CAR 0.0 0 2.781421910056265 1313.2207815492236 203.0770678749776 1509.97535909147 317.2699090629617 1.5683 1.9824 4.1753 24.90542844251493 -22.059650427273546 -6.7242 1.391616819307995 0
VAN 0.0 0 4.356008569157035 1680.6513244165583 356.2320329770264 1842.1133519453206 498.0808527976638 1.9963 2.2756 5.9988 39.499711938170314 9.155005871231516 -6.704 3.021700295868584 0
CAR 0.0 0 2.7683970099126385 1378.5382714571876 209.07036983371458 1636.415275850799 351.11980772927274 1.6094 1.8776 4.9449 21.251598095759576 -21.330892589128876 -6.2139 1.3795353276698106 0
PEDESTRIAN 0.0 0 2.9072980252524667 631.2705561370552 127.24408379454465 668.2690907329943 194.5194769202377 1.7016 0.7772 0.6957 39.77390028819493 -6.871495748994594 -6.3348 1.5787143958338035 0
CAR 0.0 0 -1.130302769301908 199.83965267107587 428.49193700863856 418.9289708200599 552.9424815376441 1.5083 1.8983 4.1522 22.975281735819166 40.298207137784765 -8.1788 -1.6986471999023898 0
CAR 0.0 0 -0.9252803803637103 379.9929518726991 430.5940303877979 579.1933701988203 553.7548460301857 1.4958 1.977 4.1388 24.647085527809782 36.8844010457856 -8.1989 -1.702920799359803 0
TRAILER 0.0 0 4.504580619975702 1688.8400139733922 208.1715792906813 1849.1338342175839 339.47588344634 3.4934 3.115 10.3352 61.15852131494566 6.021300032918135 -5.0918 3.0851046682256236 0
CAR 0.0 0 -1.2753112728824276 87.2635554251841 382.300038722629 287.6659677799426 483.02081418030866 1.508 2.0028 4.001 25.36098627303806 47.210521078343454 -8.2196 -1.689088395475315 0
TRUCK 0.0 0 4.479345380572024 1728.4844932371782 263.1622055181088 1831.0711492914422 351.08802808688995 2.4532 2.2469 1.9737 54.08670183703596 6.453938812295116 -5.6178 3.0789739451121902 0
MOTORCYCLE 0.0 0 2.7442937441986435 1514.5437929884204 335.5722488608564 1669.2303133573753 473.47886795202305 1.6332 0.8894 1.834 15.260312540045707 -17.843198127715674 -6.5953 1.4215450432629269 0
CAR 0.0 0 2.7278739334537043 1377.8243573172826 228.44561351628073 1640.4862135792148 385.20651824809335 1.654 1.8689 4.1757 18.61789790377499 -18.850994983448686 -5.8865 1.3557232750747947 0
