VAN 0.0 0 -0.016680593800572963 1146.5560391201486 202.26545523253705 1268.3797920360298 276.7886378544659 3.0887 3.0353 7.0662 63.377103023697146 38.08661605013382 -5.5641 -1.3929679825469414 0
TRAILER 0.0 0 3.087361273325975 1761.887594446339 144.7528612636842 2533.0036136552512 487.4907480322154 3.3784 3.4486 11.6024 25.186421427162916 -38.41229562508985 -5.4833 1.6575297392573527 0
VAN 0.0 0 -1.6999463861625264 1589.9829578097426 302.7239101233677 1735.8800723394168 424.19413959562456 2.5061 2.2666 5.3185 42.98833891857609 11.204831113302733 -5.9066 -3.0575834777366406 0
TRUCK 0.0 0 3.068587369389226 1613.6322903032694 169.30209479888973 2026.8134735187039 427.0588327204884 3.5225 3.6418 4.7722 24.843892306783175 -32.597388692716606 -5.4368 1.6574552326525247 0
CAR 0.0 0 -1.6969850368915895 1534.4290468394433 310.37360929548316 1642.0711878652787 385.78783747478263 1.7 1.9666 4.1398 47.07850435878213 14.34870435878213 -6.3811 -3.0529654951011866 0
BUS 0.0 0 -0.7955496786474044 327.453609886806 290.8022783781662 746.2217676599792 502.9074315083096 3.5244 2.84 10.3328 19.479905597997227 32.467762966400905 -6.2138 -1.7451803274457776 0
CAR 0.0 0 2.843358355827751 1065.0983072797321 332.07767696413356 1264.2207250252166 544.6852937441492 1.7885 1.936 4.1812 20.4526412380622 -19.1524082602111 -6.3142 1.6313763068141522 0
VAN 0.0 0 3.0581177635589176 2130.6832231385756 216.1643613093252 2794.234351334437 505.00908792758514 3.0142 2.9998 6.4302 21.493506632525342 -41.74922232395979 -5.5653 1.6301165965656204 0
CAR 0.0 0 3.145896475624859 2528.3755721692446 277.22096944301086 2977.4116216333096 441.2170096882535 1.7728 1.9945 4.2516 22.567226113566576 -50.2189592598916 -6.13 1.7040956439614177 0
CAR 0.0 0 2.702411230836577 681.6431084617133 293.18112080621637 791.9756117202435 474.64709392282623 1.7553 1.5689 4.1046 23.4763348517108 -12.71100599784153 -6.4088 1.6052376305312814 0
BICYCLE 0.0 0 -1.5989852048963282 811.7666698730451 175.75644528028255 837.0014610697832 241.91079973104897 1.455 0.6025 0.8913 36.49885854329421 -14.253097245991576 -6.2896 -2.9220305006185083 0
CAR 0.0 0 3.0267195708000374 1710.4768058533684 309.8659149737607 2026.539142717597 494.28333414785465 1.6332 1.7321 4.4876 21.59650225190865 -31.614128256978002 -6.3283 1.6668272518319063 0
CAR 0.0 0 -1.6535370784070655 1801.3657262690642 301.9563888788916 1902.0757801782026 378.91947304640775 1.661 1.8473 4.112 50.10520150405873 7.406154868076692 -5.6812 -3.043391217708986 0
MOTORCYCLE 0.0 0 2.4710992008430415 880.1160570715105 214.31170979859175 909.5514194432407 300.7397305949651 1.52 0.5676 1.6613 31.7246 -15.7946 -6.3737 1.179810869406124 0
