VAN 0.0 0 -0.10101413501989587 1149.5783024171506 202.45872564922837 1271.504942836652 277.12782300974476 3.0887 3.0353 7.0662 63.37390118161825 37.89972982203497 -5.5641 -1.477576390199944 0
CAR 0.0 0 -1.6804032563167306 1777.8425698595393 330.1906047720576 1895.7260959352582 423.4657750399184 1.661 1.8473 4.112 42.522134041166886 6.825203593011448 -5.6812 -3.0500607807103046 0
CAR 0.0 0 3.0081470444629 1349.5609592239036 191.9045381200155 1512.8079395039827 306.40538015994633 1.7 1.937 4.0135 31.90249152928578 -28.462282087237448 -6.2264 1.6087736008161464 0
CAR 0.0 0 -1.279973977447598 209.18023892186062 429.24299341360665 443.6512662354322 559.3641976649278 1.7 1.9714 4.0628 12.698296267849638 31.31070387176762 -7.4038 -1.8673876289855698 0
CAR 0.0 0 -1.0824406042430113 380.841307159179 442.1376879455189 575.890469590137 554.6522096768895 1.4656 1.3758 3.7786 14.819595938556702 28.662448388622128 -7.4477 -1.8503676822190267 0
VAN 0.0 0 -1.097042167640478 236.96980399784812 324.1096820437229 528.655798667173 493.08449950639545 3.0074 3.0141 6.0193 16.62198726113931 35.93970098174841 -6.7457 -1.8587980939027253 0
CAR 0.0 0 2.971445566476386 1401.6967658313665 230.10475284641024 1599.2885973016012 358.43846168704243 1.5329 1.947 4.1625 27.801125920796878 -28.14385542254798 -6.1782 1.5933728930092512 0
CAR 0.0 0 -1.3966236757773747 117.86953346365787 396.20138835471624 327.74159884361944 496.3573360276482 1.5121 1.9339 4.1099 13.241224989345731 38.15296494745317 -7.6011 -1.8619935011827247 0
VAN 0.0 0 -1.725622471257229 1299.6138182030256 390.6211713554403 1703.9174222521797 770.965966401236 3.123 2.9994 5.9995 18.127779621714463 7.710157194341907 -4.9167 -2.9417688909331936 0
TRUCK 0.0 0 -1.6644295379364766 1758.2737977220863 271.75659591144023 1900.692914642688 393.2490903407873 3.3377 3.0755 3.0748 54.00053872585804 8.5042418369962 -5.9795 -3.056749720137021 0
PEDESTRIAN 0.0 0 3.0103256497100492 619.2861789359316 127.47733650413237 661.9192378436403 202.13574466951172 1.8579 0.9295 0.9471 41.46399949028052 -9.04929967627041 -6.0836 1.6907205764568618 0
TRAILER 0.0 0 -1.6092934139898603 108.17751815978869 -38.392952976160146 323.11346624417473 104.0364318395593 4.1862 3.2286 10.2919 60.55293773537356 9.074386929542937 -4.2942 -3.0546696358970173 0
CAR 0.0 0 -1.8626097560968462 1051.0047089671245 557.6892346932837 1330.0322254342311 788.3175343996735 1.5588 1.9734 4.1783 15.463690509049261 10.973242574938816 -6.5613 -2.924246234697571 0
CAR 0.0 0 1.295649499434421 337.39053446750967 77.08817764798495 428.9238975517382 140.1479379313736 1.7237 2.0206 4.126 57.87336215444698 2.7358666471222315 -6.818 -0.0016624063706126631 0
CAR 0.0 0 -1.6911544496644428 1609.0788598819681 351.54518396327325 1734.5370807514919 443.61894064022147 1.5556 1.8854 4.2176 39.542378102068255 10.14324326921635 -6.2649 -3.0297518354763664 0
CAR 0.0 0 -1.6445356991213356 1693.1558508591563 268.03368958533974 1774.1938177999134 323.54195410032816 1.5712 1.8019 4.16 60.72951336955927 12.685747318805044 -5.809 -3.046891861113615 0
CAR 0.0 0 -1.7117670438103396 1358.7926026119615 402.66941175338076 1519.2541698192852 532.3798669970289 1.7282 1.6724 4.4604 28.628112578910038 12.387732720897082 -6.4626 -2.9706858680711745 0
