CAR 0.0 0 4.376616847046652 1560.1969322865054 325.1682441630598 1650.2600790340332 410.9689659117016 1.7 2.0096 4.0382 46.70257964427933 12.179448622837759 -6.8888 3.0305542597368387 0
BUS 0.0 0 1.3652263349030243 390.95840394090516 5.7710546900799295 512.6966443328146 125.02001126293486 3.8144 4.294 14.4415 72.48773429505266 -2.7591223608949846 -6.7673 -0.07055447025630554 0
BICYCLE 0.0 0 4.274731139497652 830.0428297498864 180.7717569046967 881.7660448994526 265.4293454644168 1.7142 0.8998 1.2689 31.37777191225892 -10.42896154715354 -6.5743 2.9581103363184718 0
CAR 0.0 0 1.0291841795933285 -909.8231815542009 363.4048964153234 -367.57228870234206 655.9897989353576 1.5496 1.899 4.5119 20.435000200849775 11.12194584431915 -6.1851 1.9139376199638387 0
CAR 0.0 0 2.7137969600965413 1333.8906640763378 201.11580512131366 1531.232846396618 313.9722878564644 1.5683 1.9824 4.1753 24.968343340679432 -22.73730722650038 -6.7242 1.3196352731250365 0
CAR 0.0 0 3.303065312096515 907.0569759627333 677.21963383533 1198.247096937052 1045.8341766094309 1.5716 1.9048 4.1778 13.983095027056685 19.513446418208588 -6.8777 2.407333032381705 0
VAN 0.0 0 4.4686824532986575 1701.1462561704095 328.59124564602166 1845.0741357765705 447.5522277712454 1.9963 2.2756 5.9988 45.14241373533827 7.968853206408126 -6.704 3.112194976680202 0
CAR 0.0 0 1.5102580086039017 -58716.65939403321 -8329.869672144743 22157.32272084186 15421.674407519928 1.651 1.9856 4.1758 5.936059760811095 23.091882874487652 -6.9778 2.8251051844455537 0
CAR 0.0 0 1.2271062032345175 360.25132455940565 86.67510632478435 424.034416510808 146.17665863714188 1.515 1.9112 4.1456 56.72071035057482 0.039494003573674386 -7.135 -0.05687467264143218 0
CAR 0.0 0 1.5003104809878596 -2359.6094195698893 722.0805509668855 -954.7368587392584 1383.701616375817 1.7 1.9258 4.0952 13.515522585555868 13.03215139314765 -6.9836 2.483898526781864 0
CAR 0.0 0 2.76332716944057 2943.0397241204355 192.74520964350472 3349.9933352449348 301.5003428877546 1.6094 1.8776 4.9449 10.6417 -67.292 -6.2139 1.2702755213330557 0
