CAR 0.0 0 2.9237492335266078 1187.3309983589563 195.22826547021376 1330.9050443034112 313.01990482208686 1.7 1.937 4.0135 31.495606386144782 -24.144035950143603 -6.2264 1.5510382525586681 0
CAR 0.0 0 -1.2144341669127658 238.5086865723471 458.0026094906955 490.7565093242829 604.7778786557192 1.7 1.9714 4.0628 11.98432558106526 28.161469226214756 -7.4038 -1.8201623861801035 0
CAR 0.0 0 -1.0470638326400823 426.87952726376045 455.3830003361662 625.2812208603574 573.9995828551919 1.4656 1.3758 3.7786 14.849996587251779 26.833766798739706 -7.4477 -1.8465701910156123 0
VAN 0.0 0 -1.019084052595156 257.51293049485133 325.695236990927 548.8210703347313 496.03267778184573 3.0074 3.0141 6.0193 16.852450041819903 35.31494498052952 -6.7457 -1.8040050303749324 0
TRAILER 0.0 0 0.05013416957246064 3183.422460703345 142.67175625259824 5296.055529806678 656.5755014177416 4.1862 3.2286 10.2919 16.443992877800106 -60.42957304717625 -4.2942 -1.4315679485436985 0
CAR 0.0 0 2.9204480043469383 1405.6399416253016 277.1332387055424 1635.0975196819345 438.9661727557153 1.7 1.9624 4.2616 24.51183581112703 -26.960416327721102 -6.4566 1.5798550217274272 0
MOTORCYCLE 0.0 0 2.880726751445147 1525.0613551556276 344.70496667738314 1649.8328245093683 479.95990934533376 1.7 0.8106 1.621 21.17332234420998 -26.570379671096884 -6.3809 1.5635222017560881 0
CAR 0.0 0 3.022781958604756 1778.163586245772 306.3144133098256 2111.707919785562 497.66464724891614 1.752 1.7066 4.5021 21.488312131255142 -32.90658070868146 -6.3051 1.6546732152024497 0
CAR 0.0 0 3.0381386731060562 1732.298153202995 281.782730590501 2028.2965792245443 441.5840453284664 1.6356 1.9585 4.5139 24.31363166035396 -34.04348063351732 -6.5383 1.6564487319189027 0
TRUCK 0.0 0 0.03558566873120328 3701.6238848141124 299.73767717144483 4592.7473396447 583.8335724290283 3.3072 3.0001 3.4972 16.57864488452154 -65.98774260710562 -5.7424 -1.4301053464269944 0
CAR 0.0 0 1.784651923659134 1264.1821390402279 -329.4446114601707 1348.7648531380717 -267.63885184651855 1.7479 2.1574 4.4141 -67.4879 8.6671 -7.1261 -0.010319424834180245 0
CAR 0.0 0 3.015098686731065 2107.5063459362163 303.63788333192605 2492.490976726245 471.25705251181324 1.5888 1.9932 4.2218 21.830645552638845 -40.004510611943836 -6.2836 1.6104035849024376 0
