VAN 0.0 0 -0.04049465341862901 1142.2136913768645 203.33777201698624 1265.712802088543 278.95502399938835 3.0887 3.0353 7.0662 62.438591200275184 37.76018389034598 -5.5641 -1.4149697506383534 0
CAR 0.0 0 -0.27225605838530686 1766.5892646729458 468.99049591609145 2313.717314335469 807.0436390526258 1.661 1.8473 4.112 12.869447501038074 -26.442649960341413 -5.6812 -1.540480464351448 0
CAR 0.0 0 3.0232653021107265 1354.476711829374 193.10147018232863 1519.128175722737 308.1870591800878 1.7 1.937 4.0135 31.75570477479306 -28.535525999810567 -6.2264 1.6242341597410155 0
CAR 0.0 0 -1.2501102522822163 200.8169031630989 428.5559705767655 435.53599393135255 558.3407329179216 1.7 1.9714 4.0628 12.607221925818038 31.507667839739646 -7.4038 -1.826574111919186 0
CAR 0.0 0 -1.070142573319762 383.1623701353226 439.9375546526576 576.7499710399769 551.4007078072838 1.4656 1.3758 3.7786 14.957648033051822 28.82784880792276 -7.4477 -1.8424388529812492 0
VAN 0.0 0 -1.0438999524371126 244.0668823203298 322.58669109007093 532.9415840793508 489.9311397661217 3.0074 3.0141 6.0193 16.858610737542826 36.09426061960618 -6.7457 -1.8157902456131392 0
CAR 0.0 0 2.977107715780577 1400.7671041831486 231.0627112504009 1598.8857963605324 359.9451006440162 1.5329 1.947 4.1625 27.70833057547086 -28.083557116008173 -6.1782 1.5999076178923881 0
CAR 0.0 0 -1.360417654164332 115.33806490340098 394.9526811277639 324.52693783137676 494.5224652315114 1.5121 1.9339 4.1099 13.25824363581647 38.36939887695188 -7.6011 -1.8219666918375406 0
TRUCK 0.0 0 -2.6008914396862663 -419.40102378878356 344.78630840225065 126.9266846068097 718.2380927970138 3.3377 3.0755 3.0748 17.207207338635957 -2.900911263794113 -5.9795 -2.3800335965067236 0
PEDESTRIAN 0.0 0 3.128026679225505 613.1900141304354 118.33551853084172 651.1716971979083 196.32767821840093 1.9771 0.7965 0.722 41.4314 -8.8314 -5.8804 1.8006514064715926 0
TRAILER 0.0 0 -3.233926314665654 -886.496649400104 76.873652538085 97.1064412063652 595.8619054179479 4.1862 3.2286 10.2919 21.606922177606833 0.8457526369926578 -4.2942 -2.4239402028162105 0
CAR 0.0 0 -1.4319729347120034 69.70076208661999 341.3353882376186 245.62492316147785 418.57946549841313 1.5206 1.9327 4.0484 15.109593290039555 47.442966446195236 -7.4583 -1.826875486489279 0
CAR 0.0 0 -1.1434463848199243 209.63034168134647 337.19327279848113 374.89649994772924 419.37045409995574 1.7 1.6238 4.0308 17.682920372311866 43.93516390419984 -7.2916 -1.8037533996333603 0
CAR 0.0 0 2.9523689198966503 1402.2319109562275 276.853410987033 1630.8706663928233 438.5465272234081 1.7 1.9624 4.2616 24.53485962357506 -26.897518027475115 -6.4566 1.6121176661405914 0
MOTORCYCLE 0.0 0 2.952004075196469 1544.043187451754 345.19439891720754 1670.860030189898 480.48922358491626 1.7 0.8106 1.621 21.135279927927073 -26.895624848858432 -6.3809 1.632072091436402 0
TRAILER 0.0 0 -0.5181574129933373 1298.74810156564 439.02639478542443 1843.1792637470564 935.0755141084308 2.4731 2.3456 5.5455 13.023374794397661 -21.183660037084483 -5.965 -1.6767038452659233 0
CAR 0.0 0 3.008508285935895 1778.415826118568 302.98851241140517 2108.626448759613 491.93950961614286 1.752 1.7066 4.502 21.705643694942037 -33.0632904210216 -6.3051 1.6383132896588795 0
CAR 0.0 0 -1.6332488436475616 1738.376619636983 328.2980027876819 1873.6825236668205 450.64832806021957 2.5646 2.2507 5.3418 47.032996874732284 7.962127689126158 -6.7852 -2.993462219005152 0
CAR 0.0 0 -1.7060559065820307 1728.8035381133468 416.1955524055394 1873.0214542926299 541.9711684487676 1.6579 1.8216 4.0307 33.619860945914674 6.15786219589077 -6.5644 -3.0186903097170275 0
