CAR 0.0 0 2.704537463313159 1327.072193162026 200.51267669478187 1523.2538735616167 313.1112979999067 1.5683 1.9824 4.1753 25.081112655170767 -22.611086918812877 -6.7242 1.310780564343317 0
VAN 0.0 0 4.311745262311541 1704.868045958689 328.84484491490025 1849.6465523774866 447.93766402227783 1.9963 2.2756 5.9988 45.153378693730474 7.862884397190487 -6.704 2.9549434400728405 0
CAR 0.0 0 2.698551170926086 1378.8422401841324 207.98413274961274 1635.637838300351 349.24635346858565 1.6094 1.8776 4.9449 21.349649046109008 -21.416974965218262 -6.2139 1.3087788871307455 0
PEDESTRIAN 0.0 0 3.124303081062517 635.6128979431089 127.09257554459604 672.5046463642989 194.29015469385047 1.7016 0.7772 0.6957 39.77471110105934 -6.9954610711750185 -6.3348 1.7939184524963823 0
CAR 0.0 0 -1.1013560088554506 197.230729756153 429.7204712233594 417.39854507649073 554.8457429015247 1.5083 1.8983 4.1522 22.8689 40.2448 -8.1788 -1.665276828536639 0
CAR 0.0 0 1.2815316458974688 403.81284595333415 39.52432385063166 455.2158303793669 86.6432020524618 1.7 1.9602 4.1068 73.86560436336494 -1.9108990779488377 -7.0007 -0.14463527124728018 0
VAN 0.0 0 1.7427292710557394 -22566.015300276835 1102.910781977979 -2658.980945665064 6383.04955179049 2.4175 2.2088 5.2336 9.882940356657384 18.12799452787835 -6.4546 2.9689594783131663 0
CAR 0.0 0 1.7036774138339015 -2687745.9446258405 2156.5916442796956 -5572.66953268947 759606.4235455559 1.7 1.618 4.0482 8.816657450681433 22.015270405811048 -7.0709 2.9963607527627105 0
CAR 0.0 0 4.2593858915424505 1513.8599647227854 429.87880557822194 1620.378307119156 554.0606580445774 1.5434 1.7657 3.6986 32.65470592318176 13.775407425045831 -7.228 2.9918583113847093 0
CAR 0.0 0 4.92935442773155 2232.85375006459 -1218.250549503693 3033.713074291345 -709.4976525360044 1.6266 1.8999 4.4696 -10.878851920076775 22.40913350780333 -7.7168 3.0155654836300347 0
CAR 0.0 0 0.5789894973343984 167.45827301382943 216.20802299182432 303.02912471742604 349.77302557952027 1.7 1.9052 4.146 32.03229559899076 3.3577788249884613 -7.0868 -0.12958560023556062 0
