CAR 0.0 0 4.486587525421576 1555.285489932253 325.6543322890143 1645.00553827801 411.76741616249114 1.7 2.0096 4.0382 46.506101176576145 12.33570168610152 -6.8888 3.141592653589793 0
VAN 0.0 0 -0.1888020529666441 1140.573524818808 186.91465547733722 1227.9167935911114 262.22630756386945 3.1128 3.0226 6.773 73.00169359204496 31.296074793213606 -5.828 -1.5736332775196553 0
TRUCK 0.0 0 4.786808772984229 7587.205425718848 -36398.569577646675 106582.54024007694 -1203.1360974635872 3.4115 2.7462 2.4608 4.580748492060727 24.652822991258763 -5.8128 2.928483616621214 0
BUS 0.0 0 1.1556527202231899 342.8435552865134 47.63751635876988 521.4455475345641 238.82984720633013 3.8144 4.294 14.4415 49.95915434246996 -1.0777616751300911 -6.7673 -0.11134157123470652 0
OTHER 0.0 0 4.646777458179706 4027.3172093888275 -2907.7695905180694 8486.201015964116 -952.9889378461077 1.7 1.956 4.407 -0.8043878783485319 22.52391470852002 -6.175 2.794729600275159 0
TRAILER 0.0 0 1.430817652142541 -308479.1771428075 -11554.374418643203 33580.76168306926 123930.46149208763 4.1983 3.0119 9.4432 9.743865505528643 21.977043297152736 -5.5448 2.6036066193810186 0
BICYCLE 0.0 0 4.208793571509647 804.7013905305704 166.13189954409978 853.8848375007617 246.21219042193468 1.7142 0.8998 1.2689 33.48717576400906 -10.384685079787689 -6.5743 2.88090798914154 0
VAN 0.0 0 3.900036600251295 -38114.31464590193 -28672.30895358654 113182.89980084468 11208.182033036053 2.613 2.2684 5.5662 8.375513046227072 16.894122689383252 -5.7562 2.4266810458948656 0
CAR 0.0 0 -1.4254703415132393 230.01147475622497 446.4494210624007 439.34611841663167 569.6238917363526 1.5269 1.9408 4.1155 23.771395217194275 40.499573895079 -8.831 -2.013284002215193 0
CAR 0.0 0 2.599312842158249 743.1625291871323 252.91820412135309 928.8959381816948 425.78044182045653 1.5496 1.899 4.5119 21.48558114423864 -6.769325152088396 -6.1851 1.4105364067107526 0
CAR 0.0 0 2.7655054254911913 1335.6547612089855 199.71924049258567 1532.0852813301485 311.7771564971748 1.5683 1.9824 4.1753 25.105765702561257 -22.894268621801935 -6.7242 1.3699820769311981 0
CAR 0.0 0 2.125018382536885 103.84433919837272 336.27995646781886 304.5334273144025 547.1993119770374 1.5716 1.9048 4.1778 21.612522248727913 2.860627488076263 -6.8777 1.6687289251898052 0
CAR 0.0 0 2.6028420747195438 787.9417956147446 340.7732919912376 1006.8612616928062 550.0754609837203 1.5502 1.9671 4.1367 17.81166754646774 -6.560726309629126 -6.7148 1.4898729197314478 0
VAN 0.0 0 -1.7746430974842171 1697.297630772577 326.7804277521122 1839.1641572062958 444.4031440920625 1.9963 2.2756 5.9988 45.46979615744365 8.038885858969337 -6.704 -3.131880613887544 0
CAR 0.0 0 3.0481759128480452 1605.5979010059932 630.5985090445608 1868.5678830505678 941.0824902963717 1.651 1.9856 4.1758 19.043029050647654 12.545481443869047 -6.9778 1.900531071714921 0
CAR 0.0 0 0.700020828391589 206.99667539317994 191.59657581766913 322.5371749105624 299.96905158737707 1.515 1.9112 4.1456 35.683455660394806 3.0363160352580483 -7.135 -0.13378174889738334 0
