CAR 0.0 0 4.486633169420447 1557.6471467220215 326.07934865115953 1647.8303727115356 412.38586489567325 1.7 2.0096 4.0382 46.45650622550784 12.265496812303427 -6.8888 3.141592653589793 0
VAN 0.0 0 -0.18947128930218926 1131.7062457528568 186.26289324323656 1219.1299713841534 261.1503626452892 3.1128 3.0226 6.773 73.16705887536142 31.8189040861498 -5.828 -1.5736332775196553 0
TRUCK 0.0 0 2.703432462458584 1288.2650366159628 184.9377246473063 1534.4280951012581 418.2372537323885 3.4115 2.7462 2.4608 19.109530250271355 -17.04056816211881 -5.8128 1.3401917289466798 0
CAR 0.0 0 3.427972344760878 932.6112910246906 667.634177021809 1225.8601137118314 1038.074180099881 1.5441 1.9368 4.2225 14.004517804260054 19.22414417224017 -6.7047 2.514684138452422 0
BUS 0.0 0 -1.0058191953174525 400.79195938883026 284.9461516364719 907.3450360214065 605.0119468666297 3.8144 4.294 14.4415 28.141222725074954 33.13075272090911 -6.7673 -2.0134866360982886 0
CAR 0.0 0 1.3652329798861698 -781.2206562152547 475.28677315596906 -178.55991648297157 890.6372190825966 1.7 1.9879 4.7683 16.234204063418254 8.061490294833964 -6.6494 1.947444842750438 0
VAN 0.0 0 2.627306346802408 1576.0986756034392 276.2593088185654 2017.4471740956808 516.7690818861593 2.0943 2.4031 5.4998 14.566047364265376 -21.166696659972647 -6.4152 1.2705953450661915 0
OTHER 0.0 0 2.8413983278472257 2241.0072741832187 275.5790105931558 2683.3284208514146 452.56019524825314 1.7 1.956 4.407 11.191813086153765 -33.84414208292143 -6.175 1.4159194911996411 0
TRAILER 0.0 0 2.7375783091302783 1446.0681776700949 121.8097050882216 2080.542983449677 490.3847439780219 4.1983 3.0119 9.4432 17.581416238458676 -22.769590279110073 -5.5448 1.329468692650961 0
BICYCLE 0.0 0 4.208469617323326 803.9684614961758 166.2211296372044 853.1752988570086 246.3362933784207 1.7142 0.8998 1.2689 33.47938783288556 -10.362721003125124 -6.5743 2.88090798914154 0
MOTORCYCLE 0.0 0 2.5361478440730947 418.22076157320566 117.10088960603761 469.57005397016366 184.21824455299785 1.6462 1.1594 1.9268 45.62822967868328 -1.4206249009322556 -6.7353 1.2913770127670434 0
CAR 0.0 0 -1.7779706291208486 1710.754910728153 346.1547101953245 1826.0374826161792 435.46852951706825 1.5535 1.9759 4.0961 45.29711799913466 7.959707346284299 -6.8684 -3.131880613887544 0
CAR 0.0 0 2.7721356757647397 620.4821109746905 370.0632897046986 825.0612930320233 587.6330906703582 1.458 1.9719 4.1782 17.97469795122492 -3.9462848841875493 -6.9509 1.7834353993536196 0
VAN 0.0 0 2.875693137999029 2542.0317443373783 208.13256465394858 3143.3966554907297 429.0909961398026 2.613 2.2684 5.5662 9.8091 -43.5109 -5.7562 1.4143900797381566 0
CAR 0.0 0 2.8520961588201184 2172.5692051886717 240.88363072611162 2521.817625114857 380.98342710344144 1.651 1.9856 4.1758 14.225 -37.3577 -6.3514 1.4118812971157984 0
CAR 0.0 0 1.1692772784236352 352.7099238081422 105.05556526875671 423.2909201097571 173.32223181461504 1.56 1.9152 4.172 51.5993 0.2389000000000001 -7.1881 -0.0593616965759083 0
CAR 0.0 0 2.8973537524978012 2423.6045250851384 235.02312276997486 2782.294771845274 362.0681709695324 1.5628 1.9342 4.1602 12.9501 -44.6447 -6.3567 1.4398661101541104 0
CAR 0.0 0 -1.4254436925320908 230.03768679366476 446.4592700890998 439.3746241398209 569.6384185246316 1.5269 1.9408 4.1155 23.771 40.4983 -8.831 -2.013284002215193 0
