CAR 0.0 0 4.486587188883979 1555.2663175711964 325.65083347481306 1644.9825886019642 411.762322532096 1.7 2.0096 4.0382 46.50651504541275 12.33627219960935 -6.8888 3.141592653589793 0
VAN 0.0 0 -0.1891392312516973 1137.2416448439305 186.74849205359678 1224.6897130909633 261.9760646910529 3.1128 3.0226 6.773 73.00092315469905 31.47580035757959 -5.828 -1.5736332775196553 0
TRUCK 0.0 0 2.5102674816381465 554.082779799456 197.61685519325718 769.8091020196846 460.9206429994956 3.4115 2.7462 2.4608 21.486604292917093 -3.9234569244047712 -5.8128 1.3925439070314276 0
BUS 0.0 0 -0.4381772078577586 1161.0999828886493 366.5167645303641 1570.432318534367 946.1113746085392 3.8144 4.294 14.4415 24.016098534657843 16.830795563610025 -6.7673 -1.5946076156196498 0
CAR 0.0 0 4.6532881706803275 3945.764205590134 -3104.4424391881234 8601.590526435863 -1001.3656063938072 1.7 1.9879 4.7683 -1.117281130685241 22.91699202310156 -6.6494 2.785202883707716 0
VAN 0.0 0 2.258644328534433 177.45646001127255 336.3165327458328 456.899571915742 678.31852336324 2.0943 2.4031 5.4998 17.763660630342063 1.080890147203645 -6.4152 1.672021073024887 0
OTHER 0.0 0 2.6573325879303895 1226.3375930105256 291.83082487163875 1526.4149822500372 498.6478735960539 1.7 1.956 4.407 16.132873951907158 -13.87732905959603 -6.175 1.3635596136398094 0
TRAILER 0.0 0 2.680400870025987 831.9588614420735 122.43460561659683 1244.6529059074396 533.6853751405715 4.1983 3.0119 9.4432 20.508083483691472 -9.521165021626013 -5.5448 1.3992738763711823 0
BICYCLE 0.0 0 4.209714417733667 805.7304877007879 165.64408441046376 854.8125213565606 245.55745862529486 1.7142 0.8998 1.2689 33.54920163009106 -10.430205764246997 -6.5743 2.88090798914154 0
CAR 0.0 0 -1.7802697376867072 1712.0401691058912 349.9923659235394 1829.5731746228607 441.2985682181658 1.5535 1.9759 4.0961 44.56837185356943 8.015920990163153 -6.8684 -3.131880613887544 0
VAN 0.0 0 2.7371815820877137 1847.0165629660132 220.50725885639 2355.7514684772354 475.4614512361144 2.613 2.2684 5.5662 13.369488991134972 -26.64916473417482 -5.7562 1.327123617138439 0
CAR 0.0 0 2.711426515925649 1591.1455471301524 249.13732342343147 1881.2427344537507 402.82652248497624 1.651 1.9856 4.1758 17.500520281497014 -23.5682723765085 -6.3514 1.3246148345160813 0
CAR 0.0 0 1.3920978293728543 1844.391616193428 239.51147269971386 1907.9516930425991 277.6702034658843 1.56 1.9152 4.172 93.26709143997115 -5.226839985613047 -7.1881 -0.04190840405596502 0
CAR 0.0 0 2.78982259583659 1926.2122563170121 249.1873320485352 2250.034086550726 391.71881486522403 1.5628 1.9342 4.1602 15.534952434296386 -30.99691668899697 -6.3567 1.3700529400743369 0
CAR 0.0 0 -1.4270784962614464 228.0467205662436 445.168025089662 436.9075109383795 567.7215900303386 1.5269 1.9408 4.1155 23.837249417292206 40.63842115353519 -8.831 -2.013284002215193 0
CAR 0.0 0 1.24738714190776 562.6600202012639 -22.23375965768325 600.7757781257665 5.9865710102691105 1.5777 1.9548 4.1609 105.3706394884727 -13.58400512913687 -5.6064 -0.33771358048320094 0
CAR 0.0 0 -0.8923818478763434 624.3866659499778 422.20804749971137 791.7438737030001 545.0133584579602 1.585 1.9239 4.1682 27.306494715561975 32.41349404826056 -8.1024 -1.8680814219296846 0
CAR 0.0 0 2.8146306543250392 2427.86107969382 273.7160576484775 2862.1422772010064 428.0482898990637 1.5006 1.9544 4.3204 10.540762716198529 -38.928512913067436 -6.2434 1.37457573667756 0
CAR 0.0 0 2.7909856789754937 2273.9648499728983 232.74367421023962 2650.562331406156 369.0480231542733 1.5496 1.899 4.5119 13.575746297027846 -40.03791004441074 -6.1851 1.3407232366309791 0
CAR 0.0 0 2.764903984252786 1333.422513623777 200.10314428782442 1529.9274495188408 312.40043836444687 1.5683 1.9824 4.1753 25.080221431641665 -22.80618861802883 -6.7242 1.3699820769311981 0
