VAN 0.0 0 -0.06127730819559707 1151.2955336417124 202.57011044646677 1273.2826235752061 277.323676173764 3.0887 3.0353 7.0662 63.370967723453326 37.79312447674815 -5.5641 -1.437993474107063 0
VAN 0.0 0 -1.672307266967729 1597.8922604726633 303.02335427850096 1743.609796731308 424.66167649349757 2.5061 2.2666 5.3185 43.08958944218663 11.0166190572017 -5.9066 -3.0306989853775987 0
CAR 0.0 0 -1.6721296616634342 1527.032503466595 311.5762063054037 1635.629850452868 387.6491790385192 1.7 1.9666 4.1398 46.590396402735 14.431543385040449 -6.3811 -3.026287921955298 0
BUS 0.0 0 1.5585515859410095 402.88826426399123 -8.42329952100651 512.1527941603629 82.63100115370915 3.5244 2.84 10.3328 80.71926881263418 4.890416351617969 -6.2138 0.06357411080289209 0
BICYCLE 0.0 0 -1.646127350861641 863.7464886598884 208.19443000304025 891.8259422372072 281.8240790735335 1.455 0.6025 0.8913 32.523658735487665 -15.450382908846901 -6.2896 -2.945145701233959 0
CAR 0.0 0 -1.655500214254229 1778.2433247516226 330.61081101129133 1896.3517092243303 424.1326888570045 1.661 1.8473 4.112 42.44007188943029 6.802652963510216 -5.6812 -3.024933764412508 0
CAR 0.0 0 3.0130185498181774 1337.9371293860172 191.64935479916284 1499.505152644144 306.1250852320323 1.7 1.937 4.0135 31.933460254564828 -28.168645934788113 -6.2264 1.6149400059223493 0
CAR 0.0 0 -1.203462850077158 210.09296654044428 429.2435827436135 444.48369730626877 559.3592557513688 1.7 1.9714 4.0628 12.711292575160424 31.296953996076954 -7.4038 -1.7921101297431838 0
CAR 0.0 0 3.342614391189887 1247.0444538062022 594.9993258330115 1547.1820289279067 890.1323986610199 1.6434 1.7018 4.5628 14.743064056761204 7.6532475141382506 -6.2183 2.253205367771153 0
CAR 0.0 0 -1.0294800622337075 393.15219071949974 438.150010590821 584.843502028689 548.7193312959115 1.4656 1.3758 3.7786 15.188889451559621 28.83957978161837 -7.4477 -1.8133342874298124 0
CAR 0.0 0 1.3854020029838285 367.45286065596974 53.43238860347997 444.4082944827449 109.19981822751247 1.7 1.8295 4.0434 63.29167086836373 3.241412897777469 -6.4708 0.010344369525566144 0
VAN 0.0 0 -1.0733782984585538 239.91650690988746 324.13388156853205 531.285941732591 493.09728440238246 3.0074 3.0141 6.0193 16.67045363001019 35.885922702842635 -6.7457 -1.8387304466647745 0
CAR 0.0 0 5.006458864416194 1253.9264550407963 -460.188135145088 1363.063035783485 -370.3400735293387 1.5029 1.9094 4.1841 -48.73602246037403 2.0893302230657067 -7.9847 3.129067075297349 0
CAR 0.0 0 -1.2534580488247877 1515.140052711453 -638.1706547284956 1749.612676725688 -441.45786604511716 2.0674 2.0854 4.1222 -31.23112538578055 2.9080990179181962 -7.0917 -3.141592653589793 0
