VAN 0.0 0 -0.03536639095066163 1147.8892664238667 202.70763927940664 1270.239860500794 277.63957183403375 3.0887 3.0353 7.0662 63.124396852120604 37.846697011741014 -5.5641 -1.4114024759719594 0
TRAILER 0.0 0 4.466720235956962 -25749.45760396751 -66058.14571457644 298963.1091752761 9075.665599763417 3.3784 3.4486 11.6024 7.3607891441002335 9.422013833224609 -5.4833 2.7091486431749594 0
VAN 0.0 0 -1.7069874494494948 1600.2249624460992 302.09209475780494 1745.0640459499728 422.9128848372982 2.5061 2.2666 5.3185 43.371904774239326 11.028497832188872 -5.9066 -3.0663557118638796 0
TRUCK 0.0 0 1.2060621102533435 -552875.5012060597 -4666.188926053658 26649.53444366172 161500.56339810544 3.5225 3.6418 4.7722 3.0646734055063978 13.71496118972483 -5.4368 2.481279655339955 0
CAR 0.0 0 -1.7477878583364443 1532.5285923991194 312.5779809733013 1641.4939677355478 389.1257756702488 1.7 1.9666 4.1398 46.474892480928396 14.221498415508682 -6.3811 -3.1019631316146827 0
BUS 0.0 0 1.3549121781106943 293.35012984718736 60.5567450902999 498.0593237075276 236.84949612754502 3.5244 2.84 10.3328 46.257160853725864 -1.3118380549625481 -6.2138 0.12358327158684375 0
BICYCLE 0.0 0 -1.147010553438122 809.1225014317854 174.4276348758672 834.2416445687119 240.2798113111568 1.455 0.6025 0.8913 36.680402260432466 -14.184999151633187 -6.2896 -2.470962799178619 0
CAR 0.0 0 -1.722985640462003 1783.5600010053026 329.80353294720834 1900.9656242677697 422.8065917554244 1.661 1.8473 4.112 42.721775158705 6.723695922812513 -5.6812 -3.093492692234448 0
MOTORCYCLE 0.0 0 -1.7221253126800415 1511.2712016329513 342.43854160694264 1563.0222227514685 411.59226745960626 1.7 0.7138 1.6517 41.13879916149475 14.16850150086935 -6.5238 -3.0527780599336807 0
CAR 0.0 0 2.9524459448236433 1347.1174475174007 192.85523753737286 1510.6477590690315 307.88019578523733 1.7 1.937 4.0135 31.785600000000002 -28.3542 -6.2264 1.554161860999463 0
CAR 0.0 0 1.398653633365614 -781.1623470775583 440.41950700465515 -294.3857364133741 690.7529429993714 1.4668 1.6524 3.5756 17.444467784576833 1.8728364468971714 -6.3814 2.147516822004767 0
CAR 0.0 0 -1.1863571137808964 212.15559941763254 428.79398358299113 446.0432848724877 558.6410330901149 1.7 1.9714 4.0628 12.759400212546586 31.312601006799625 -7.4038 -1.7780935580836401 0
VAN 0.0 0 1.2983389633313474 -4611.207602806924 675.8056745412565 -1286.8794335440737 1801.7392338886596 2.5358 2.0016 5.2596 8.946141869747697 4.23532029501788 -5.713 2.4380586597119236 0
CAR 0.0 0 2.8750902003149252 931.0953242722235 270.67520355994463 1061.6488309991423 443.1391112254025 1.6434 1.7018 4.5628 24.22681248133542 -17.057939853115062 -6.2183 1.6467214933390466 0
CAR 0.0 0 2.2794439586954476 -24.12549831465497 438.43229047234064 297.85035125601416 698.9899198156958 1.4475 1.6209 3.887 16.723138415065367 -6.059672685643237 -6.2681 2.0189223194371135 0
VAN 0.0 0 -1.1531109618963677 251.63483859996074 351.39884727675155 392.7633428808125 431.8469689809743 1.7 1.5386 3.3297 17.944761628570205 42.67561213520997 -7.5647 -1.8436813340996476 0
CAR 0.0 0 -1.1175853895505625 379.2271328717896 425.18915405323304 564.7347245501661 529.8258707968074 1.4656 1.3758 3.7786 15.636813171081721 30.30428082763705 -7.4477 -1.899982427420929 0
CAR 0.0 0 2.6368159427070412 282.58202078186395 317.43853620628744 488.8666550711203 517.9158974889576 1.7252 1.6916 4.1704 22.14478186407123 -7.357742066195423 -6.4195 1.8759190557994774 0
CAR 0.0 0 2.8034738395387087 977.2785807129868 360.7609061189084 1127.9795735164016 535.0686566418832 1.3809 1.6884 3.6526 20.67333534340117 -17.50874621842535 -6.5568 1.634448149996985 0
CAR 0.0 0 0.5863336895853225 112.75555126930934 200.0534748067025 293.5284045030019 324.74646068427023 1.7 1.8295 4.0434 32.185046520703494 -0.6538859041078136 -6.4708 -0.08755965393688013 0
