VAN 0.0 0 2.6492371605780782 2196.6328787615807 270.10458597081174 2745.0066455826354 490.9738513737778 2.0943 2.4031 5.4998 11.155404562885028 -33.9905 -6.4153 1.2290361204144005 0
CAR 0.0 0 -1.6181270302547561 337.2062001269441 551.8699807854183 617.2785720410817 766.4838269873085 1.7 1.9463 4.1292 17.373299926846418 30.466580113043563 -8.0915 -2.2538824274090894 0
CAR 0.0 0 4.461406338961595 1561.5245572683125 327.14812203762347 1652.639488964934 413.9667346731749 1.7 2.0096 4.0382 46.2951 12.1536 -6.8888 3.11655435550722 0
VAN 0.0 0 -0.3304816039095446 1147.0123217535074 187.3324082266689 1234.242638416625 262.89941002822195 3.1128 3.0226 6.773 72.9264 30.9305 -5.828 -1.7158531596828857 0
TRUCK 0.0 0 -1.5944248223789272 72.16246085136055 263.1874715407988 251.82806608392642 417.08419056555556 3.8081 2.9722 2.9156 29.442780980363807 53.147235586292716 -7.0351 -2.0473228625974484 0
CAR 0.0 0 -4.101716551763088 -42590.13524317254 -9038.884486107665 20549.66818189089 13605.945021921694 1.7 1.8429 4.4747 5.22019778328127 22.821424219295398 -8.0644 -2.835582519880901 0
VAN 0.0 0 -1.2814109683281236 329.29875890022873 348.5525225420225 592.4304226122986 525.4266801478457 2.7252 2.5328 6.0568 26.80173153682842 39.11214743834166 -7.5934 -2.1046222406983297 0
CAR 0.0 0 2.676432703981537 1566.249559769906 307.93285511098367 1934.9086101883381 512.17636324145 1.7 1.9879 4.7683 14.6432 -20.4419 -6.6494 1.333552304766139 0
BUS 0.0 0 2.0645825095017996 36.44432823200054 126.58230646951102 411.3787227284571 567.283870139908 3.6974 3.5688 12.6738 25.466020284288106 2.1265452172267967 -5.9176 1.3768735764903348 0
CAR 0.0 0 2.733526666475968 1475.4982735254846 190.7355220995354 1702.3215942222178 310.86619476795556 1.7 1.967 4.5895 23.93790191106247 -26.538296716269336 -6.577 1.317956906484731 0
CAR 0.0 0 -2.7707959418513073 -1581.0406521589598 740.5812614015831 -560.9273922884446 1351.6698515127068 1.6227 1.9598 4.2128 13.078018764619674 10.397716625839811 -7.5208 -2.000954485858571 0
TRUCK 0.0 0 -0.5177866686015387 1700.0496857743237 350.5844472191258 2384.775699198752 911.4262069189533 4.7316 3.5763 2.8352 7.596702495451758 -15.728033472646711 -6.2046 -1.7951648611073427 0
TRAILER 0.0 0 -0.7635235317009545 818.5505629214309 243.81232450747737 2497.2458865268277 1768.3928968666103 4.6414 3.6368 14.786 9.53483209582211 -7.096297493720048 -6.1579 -1.7976519154382036 0
TRUCK 0.0 0 2.6477283540539385 1766.5854909104823 181.49254563610089 2052.9114330426737 399.8012225243985 3.4115 2.7462 2.4608 16.746 -27.213396866194135 -5.8128 1.2258169406910011 0
CAR 0.0 0 2.6736791622293157 1463.3224305173178 275.6438936735956 1738.6310273624115 431.53048117316064 1.5441 1.9368 4.2225 17.8426 -20.5992 -6.7047 1.3186377821279618 0
BUS 0.0 0 -1.1458251463076232 276.3678408108657 247.9529883972602 733.9530768674942 480.35132589926343 3.8144 4.294 14.4415 32.9921 41.8438 -6.7673 -2.120489226164379 0
CAR 0.0 0 2.1557990331519776 1014.6220771538931 369.167083051453 1146.3739729035851 481.1149780883718 1.5576 1.9781 4.7888 33.19387288403606 25.04402255157372 -7.1594 0.9572483201475798 0
CAR 0.0 0 2.5871590448159747 1152.4197943620716 206.37371618312125 1334.5943439042267 333.6430546730079 1.7 1.7559 4.4079 25.363195205901018 -17.648837234095126 -6.7373 1.2285587300409573 0
VAN 0.0 0 2.9792370552434235 2741.1411483420497 198.78489792172348 3390.4746018199426 402.02631772544936 2.3829 2.6598 6.0028 8.731988742246413 -49.98140805121857 -5.6352 1.5041920817351715 0
CAR 0.0 0 2.648353295456025 1883.3982827210252 307.9785059979623 2260.0115879276077 482.0011131288074 1.5135 1.9357 4.3357 13.268213756062856 -26.6938 -6.6523 1.2644279727318088 0
OTHER 0.0 0 2.8919748992683934 2519.7935504964366 264.0078452834447 2979.933227378398 427.7684706073101 1.7 1.956 4.407 9.938308608461119 -41.14653632477963 -6.175 1.4450837886021748 0
