VAN 0.0 0 -0.01668080786693138 1146.5531224819824 202.26521908600589 1268.3767090148165 276.7882131011149 3.0887 3.0353 7.0662 63.37714120726619 38.08681873293017 -5.5641 -1.3929679825469414 0
TRAILER 0.0 0 3.0962134502240444 1854.0033679812389 143.47780919392952 2660.7981383070282 478.8486209493955 3.3784 3.4486 11.6024 25.415664996944002 -40.96915011861217 -5.4833 1.6575297392573518 0
VAN 0.0 0 -1.6994001241923722 1598.0592612232103 303.3320677276467 1744.0179937920004 425.2315487368475 2.5061 2.2666 5.3185 43.01740058152442 10.992731921146392 -5.9066 -3.0575834777366406 0
TRUCK 0.0 0 3.080130451988392 1721.8107121562875 167.63812368622925 2154.1741222672294 420.72460863953927 3.5225 3.6418 4.7722 25.05091586483875 -35.16708494676517 -5.4368 1.6574552326525247 0
CAR 0.0 0 1.6966059001373834 372.1713177241828 31.340713421042565 445.2298743307968 80.5890120900298 1.6999 1.9706 4.412 71.74363267501654 5.303676884542293 -6.344 0.26028941889446666 0
CAR 0.0 0 -1.6969849585920767 1534.427855212735 310.37327773184234 1642.0698513313184 385.7873454421457 1.7 1.9666 4.1398 47.078559401946315 14.348759401946312 -6.3811 -3.0529654951011866 0
BUS 0.0 0 -0.8078145663760934 331.0984332602767 288.71964300889834 744.5523218748124 497.3589431296919 3.5244 2.84 10.3328 19.750248707227975 32.84736420106506 -6.2138 -1.7626103138235327 0
CAR 0.0 0 2.9489516044120334 1564.2587338017365 315.94650677517524 1860.808957950779 510.97163878142896 1.7885 1.936 4.1812 21.120359890318237 -28.497662647025138 -6.3142 1.613923014294209 0
VAN 0.0 0 3.0616688404021213 2174.6098719610845 215.2694114821803 2848.1431385679166 501.7023735987233 3.0142 2.9998 6.4302 21.56637687234476 -42.79344523314678 -5.5653 1.6301165965656204 0
CAR 0.0 0 3.1460682261246413 2538.734844511304 278.05868679812045 2990.7268227683953 442.4930598822306 1.7728 1.9945 4.2516 22.498681890589392 -50.370953416353366 -6.13 1.7040956439614174 0
CAR 0.0 0 2.9559672759535927 1467.6918932066433 273.8334742164268 1682.6908079227837 434.696064036012 1.7553 1.5689 4.1046 24.52742217176982 -28.055813214894048 -6.4088 1.6052376305312825 0
BICYCLE 0.0 0 -1.5956778296960532 808.2646311084212 172.1551089223674 833.3533544856483 237.91997598833788 1.4549 0.6025 0.8913 36.7522 -14.1642 -6.2465 -2.9220305006185083 0
CAR 0.0 0 3.050778025423421 1886.8265717939955 302.6442362059193 2231.4171719052156 480.0302643420154 1.6332 1.7321 4.4876 21.973939327966498 -35.48931944899756 -6.3283 1.6668272518319063 0
