CAR 0.0 0 2.7325292273615265 1336.5930794597487 202.11624760765952 1534.9915190345707 315.50053664268273 1.5683 1.9824 4.1753 24.8427945759288 -22.72670263116554 -6.7242 1.33882426606999 0
VAN 0.0 0 4.3579694800666875 1702.8455861943469 328.51012070810987 1847.0099064087394 447.37797518057965 1.9963 2.2756 5.9988 45.19020083743829 7.915301192580783 -6.704 3.0012018670575786 0
CAR 0.0 0 2.702965056731675 1388.7358047026842 207.35591498503737 1646.278009791046 348.0212255578443 1.6094 1.8776 4.9449 21.344099875279692 -21.690905300421974 -6.2139 1.3114097922132018 0
PEDESTRIAN 0.0 0 2.7270109906797955 638.5890480455488 127.0705022196582 675.4208826151978 194.2389258717949 1.7016 0.7772 0.6957 39.75989965064649 -7.078001831158125 -6.3348 1.3955368288674803 0
CAR 0.0 0 -1.5469466381279902 246.87964359844096 422.21473044714725 456.29805013936226 542.9253116559611 1.5083 1.8983 4.1522 23.862347754510306 39.951360331995495 -8.1788 -2.18213576590055 0
CAR 0.0 0 -1.2901629503695675 405.9199415602444 424.5738934250604 598.6213538429987 544.3413088659063 1.4958 1.977 4.1388 25.35009999707992 36.83360000075903 -8.1989 -2.09854158769705 0
TRAILER 0.0 0 4.392023630836647 1708.096996444711 206.03339327125397 1867.89197214053 332.7505749373674 3.4934 3.115 10.3352 63.26469941268779 5.0191 -5.0918 2.9686603356601298 0
CAR 0.0 0 -1.6596891428521259 140.67994769130414 381.589415573729 334.8371928215298 481.507280086091 1.508 2.0028 4.001 26.027800076717984 46.1866 -8.2196 -2.1681369818205787 0
TRUCK 0.0 0 4.391394218646928 1725.171275854398 254.6068781007159 1821.5750336537085 337.22110826493576 2.4532 2.2469 1.9737 57.1937 6.1447 -5.6178 2.985525566570448 0
TRAILER 0.0 0 3.61672823834486 530.9054379959138 665.4353293318421 935.7909421868078 1191.9956900067286 2.8877 2.2446 3.2188 11.0338441107711 21.649844275327823 -6.4362 2.926401454352197 0
VAN 0.0 0 2.152625417091214 -111951.44522825824 -35608.67138460349 130672.53513454676 40650.247728062895 2.2938 1.9255 3.2364 7.848826187758916 22.22360409937222 -6.7544 2.9245871458778057 0
VAN 0.0 0 4.223676691077932 1438.5680706578507 350.9599933640159 1521.6032236015055 443.03738536257174 1.7028 1.988 4.1224 43.57588677312392 15.616822757121984 -7.5202 2.913704890552994 0
TRAILER 0.0 0 3.7784208091178506 805.0388900256163 658.4731478586133 1115.9626755006977 1029.370634252398 1.8056 2.105 4.7288 14.984071547339475 20.935079500497174 -7.5445 2.916695320798723 0
