VAN 0.0 0 -0.04066312684241402 1141.628637150504 203.40926216991969 1265.2551498763364 279.1035850053158 3.0887 3.0353 7.0662 62.36401471814006 37.74849081404079 -5.5641 -1.4149697506383534 0
CAR 0.0 0 -3.3289058172461443 -427.145170487456 244.96144550677343 -81.81845846038227 422.2664019222555 1.661 1.8473 4.112 24.43149744359874 3.1436119696147466 -5.6812 -2.6913880161147308 0
CAR 0.0 0 3.023239319115861 1354.6656663144452 193.163362321907 1519.381383699591 308.2798357612374 1.7 1.937 4.0135 31.748142819446375 -28.537590733534106 -6.2264 1.6242341597410155 0
CAR 0.0 0 -1.2506819909484463 200.40493643666426 428.5636192293539 435.16589440530845 558.3553676400447 1.7 1.9714 4.0628 12.601021982092025 31.513054983505505 -7.4038 -1.826574111919186 0
CAR 0.0 0 -1.0704198329297625 382.8876194415406 439.94094224364875 576.5013752983892 551.4071546585867 1.4656 1.3758 3.7786 14.953520966482355 28.831724713520675 -7.4477 -1.8424388529812492 0
VAN 0.0 0 -1.0439416244528883 244.0152804460584 322.56477069423585 532.8676380423499 489.8876776676568 3.0074 3.0141 6.0193 16.859395910026127 36.09909912921526 -6.7457 -1.8157902456131392 0
CAR 0.0 0 2.97705651222174 1400.717998709976 231.11986261768013 1598.8690794415234 360.0349598524616 1.5329 1.947 4.1625 27.702810519150685 -28.08011925395167 -6.1782 1.5999076178923881 0
CAR 0.0 0 -1.3608415593072687 115.09146730518962 394.9384641302178 324.2894723601744 494.50276931374964 1.5121 1.9339 4.1099 13.254807146659468 38.375628134675466 -7.6011 -1.8219666918375406 0
TRUCK 0.0 0 -1.6669408612739023 1721.2675388105397 313.4677523442851 1904.5320150471832 475.2900466681089 3.3377 3.0755 3.0748 41.20993645585198 7.1843327859326624 -5.9795 -3.025703229484277 0
PEDESTRIAN 0.0 0 3.1200362121870295 619.0038232992958 127.54730316531845 661.6634494984012 202.229314874133 1.8579 0.9295 0.9471 41.451042796318035 -9.043115227773098 -6.0836 1.8006514064715926 0
TRAILER 0.0 0 -2.125426999318393 -82.98965061501141 -19.194496793579468 234.54353364487034 172.27163752814315 4.1862 3.2286 10.2919 47.05343968233769 7.824282250944049 -4.2942 -3.0347243942306075 0
CAR 0.0 0 -1.4324159343237404 69.50793463009789 341.40616182075286 245.49559223852538 418.6816926210478 1.5206 1.9327 4.0484 15.101119397707127 47.43236067687549 -7.4583 -1.826875486489279 0
CAR 0.0 0 -1.1444022526123172 209.0541817488625 337.22691898819016 374.38475777428494 419.42253453789715 1.7 1.6238 4.0308 17.668656004457716 43.94023864848262 -7.2916 -1.8037533996333603 0
CAR 0.0 0 2.9523368356241413 1401.773613893866 276.79755572522276 1630.2892112811128 438.4604013686548 1.7 1.9624 4.2616 24.539356771248674 -26.889635661297735 -6.4566 1.6121176661405914 0
MOTORCYCLE 0.0 0 2.9520809463453124 1544.6217767873109 345.21725832338524 1671.5034477678378 480.5160924487101 1.7 0.8106 1.621 21.13369107329675 -26.905313389142382 -6.3809 1.632072091436402 0
TRUCK 0.0 0 -1.258491482597043 1212.9289598101177 -380.97341388371996 1288.9927196977962 -316.5165437766048 1.7 2.1523 2.7864 -62.5969035046628 4.464382397380518 -8.1915 -3.100820223456854 0
TRAILER 0.0 0 4.99289334075993 1243.7945671676293 -442.18654435513037 1400.7657885954904 -324.35889156412617 1.9873 2.3714 8.8966 -54.86946043881973 4.551817160138728 -8.0597 3.141592653589793 0
TRAILER 0.0 0 -3.278026785790956 -384.9527097621381 178.56597736963926 -10.189660987870427 383.7893043153509 2.4731 2.3456 5.5455 29.062882228724717 5.1658097219196115 -5.965 -2.687913384121986 0
CAR 0.0 0 3.041679387657848 2069.4160863315337 294.3766084268568 2448.522896638887 473.7233932219808 1.752 1.7066 4.502 22.133405143730336 -39.511076063147925 -6.3051 1.6383132896588795 0
