CAR 0.0 0 2.7325292282529947 1336.5929150760003 202.11621991930542 1534.9913162582013 315.50049536587426 1.5683 1.9824 4.1753 24.842798671151442 -22.726700644611846 -6.7242 1.33882426606999 0
VAN 0.0 0 4.357969480655027 1702.8456208918476 328.51012644947735 1847.0099516313742 447.37798477867034 1.9963 2.2756 5.9988 45.190200205164835 7.915300292171544 -6.704 3.0012018670575786 0
CAR 0.0 0 2.7029650309831035 1388.735660236195 207.35592401909145 1646.2778543578092 348.0212431995383 1.6094 1.8776 4.9449 21.34409996944465 -21.690901298555488 -6.2139 1.3114097922132018 0
PEDESTRIAN 0.0 0 2.727010972612444 638.5889981250299 127.07050250891814 675.4208336862639 194.23892662615026 1.7016 0.7772 0.6957 39.75989991441154 -7.078000448617237 -6.3348 1.3955368288674803 0
CAR 0.0 0 -1.546945561480747 246.88017899819653 422.21424699202845 456.29823219825465 542.9245716437939 1.5083 1.8983 4.1522 23.862387200325884 39.951390281696405 -8.1788 -2.18213576590055 0
CAR 0.0 0 -1.290162950265003 405.9199416542711 424.5738934084425 598.6213539165132 544.3413088397713 1.4958 1.977 4.1388 25.35009999928461 36.83360000018595 -8.1989 -2.09854158769705 0
TRAILER 0.0 0 4.392023528945864 1708.097275713406 206.03353789924356 1867.8925929451011 332.7509580525878 3.4934 3.115 10.3352 63.26460985445752 5.0191 -5.0918 2.9686603356601298 0
CAR 0.0 0 -1.6596891466871264 140.67994556402218 381.5894159665129 334.8371911661694 481.5072806804206 1.508 2.0028 4.001 26.02780001879521 46.1866 -8.2196 -2.1681369818205787 0
TRUCK 0.0 0 4.391394218646928 1725.171275854398 254.6068781007159 1821.5750336537085 337.22110826493576 2.4532 2.2469 1.9737 57.1937 6.1447 -5.6178 2.985525566570448 0
VAN 0.0 0 3.9319787373579818 995.2327186999054 589.7088495948257 1213.7826007560166 847.4889779232784 1.7028 1.988 4.1224 18.592303037232647 20.229837961965234 -7.5202 2.931158183072937 0
TRAILER 0.0 0 4.8225167052446505 2797.737032323302 -1467.1582317137884 4086.4385604648314 -750.3558646024011 1.8056 2.105 4.7288 -7.051141695659784 25.478387229539035 -7.5445 2.951585955702313 0
CAR 0.0 0 4.2182106628679845 1435.0622208763336 455.9836921207903 1573.3305288126273 630.7905539258797 1.7 1.9526 4.3411 27.124107748917858 15.085596851500338 -6.8415 2.9914358996827604 0
