VAN 0.0 0 -0.06128001750449097 1151.2819292566626 202.57065968207945 1273.2704700213108 277.32493754521147 3.0887 3.0353 7.0662 63.369980894023925 37.79333895132673 -5.5641 -1.437993474107063 0
VAN 0.0 0 -1.6734339335002342 1594.2583597682662 303.93690567225946 1740.9110859994926 426.3941043441115 2.5061 2.2666 5.3185 42.7859667232739 11.033510787148476 -5.9066 -3.0306989853775987 0
CAR 0.0 0 -1.6840144394747107 1502.529600663751 323.583201948966 1618.922305972232 406.02476346447105 1.7 1.9666 4.1398 43.18614588870951 14.088648828640006 -6.3811 -3.0262847080785336 0
BUS 0.0 0 1.6120791145347 436.00419271312137 -24.69981429608401 524.275418557586 49.232934248339 3.5244 2.84 10.3328 96.92622736138645 7.218883682475712 -6.2138 0.06357411080289209 0
BICYCLE 0.0 0 -1.6871660058657452 911.0592140486071 257.8674231817151 945.1910708947538 343.23424933802715 1.455 0.6025 0.8913 27.778210357305973 -16.233881826485398 -6.2896 -2.945145701233959 0
CAR 0.0 0 -1.655323084503042 1780.7864903448212 330.756780691829 1898.8656301527874 424.3465800539074 1.661 1.8473 4.112 42.460244042426645 6.746747882812166 -5.6812 -3.024933764412508 0
CAR 0.0 0 3.0130193752975103 1337.973748227525 191.65416445629694 1499.5495768890046 306.1320832474447 1.7 1.937 4.0135 31.932868452325586 -28.169388604355515 -6.2264 1.6149400059223493 0
CAR 0.0 0 -1.2034448056451366 210.10560745366456 429.24215800616 444.4942035119156 559.3569401224192 1.7 1.9714 4.0628 12.711531882776345 31.296911964109444 -7.4038 -1.7921101297431838 0
CAR 0.0 0 -1.0295000048211422 393.0866884896076 438.1033529544786 584.7572250378721 548.6511200865289 1.4656 1.3758 3.7786 15.190220987694243 28.84488881993994 -7.4477 -1.8133342874298124 0
CAR 0.0 0 1.4746988520794937 405.6974045644883 24.820705601831182 467.0027307504354 69.4329625184226 1.7 1.8295 4.0434 77.17177670540582 5.360923195277087 -6.4708 0.010344369525566149 0
VAN 0.0 0 -1.0396601106478787 238.6647004279354 323.76694823176257 529.7055876867773 492.3730631871857 3.0074 3.0141 6.0193 16.676595335413513 35.972668205648795 -6.7457 -1.8038238616248883 0
CAR 0.0 0 -1.2944549312407754 1204.011485846177 -404.6100776684284 1304.204403112337 -309.1357423155065 2.0674 2.0854 4.1222 -53.26899807974669 1.8264301963619571 -7.0917 -3.141592653589793 0
CAR 0.0 0 4.951954093006458 1421.1133287716327 -411.28033656822674 1560.1059700238482 -319.3941964496801 1.5152 1.971 4.0119 -43.19970116458595 5.938145003309096 -6.0728 3.141592653589793 0
CAR 0.0 0 -1.3049520742813787 1525.0294891747105 -521.8548026967194 1767.7234583952638 -379.6475455581434 1.6185 2.5772 5.2097 -35.73909878612146 6.004042606449037 -6.6119 -3.141592653589793 0
CAR 0.0 0 3.0730378479369027 2352.1071224627613 212.39701035384627 2661.4394554013493 322.245432644801 1.5329 1.947 4.1625 29.495544406711943 -54.07109521574112 -6.1782 1.6079448596805244 0
MOTORCYCLE 0.0 0 -1.8173605098139465 1402.928017061444 425.71279885606157 1470.6160675813624 517.0935273889036 1.6612 0.7676 1.4656 29.2942 12.6915 -6.8051 -3.071714846133773 0
CAR 0.0 0 -1.215650831082013 1636.7444667555517 -770.4801008547976 1922.6576116865867 -556.756179084175 1.5153 1.9251 4.1636 -27.1508 3.002 -7.8343 -3.141592653589793 0
