CAR 0.0 0 2.7813117338405604 1310.6582524007529 202.7872015768785 1506.9258911672853 316.84712183690203 1.5683 1.9824 4.1753 24.9540558126941 -22.017120634561447 -6.7242 1.391616819307995 0
VAN 0.0 0 4.4151092889697034 1700.7559897487833 325.612284816975 1842.3306652125834 442.2717269326388 1.9963 2.2756 5.9988 45.790947485606914 7.902538867059975 -6.704 3.0566068809084705 0
CAR 0.0 0 2.7683893428730286 1378.5094434093912 209.0752168914383 1636.3873622371123 351.1285772409144 1.6094 1.8776 4.9449 21.251338364662804 -21.329881774705104 -6.2139 1.3795353276698106 0
PEDESTRIAN 0.0 0 2.9072898114079004 631.2499744256049 127.24457196008531 668.2489783109 194.52026591344543 1.7016 0.7772 0.6957 39.77393959687918 -6.870915928146422 -6.3348 1.5787143958338035 0
CAR 0.0 0 -1.1305002989172985 199.7044232093374 428.5099384770488 418.8218248939004 552.971289159763 1.5083 1.8983 4.1522 22.972790571539 40.29918070427572 -8.1788 -1.6986471999023898 0
CAR 0.0 0 -0.9253698164847334 379.9185954635701 430.611254226618 579.1377801426694 553.7818468819232 1.4958 1.977 4.1388 24.64511157651975 36.884543686934386 -8.1989 -1.702920799359803 0
TRAILER 0.0 0 4.491043128700911 1695.0227766134205 204.55038035819234 1849.434010871184 329.2773379465385 3.4934 3.115 10.3352 63.82288158495162 5.473536112787465 -5.0918 3.0676513757056805 0
CAR 0.0 0 -1.275590734124552 87.11249122637979 382.30204698991 287.53265413280366 483.02509469848616 1.508 2.0028 4.001 25.359113968028797 47.213396083620665 -8.2196 -1.689088395475315 0
TRUCK 0.0 0 4.4669730358428446 1732.161581379681 256.2243702153969 1830.076308704476 339.73232282985805 2.4532 2.2469 1.9737 56.73574802159471 5.974437385647617 -5.6178 3.061520652592247 0
MOTORCYCLE 0.0 0 2.6797805410606608 1660.917939682642 333.28757791020854 1827.6165446710127 468.9312912845482 1.6332 0.8894 1.834 14.554887594296869 -20.47877639669825 -6.5953 1.33427858066321 0
CAR 0.0 0 2.7925109688684078 2222.333903054335 215.70536137920604 2572.3008845843206 350.9953605269699 1.654 1.8689 4.1757 14.210212356692963 -38.75094985878077 -5.8865 1.3382726402361689 0
