CAR 0.0 0 4.486587484052675 1555.2834394723925 325.6539656428776 1645.0030872351706 411.7668828894107 1.7 2.0096 4.0382 46.506143790197186 12.335762753880209 -6.8888 3.141592653589793 0
VAN 0.0 0 -0.18897448058296207 1138.8599095256648 186.82851339265335 1226.256472794623 262.0962625351928 3.1128 3.0226 6.773 73.00184313573617 31.38860827968061 -5.828 -1.5736332775196553 0
TRUCK 0.0 0 0.9530577619905206 -781.2392420831934 273.7402202566188 -211.00055936898758 643.3608460143848 3.4115 2.7462 2.4608 20.321736321067497 9.65096138402544 -5.8128 1.759316935744902 0
BUS 0.0 0 -0.8323288914822352 -281.254114025538 142.7252999341721 255.0950716204211 601.6586510849329 3.8144 4.294 14.4415 28.558330276173585 5.8484253432359665 -6.7673 -0.9662890849016914 0
VAN 0.0 0 1.3317688216361943 -100428.85570537277 1276.7549241811337 -2749.1079586442156 31140.49288376289 2.0943 2.4031 5.4998 8.38250142705135 16.92497337219979 -6.4152 2.5621389915419943 0
OTHER 0.0 0 1.965564616313011 2.6559532807853103 379.4663317336367 290.1685182415467 689.1657242250567 1.7 1.956 4.407 16.76857375694933 2.7445458914610605 -6.175 1.6602655864788454 0
TRAILER 0.0 0 1.900245203878405 -215.23035808426695 145.1215926145985 287.30622852069826 685.3305899616162 4.1983 3.0119 9.4432 20.975945576547108 3.7720698658503578 -5.5448 1.6611116787798648 0
BICYCLE 0.0 0 4.2092164201397715 805.1769692399714 165.9087336745883 854.31397685079 245.91262072923865 1.7142 0.8998 1.2689 33.51549004042507 -10.405607731523347 -6.5743 2.88090798914154 0
CAR 0.0 0 -1.7803279712087003 1706.7035365012005 349.0002626896349 1823.037445147884 439.84847357688756 1.5535 1.9759 4.0961 44.67094234379184 8.148180341058273 -6.8684 -3.131880613887544 0
VAN 0.0 0 2.6332567018929223 972.8109667961713 232.18720174137772 1297.1765849943924 527.6264359241275 2.613 2.2684 5.5662 17.188016690464618 -9.96579049069273 -5.7562 1.3794834946982688 0
CAR 0.0 0 2.5872010419806637 956.7503030826081 256.45130645784093 1164.6411327627502 424.2861852941117 1.651 1.9856 4.1758 20.70232540359385 -10.665675322207756 -6.3514 1.324614834516081 0
CAR 0.0 0 -1.425922925625624 229.45357271516812 446.0820859492189 438.6518701765162 569.0783465756831 1.5269 1.9408 4.1155 23.79028382395494 40.539180483937905 -8.831 -2.013284002215193 0
CAR 0.0 0 -0.5250985804003345 1165.254285114505 546.5565554110866 1325.6633025347733 739.076768410985 1.585 1.9239 4.1682 23.51189371493207 19.034922998171297 -8.1024 -1.6237180287647368 0
CAR 0.0 0 2.669483007141661 1663.6029138889471 297.5666936759181 2023.796633844599 480.3859999990121 1.5006 1.9544 4.3204 14.020235080804799 -21.698360666426925 -6.2434 1.3047625665977867 0
CAR 0.0 0 2.7269504358524577 1884.564212605932 239.4063291781237 2223.3387835435947 385.77816338220634 1.5496 1.899 4.5119 15.783952356527397 -30.165494046368764 -6.1851 1.3058166515910923 0
CAR 0.0 0 2.7648444399479315 1333.340167553263 200.1633043653793 1529.8836914928197 312.4950515250751 1.5683 1.9824 4.1753 25.07433255835988 -22.79926130493342 -6.7242 1.3699820769311981 0
CAR 0.0 0 2.7767191195100303 1371.8986946264156 284.3079614341299 1630.9623173331875 442.81170756377355 1.5716 1.9048 4.1778 18.380752252123408 -18.754384388192385 -6.8777 1.4418361224305425 0
