VAN 0.0 0 -0.03384193647976752 1150.2955683628763 198.23688678526253 1269.0974055515578 266.1744216132417 2.7763 2.7552 7.2016 63.067914020294594 37.805678455952844 -5.1699 -1.416192480697106 0
CAR 0.0 0 -1.6932638722010156 1484.7542756262742 330.3780119322318 1603.3053612885637 415.02011002112283 1.7 1.9575 4.0881 41.89969395282268 14.18619265728393 -6.4594 -3.02834391244896 0
CAR 0.0 0 -0.8733020123449936 559.3182397090628 421.6958849548993 677.7567973414169 489.63511759033605 0.9948 1.2858 2.4998 18.90003503215205 29.176949509121844 -7.372 -1.8104115818108806 0
PEDESTRIAN 0.0 0 -0.013568268293907115 3385.3306990802253 934.0569111392899 3871.829477573108 1170.71882981089 1.7 0.9483 0.6324 7.0434 -35.0259 -6.4597 -1.3017621272550564 0
TRAILER 0.0 0 2.8859783485893287 982.0062924756159 123.06520480624154 1434.490680239027 694.7285327789567 4.449 3.1064 14.302 22.283077342306974 -19.13134988076563 -5.4278 1.6243547600575807 0
CAR 0.0 0 -1.0335760719468383 348.7705274906859 415.7419985947949 558.3354532376608 528.3528155076772 1.5443 1.9623 4.0978 15.665518321758464 31.153271148269617 -7.4616 -1.8023740043592795 0
TRUCK 0.0 0 2.675957153531691 465.3869251286572 196.57666823016808 730.319067907798 532.1898266598508 4.1117 3.1104 3.5612 21.92537128525894 -10.863295227637161 -5.5624 1.629913446046111 0
PEDESTRIAN 0.0 0 -1.3848785317637802 1120.834451046996 373.7295097209872 1162.3915361970332 445.32308565556 1.7091 0.758 0.7219 30.50906103983724 21.370716396833526 -6.9127 -2.611545737766429 0
PEDESTRIAN 0.0 0 -1.6847651239528214 1153.2394320003625 373.97939456168706 1195.4518809275285 447.67606152009444 1.7376 0.7422 0.7187 30.599089111843828 20.39311241368016 -6.8157 -2.9193361529274826 0
PEDESTRIAN 0.0 0 2.9762148351579274 1152.5996852905396 147.54069821744505 1191.4068208976764 216.82277441213762 1.7 0.7538 0.7055 38.65364651346574 -23.957592512731388 -6.0274 1.5594767795872573 0
CAR 0.0 0 -1.6001403193906567 1714.908253492708 253.7288912296112 1792.4294002268653 303.7322316585298 1.5772 1.9628 4.1479 67.35060511386337 13.151003435876948 -5.7409 -3.013776834973142 0
