CAR 0.0 0 4.344903967638185 1562.111549488787 326.88367946254664 1653.1738785380453 413.5568417716036 1.7 2.0096 4.0382 46.36300126420229 12.133399623904474 -6.8888 2.9997781404841044 0
VAN 0.0 0 -0.19562039454922764 1115.2738304465652 185.0533965814722 1202.8341004245613 259.1557937224963 3.1128 3.0226 6.773 73.47821027373818 32.801334831658956 -5.828 -1.5785158727392246 0
TRUCK 0.0 0 2.6892245808723363 1579.0348328691334 181.4316894456729 1848.9101569540862 404.23665467903936 3.4115 2.7462 2.4608 17.825260522271343 -23.197109271204916 -5.8128 1.2852302956391666 0
CAR 0.0 0 2.19518136133943 187.12077523572853 307.44822647673925 363.4344926231278 502.08515793534286 1.5441 1.9368 4.2225 22.47191395031523 1.9225995941334055 -6.7047 1.5774271130853046 0
BUS 0.0 0 -1.1412370268198484 315.8194619210546 261.2848720632899 793.7905637552543 523.0937937062296 3.8144 4.294 14.4415 31.004968547318363 38.39576896417183 -6.7673 -2.127491551481048 0
CAR 0.0 0 2.47998246912307 758.5764557301007 330.99253947322603 993.2485662790585 568.7018890155971 1.7 1.9879 4.7683 17.69753788148137 -6.1542264553710515 -6.6494 1.3797729182380674 0
CAR 0.0 0 2.635101131560555 1565.549850501505 311.812468567257 1898.2994950285247 493.06269823354756 1.5135 1.9357 4.3357 14.95589494540586 -20.46432488035882 -6.6523 1.2908234282716162 0
VAN 0.0 0 2.7471314549664463 2067.5755644052556 274.33103930738423 2601.2335255116573 502.2414263341365 2.0943 2.4031 5.4998 11.746934748962092 -30.916061405991723 -6.4152 1.3387464737885773 0
TRAILER 0.0 0 2.71485435102036 1711.3014442254846 123.76713482408653 2437.4930727023543 480.52692782832327 4.1983 3.0119 9.4432 15.885569272001744 -28.930437389821286 -5.5448 1.281112685800008 0
BICYCLE 0.0 0 4.006363561043775 802.5681327569679 166.39179759257598 851.8197017430738 246.5736535931381 1.7142 0.8998 1.2689 33.4645 -10.3208 -6.5743 2.679422543851173 0
MOTORCYCLE 0.0 0 2.5488557456006133 671.7979196375395 185.3040912122892 740.5700113347572 274.2750965841212 1.6462 1.1594 1.9268 32.45331998504144 -6.908946307327365 -6.7353 1.2913770127670434 0
CAR 0.0 0 4.413546333579489 1721.1038144350443 328.7996697924858 1828.170512549498 409.16415932576444 1.5535 1.9759 4.0961 49.210110496449204 7.1631694119231195 -6.8684 3.047210286189498 0
OTHER 0.0 0 2.7496184190501562 2483.956956854854 268.0586791590882 2946.44112905096 435.4257647460597 1.7 1.956 4.407 9.986005610360126 -39.84200890858934 -6.175 1.3063805397873736 0
