VAN 0.0 0 -0.03536639354942839 1147.889280223862 202.7076438563616 1270.2398797527462 277.63958064547023 3.0887 3.0353 7.0662 63.124394248105716 37.84669453976865 -5.5641 -1.4114024759719594 0
TRAILER 0.0 0 1.2965463299054738 -10053.510450961914 367.01546057734384 -925.5180860791235 2439.2143609413706 3.3784 3.4486 11.6024 10.857544655499193 7.723076697821047 -5.4833 2.5520636520759536 0
VAN 0.0 0 -1.706987431846999 1600.2250666046561 302.0920882067319 1745.0641392661994 422.91287158105905 2.5061 2.2666 5.3185 43.37190872362517 11.028496038914177 -5.9066 -3.0663557118638796 0
TRUCK 0.0 0 1.144398735759301 -31080.063270793584 962.0848872619011 -3370.36814914056 5197.511632010547 3.5225 3.6418 4.7722 5.970756022183091 11.46609063694813 -5.4368 2.481279655339955 0
CAR 0.0 0 -1.7477878771687614 1532.5285725756708 312.5780039491677 1641.493961715012 389.12581049554785 1.7 1.9666 4.1398 46.47488626093964 14.22149710477264 -6.3811 -3.1019631316146827 0
BUS 0.0 0 1.2059884390707971 271.35602412349897 75.65986233161419 498.6838419083223 273.915037444522 3.5244 2.84 10.3328 42.09593643942749 -2.1779979922111625 -6.2138 0.036301044908802704 0
BICYCLE 0.0 0 -1.147010544110263 809.1224743049784 174.4276212509003 834.2416162562082 240.27979458805078 1.455 0.6025 0.8913 36.680404130326146 -14.184998449840158 -6.2896 -2.470962799178619 0
CAR 0.0 0 -1.7229857002653104 1783.560006414957 329.8036283774837 1900.965684460375 422.80674375193655 1.661 1.8473 4.112 42.721754609282996 6.723692550047675 -5.6812 -3.093492692234448 0
MOTORCYCLE 0.0 0 -1.7221253187251826 1511.2711515893038 342.4385394250057 1563.022172610435 411.59226478635895 1.7 0.7138 1.6517 41.1387984678594 14.168502742431095 -6.5238 -3.0527780599336807 0
CAR 0.0 0 2.9524459448236433 1347.1174475174007 192.85523753737286 1510.6477590690315 307.88019578523733 1.7 1.937 4.0135 31.785600000000002 -28.3542 -6.2264 1.554161860999463 0
CAR 0.0 0 1.734530764220569 -343.9026632278316 390.496629870403 6.669408674583372 604.1342050179187 1.4668 1.6524 3.5756 19.26301226288435 -1.0428035052209577 -6.3814 2.04285170630315 0
CAR 0.0 0 -1.18635711953608 212.15559163460566 428.793976682804 446.04327285566706 558.641022322573 1.7 1.9714 4.0628 12.759400388371189 31.312601839653002 -7.4038 -1.7780935580836401 0
VAN 0.0 0 1.5317755280985477 -1911.6476308767647 515.5248507163126 -469.073352437853 1226.5406608494968 2.5358 2.0016 5.2596 11.492849621557633 0.1282724805706179 -5.713 2.4380586597119236 0
CAR 0.0 0 2.888689945522991 1136.5050233689562 265.3504856108329 1307.2765333230532 431.8351529396934 1.6434 1.7018 4.5628 24.553075825674444 -21.23442163720522 -6.2183 1.5943775651179566 0
CAR 0.0 0 2.8464685896457667 474.8552726293316 386.6567938348521 656.4044935460806 605.2836011741659 1.4475 1.6209 3.887 18.58259505616414 -10.696259755884457 -6.2681 1.9840063171713263 0
VAN 0.0 0 -1.176902508004566 226.98094872962318 338.1974594001723 362.19081665104335 413.4548809384209 1.7 1.5386 3.3297 18.468616760722117 45.65437236377143 -7.5647 -1.8436813340996476 0
CAR 0.0 0 -1.1017009026846454 368.4862136770918 415.48993326846215 549.3422666405299 515.7895146554333 1.4656 1.3758 3.7786 15.989436933699071 31.483472785045308 -7.4477 -1.882531790964794 0
CAR 0.0 0 3.104116360778047 578.7919883347814 299.1771820815649 717.4055952845927 484.58546891884413 1.7252 1.6916 4.1704 23.175694636856992 -11.275568875404376 -6.4195 2.068769281932006 0
CAR 0.0 0 2.8609966833427265 1251.2109051212094 349.6513111681247 1448.3517139807152 515.1861158549261 1.3809 1.6884 3.6526 21.10317978372935 -22.42823018363931 -6.5568 1.5995415649570985 0
CAR 0.0 0 0.10622073450728699 -49.102381380460514 234.72486802458204 178.5159792946684 379.90119149414625 1.7 1.8295 4.0434 28.69263221557204 0.5532004333550158 -6.4708 -0.12246623897676671 0
