VAN 0.0 0 -0.016694251870702947 1146.3699778637902 202.25039060806694 1268.1831158430246 276.7615416432874 3.0887 3.0353 7.0662 63.37953920529263 38.099547583527155 -5.5641 -1.3929679825469414 0
TRAILER 0.0 0 3.0961117495938653 1849.8442896399042 143.18182699932393 2653.218319092696 478.01828946034226 3.3784 3.4486 11.6024 25.45469805322132 -40.88948221158097 -5.4833 1.6575297392573518 0
VAN 0.0 0 -1.699910422503411 1590.711700475288 302.7969942219679 1736.629225396153 424.32142558296135 2.5061 2.2666 5.3185 42.98649590776872 11.18442418566227 -5.9066 -3.0575834777366406 0
TRUCK 0.0 0 3.07950616431458 1720.2352135399906 168.3110226829268 2153.6151306022502 422.24452232808204 3.5225 3.6418 4.7722 24.976662000453178 -35.08260474855082 -5.4368 1.6574552326525247 0
CAR 0.0 0 1.9534461298815242 355.33626954042074 159.16684699880298 492.5903377826047 267.279002680329 1.6999 1.9706 4.412 36.581901471267216 -4.284040274598044 -6.344 0.841724706797516 0
MOTORCYCLE 0.0 0 -1.746088819305295 1514.5697220410366 342.58235845018214 1566.3271561677018 411.76846965190515 1.7 0.7138 1.6517 41.1845 14.0867 -6.5238 -3.077139203314816 0
CAR 0.0 0 -1.6969800415125844 1534.3530269975295 310.3524570684232 1641.985923409852 385.7564483409791 1.7 1.9666 4.1398 47.0820162134067 14.352216213406699 -6.3811 -3.0529654951011866 0
TRUCK 0.0 0 -3.3515172453760664 -45096.575030265616 -7178.749277383875 29067.744177738878 18717.81401441406 3.7838 2.9175 2.9276 1.825911792735067 7.4586900715061315 -5.8292 -2.2512869058374996 0
BUS 0.0 0 -0.8182028277432927 314.1397887912796 285.7110868668313 724.6024820834676 489.7921836478715 3.5244 2.84 10.3328 19.775740923586326 33.7646362708085 -6.2138 -1.7626103138235327 0
CAR 0.0 0 2.953236451939686 1589.1832437823239 315.0498777199639 1890.064798807789 509.1514596356135 1.7885 1.936 4.1812 21.161673438468416 -28.999071220924947 -6.3142 1.613923014294209 0
TRAILER 0.0 0 -3.3165051093762994 -114302.22122408947 -4878.422626650339 27605.051749048387 35978.95189819135 4.0038 3.0233 11.3683 6.334933395796733 14.730095088205655 -5.939799999999999 -2.1151560525729165 0
VAN 0.0 0 3.0618575853839234 2175.3094510621427 215.0228912213954 2848.3112925270907 501.09165375475095 3.0142 2.9998 6.4302 21.588118261738906 -42.83102177041501 -5.5653 1.6301165965656204 0
PEDESTRIAN 0.0 0 3.0397255708139213 1217.815146937861 344.47773139669454 1252.074610595568 408.2887357458898 1.7 0.5372 0.8386 35.72044595233632 21.349062300280988 -6.7322 1.7645325550078208 0
PEDESTRIAN 0.0 0 3.0181089758493065 1119.485699164684 325.6689266228709 1157.9408788362218 387.49844223003737 1.7 0.74 0.9001 35.59881680339912 24.72455673300282 -6.5499 1.7505168928616632 0
CAR 0.0 0 3.1461621585119364 2537.6740051499523 277.7180793336402 2988.977365612492 441.9377913115636 1.7728 1.9945 4.2516 22.524954071285215 -50.38080711820999 -6.13 1.7040956439614174 0
PEDESTRIAN 0.0 0 3.0618751082504994 1338.4536430851688 350.057587951758 1373.0404879072405 417.37480057824905 1.7 0.491 0.746 35.713 17.5232 -6.427 1.7666769358870078 0
PEDESTRIAN 0.0 0 3.0356419341720007 1197.760148241931 324.9553829605053 1229.1321570511411 387.13920108311453 1.7 0.5608 0.655 35.8973 22.2318 -6.2667 1.7500539681940235 0
CAR 0.0 0 2.9592914741229883 1488.4403410943582 273.501798212416 1706.8862012123584 433.9376542061497 1.7553 1.5689 4.1046 24.543804208323525 -28.508508240562257 -6.4088 1.6052376305312825 0
BICYCLE 0.0 0 -1.5990908827804096 812.3441297002909 175.9738902500895 837.5976685800422 242.1769796669274 1.455 0.6025 0.8913 36.46933495598007 -14.2679174886016 -6.2896 -2.9220305006185083 0
CAR 0.0 0 1.3337900609336937 318.55505881132126 91.84365257568955 415.69183673062565 166.93977379772727 1.7 1.618 4.0238 48.59168755235456 0.5623557926671146 -6.1929 0.09800366598790083 0
CAR 0.0 0 -0.20205113478290704 2001.2726097991356 498.7396400045462 2509.5015441416513 780.7965481930654 1.5897 1.7106 4.1526 14.584261783601477 -31.531326669262107 -6.8837 -1.4968595202023427 0
CAR 0.0 0 1.5082532129217534 378.36254315482546 35.23233663479685 452.1727142391147 89.72164854930381 1.7 1.7336 4.2216 64.617421704079 3.090492358293023 -5.8735 0.08492987845123467 0
CAR 0.0 0 3.0516851661063735 1896.0755753733279 302.6697462602529 2242.524099255877 479.9673531490451 1.6332 1.7321 4.4876 21.96714138747267 -35.67707102673163 -6.3283 1.6668272518319063 0
