CAR 0.0 0 2.7814711131259844 1312.4487616319202 202.88959852685076 1508.979300188269 316.98621852484166 1.5683 1.9824 4.1753 24.930663154025527 -22.05450623669123 -6.7242 1.391616819307995 0
VAN 0.0 0 4.375740152643924 1683.3023562511703 353.5460054394796 1843.2049849173575 493.06842508555513 1.9963 2.2756 5.9988 40.00141052460166 9.033741109690073 -6.704 3.0391535883885274 0
CAR 0.0 0 2.768396997403614 1378.5382244223806 209.07037774199864 1636.415230308098 351.11982203724835 1.6094 1.8776 4.9449 21.25159767198352 -21.33089093988874 -6.2139 1.3795353276698106 0
PEDESTRIAN 0.0 0 2.9072980118512475 631.2705225561812 127.24408459102978 668.2690579178051 194.51947820754978 1.7016 0.7772 0.6957 39.77390035233079 -6.871494802961579 -6.3348 1.5787143958338035 0
CAR 0.0 0 -1.1303030915445607 199.83943204598665 428.4919663780243 418.92879601158955 552.9425285368842 1.5083 1.8983 4.1522 22.975277671247046 40.29820872625135 -8.1788 -1.6986471999023898 0
CAR 0.0 0 -0.9252805262726216 379.99283056038144 430.59405848864526 579.1932795031727 553.754890081999 1.4958 1.977 4.1388 24.647082307119987 36.88440127851824 -8.1989 -1.702920799359803 0
TRAILER 0.0 0 4.470352868879244 1693.130734857168 207.9115337108333 1853.7616462983458 338.5675865901079 3.4934 3.115 10.3352 61.47604128359643 5.818885666592629 -5.0918 3.050198083185737 0
CAR 0.0 0 -1.275311728788714 87.26330895449527 382.3000419992491 287.6657502699808 483.020821164241 1.508 2.0028 4.001 25.360983218193862 47.21052576918877 -8.2196 -1.689088395475315 0
TRUCK 0.0 0 4.462486529371648 1727.5238871970787 262.14507737159926 1829.3392259671166 349.44583486556553 2.4532 2.2469 1.9737 54.42491003194415 6.438764188535833 -5.6178 3.061520652592247 0
MOTORCYCLE 0.0 0 2.7440720785744395 1513.5802680880672 335.6734656209753 1668.2208935319613 473.6293071753701 1.6332 0.8894 1.834 15.260937056456614 -17.822394448470458 -6.5953 1.4215450432629269 0
CAR 0.0 0 2.7284476298897125 1380.1764952191174 228.14281522109624 1642.8659706023293 384.64823767236743 1.654 1.8689 4.1757 18.627205108464057 -18.91627293744655 -5.8865 1.3557232750747947 0
TRAILER 0.0 0 4.840589371403949 3029.212820516363 -2845.1440663733783 7166.472440180586 -760.4247355794985 2.5812 2.5835 7.1008 -3.6314314220303254 23.862398247888475 -7.1588 2.960535275938103 0
