VAN 0.0 0 -0.04062418542415047 1141.7633748914066 203.39267418749026 1265.3603763810772 279.0691257771765 3.0887 3.0353 7.0662 62.38126321605799 37.7512359629318 -5.5641 -1.4149697506383534 0
CAR 0.0 0 2.9510462564362263 1351.87347185824 191.48835587990865 1515.1575873464612 305.74837975335106 1.7 1.937 4.0135 31.95397732402133 -28.54255230250918 -6.2264 1.5510382525586681 0
CAR 0.0 0 -1.2298263550228574 210.93523199578243 428.4348365196578 444.6744586614919 558.0859048854632 1.7 1.9714 4.0628 12.756896087518754 31.368255554596224 -7.4038 -1.8201623861801035 0
CAR 0.0 0 -1.0668519859735248 390.48644123502277 439.75829953595917 583.3265631215343 551.0980134222887 1.4656 1.3758 3.7786 15.072035602548112 28.7325965478593 -7.4477 -1.8465701910156123 0
VAN 0.0 0 -1.0299021770379593 245.94187932699552 322.65115566388124 534.6800334393681 490.03796583296236 3.0074 3.0141 6.0193 16.885959728473978 36.05090814815429 -6.7457 -1.8040050303749324 0
CAR 0.0 0 2.928770845928136 1411.2028888807768 228.57411174505384 1609.1642513289503 355.9572610114685 1.5329 1.947 4.1625 27.948694389504258 -28.429480642137744 -6.1782 1.5482138769844158 0
CAR 0.0 0 -1.3604109120360794 115.34198413515419 394.9528927295961 324.53070179500605 494.52275702652054 1.5121 1.9339 4.1099 13.258298931861798 38.36930187378301 -7.6011 -1.8219666918375406 0
PEDESTRIAN 0.0 0 2.9129401701361237 331.5647325454639 139.13155216521523 391.821330055344 219.26807660652113 1.8579 0.9295 0.9471 39.265228784267165 -1.9308001640014147 -6.0836 1.8006514064715917 0
TRAILER 0.0 0 0.16833643049869673 1939.9864408084977 165.1694771970844 3678.7064698036493 910.7367469233976 4.1862 3.2286 10.2919 13.966058486860664 -32.82717278247367 -4.2942 -1.2222523280527717 0
CAR 0.0 0 -1.4319674633612776 69.70314352482946 341.33451417660615 245.62652045348923 418.57820301744545 1.5206 1.9327 4.0484 15.109697975873747 47.443097466686694 -7.4583 -1.826875486489279 0
CAR 0.0 0 -1.1434345858490111 209.63745813580113 337.1928572075939 374.902820815639 419.3698108230434 1.7 1.6238 4.0308 17.68309659273494 43.93510121216584 -7.2916 -1.8037533996333603 0
CAR 0.0 0 2.9203798712985547 1404.2925571430087 276.93548619813987 1633.3634679106508 438.6582763418943 1.7 1.9624 4.2616 24.527617666084574 -26.93834510829662 -6.4566 1.5798550217274272 0
MOTORCYCLE 0.0 0 2.881692729993427 1531.6639107711724 344.8602852575682 1657.1421551030157 480.12384994768155 1.7 0.8106 1.621 21.160896492827447 -26.683936880887416 -6.3809 1.5635222017560881 0
CAR 0.0 0 -2.8668377012300854 -717.3875361101685 470.91987065759514 8.897083920838844 957.4771437766112 2.5646 2.2507 5.3418 14.97295806833619 -2.2069809644633436 -6.7852 -2.450694636226653 0
CAR 0.0 0 3.023497827551312 1778.214135917966 305.16610981737426 2110.6006126732987 495.6875661293605 1.752 1.7066 4.5021 21.562932547756656 -32.95965961476526 -6.3051 1.6546732152024497 0
CAR 0.0 0 3.0453876079960516 1785.9636839168659 279.2876725681494 2089.214131468704 436.9289002145549 1.6356 1.9585 4.5139 24.4809 -35.3616 -6.5383 1.6564487319189027 0
TRUCK 0.0 0 0.1663754514503839 2291.2610712573323 323.2197647710727 2954.2355912963885 659.9172545673027 3.3072 3.0001 3.4972 16.0919 -37.8992 -5.7424 -1.2207843886237164 0
CAR 0.0 0 1.784651923659134 1264.1821390402279 -329.4446114601707 1348.7648531380717 -267.63885184651855 1.7479 2.1574 4.4141 -67.4879 8.6671 -7.1261 -0.010319424834180245 0
