MOTORCYCLE 0.0 0 2.867427974698301 1518.9630624932224 334.94069438643555 1673.791670607064 472.5550489703597 1.6332 0.8894 1.834 15.265128992864872 -17.94603904470954 -6.5953 1.5435531208983042 0
CAR 0.0 0 2.926240929853935 1363.8110211245053 227.4320026364879 1623.543031217326 383.6691728382993 1.654 1.8689 4.1757 18.775802716950643 -18.630375913285917 -5.8865 1.55528535101477 0
CAR 0.0 0 1.349043818639399 419.1167648294086 28.162960657891613 473.2885742773371 83.22575142037043 1.8284 1.8307 4.868 68.5354525615612 -2.588411889066034 -6.1655 -0.09927154630709756 0
CAR 0.0 0 2.8485517578853545 1748.247701716041 301.56608774024426 2113.8396180959217 490.4280966595812 1.7 1.7312 4.5344 14.056727518338388 -24.125527687871873 -6.639 1.4782455116673214 0
CAR 0.0 0 2.9019356012248254 2071.115212412711 301.9158705904006 2477.529793459683 481.59701100674545 1.7 1.6226 4.5676 12.370714654726164 -31.02152533021956 -6.7663 1.5002918376385186 0
CAR 0.0 0 4.3893523946305155 1469.216506522851 322.38826903056923 1531.3370076213228 400.03722942758577 1.5848 1.5393 4.034 46.8015432534751 15.15724911290805 -6.9916 3.053986363222204 0
CAR 0.0 0 1.8802056403530565 -79469.78172981415 -8628.310464810096 17299.51356968841 29067.959665043527 1.7 1.6536 4.0658 3.9394051232185947 20.7665246147548 -8.2573 3.0869272328921866 0
CAR 0.0 0 2.8741179565331643 1663.1204522164448 258.68812737067645 1968.3521479197857 416.22876076030553 1.7 1.9869 4.3341 17.082314940135003 -25.32914603392718 -6.6115 1.485498200037067 0
CAR 0.0 0 2.9441721423523317 2353.8991931333894 262.44286541175234 2784.949055117597 425.75610737820836 1.7 1.9419 4.3933 11.236455006756458 -37.951220059237635 -6.2196 1.5052191833647506 0
CAR 0.0 0 -1.7381293911938374 1573.7210757669397 320.3934610270595 1659.201228707143 399.8545323483494 1.6092 1.9505 4.2191 48.85305043696057 11.69460366056395 -6.9696 -3.090318317252118 0
CAR 0.0 0 4.4512771441240515 1484.0444340364602 290.83166048574196 1552.316690599191 362.266818490767 1.7 1.9624 4.4376 53.70533269160018 14.606490686135672 -6.8839 3.091653692628693 0
VAN 0.0 0 -0.2983515557023484 3224.0449530572864 319.79543275009524 4274.142330168063 640.0744666560269 2.5997 2.5313 6.0978 1.8568474498835452 -47.45009132583495 -6.3639 -1.7443359766837812 0
CAR 0.0 0 4.9771643982394265 2661.4265774279133 -1514.3721352550292 3878.108771968603 -796.920550965818 1.744 1.9602 4.853 -8.001452809483006 24.67767934920236 -8.0571 3.0777419130264443 0
CAR 0.0 0 -0.4377278510113407 2001.297255945835 502.4318100557174 2625.4773924205556 835.9419794776948 1.7 1.9858 4.2822 6.802968506725714 -20.04163186989259 -7.0263 -1.729367849595458 0
