VAN 0.0 0 -0.06106901848166668 1151.2061080020744 202.27938634378683 1272.8061008704594 276.7537778187501 3.0887 3.0353 7.0662 63.57277317410137 37.92431762800406 -5.5641 -1.438074103094086 0
CAR 0.0 0 -1.708333822408518 1780.8719459372946 330.6721192382733 1898.8984030373083 424.2109409406366 1.661 1.8473 4.112 42.480115366284686 6.747931174070351 -5.6812 -3.078007174963612 0
CAR 0.0 0 2.9600979249037356 1345.7315504027083 192.05594656818408 1508.5743536250568 306.6725468755126 1.7 1.937 4.0135 31.883680777104896 -28.35467644456237 -6.2264 1.5613408777075723 0
CAR 0.0 0 -1.2044281881044978 204.86679579089525 429.1174329396108 439.6295927689682 559.1950101396603 1.7 1.9714 4.0628 12.641944114499914 31.38841822137088 -7.4038 -1.7860664048787567 0
CAR 0.0 0 -1.0170191410276717 392.5650044557636 439.24635863319236 584.9310502601354 550.3340301561933 1.4656 1.3758 3.7786 15.126911245445108 28.7477457536341 -7.4477 -1.7992607011529442 0
VAN 0.0 0 -1.0297063886051279 228.51817260985484 324.4642670555187 521.6647180334782 493.902790574905 3.0074 3.0141 6.0193 16.451713264261837 36.01782529740939 -6.7457 -1.7806193478024308 0
CAR 0.0 0 2.9537162980931475 1404.415785784068 228.81995300013082 1601.5231116359366 356.4055080121152 1.5329 1.947 4.1625 27.926119424593107 -28.25985688577855 -6.1782 1.5742731399333625 0
CAR 0.0 0 -1.3667193597167973 100.22881176960531 398.65825149228255 313.2182208110018 500.09620909273764 1.5121 1.9339 4.1099 12.836233032656601 38.11749773949278 -7.6011 -1.800105966354912 0
TRUCK 0.0 0 -1.6222514013934113 1755.4972230345154 270.43103686085396 1896.619373840414 390.744904144604 3.3377 3.0755 3.0748 54.413103390699284 8.660883314963302 -5.9795 -3.0152364718177616 0
PEDESTRIAN 0.0 0 2.9839688440737238 628.5016761964872 127.04853587916647 670.5926729488322 201.5140163089737 1.8579 0.9295 0.9471 41.54995796767646 -9.293949603313383 -6.0836 1.6602932387710603 0
TRAILER 0.0 0 -1.584428995645998 1750.9953398519074 195.44967274841045 1919.7099097383966 341.1147867343003 4.1862 3.2286 10.2919 60.36490617924648 9.3905847156198 -4.2942 -3.0134491712793317 0
CAR 0.0 0 -4.247267802934378 -116846.4027716061 2071.72760218046 -4992.4707592438735 33975.09333168973 1.63 2.02 4.44 3.359397367227287 10.036266213537658 -6.7646 -2.9908135703250256 0
VAN 0.0 0 1.3809018270463307 325.83893740892444 88.34928950784673 438.9809472739639 177.39938812676647 2.1382 2.0815 4.5477 50.14641540776651 0.5382186729306335 -6.523 0.13962634015954645 0
VAN 0.0 0 0.19445510610758654 1123.0608558949002 610.7010329860092 1537.5631594037657 1117.3351937180935 1.9675 1.9559 4.604 11.134233923950058 -18.23991757576329 -6.6285 -0.7964875249584759 0
CAR 0.0 0 -1.6002426691306302 1531.2435561327661 291.1729980792772 1638.9800506013496 363.19957286434055 1.7 2.0565 4.1699 48.53930082292059 14.929977695024261 -5.9339 -2.968387897526797 0
CAR 0.0 0 -1.4328647876091491 72.90903159355139 339.23393735715166 247.1163272204506 415.55938378312294 1.5206 1.9327 4.0484 15.312099999999997 47.812 -7.4583 -1.835460922297258 0
