VAN 0.0 0 -0.03385076248904717 1150.2587884273594 198.23999812673952 1269.0670316605886 266.1808817727774 2.7763 2.7552 7.2016 63.06399736600268 37.80545984190756 -5.1699 -1.416192480697106 0
CAR 0.0 0 -1.693280034396222 1484.5735002801882 330.36372492853076 1603.1234171852288 414.9995305085943 1.7 1.9575 4.0881 41.89861785963347 14.191191801639427 -6.4594 -3.02834391244896 0
CAR 0.0 0 -0.871611924011874 557.6135369018278 421.1145292934513 675.9167116565003 488.8864376698845 0.9948 1.2858 2.4998 18.909450976124987 29.26188382586002 -7.372 -1.8080458446544843 0
PEDESTRIAN 0.0 0 -0.013568268293907115 3385.3306990802253 934.0569111392899 3871.829477573108 1170.71882981089 1.7 0.9483 0.6324 7.0434 -35.0259 -6.4597 -1.3017621272550564 0
TRAILER 0.0 0 3.0204837703441925 1704.8577624102006 122.2949860807242 2737.7586073789275 625.3025307426848 4.449 3.1064 14.302 22.964037750098846 -36.375209533897 -5.4278 1.606901487568916 0
CAR 0.0 0 -1.0326550212602021 349.70901368909733 415.818130505235 559.2478394995135 528.4630031731018 1.5443 1.9623 4.0978 15.675966900308872 31.129909400469842 -7.4616 -1.8023740043592795 0
TRUCK 0.0 0 2.9849316399993855 1477.4321646655574 186.95104517858582 1830.2571639756002 486.7888820086228 4.1117 3.1104 3.5612 22.759341581748107 -28.14953250444635 -5.5624 1.612161205831871 0
PEDESTRIAN 0.0 0 -1.3850343893311028 1114.2988354900815 371.77458574703604 1155.4650890607074 442.84184052326117 1.7091 0.758 0.7219 30.619781338534622 21.659889072605452 -6.9127 -2.611545737766429 0
PEDESTRIAN 0.0 0 2.988688172662968 1260.8495898370834 148.5009475389049 1303.5791236619445 217.39505566503462 1.7 0.7538 0.7055 38.559211721039965 -27.096588257129955 -6.0274 1.5594767795872573 0
PEDESTRIAN 0.0 0 -1.2813205256402167 1155.5622277587008 372.32781019392047 1197.5365259741516 445.53189505286826 1.7376 0.7422 0.7187 30.84777958596645 20.473059904118156 -6.8157 -2.517910424968787 0
CAR 0.0 0 -1.5921530395041246 1727.9276710250379 243.1500353792971 1798.8734076789824 288.2826472141 1.5772 1.9628 4.1479 73.8275 13.8721 -5.7409 -3.013776834973142 0
