CAR 0.0 0 4.344904172021091 1562.1119877523438 326.8834820262552 1653.174277463367 413.5565357774094 1.7 2.0096 4.0382 46.36305202421933 12.133384522986297 -6.8888 2.9997781404841044 0
VAN 0.0 0 -0.1956222646114385 1115.2504952784473 185.05171910510342 1202.810987233381 259.1530420064986 3.1128 3.0226 6.773 73.47862278297826 32.80273338600169 -5.828 -1.5785158727392246 0
CAR 0.0 0 1.369889878413686 401.58052976630523 35.38459833588751 455.8120251706579 85.58917345114472 1.7 1.967 4.5895 70.77496610628042 -1.8366172195579429 -6.577 -0.062182613252866906 0
TRUCK 0.0 0 2.7261662046156614 1778.9248231725585 180.7435803832387 2065.3680549993446 398.03373646230057 3.4115 2.7462 2.4608 16.735193036929893 -27.561502145435927 -5.8128 1.3026809337150287 0
CAR 0.0 0 2.6711974706578943 1451.3081813704662 272.55682469132995 1722.2310687944423 426.5872936489054 1.5441 1.9368 4.2225 18.120118162895213 -20.53329353081288 -6.7047 1.315638311855022 0
BUS 0.0 0 -1.166520371009823 294.6734617718412 255.76454933615292 766.0159696518577 505.2678700116083 3.8144 4.294 14.4415 31.739707392771656 39.84924872936168 -6.7673 -2.1449448642202427 0
CAR 0.0 0 2.6688700240156304 1557.9051549013104 307.3615758036437 1924.4089345147293 511.27248190952577 1.7 1.9879 4.7683 14.72120559741402 -20.31875609826079 -6.6494 1.3267852944624798 0
CAR 0.0 0 2.708517122941596 1897.5871202709218 312.4206223646447 2281.5311559443553 489.3955617784558 1.5135 1.9357 4.3357 12.965763630561682 -26.65644313802518 -6.6523 1.3257352487004697 0
VAN 0.0 0 2.725483938529644 2203.611272507602 268.2588517420945 2749.470973960865 487.12726394015874 2.0943 2.4031 5.4998 11.206049738989732 -34.325504074388554 -6.4152 1.3038398887486915 0
TRAILER 0.0 0 2.7464580158894085 1878.3923943498007 122.87442015544681 2646.639617982418 466.6505543974715 4.1983 3.0119 9.4432 15.017440108587596 -33.32262957697341 -5.5448 1.2985633238758703 0
TRAILER 0.0 0 4.847951637215771 2091.3070043644548 -1287.4256833247186 3507.956011863725 -417.4922293792221 3.8072 3.3433 7.7358 -10.60282516649676 24.58293473142789 -6.4136 3.006238776863091 0
BICYCLE 0.0 0 4.006363561043775 802.5681327569679 166.39179759257598 851.8197017430738 246.5736535931381 1.7142 0.8998 1.2689 33.4645 -10.3208 -6.5743 2.679422543851173 0
CAR 0.0 0 1.2951064363431821 419.4195568420959 108.70865894167328 498.54877849958115 183.08564069280604 1.5813 1.9585 4.1006 47.06235186177226 -1.9101112942603158 -6.7996 0.030219858127855465 0
TRUCK 0.0 0 4.918393749644748 2079.244849138681 -958.3602847933521 2657.5273124140094 -432.6338417057256 3.853 3.0824 3.0601 -13.711491866114615 25.261582976476166 -6.7871 3.070794072295427 0
OTHER 0.0 0 2.7872685132161816 2529.7233420456464 267.113581919803 2996.3772088676756 433.05005993868923 1.7 1.956 4.407 9.725185894519164 -40.97000949813774 -6.175 1.3412659167335605 0
