VAN 0.0 0 -0.10101409510979886 1149.5787527893383 202.45875535524183 1271.5054097402349 277.1278753405087 3.0887 3.0353 7.0662 63.373900064142404 37.899701618845334 -5.5641 -1.477576390199944 0
CAR 0.0 0 -1.6804033548316526 1777.842493139064 330.190747263146 1895.7261049438341 423.4660027190719 1.661 1.8473 4.112 42.52210184787471 6.825200195041345 -5.6812 -3.0500607807103046 0
CAR 0.0 0 3.008146704180163 1349.5578886201995 191.9044720872485 1512.8044262464527 306.40530821899745 1.7 1.937 4.0135 31.90249954017973 -28.462204455985013 -6.2264 1.6087736008161464 0
CAR 0.0 0 -1.2799736437312048 209.18048538125453 429.2429930799319 443.65149066017324 559.3641955576212 1.7 1.9714 4.0628 12.698299797405703 31.31070021017321 -7.4038 -1.8673876289855698 0
CAR 0.0 0 -1.0824363074032304 380.8445942846773 442.1366008489322 575.892844101488 554.6505905135286 1.4656 1.3758 3.7786 14.819694351177521 28.662497198352224 -7.4477 -1.8503676822190267 0
VAN 0.0 0 -1.0970414901495156 236.97032081899363 324.10963879294457 528.6561982659471 493.08440600450206 3.0074 3.0141 6.0193 16.621999308489674 35.939700053292775 -6.7457 -1.8587980939027253 0
CAR 0.0 0 2.971449021110927 1401.7174647562142 230.10398215428444 1599.3119081088391 358.43706012877004 1.5329 1.947 4.1625 27.801195978719466 -28.14437043841437 -6.1782 1.5933728930092512 0
CAR 0.0 0 -1.3966263500286977 117.8679771499642 396.201341788267 327.7401310317862 496.3572755425901 1.5121 1.9339 4.1099 13.241201356509846 38.15299809722409 -7.6011 -1.8619935011827247 0
TRUCK 0.0 0 -1.629469619699715 1756.6453830574574 271.45371717553235 1898.765799366094 392.6900388735436 3.3377 3.0755 3.0748 54.06634157100713 8.56546880486647 -5.9795 -3.0218431350971344 0
PEDESTRIAN 0.0 0 3.010325658898178 619.2861921897219 127.47733391461053 661.9192499718365 202.13574118832415 1.8579 0.9295 0.9471 41.46399997233143 -9.049299982427327 -6.0836 1.6907205764568618 0
TRAILER 0.0 0 -1.5778737788855404 100.07754576267027 -38.53178200601203 316.623365983819 103.885782187604 4.1862 3.2286 10.2919 60.57950242584194 9.358407939828295 -4.2942 -3.0197305782381396 0
CAR 0.0 0 -2.0212213279333966 1077.356987117221 741.6450924987945 1492.1278659526326 1184.9786832394545 1.5556 1.8854 4.2176 10.013988078567756 6.7701795086332925 -6.2649 -2.959938665396593 0
CAR 0.0 0 -1.688703021044255 1532.0934810596186 380.6115651931257 1685.3009230776881 499.219480362805 1.5712 1.8019 4.16 30.957886428960336 9.585642173355778 -5.809 -2.994526566420568 0
CAR 0.0 0 1.4699239559802355 364.327581091664 52.94778847419937 459.26031653370165 109.98361296160955 1.7 2.482 4.675 64.04920490932483 3.1833066808539416 -6.5583 0.09213218232254927 0
CAR 0.0 0 -1.6004631589826843 1550.3732813668478 294.97737044225784 1645.8220939152177 357.28401655223706 1.63 2.02 4.44 55.2964 16.1726 -6.7646 -2.9706568834179663 0
