CAR 0.0 0 2.9197054977041588 1696.1623447455731 310.39151374867606 2016.2808818440626 505.70759882669324 1.752 1.7066 4.5021 21.27203679599331 -31.12493925013771 -6.3051 1.56412138454581 0
CAR 0.0 0 2.918340189418723 1615.9762019541015 280.7864383268021 1889.849020008731 441.19250183245015 1.6356 1.9585 4.5139 24.44802516770478 -31.5512316867815 -6.5383 1.5496668587214586 0
CAR 0.0 0 -1.2959514369354217 263.5675392132602 515.5115935946959 563.6395065325544 689.0984839754307 1.4933 1.9845 4.3346 10.65776970303719 23.740301306903447 -7.4122 -1.9026421715458148 0
VAN 0.0 0 1.569887329086618 349.93737702483406 69.14230982040378 523.1075948761404 216.28911673094396 3.1128 2.997 6.1486 43.70522780967635 -3.067279007317949 -5.7625 0.30415304109006946 0
CAR 0.0 0 -0.28644705325775077 1509.2382559757234 510.60128369276475 2021.1832800124462 910.1783060506971 2.0012 2.0683 4.7145 13.1754190995244 -23.807764382886234 -6.5857 -1.474434501546051 0
VAN 0.0 0 -0.0406422256415786 1147.6755517865022 198.3027161934256 1266.7198685389587 266.3345699173532 2.7763 2.7552 7.2016 62.903800000000004 37.8616 -5.1699 -1.422524184228078 0
PEDESTRIAN 0.0 0 3.0698558478765428 1340.4725387138774 343.8024338394204 1397.8499340762328 430.6072240342288 2.0834 0.8594 1.2954 35.50218169911741 17.034538921415233 -6.4178 1.774178811100657 0
CAR 0.0 0 -1.247100999147411 1317.9311370109056 -483.59262094878716 1452.3900081030417 -375.5575511990246 1.7 2.0312 4.764 -46.56002403364282 3.7147885188797027 -8.0055 -3.117640778232648 0
CAR 0.0 0 -1.6095626811060542 1484.4904887548305 328.5557108999655 1602.0190723034714 412.24779808640005 1.7 1.9575 4.0881 42.27331444876172 14.322743291997549 -6.4594 -2.945915400200085 0
CAR 0.0 0 -0.835098520379153 737.3639815926111 554.4999946788527 1004.0218231716179 748.0861764073592 1.4978 1.9686 4.1877 14.470864014914618 16.278793673750762 -7.4222 -1.7686022497384455 0
PEDESTRIAN 0.0 0 2.9610559810251087 1637.6222561941554 373.3011012126227 1701.867479919908 466.42362566520666 2.0136 0.8864 0.9253 36.261418098733465 9.494156626291758 -6.2865 1.6361990662420665 0
CAR 0.0 0 -3.315288094268566 -15257.560261547964 1625.8016852247933 -4087.1527394262184 4554.204255000208 1.54 2.0491 4.191 5.368623792143653 12.985134262246074 -7.5175 -2.08154288640891 0
