CAR 0.0 0 1.732472558240322 395.3728465557218 26.65036248348331 462.717502460757 73.83936106128942 1.7 1.937 4.0135 73.14796202120066 4.687532381842071 -6.2264 0.2769478986028073 0
CAR 0.0 0 2.9205253709779577 1405.383724515442 276.97772095899836 1634.6826270518627 438.715453291421 1.7 1.9624 4.2616 24.523877509418345 -26.96000019155299 -6.4566 1.5798550217274272 0
MOTORCYCLE 0.0 0 2.8807308607176796 1525.1463546571397 344.7194710695978 1649.9307500846903 479.9789236827365 1.7 0.8106 1.621 21.17248482957446 -26.571498663427604 -6.3809 1.5635222017560881 0
CAR 0.0 0 3.0227898797095616 1778.167034965278 306.3022438437613 2111.6997040134042 497.6436493901179 1.752 1.7066 4.5021 21.489099060432597 -32.907199261467895 -6.3051 1.6546732152024497 0
CAR 0.0 0 3.0424250572028324 1738.3823635162187 276.01229383771914 2030.0367484823305 432.0837555238575 1.6356 1.9585 4.5139 24.76278547066494 -34.47869632283616 -6.5383 1.6564487319189027 0
CAR 0.0 0 1.784651923659134 1264.1821390402279 -329.4446114601707 1348.7648531380717 -267.63885184651855 1.7479 2.1574 4.4141 -67.4879 8.6671 -7.1261 -0.010319424834180245 0
CAR 0.0 0 3.0141703142751455 2108.722406607197 305.6260971534175 2496.2781547155623 474.51606085564634 1.5888 1.9932 4.2218 21.697123664048547 -39.9024090010427 -6.2836 1.6104035849024376 0
PEDESTRIAN 0.0 0 3.2181566003536126 1443.955490604887 370.73513592779346 1484.494708869376 440.9450145970973 1.651 0.5088 0.9606 35.818649058907454 14.439041419601855 -6.6051 1.9174778364964447 0
CAR 0.0 0 -1.2164092616520374 137.20317578322698 419.4270617070852 378.4795707380685 535.9505598213672 1.4933 1.9845 4.3346 12.292412079252362 33.79796020104667 -7.4122 -1.7143042624112637 0
CAR 0.0 0 -1.2139375983867065 1560.1534903579832 278.60640280785975 1648.5005607444937 337.4750121539407 1.7 1.9861 4.2709 58.83718257479592 16.927490713838942 -6.5167 -2.5956592221694477 0
CAR 0.0 0 3.2215910860151062 2596.4322752092116 276.5413554641169 3025.492020908088 421.609301811834 1.5642 1.9835 4.1622 23.297558991463116 -52.72687236856279 -6.199 1.7737371163127353 0
CAR 0.0 0 2.5065908058169146 454.42718387786334 285.9758491515487 598.7111016363444 351.8703323150554 1.7 1.9565 4.7638 27.985835856639454 47.114098078740035 -6.9364 1.4784007069046419 0
CAR 0.0 0 -0.2150916660361193 1828.2148960873262 521.7140729360167 2359.039661139071 844.7935608402919 1.6932 1.9814 4.11 13.48693250157566 -28.152338390497345 -6.6873 -1.4705620644597983 0
VAN 0.0 0 2.213371816865907 471.54828139170854 110.9117273487599 655.1207956641762 299.14693753164386 3.1128 2.997 6.1486 35.0184732754696 -8.180162800462005 -5.7625 0.9788932037860509 0
CAR 0.0 0 -1.5915602201523007 1700.1222049846767 272.5339895585004 1778.840593192024 327.117200656955 1.7 1.9526 4.1684 66.36597265578709 13.362526509414327 -6.5514 -2.992172382108163 0
VAN 0.0 0 -1.6260877531361984 -248.068264891478 480.68677327494584 534.5791414127035 1257.8518875056552 3.1038 3.0352 6.5884 11.854109109069114 -9.03122602876548 -6.2887 -1.891218601840943 0
