CAR 0.0 0 4.461406338961595 1561.5245572683125 327.14812203762347 1652.639488964934 413.9667346731749 1.7 2.0096 4.0382 46.2951 12.1536 -6.8888 3.11655435550722 0
VAN 0.0 0 -0.3304816039095446 1147.0123217535074 187.3324082266689 1234.242638416625 262.89941002822195 3.1128 3.0226 6.773 72.9264 30.9305 -5.828 -1.7158531596828857 0
TRUCK 0.0 0 -1.3627192997073663 284.06801074418473 389.7114474722667 547.8899821184764 658.8402596805537 3.8081 2.9722 2.9156 19.670275355772304 33.850520313741974 -7.0351 -2.0473228625974484 0
VAN 0.0 0 -2.0671145871795535 -567.1168660292205 542.0086668010925 125.14375509189244 1223.6863366041973 2.7252 2.5328 6.0568 13.562063860737915 5.194928233305845 -7.5934 -1.8924399260937 0
BUS 0.0 0 2.1307885185819373 391.3615460883369 197.09808930886862 694.4480121762882 344.89355049552927 3.6974 3.5688 12.6738 42.63502728626792 48.70097398272049 -5.9176 1.0088699564182062 0
CAR 0.0 0 2.691942551327341 1176.8835247988704 193.41438909011603 1371.6389226028327 319.14827493398695 1.7 1.967 4.5895 25.721913248942467 -18.690068918524037 -6.577 1.317956906484731 0
TRAILER 0.0 0 -0.29729749028796904 3120.1403388626563 190.7441487763489 5892.7749522070635 811.8302865541115 4.6414 3.6368 14.786 -0.07852829882697243 -56.906536220361716 -6.1579 -1.763346625374898 0
TRUCK 0.0 0 2.6477283685195228 1766.585597420021 181.49253803469782 2052.911539216275 399.8012050356128 3.4115 2.7462 2.4608 16.746 -27.213399975182515 -5.8128 1.2258169406910011 0
CAR 0.0 0 2.6736791622293157 1463.3224305173178 275.6438936735956 1738.6310273624115 431.53048117316064 1.5441 1.9368 4.2225 17.8426 -20.5992 -6.7047 1.3186377821279618 0
BUS 0.0 0 -1.1458251463076232 276.3678408108657 247.9529883972602 733.9530768674942 480.35132589926343 3.8144 4.294 14.4415 32.9921 41.8438 -6.7673 -2.120489226164379 0
CAR 0.0 0 2.4831240204460854 793.9934056378114 203.27298454103095 932.2762681030172 333.17106288524764 1.7 1.7559 4.4079 28.024732967927505 -9.43488745578814 -6.7373 1.2110735802097883 0
VAN 0.0 0 2.9764918863623047 2714.267457671167 202.62135301375812 3372.2074248732956 411.14565646276003 2.3829 2.6598 6.0028 8.69826627258888 -48.539669243354005 -5.6352 1.5041920817351715 0
CAR 0.0 0 -1.1394296263127266 1135.461214240938 689.1226791388389 1357.5958541339082 998.4980706341411 1.7 2.0602 4.2454 17.714066901140686 17.940829105077086 -8.3962 -2.122798748936369 0
CAR 0.0 0 2.676432703981537 1566.249559769906 307.93285511098367 1934.9086101883381 512.17636324145 1.7 1.9879 4.7683 14.6432 -20.4419 -6.6494 1.333552304766139 0
CAR 0.0 0 2.6483532537986703 1883.398981764902 307.9786984134827 2260.0126150514184 482.00143166718715 1.5135 1.9357 4.3357 13.2682 -26.6938 -6.6523 1.2644279727318088 0
VAN 0.0 0 2.649239520519182 2196.6357041494757 270.09949437894767 2745.011541784661 490.9682955967961 2.0943 2.4031 5.4998 11.1554 -33.9905 -6.4152 1.2290361204144005 0
CAR 0.0 0 -0.3681753348980388 2909.285863671235 427.8083427141081 3588.2628316021696 675.3622563141262 1.7 1.8668 4.13 3.7396999453958006 -36.98830242337424 -6.915 -1.7722570175861114 0
BICYCLE 0.0 0 4.348054063848819 708.1514421905107 118.52367279216064 752.265919362177 189.49904851682427 1.7185 0.8392 1.6951 40.46088663123627 -9.39472522933153 -6.3427 2.984313267049473 0
BICYCLE 0.0 0 2.50258049723595 925.3369507658524 357.4991927405839 963.2299223852956 430.38762469795546 1.8147 0.6832 1.1965 36.92427705128583 30.43782181913549 -7.757 1.3265631903688766 0
OTHER 0.0 0 2.8916459805765644 2527.2567688916856 265.5803088816319 2990.9913463427047 430.40277249612063 1.7 1.956 4.407 9.8135531519546 -41.111057599515064 -6.175 1.4450837886021748 0
