MOTORCYCLE 0.0 0 2.8669272663871954 1516.7861490987525 335.1727958460235 1671.5130845428314 472.8996655577665 1.6332 0.8894 1.834 15.266380804112583 -17.89875261353659 -6.5953 1.5435531208983042 0
CAR 0.0 0 2.927215043346509 1368.6721197097038 227.08763566284767 1628.7397757886604 383.00173861673784 1.654 1.8689 4.1757 18.773978774693244 -18.74840927079364 -5.8865 1.55528535101477 0
CAR 0.0 0 1.3485183050029579 412.12108178522834 34.0270951679178 468.5764648441407 92.14898454355408 1.8284 1.8307 4.868 65.45964157451408 -2.2065806591266464 -6.1655 -0.08181825378715425 0
CAR 0.0 0 2.848568943336149 1748.9238252425537 301.6618909041893 2114.738969470658 490.5862481860055 1.7 1.7312 4.5344 14.047712147362095 -24.132356849899228 -6.639 1.4782455116673214 0
CAR 0.0 0 2.90193884942085 2071.141384972916 301.9137751716412 2477.557282526796 481.5929933843889 1.7 1.6226 4.5676 12.370649459510451 -31.022237740295193 -6.7663 1.5002918376385186 0
CAR 0.0 0 -1.7714445307009186 1468.4033397830747 321.9388096012901 1530.3686392038271 399.3835295051543 1.5848 1.5393 4.034 46.886992587041604 15.183109477264551 -6.9916 -3.1070258963177793 0
CAR 0.0 0 5.085059894962842 -21253.978192527968 -26766.368360342356 56936.11725227909 7328.6533130378575 1.7 1.6536 4.0658 5.7318734996387235 21.981267726808007 -8.2573 3.0869272328921866 0
CAR 0.0 0 2.8916471858486608 1663.6224712732924 258.6552526365036 1968.8856952913025 416.1662137501844 1.7 1.9869 4.3341 17.08130611805515 -25.34238544975913 -6.6115 1.5029514925570104 0
CAR 0.0 0 2.944046102963216 2352.6355290477286 262.55667026038145 2783.7044006293872 425.9736193401416 1.7 1.9419 4.3933 11.23899828173092 -37.90989511789998 -6.2196 1.5052191833647506 0
CAR 0.0 0 -1.735079414467914 1577.3633884211404 316.77827237901295 1661.6553680078334 394.4021887872931 1.6092 1.9505 4.2191 49.79185798444722 11.536461323476727 -6.9696 -3.090318317252118 0
CAR 0.0 0 -1.7098207627847013 1479.2983749086561 290.10103419151704 1547.1962698189104 361.221581463091 1.7 1.9624 4.4376 53.82318874194031 14.76733426442587 -6.8839 -3.0693585669112906 0
VAN 0.0 0 -0.3076534441091352 3102.5479344346672 330.8741000388988 4168.170740978974 670.5639460354782 2.5997 2.5313 6.0978 2.3505585766177983 -43.726493127383094 -6.3639 -1.7443359766837812 0
CAR 0.0 0 4.984548761547349 3035.5672271433773 -1965.8196985336544 4852.481156479033 -920.2029094715625 1.744 1.9602 4.853 -5.518719566520176 24.225874670395523 -8.0571 3.0777419130264443 0
