CAR 0.0 0 -0.7281063020285292 -32453.802717133523 -14783.478450831462 33648.98837096005 10295.475246001308 1.7 1.9463 4.1292 5.770539090883863 23.01326195962502 -8.0915 -2.8996542506469916 0
CAR 0.0 0 4.461406338961595 1561.5245572683125 327.14812203762347 1652.639488964934 413.9667346731749 1.7 2.0096 4.0382 46.2951 12.1536 -6.8888 3.11655435550722 0
VAN 0.0 0 -0.3304816039095446 1147.0123217535074 187.3324082266689 1234.242638416625 262.89941002822195 3.1128 3.0226 6.773 72.9264 30.9305 -5.828 -1.7158531596828857 0
TRUCK 0.0 0 -1.4719622140626814 146.04120922187857 298.6083434504506 349.5773061781002 482.608526063769 3.8081 2.9722 2.9156 25.88332706859353 45.41509239641647 -7.0351 -2.0473228625974484 0
VAN 0.0 0 -1.0948308238740052 686.8137670684448 475.62205116518993 988.9697570616187 783.9965592805926 2.7252 2.5328 6.0568 20.32766697077709 25.22767535810022 -7.5934 -2.0348090706185564 0
BUS 0.0 0 2.5750326247514943 1038.6667420578808 282.2491008829238 1331.8868853517606 597.1000471289587 3.6974 3.5688 12.6738 30.555206984872996 21.429187697209905 -5.9176 1.3410667292284981 0
CAR 0.0 0 2.7250104229810708 1404.0933243207935 191.52840519024988 1623.7021753272575 313.0870071929779 1.7 1.967 4.5895 24.360236959498895 -24.59328491494714 -6.577 1.317956906484731 0
TRUCK 0.0 0 -0.34407617426863113 2855.344745208351 295.01140987282474 3630.5688278470748 728.3152742775575 4.7316 3.5763 2.8352 3.9142102786963373 -35.49486093745261 -6.2046 -1.762063793012902 0
TRAILER 0.0 0 -0.3888541715407152 1991.34280112973 219.5914623626425 4693.222614456245 1204.9652559682404 4.6414 3.6368 14.786 5.428625035281648 -27.244472132367683 -6.1579 -1.763346625374898 0
TRUCK 0.0 0 2.647728366891581 1766.5855854335452 181.49253889015205 2052.9115272676054 399.801207003783 3.4115 2.7462 2.4608 16.746 -27.213399625300095 -5.8128 1.2258169406910011 0
CAR 0.0 0 2.6736791622293157 1463.3224305173178 275.6438936735956 1738.6310273624115 431.53048117316064 1.5441 1.9368 4.2225 17.8426 -20.5992 -6.7047 1.3186377821279618 0
BUS 0.0 0 -1.1458251463076232 276.3678408108657 247.9529883972602 733.9530768674942 480.35132589926343 3.8144 4.294 14.4415 32.9921 41.8438 -6.7673 -2.120489226164379 0
CAR 0.0 0 2.0887783316865143 541.055458204533 278.48079540444377 670.4113204448525 347.02399793386036 1.5576 1.9781 4.7888 40.837450102757906 45.2658026049184 -7.1594 0.9921549051874662 0
CAR 0.0 0 2.5971581363331007 1107.220806850408 205.31402217177526 1283.109936709671 332.5126157177619 1.7 1.7559 4.4079 25.778157447388896 -16.62257399652984 -6.7373 1.2460120225609006 0
VAN 0.0 0 2.9792141862641164 2750.6551527362585 199.61815434741865 3403.9652150511633 403.60224202204876 2.3829 2.6598 6.0028 8.614524982865786 -50.06223977347033 -5.6352 1.5041920817351715 0
CAR 0.0 0 -1.3271677464136484 390.39040917621173 420.3923232548016 586.7693739375795 547.3351035149709 1.7 2.0602 4.2454 25.783547187402856 37.62891096390746 -8.3962 -2.122798748936369 0
CAR 0.0 0 2.676432703981537 1566.249559769906 307.93285511098367 1934.9086101883381 512.17636324145 1.7 1.9879 4.7683 14.6432 -20.4419 -6.6494 1.333552304766139 0
CAR 0.0 0 2.6483532537986703 1883.398981764902 307.9786984134827 2260.0126150514184 482.00143166718715 1.5135 1.9357 4.3357 13.2682 -26.6938 -6.6523 1.2644279727318088 0
