MOTORCYCLE 0.0 0 2.867357187031228 1518.6583178834526 334.97433209189023 1673.4731750975122 472.6048920286349 1.6332 0.8894 1.834 15.265251664712236 -17.93936577844337 -6.5953 1.5435531208983042 0
CAR 0.0 0 2.92871292077639 1376.5880927199341 226.62064479639903 1637.2887001588836 382.0771412899582 1.654 1.8689 4.1757 18.76382126585616 -18.935726859718063 -5.8865 1.55528535101477 0
CAR 0.0 0 1.3688830376371055 403.4024163703747 44.61852528273019 464.0856320144646 108.3526779760762 1.8284 1.8307 4.868 60.51140729590534 -1.7474592104808604 -6.1655 -0.029458376227324383 0
CAR 0.0 0 2.849073506576789 1748.6892029106784 300.80523384047444 2113.4707296907504 489.08266008651873 1.7 1.7312 4.5344 14.093682360653771 -24.182772001598927 -6.639 1.4782455116673214 0
CAR 0.0 0 2.901946994657613 2071.207018550309 301.9085204397948 2477.626217195618 481.5829183393969 1.7 1.6226 4.5676 12.37048596352993 -31.024024315929246 -6.7663 1.5002918376385186 0
CAR 0.0 0 -1.1893284218939852 -56750.24447795669 -90167.24330951969 263372.56893277017 21294.585272230583 1.7 1.8129 4.0976 3.98632657783191 22.463151079102495 -8.412 -3.065817053993596 0
CAR 0.0 0 4.354399953276459 1469.2508493029316 322.456340617714 1531.3931664738434 400.13713510256775 1.5848 1.5393 4.034 46.78710765485923 15.155915160292299 -6.9916 3.0190797781823173 0
CAR 0.0 0 -2.88164038089465 -755.3723808834294 692.4551048029897 -252.4492478788298 1091.0643601604875 1.2805 1.5163 4.0841 15.05248638427679 8.598103769093905 -8.3229 -2.386169126544069 0
CAR 0.0 0 1.6886260590612012 -165678.3691633559 2456.0022730325927 -5733.417371982456 52412.14601700585 1.7 1.6536 4.0658 9.0580355117789 23.751471820172966 -8.2573 2.929847600212697 0
CAR 0.0 0 2.9084052058606273 1664.305388887251 259.8295235054072 1970.905406238902 418.1382684874852 1.7 1.9869 4.3341 16.998199640498974 -25.268772287203802 -6.6115 1.5204047850769535 0
CAR 0.0 0 -0.2653322084716436 3731.336822605817 346.36950367912084 4380.962221576367 520.4495975875843 1.6547 1.9661 4.2116 -0.1430577323716351 -62.554789368517575 -6.9014 -1.7305019282883631 0
CAR 0.0 0 2.9440490592580764 2351.8149666048166 262.4527334954843 2782.6165175691544 425.8053519783591 1.7 1.9419 4.3933 11.249786212265079 -37.904005633851455 -6.2196 1.5052191833647506 0
CAR 0.0 0 4.393764853428721 1578.7296166657286 313.14299731101636 1661.5693950645043 388.96334077527985 1.6092 1.9505 4.2191 50.723165326132296 11.44918569603911 -6.9696 3.0357873572479788 0
CAR 0.0 0 4.467571000454162 1476.8166321225187 291.0782852632102 1545.0595212739374 362.7142375602719 1.7 1.9624 4.4376 53.48304021295835 14.84479077290726 -6.8839 3.109106985148636 0
VAN 0.0 0 -0.3263629965495447 2820.7127784829204 342.67937213092546 3861.4382396686756 708.6571278676752 2.5997 2.5313 6.0978 3.706977474425905 -37.357909172299124 -6.3639 -1.7443359766837812 0
