VAN 0.0 0 2.6492371855137495 2196.6322475016345 270.1044545345889 2745.005637880443 490.97360051923005 2.0943 2.4031 5.4998 11.155415359009377 -33.9905 -6.4153 1.2290361204144005 0
CAR 0.0 0 -3.511186371504648 -49696.23249832332 2036.8490280875176 -5376.681735552367 14200.795402303494 1.7 1.9463 4.1292 10.537769035443542 25.332330719895 -8.0915 -2.2538824274090894 0
CAR 0.0 0 4.461406338961595 1561.5245572683125 327.14812203762347 1652.639488964934 413.9667346731749 1.7 2.0096 4.0382 46.2951 12.1536 -6.8888 3.11655435550722 0
VAN 0.0 0 -0.3304816039095446 1147.0123217535074 187.3324082266689 1234.242638416625 262.89941002822195 3.1128 3.0226 6.773 72.9264 30.9305 -5.828 -1.7158531596828857 0
TRUCK 0.0 0 -1.518584425785891 112.31451447027777 278.6566902109718 301.8518791536445 445.3629763237353 3.8081 2.9722 2.9156 27.860058334418135 49.305055917830884 -7.0351 -2.0473228625974484 0
VAN 0.0 0 -1.1544175778252517 474.2412094467152 408.3301363568031 763.9314316100428 642.2916045322746 2.7252 2.5328 6.0568 23.04513110188941 31.601881760835738 -7.5934 -2.0348090706185564 0
BUS 0.0 0 2.6165877404682716 1522.6686237390911 323.79915641005164 1870.5889561981232 748.7238962452 3.6974 3.5688 12.6738 28.321408621832607 12.713949196943942 -5.9176 1.3419662498193023 0
CAR 0.0 0 2.727786243825485 1424.2711656303052 190.93624285081364 1645.599093427095 311.86065734767317 1.7 1.967 4.5895 24.282017312589698 -25.172900590825908 -6.577 1.317956906484731 0
TRUCK 0.0 0 -0.3865788498898699 2375.4467021166183 315.1513563128554 3122.947760575931 796.1284827868079 4.7316 3.5763 2.8352 5.714995121738593 -26.40793929273895 -6.2046 -1.762672964789536 0
TRAILER 0.0 0 -0.46977611884563086 1495.3995757773278 228.96968304755586 3871.9873757013756 1403.1844688420617 4.6414 3.6368 14.786 7.404818872723673 -17.847137611925437 -6.1579 -1.763346625374898 0
TRUCK 0.0 0 2.6477283642847578 1766.5855662396084 181.49254025999034 2052.9115081342075 399.8012101554129 3.4115 2.7462 2.4608 16.746 -27.213399065033578 -5.8128 1.2258169406910011 0
CAR 0.0 0 2.6736791622293157 1463.3224305173178 275.6438936735956 1738.6310273624115 431.53048117316064 1.5441 1.9368 4.2225 17.8426 -20.5992 -6.7047 1.3186377821279618 0
BUS 0.0 0 -1.1458251463076232 276.3678408108657 247.9529883972602 733.9530768674942 480.35132589926343 3.8144 4.294 14.4415 32.9921 41.8438 -6.7673 -2.120489226164379 0
CAR 0.0 0 2.137437617804267 711.5702693632895 312.9907670975038 843.9847807805639 396.8878481350483 1.5576 1.9781 4.7888 37.21883861295094 36.11491699706775 -7.1594 0.9921549051874662 0
CAR 0.0 0 2.584890843229717 1135.4938806484324 205.49500177164697 1314.9803702010743 332.44473423623947 1.7 1.7559 4.4079 25.56935087495668 -17.292610097870888 -6.7373 1.2285587300409573 0
VAN 0.0 0 2.979146158373244 2749.8363396822288 199.7025354143337 3403.30730703213 403.80824849162417 2.3829 2.6598 6.0028 8.615452851854759 -50.02408220586642 -5.6352 1.5041920817351715 0
CAR 0.0 0 -1.382728335049027 296.29709036668044 375.5589794256758 477.66286922412775 480.1462146332119 1.7 2.0602 4.2454 28.64473605257159 43.65223680512965 -8.3962 -2.122798748936369 0
OTHER 0.0 0 2.8917241183253326 2530.1273764945677 265.7267222684415 2994.4679649140544 430.6142552337346 1.7 1.956 4.407 9.787366905803875 -41.15627209616226 -6.175 1.4450837886021748 0
