CAR 0.0 0 4.486587525530753 1555.285495343685 325.65433325664134 1645.0055447466336 411.7674175698688 1.7 2.0096 4.0382 46.50610106411338 12.335701524935887 -6.8888 3.141592653589793 0
VAN 0.0 0 -0.1888021810749012 1140.5722429695163 186.9145904127347 1227.9155510490684 262.2262090524091 3.1128 3.0226 6.773 73.00169420454317 31.296144106572502 -5.828 -1.5736332775196553 0
TRUCK 0.0 0 4.763533247005999 6946.967922664764 -12685.344737608999 37752.684796390495 -1091.4483027435751 3.4115 2.7462 2.4608 4.041295700530514 24.97456014922989 -5.8128 2.928483616621214 0
BUS 0.0 0 1.1340406398871872 353.81451244340553 45.74192115496594 528.4669698893275 233.0187859766152 3.8144 4.294 14.4415 50.676349691289765 -1.3552973689577748 -6.7673 -0.14569902558858958 0
OTHER 0.0 0 4.640720569157488 3834.258067022979 -2481.9583671370387 7415.878812379479 -893.9493799584918 1.7 1.956 4.407 -1.3831464516197536 22.9821037892214 -6.175 2.794729600275159 0
TRAILER 0.0 0 4.536374636411056 -7761.951138362334 -21117.097988943384 53677.05078621958 1644.1069854183022 4.1983 3.0119 9.4432 9.14716707077788 22.325045407609196 -5.5448 2.62105796776598 0
BICYCLE 0.0 0 4.208794015270996 804.7023938580443 166.13177689620272 853.8858087159256 246.21201987442478 1.7142 0.8998 1.2689 33.48718649956536 -10.384715179615512 -6.5743 2.88090798914154 0
VAN 0.0 0 4.182214276797637 -60127.11751328735 -47839.29030375354 168397.8506817982 24739.570572859826 2.613 2.2684 5.5662 7.738333135527485 17.390600934240872 -5.7562 2.4616727997809322 0
CAR 0.0 0 -1.4254683390311913 230.01360856656157 446.4504513411687 439.3485656939745 569.6254168655668 1.5269 1.9408 4.1155 23.77134788807327 40.49945214509203 -8.831 -2.013284002215193 0
CAR 0.0 0 2.597938757269546 705.0038508408855 253.81023852619552 886.7103570001394 427.90527542792006 1.5496 1.899 4.5119 21.61292927190953 -6.097953626788772 -6.1851 1.427989699230696 0
CAR 0.0 0 2.765503933978679 1335.668845463104 199.72333561659786 1532.1039794134679 311.78336803142776 1.5683 1.9824 4.1753 25.105224179679812 -22.89430029432548 -6.7242 1.3699820769311981 0
CAR 0.0 0 2.022547597004728 44.64474086063548 340.8886239379962 261.24981372937714 555.9304587551602 1.5716 1.9048 4.1778 21.559870625370117 3.5180819608050924 -6.8777 1.6687289251898052 0
CAR 0.0 0 2.5220172030352215 737.8865445684852 343.96772384092947 951.6743274820476 556.3995874787979 1.5502 1.9671 4.1367 17.883843083735897 -5.771307428849327 -6.7148 1.4375130421716178 0
VAN 0.0 0 -1.774651589932986 1697.298770638998 326.79286073374533 1839.1749819019685 444.4251837993132 1.9963 2.2756 5.9988 45.46707789707119 8.039172051724252 -6.704 -3.131880613887544 0
CAR 0.0 0 3.1567025931764072 1549.1387605745515 628.660103085639 1791.636484766531 938.3881500493364 1.651 1.9856 4.1758 18.75708241707235 13.305155588560577 -6.9778 2.0227465353138117 0
CAR 0.0 0 0.7553420920374857 223.12419245913458 186.54645911776475 334.35174318430285 292.207922836775 1.515 1.9112 4.1456 36.29688857179045 2.7685999346768995 -7.135 -0.11632845637744005 0
