CAR 0.0 0 2.686389361187996 1341.0057087346113 200.0045965016821 1538.1980674165402 312.15975128394746 1.5683 1.9824 4.1753 25.03709378949425 -23.00857245709862 -6.7242 1.2904051040461615 0
CAR 0.0 0 2.6468661430454787 1379.805813428009 208.03581024375856 1636.7914664093269 349.32105508447023 1.6094 1.8776 4.9449 21.338681826380352 -21.435318001684777 -6.2139 1.2570095736052027 0
PEDESTRIAN 0.0 0 2.8957651634639854 626.8770468012691 127.54604869532983 664.0078696873264 194.944130152449 1.7016 0.7772 0.6957 39.74523535726067 -6.741890935996907 -6.3348 1.5692703461305249 0
CAR 0.0 0 -1.2995736114042358 220.80199917448186 422.2329936555976 433.4734362218925 543.2014870428652 1.5083 1.8983 4.1522 23.604814402882454 40.43368293201711 -8.1788 -1.9008039597235955 0
CAR 0.0 0 -1.1063913982864924 392.06379094557553 425.36662354070177 586.8822504995906 545.6777228577863 1.4958 1.977 4.1388 25.151453071339166 37.038321406449384 -8.1989 -1.900855273565694 0
TRAILER 0.0 0 -3.8783328506591253 -499.3891745366719 69.3681405352624 5.814383721678996 387.30698651174725 3.4934 3.115 10.3352 31.75311488842742 10.133293542999077 -5.0918 -3.0910530197987045 0
CAR 0.0 0 -1.4562076138411004 116.1176655320907 382.26823972257375 313.35806333557196 482.71923209149105 1.508 2.0028 4.001 25.69038773111942 46.61916533223453 -8.2196 -1.921975704819857 0
TRUCK 0.0 0 -3.813471374078376 -416.31801111632444 197.36515517091863 -123.2689923571185 391.6144041842221 2.4532 2.2469 1.9737 27.15163256602775 9.89207126672263 -5.6178 -3.0817580900970687 0
MOTORCYCLE 0.0 0 2.606089742573214 1533.6764055198478 334.35695211491327 1689.5855389477563 471.6028453587425 1.6332 0.8894 1.834 15.211282492193753 -18.223730824602068 -6.5953 1.2795230550680976 0
CAR 0.0 0 2.629792355507469 1394.2416220518517 227.72691212920932 1658.458944897931 383.7179841010616 1.654 1.8689 4.1757 18.577216828972684 -19.224152434497096 -5.8865 1.2547721101000144 0
