VAN 0.0 0 -0.04295590480183309 1147.3334643014284 202.70817560229708 1269.7138635360677 277.64807085407375 3.0887 3.0353 7.0662 63.09961395674904 37.865039102175004 -5.5641 -1.418903573797595 0
CAR 0.0 0 -1.7130821190027132 1780.497984968027 329.836241938687 1898.0586688139033 422.8813935759051 1.661 1.8473 4.112 42.65242920134626 6.784138504047641 -5.6812 -3.0832454006018555 0
CAR 0.0 0 2.948575890174423 1348.8373790901612 191.25263827572073 1511.5765646830969 305.41716879412803 1.7 1.937 4.0135 31.983002429481267 -28.473621171662035 -6.2264 1.5487642730096802 0
CAR 0.0 0 -1.283560259492514 213.18386577550663 428.32503152906287 446.64641819529317 557.8993829295238 1.7 1.9714 4.0628 12.793655973296607 31.345857427929595 -7.4038 -1.877003294840088 0
CAR 0.0 0 -1.105101049936918 391.40361177129785 439.8374662085097 584.2079954973127 551.2095848666185 1.4656 1.3758 3.7786 15.081458310997782 28.711363857977958 -7.4477 -1.8856458483840466 0
VAN 0.0 0 -1.1443684769290996 245.84177886959284 323.2356329921408 535.3485070952867 491.21538725387285 3.0074 3.0141 6.0193 16.839664816888565 35.94726650691321 -6.7457 -1.917786575270122 0
CAR 0.0 0 2.946355117422394 1403.9640072223165 229.37421866736494 1601.3901493536684 357.27542614624167 1.5329 1.947 4.1625 27.87189819632625 -28.226598058903505 -6.1782 1.5674036341292166 0
CAR 0.0 0 -1.4383584539586702 123.19139085972334 395.5636440412606 332.20010673481147 495.3839823091679 1.5121 1.9339 4.1099 13.35998454999555 38.149402874486036 -7.6011 -1.9132188092271625 0
TRUCK 0.0 0 -1.6380744163459326 1763.5899863254103 270.7994330618853 1905.087996202296 391.3420886397508 3.3377 3.0755 3.0748 54.504115951203055 8.427085199124422 -5.9795 -3.031595390596638 0
PEDESTRIAN 0.0 0 2.915371629567247 624.152632214216 127.76479040415035 666.5884068171333 202.4813141499617 1.8579 0.9295 0.9471 41.41586277410268 -9.189696441215904 -6.0836 1.594447662458931 0
TRAILER 0.0 0 -1.6158663031496692 112.26745889792647 -38.30990811333655 326.42269841826686 104.15258489733421 4.1862 3.2286 10.2919 60.52922756197548 8.926383582059778 -4.2942 -3.062835902477131 0
CAR 0.0 0 -1.4653537229179634 75.4370710246157 339.2287283096526 249.4745174939951 415.5390946576764 1.5206 1.9327 4.0484 15.364153564612796 47.761548196445425 -7.4583 -1.8734535741965284 0
CAR 0.0 0 -1.3040816400491846 226.8430418339256 336.18749625171375 390.19002297739115 417.8143632135701 1.7 1.6238 4.0308 18.111562081536498 43.78271214841659 -7.2916 -1.9923975746503848 0
CAR 0.0 0 3.001426259391295 1954.7526337711818 264.63225703041127 2266.6522032684857 412.9660624737569 1.7 1.9624 4.2616 25.26784669818795 -39.755687586267626 -6.4566 1.58896339585535 0
MOTORCYCLE 0.0 0 2.8921701726553755 1549.371069559849 344.66395987585037 1676.5535425661483 479.7350704580632 1.7 0.8106 1.621 21.16076294794558 -27.005849911796055 -6.3809 1.5710430576065737 0
VAN 0.0 0 -1.6445934410257252 1502.7706601622342 299.07216627081255 1641.4308516579695 405.34611045119277 2.3964 2.4699 4.5843 44.357763954505515 14.129634083760573 -6.1273 -2.996611774829779 0
