CAR 0.0 0 2.8312147462882 921.8254424685405 195.94611244673035 1028.6616282923285 316.64447154478415 1.7 1.937 4.0135 31.409082324939426 -17.525653099118163 -6.2264 1.5161316675187817 0
CAR 0.0 0 -1.2018500441224202 288.6885736480853 525.2802885964635 583.2890669854571 715.1967473364783 1.7 1.9714 4.0628 10.461961875461881 22.65664549969266 -7.4038 -1.8201623861801035 0
CAR 0.0 0 -1.0151924018560705 531.2404903856263 515.472292023771 752.4403875959877 664.4199667933811 1.4656 1.3758 3.7786 13.698173002899543 21.30162422501678 -7.4477 -1.8465701910156123 0
VAN 0.0 0 -1.003519241673184 286.8835296147068 343.35978264576033 597.3202299999924 531.7895060287326 3.0074 3.0141 6.0193 16.071001045189945 31.984979120643878 -6.7457 -1.8040050303749324 0
CAR 0.0 0 2.6857276135490817 616.5212265396502 247.53333974250637 746.1494618012493 393.27453786646686 1.5329 1.947 4.1625 26.427947823405677 -11.562083371220517 -6.1782 1.5482138769844158 0
TRAILER 0.0 0 0.06764939146892979 3493.5068856663247 125.45212523626549 5412.235846481619 547.2029200381312 4.1862 3.2286 10.2919 18.761621626561446 -72.78057519249698 -4.2942 -1.4315679485436985 0
CAR 0.0 0 2.9204629206571115 1405.5778891253535 277.1005597706466 1635.0006322037573 438.9135745448502 1.7 1.9624 4.2616 24.51436909417435 -26.96015576723912 -6.4566 1.5798550217274272 0
MOTORCYCLE 0.0 0 2.8807376554454036 1525.094476285252 344.69673251991844 1649.8667323478019 479.94854776893993 1.7 0.8106 1.621 21.173748397787694 -26.57119652160128 -6.3809 1.5635222017560881 0
CAR 0.0 0 3.0227877417510283 1778.1661041265158 306.30552846282535 2111.7019214871243 497.6493168302786 1.752 1.7066 4.5021 21.48888665822749 -32.907032306072345 -6.3051 1.6546732152024497 0
CAR 0.0 0 3.0374983260011468 1723.8272003966538 281.3156245947025 2017.8521803582228 440.9089795835656 1.6356 1.9585 4.5139 24.353916470032786 -33.881293246070044 -6.5383 1.6564487319189027 0
CAR 0.0 0 1.784651923659134 1264.1821390402279 -329.4446114601707 1348.7648531380717 -267.63885184651855 1.7479 2.1574 4.4141 -67.4879 8.6671 -7.1261 -0.010319424834180245 0
CAR 0.0 0 3.0137851932654867 2101.299511017859 305.2197885200526 2487.0443010149556 473.9273262945917 1.5888 1.9932 4.2218 21.728360344390513 -39.774772045802614 -6.2836 1.6104035849024376 0
PEDESTRIAN 0.0 0 3.253202701804468 1862.6618104562922 412.2673163376262 1911.2792636766485 492.7021154626553 1.651 0.5088 0.9606 37.74326162938806 5.009529133274975 -6.6051 1.9174778364964447 0
