VAN 0.0 0 -0.03536641123979689 1147.889374163431 202.70767501268975 1270.2400108049721 277.63964062683624 3.0887 3.0353 7.0662 63.12437652201682 37.84667771252157 -5.5641 -1.4114024759719594 0
TRAILER 0.0 0 1.2387949993002079 -1755.1233210297808 226.54924614026876 -56.38479733477605 982.8554894687335 3.3784 3.4486 11.6024 17.19940388369324 1.8260130165356676 -5.4833 2.168108852018078 0
VAN 0.0 0 -1.706987312023125 1600.2257756340698 302.09204361218593 1745.0647744895816 422.91278134302536 2.5061 2.2666 5.3185 43.371935607943215 11.02848383170801 -5.9066 -3.0663557118638796 0
TRUCK 0.0 0 3.3766882358328543 1176.7441057446413 486.78888217192275 1718.1116539497573 1048.6646199891838 3.5225 3.6418 4.7722 13.404882689509131 6.745863489573801 -5.4368 2.2718389716622984 0
CAR 0.0 0 -1.747788005364518 1532.5284376330653 312.57816035097204 1641.4939207318935 389.12604755907944 1.7 1.9666 4.1398 46.47484392013971 14.221488182310743 -6.3811 -3.1019631316146827 0
BUS 0.0 0 0.5790681899337231 82.07301905405825 117.01031797973141 417.4948343760546 385.07760929236224 3.5244 2.84 10.3328 33.41681716966921 -1.7885509140586215 -6.2138 -0.2605594085650842 0
BICYCLE 0.0 0 -1.1470104806135273 809.1222896470413 174.42752850285666 834.2414235269817 240.27968075031518 1.455 0.6025 0.8913 36.68041685909425 -14.184993672584213 -6.2896 -2.470962799178619 0
CAR 0.0 0 -1.7229861073607011 1783.5600432397725 329.80427799417697 1900.9660942058697 422.80777842890546 1.661 1.8473 4.112 42.721614724951856 6.723669590912703 -5.6812 -3.093492692234448 0
MOTORCYCLE 0.0 0 -1.722125359875832 1511.2708109309117 342.4385245720678 1563.0218312891147 411.59224658896255 1.7 0.7138 1.6517 41.13879374612693 14.168511194022262 -6.5238 -3.0527780599336807 0
CAR 0.0 0 2.9524459448236433 1347.1174475174007 192.85523753737286 1510.6477590690315 307.88019578523733 1.7 1.937 4.0135 31.785600000000002 -28.3542 -6.2264 1.554161860999463 0
CAR 0.0 0 2.7335425191825 454.28632148625485 318.13671825729097 610.9522313138597 482.2955303685397 1.4668 1.6524 3.5756 22.659140385799304 -9.477179192103737 -6.3814 1.7985564459351737 0
CAR 0.0 0 -1.1863571587130017 212.1555386536771 428.79392971157506 446.04319105428846 558.6409490253353 1.7 1.9714 4.0628 12.759401585251606 31.312607509086554 -7.4038 -1.7780935580836401 0
CAR 0.0 0 -0.09648734003903425 1469.130347847183 578.6946103796856 1687.458171596344 783.9697770524991 1.5178 1.8289 3.9952 20.56982474335862 7.048031370803873 -7.2359 -1.2636244297121286 0
VAN 0.0 0 2.7166225700960633 284.95857189311073 305.0802402645226 578.5372533370299 650.4386518952817 2.5358 2.0016 5.2596 18.24176751547157 -9.292735421108802 -5.713 1.9494101839775944 0
CAR 0.0 0 2.9357125621344586 1586.395205406865 260.6075696631379 1841.614032932582 418.8648403171862 1.6434 1.7018 4.5628 24.755179344238055 -30.871229264625363 -6.2183 1.5594762954407053 0
CAR 0.0 0 3.0417897483332665 1234.3731779992447 333.5163585856416 1434.3244439970558 510.0737797875916 1.4475 1.6209 3.887 20.851974198722704 -22.017292335289707 -6.2681 1.7762315119036107 0
VAN 0.0 0 -1.2208077591466266 182.00338738761175 306.24639530231815 301.6411301922107 369.4102647937366 1.7 1.5386 3.3297 20.345381005742567 54.017512697454805 -7.5647 -1.8436813340996476 0
CAR 0.0 0 -1.0991332309635253 313.2206363009673 385.92722046384796 481.33662534050194 473.6424827120615 1.4656 1.3758 3.7786 16.80858183602726 35.96786634547864 -7.4477 -1.8476331797782903 0
CAR 0.0 0 3.0265947013268093 1099.7941839802238 280.91882793631294 1258.611582167515 449.2158211283999 1.7252 1.6916 4.1704 24.224466513797633 -20.392539932482272 -6.4195 1.754678639386262 0
CAR 0.0 0 2.9238227979316265 1775.475470199385 335.98749391889925 2054.588865979376 489.3651907672466 1.3809 1.6884 3.6526 21.561223559580174 -32.62160071105836 -6.5568 1.5646349799172121 0
