CAR 0.0 0 2.6863969276436492 1341.0420575396204 200.00102442887868 1538.2352790217574 312.1537727052728 1.5683 1.9824 4.1753 25.037220251302582 -23.009794372206187 -6.7242 1.2904051040461615 0
VAN 0.0 0 -2.1671687043515546 -122.25486438250255 429.5462751405931 283.65376434134714 897.6811020078304 1.9963 2.2756 5.9988 15.18523421178536 3.094137389224612 -6.704 -2.346414732954179 0
CAR 0.0 0 2.6468674925184184 1379.8075333886145 208.03440587555937 1636.7919759569868 349.3186147644251 1.6094 1.8776 4.9449 21.338800481382524 -21.435460263717 -6.2139 1.2570095736052027 0
PEDESTRIAN 0.0 0 2.896288885655769 628.2663796404582 127.53580008894434 665.3691512716283 194.92028805478523 1.7016 0.7772 0.6957 39.73832715263947 -6.78024482869112 -6.3348 1.5692703461305249 0
CAR 0.0 0 -1.299529956873891 220.82995515989148 422.22462535432237 433.4928786835184 543.1884966077017 1.5083 1.8983 4.1522 23.605672146827924 40.4338675658367 -8.1788 -1.9008039597235955 0
CAR 0.0 0 -1.1063689331283575 392.07995128288667 425.35961074153767 586.8925636502137 545.6669097831001 1.4958 1.977 4.1388 25.152140277352917 37.03853114764797 -8.1989 -1.900855273565694 0
TRAILER 0.0 0 2.3694101306194133 -403.37791100777395 55.603191332535665 30.94735227839585 335.5521300123496 3.4934 3.115 10.3352 34.677779279046014 10.176651659934759 -5.0918 3.087422334747767 0
CAR 0.0 0 -1.4561386723472458 116.15687496124951 382.26819655723637 313.39298455300616 482.7188223657222 1.508 2.0028 4.001 25.69083652593847 46.618359621280426 -8.2196 -1.921975704819857 0
TRUCK 0.0 0 4.413113613555155 1689.9140648852886 381.17362183530673 1874.7742617258148 550.1460991602228 2.4532 2.2469 1.9737 30.126601407195217 10.388158747299707 -5.6178 3.0967074619628585 0
MOTORCYCLE 0.0 0 2.60609438462913 1533.7009392265718 334.3556889849128 1689.6117500488529 471.6008528444083 1.6332 0.8894 1.834 15.211205809761976 -18.22420774106818 -6.5953 1.2795230550680976 0
CAR 0.0 0 2.629791883865242 1394.235262304021 227.72639270611486 1658.451195799623 383.7171842963723 1.654 1.8689 4.1757 18.577293068415983 -19.22405613722137 -5.8865 1.2547721101000144 0
TRAILER 0.0 0 -2.625778080867594 -321.7524965988988 359.6567564311044 120.00062034809537 740.4386393724121 2.3003 2.4332 5.4943 18.770101077769443 5.6004974744677885 -6.725 -2.496995101465381 0
