CAR 0.0 0 2.704536851623673 1327.060779307399 200.51158200898007 1523.2404534209256 313.1097244794084 1.5683 1.9824 4.1753 25.081310847178226 -22.61088205498424 -6.7242 1.310780564343317 0
VAN 0.0 0 4.311744957585445 1704.8781869879506 328.84721123769725 1849.6603082453692 447.94169486998493 1.9963 2.2756 5.9988 45.15304501729057 7.862640042357512 -6.704 2.9549434400728405 0
CAR 0.0 0 2.6985303854882083 1378.6949034689394 207.98606766477556 1635.471621974589 349.25184651499154 1.6094 1.8776 4.9449 21.350417154813996 -21.41345070655078 -6.2139 1.3087788871307455 0
CAR 0.0 0 1.360252454707641 415.7636719411934 37.30457048793265 464.93151543985937 85.7369132847025 1.7663 1.8436 4.3075 74.39878440855396 -2.440883467736871 -6.9886 -0.07297821094104945 0
EMERGENCY_VEHICLE 0.0 0 4.094891808764779 1244.470879509266 505.35064212865433 1482.4203527460058 873.1868365868743 2.2503 2.304 6.2856 19.43195642452218 16.744989100386526 -6.5162 2.9789561482798628 0
PEDESTRIAN 0.0 0 3.1242833517640727 635.4038709926098 127.05892199849087 672.294142692797 194.24813976906242 1.7016 0.7772 0.6957 39.78236541902024 -6.990767087244789 -6.3348 1.7939184524963823 0
CAR 0.0 0 4.90167873382911 -15245.738027147245 -24899.079727961267 52754.874036814144 5000.754954275315 1.6266 1.8999 4.4696 5.485392293185988 19.088960457500686 -7.0385 2.9122265307228816 0
CAR 0.0 0 -1.1013560088554506 197.230729756153 429.7204712233594 417.39854507649073 554.8457429015247 1.5083 1.8983 4.1522 22.8689 40.2448 -8.1788 -1.665276828536639 0
CAR 0.0 0 4.910076452672934 2626.142981278178 -1621.4195041042087 3883.5653156721237 -829.9779166660579 1.612 1.9008 4.2774 -7.026192424979145 21.047860170477758 -7.288 2.9920360122966847 0
CAR 0.0 0 1.6154361132364414 -49592.66118079088 -6952.800975038968 17579.546326752545 14312.31784948125 1.5468 1.6772 4.4837 5.393515538357243 22.610993910740756 -7.2852 2.894079339171321 0
CAR 0.0 0 0.5262944897981501 142.31422855711102 211.6089115063279 284.4934566208656 344.42672059078745 1.7 1.9602 4.1068 32.23900335980553 3.7713254139652927 -7.0007 -0.14463527124728015 0
VAN 0.0 0 4.320187457047864 1544.2326832461779 321.40270461298326 1662.6745216416753 457.5260799766821 2.4175 2.2088 5.2336 41.02584310359879 12.70877022943272 -6.4546 2.986108229123197 0
CAR 0.0 0 4.320728388371599 1425.5678208038403 349.4416268433455 1499.2926531050568 445.20475416397846 1.7 1.618 4.0482 40.98062141868126 16.096818336108782 -7.0709 3.0138034953199493 0
