MOTORCYCLE 0.0 0 2.8260783001302716 1301.174389329284 337.06922853712297 1436.8768817366963 477.5543574655618 1.6332 0.8894 1.834 16.33950240478464 -14.198104213856483 -6.5953 1.5435531208983042 0
CAR 0.0 0 2.795560286035051 1327.9822669507396 231.33858455994613 1586.4677620829466 390.967079208903 1.654 1.8689 4.1757 18.686314138810413 -17.695394324520482 -5.8865 1.433112303375167 0
CAR 0.0 0 1.3805964286987853 1813.48288813651 185.70661036501244 1857.5261568106262 214.1980059430291 1.8284 1.8307 4.868 132.91176209918558 -10.683916105414104 -6.1655 -0.08181825378715425 0
CAR 0.0 0 2.846603430282866 1736.1039727924674 302.4689797641406 2100.7257027166347 492.206070717545 1.7 1.7312 4.5344 14.082339409073498 -23.83598045833951 -6.639 1.4782455116673214 0
CAR 0.0 0 2.9019264211256965 2071.0412465559957 301.92179242212933 2477.452106618938 481.60836520213263 1.7 1.6226 4.5676 12.370898896575493 -31.01951205749115 -6.7663 1.5002918376385186 0
CAR 0.0 0 -1.719016216893705 1473.3126752851647 322.82480855600056 1535.6475545178942 400.63952329476894 1.5848 1.5393 4.034 46.77545106962057 15.036548249555942 -6.9916 -3.0546660187579495 0
CAR 0.0 0 2.909788790068365 1666.3985036944287 258.0621862056238 1971.399006826264 415.1269236968533 1.7 1.9869 4.3341 17.103445594326022 -25.446815210652417 -6.6115 1.5204047850769535 0
CAR 0.0 0 2.9438052250969475 2359.2112085641147 263.8463062009737 2793.1463441570427 428.1181632852397 1.7 1.9419 4.3933 11.129495230773285 -37.90334223187717 -6.2196 1.5052191833647506 0
CAR 0.0 0 -1.7202102836530366 1573.3072256948817 319.647705002005 1658.4132177534225 398.7415521362538 1.6092 1.9505 4.2191 49.02146031333542 11.700446400605511 -6.9696 -3.0728650247321747 0
CAR 0.0 0 -1.7100476567672622 1480.9201584502964 290.6900662111336 1549.080980110531 362.0877707920314 1.7 1.9624 4.4376 53.6823649555233 14.71074050522115 -6.8839 -3.0693585669112906 0
CAR 0.0 0 -0.2539448823727686 3563.4945905581526 368.03986419645975 4326.123157089191 581.0126660519087 1.7 2.2097 4.6079 0.42989260412101826 -54.31730713927383 -6.7839 -1.706218546549472 0
