VAN 0.0 0 -0.10101479592762574 1149.5708443421036 202.45823372334644 1271.497211003825 277.1269564226725 3.0887 3.0353 7.0662 63.37391968688376 37.90019686345835 -5.5641 -1.477576390199944 0
CAR 0.0 0 -1.6804016249420477 1777.84384032509 330.18824516509454 1895.7259467561755 423.46200475048556 1.661 1.8473 4.112 42.52266715820771 6.825259862987083 -5.6812 -3.0500607807103046 0
CAR 0.0 0 3.0081526792818734 1349.6118080505687 191.90563161466642 1512.8661186244267 306.40657149337267 1.7 1.937 4.0135 31.90235886984683 -28.463567651427045 -6.2264 1.6087736008161464 0
CAR 0.0 0 -1.2799795037734332 209.17615758304632 429.24299893922114 443.64754978796896 559.3642325616794 1.7 1.9714 4.0628 12.698237818826327 31.310764507329992 -7.4038 -1.8673876289855698 0
CAR 0.0 0 -1.0825117655767862 380.7868692997908 442.1556911748652 575.8511456713563 554.6790245492625 1.4656 1.3758 3.7786 14.817966237409696 28.661640105370882 -7.4477 -1.8503676822190267 0
VAN 0.0 0 -1.0970533869518326 236.9612454642788 324.1103982741815 528.6491813333878 493.0860478934574 3.0074 3.0141 6.0193 16.621787758468024 35.939716356862164 -6.7457 -1.8587980939027253 0
CAR 0.0 0 2.97138833954726 1401.353969189754 230.1175163599036 1598.902540888369 358.4616732240453 1.5329 1.947 4.1625 27.79996576054229 -28.135326752029542 -6.1782 1.5933728930092512 0
CAR 0.0 0 -2.0636072466972486 798.1457335357628 611.7149603091207 1189.745059568938 957.0530953107118 1.7 1.8085 4.5388 10.380144124581161 10.447737733852042 -5.9788 -2.975999009515511 0
CAR 0.0 0 -1.3965793910701352 117.8953061608362 396.20215949928195 327.76590593945207 496.35833766577304 1.5121 1.9339 4.1099 13.24161635068928 38.15241598502865 -7.6011 -1.8619935011827247 0
CAR 0.0 0 -1.9501257199341002 1098.8784509228954 685.5207474464554 1481.8108215811096 1064.631601912907 1.5404 1.9796 4.1381 11.180915093838568 7.320290804903044 -6.1749 -2.934870961310483 0
CAR 0.0 0 -1.7268599457493894 1347.1689462007628 394.6239507006682 1511.629941443341 508.13424397773633 1.4297 1.9111 4.1493 28.557887345493302 12.630928656688488 -6.1459 -2.9937915057097126 0
EMERGENCY_VEHICLE 0.0 0 -1.71408609449556 1440.651697626534 396.41751574877145 1694.2320217812096 592.130129744382 2.0202 2.5494 5.842 25.862056472571897 8.946998782576202 -5.7294 -2.9845540713143457 0
CAR 0.0 0 1.5269919065970576 396.4196733664476 35.55027747364584 463.5413731275081 79.11507903288066 1.534 1.968 4.0552 73.43927459398061 4.7739930246319915 -6.5733 0.08754170067220172 0
CAR 0.0 0 1.3531299386182132 356.7478528863628 64.53048964812024 441.39672570105364 123.46705042901068 1.7 1.9759 4.002 60.26807979177797 2.7351613017805265 -6.5901 0.011400376679483456 0
VAN 0.0 0 -1.6055960649105443 1602.5688941227693 248.35738902356852 1773.9385124442388 383.02369593739087 3.123 2.9994 5.9995 46.54687501301071 11.470171953842367 -4.9167 -2.9941287684930233 0
TRUCK 0.0 0 -1.6556810197917462 1772.5815172910388 261.3337809351168 1904.8882159858822 373.1546162406816 3.3377 3.0755 3.0748 58.546485347808215 8.814792002025904 -5.9795 -3.056749720137021 0
PEDESTRIAN 0.0 0 3.0103280886317467 619.2903802446989 127.47680237239737 661.9231324084864 202.1350171546065 1.8579 0.9295 0.9471 41.46410015714201 -9.049403230761051 -6.0836 1.6907205764568618 0
TRAILER 0.0 0 -1.5548886313093195 153.84344869148615 -43.15702387851278 346.4130045612069 87.84257045639706 4.1862 3.2286 10.2919 65.13031925284574 9.455231501010553 -4.2942 -3.054659578089866 0
CAR 0.0 0 -1.643177219330337 1523.131140317198 318.1132480881987 1630.9645349523228 389.871675554293 1.5588 1.9734 4.1783 46.75203774256178 14.579656707697396 -6.5613 -2.994059404777344 0
