VAN 0.0 0 -0.061119894960168564 1151.0189438336854 202.30001816308828 1272.6564969565393 276.7968007566908 3.0887 3.0353 7.0662 63.54985324836288 37.921480666152455 -5.5641 -1.438074103094086 0
CAR 0.0 0 -1.7086365525998757 1777.9641196638668 330.6632982591985 1896.1152891798658 424.21845474708954 1.661 1.8473 4.112 42.42318488965857 6.8064312859842975 -5.6812 -3.078007174963612 0
CAR 0.0 0 2.960169348970601 1346.1743907782147 192.03847722192373 1509.064008900559 306.6417098866981 1.7 1.937 4.0135 31.885849618233152 -28.367109573185232 -6.2264 1.5613408777075723 0
CAR 0.0 0 -1.203760227072527 205.36385347276357 429.13190123352183 440.09303447705196 559.2145049586262 1.7 1.9714 4.0628 12.648439049262993 31.379461299778935 -7.4038 -1.7860664048787567 0
CAR 0.0 0 -1.0186447711948996 391.2258684462894 439.5768416639007 583.8976567064345 550.8271745903498 1.4656 1.3758 3.7786 15.091504075757028 28.737920928651004 -7.4477 -1.7992607011529442 0
VAN 0.0 0 -1.0284490409953866 229.49090490727787 324.42377775699657 522.4695884745196 493.8092334243764 3.0074 3.0141 6.0193 16.471247112534257 36.00879657654491 -6.7457 -1.7806193478024308 0
CAR 0.0 0 2.9535591990622168 1404.1070873375402 228.96806417927596 1601.2711481074662 356.6397179881419 1.5329 1.947 4.1625 27.91165607713457 -28.246547034154876 -6.1782 1.5742731399333625 0
CAR 0.0 0 -1.3629843913917736 102.27404823794062 398.37350674668784 314.9009778940156 499.6624968255789 1.5121 1.9339 4.1099 12.88278892326668 38.121589110094554 -7.6011 -1.800105966354912 0
TRUCK 0.0 0 -1.6222154424811703 1757.473825483967 270.655593588933 1898.8187659603957 391.14866730476984 3.3377 3.0755 3.0748 54.385201623595705 8.595059331140902 -5.9795 -3.0152364718177616 0
PEDESTRIAN 0.0 0 2.9835060799343225 627.4420996563429 127.097840728422 669.5953106163636 201.58550493421419 1.8579 0.9295 0.9471 41.540051394965126 -9.265753980313143 -6.0836 1.6602932387710603 0
TRAILER 0.0 0 -1.574045338436229 98.56179948747018 -38.33696202150794 315.9632381976792 104.54123039306918 4.1862 3.2286 10.2919 60.40926471100255 9.33214765486716 -4.2942 -3.0134491712793317 0
CAR 0.0 0 -2.073672753136247 1055.593204359325 698.8670076006754 1465.0104266892315 1124.8171423058816 1.5712 1.8019 4.16 9.915566636068855 7.017338190804709 -5.809 -3.029328372113954 0
CAR 0.0 0 -1.786453561784662 1253.2839820370616 448.55500441766253 1452.8340929767387 599.3478298582937 1.63 2.02 4.44 24.35190884665278 12.460652573217635 -6.7646 -2.9908135703250256 0
VAN 0.0 0 0.9453688966811322 197.57348980292926 214.61433554280697 401.53458239632783 380.88866853295815 2.1382 2.0815 4.5477 29.54341875612359 -3.608907690511763 -6.523 0.1396263401595464 0
CAR 0.0 0 -1.5651140541384163 1615.7987528946278 254.9241085623903 1696.4166684029904 306.9006649490311 1.7 2.0565 4.17 66.25 16.7761 -6.0587 -2.968387897526797 0
CAR 0.0 0 -1.4203165482441027 78.52267643897899 338.273568620055 251.67493041408335 414.1597374228132 1.5206 1.9327 4.0484 15.491082121454255 47.897891400319615 -7.4583 -1.835460922297258 0
VAN 0.0 0 0.7148847916013679 767.4793875427365 1013.9596846699444 1322.6488455034537 2234.2300493340226 1.9675 1.9559 4.604 5.795279724330803 -14.688408779464643 -6.6285 0.16932988176476207 0
