MOTORCYCLE 0.0 0 2.4184481774731754 984.5161538977122 370.24970391378173 1091.5888920012403 510.48990824271436 1.5586 0.9582 1.6776 17.427588579638467 -8.825577245479913 -6.8902 1.2479736799078658 0
CAR 0.0 0 2.628628607224728 1143.6546401631808 291.1232038768175 1369.4887457288194 448.8635489255489 1.4725 1.8602 4.2231 19.6811 -14.2161 -6.9421 1.3424571801834537 0
CAR 0.0 0 2.682911328436716 1644.6382596909802 303.38571318586486 1994.9104897448342 495.2440594047727 1.7 1.7312 4.5344 14.57530865249175 -22.048425114236764 -6.639 1.3262397286792675 0
CAR 0.0 0 2.679372846909086 2073.6565986449373 302.6037269132201 2481.368765194327 482.74973403322855 1.7 1.6226 4.5676 12.321077551121606 -31.015652328416916 -6.7663 1.2778850767054473 0
CAR 0.0 0 4.403934816177572 1465.1366528262695 322.2208492403812 1527.1269717593125 399.8311766133105 1.5848 1.5393 4.034 46.7685187894695 15.276366738563098 -6.9916 3.069053712392528 0
CAR 0.0 0 2.7274680315717426 1579.8556707203716 256.6708514566652 1871.9286606511748 414.00249919550765 1.7 1.9869 4.3341 17.751902266010692 -23.696964745573332 -6.6115 1.3469395143805896 0
CAR 0.0 0 2.750119219876952 2377.0712693472465 267.4861485493384 2819.0653464009742 434.19389324218054 1.7 1.9419 4.3933 10.829128672068835 -37.86990022479264 -6.2196 1.3122451676189515 0
CAR 0.0 0 4.391059309532375 1583.3178728817686 321.4721028107689 1670.3526770384349 401.3630836062747 1.6092 1.9505 4.2191 48.7842477583339 11.394695618471616 -6.9696 3.0382744574726663 0
CAR 0.0 0 4.312612724261426 1506.0803463003608 293.47878190943163 1575.9570594663944 366.0053852883111 1.7 1.9624 4.4376 53.38627354866965 13.868848270427574 -6.8839 2.9520273524691465 0
CAR 0.0 0 -0.2375941175082521 3801.1863015518015 338.16818975139597 4527.4059361788795 523.3380837328717 1.7 2.2097 4.6079 -0.8191346035887852 -64.20027284259959 -6.7839 -1.706218546549472 0
