CAR 0.0 0 1.4755145010356925 -138021.85301908027 -5330.014425062042 12187.086599474565 41446.024663910706 1.7 1.7312 4.5344 3.8839559783852655 19.25388969694869 -6.639 2.739946168073612 0
CAR 0.0 0 4.403684209516829 1462.9737231193374 322.12213495301387 1524.8919692511224 399.7072821965575 1.5848 1.5393 4.034 46.75319891818401 15.339604334519638 -6.9916 3.069053712392528 0
CAR 0.0 0 3.324593727677943 844.6588494391324 658.3859439629653 1166.1694290634102 1056.6856161908936 1.7 1.9869 4.3341 13.500188510587504 19.874371327782068 -6.6115 2.4471786356166607 0
CAR 0.0 0 2.651242928364886 718.7783840845592 301.99603535823263 934.0817582174552 523.4479153309792 1.7 1.9419 4.3933 18.228064815750276 -5.602851454065237 -6.2196 1.53914667666178 0
CAR 0.0 0 4.391203048256138 1588.4518499991011 322.29636729361897 1676.4338026218516 402.54169117040146 1.6092 1.9505 4.2191 48.68989303392225 11.238189420625485 -6.9696 3.0382744574726663 0
PEDESTRIAN 0.0 0 2.8721442941711546 3489.256419547543 900.06647774398 3879.1975188712318 1121.5170692779122 1.7 0.4338 0.5002 -0.5860916620341504 -22.845571829986913 -6.6847 1.5691033539586565 0
CAR 0.0 0 -1.151295814000271 499.9123993414207 377.18145660505036 658.7034651891203 477.15839129292857 1.538 1.8644 4.1936 29.90127017915334 38.11616017368944 -8.0185 -2.090382009642339 0
CAR 0.0 0 4.392867549533905 1616.0019227490495 294.257511200632 1685.5917856099034 363.341786540808 1.7 1.6327 4.26 56.251419148489795 10.010793767594407 -6.9467 3.018173924975409 0
CAR 0.0 0 -1.2141649998471826 2434.0610914374197 -1107.2963222548567 3167.8826577991454 -693.7928996962812 1.4725 1.8602 4.2231 -10.892226772593938 26.3059681039724 -7.9832 -3.090507970927952 0
CAR 0.0 0 -1.5325785989814156 269.5541327248612 352.40287497025076 430.2821050030498 437.76156214830763 1.5398 1.908 4.1045 31.038475990495083 47.49986087662559 -8.3962 -2.2612308819686957 0
