VAN 0.0 0 -0.061076498514503585 1151.1785886873674 202.2824202413301 1272.7841043985393 276.76010416048473 3.0887 3.0353 7.0662 63.5694022025881 37.92390027269938 -5.5641 -1.438074103094086 0
CAR 0.0 0 -1.691057103502273 1776.3300442254613 330.2663159328922 1894.3247370968709 423.59766915757035 1.661 1.8473 4.112 42.47520451501743 6.852902527898573 -5.6812 -3.0605060248003833 0
CAR 0.0 0 2.96010840282925 1345.7964480651447 192.05337671803196 1508.6461066001154 306.6680128490744 1.7 1.937 4.0135 31.883999791556402 -28.35649880926915 -6.2264 1.5613408777075723 0
CAR 0.0 0 -1.2043276402871887 204.94190281381623 429.12025471456104 439.7000747928197 559.1989525470482 1.7 1.9714 4.0628 12.642899375833572 31.38699875227046 -7.4038 -1.7860664048787567 0
CAR 0.0 0 -1.0172578685416092 392.3682208640694 439.2949232102292 584.7791814201364 550.4064909927533 1.4656 1.3758 3.7786 15.121703402890335 28.746300944036594 -7.4477 -1.7992607011529442 0
VAN 0.0 0 -1.029510542272034 228.6692906213047 324.45759870419687 521.7892623093257 493.88749288023547 3.0074 3.0141 6.0193 16.45477513645284 36.01649071809722 -6.7457 -1.7806193478024308 0
CAR 0.0 0 2.9536871083195173 1404.395588185757 228.85403566651183 1601.5236694206806 356.45891818053366 1.5329 1.947 4.1625 27.9227780297902 -28.25798643017508 -6.1782 1.5742731399333625 0
CAR 0.0 0 -1.3661760783926984 100.52606436022499 398.6168132169529 313.4627345008268 500.0330877894218 1.5121 1.9339 4.1099 12.842995507745515 38.11809960674078 -7.6011 -1.800105966354912 0
TRUCK 0.0 0 -1.6222554864519951 1755.6259565342525 270.45472631808065 1896.7714370389588 390.7885684653791 3.3377 3.0755 3.0748 54.40790337011968 8.656004529442221 -5.9795 -3.0152364718177616 0
PEDESTRIAN 0.0 0 2.9839008850749904 628.3458788619749 127.05578556837807 670.4460216200995 201.52452786348928 1.8579 0.9295 0.9471 41.548500952012006 -9.289802709574605 -6.0836 1.6602932387710603 0
TRAILER 0.0 0 -1.5844188374197996 1751.111826963595 195.44875734632961 1919.811242486143 341.1078853406718 4.1862 3.2286 10.2919 60.36979611897772 9.387703047042455 -4.2942 -3.0134491712793317 0
CAR 0.0 0 -1.4328624096118676 72.91017769020988 339.2342924720963 247.11765219647953 415.5598851497146 1.5206 1.9327 4.0484 15.312099999999997 47.811902692892666 -7.4583 -1.835460922297258 0
CAR 0.0 0 -1.165968044134328 220.93127263333483 336.83291504893305 385.1413961139921 418.78437703720124 1.7 1.6238 4.0308 17.940151562298958 43.777111661299784 -7.2916 -1.8444774247416449 0
TRUCK 0.0 0 -1.1331235831032227 3613.0369374456823 -4639.7020502871965 11459.92111298247 -838.2979485693471 3.0787 2.5188 6.5832 -6.875275355379877 8.72583828364464 -6.1665 -3.015140983484847 0
TRAILER 0.0 0 -4.3531156920831 -588155.739026096 -4465.668726236365 11471.617345141747 135704.67703659754 3.0689 2.4464 5.1914 -1.0092004479185608 9.546955181653152 -6.1649 -3.017174681854824 0
CAR 0.0 0 -1.7418253693990693 1314.3292716635199 398.9683228516382 1484.9310886251942 539.0364643837344 1.7878 1.7256 4.0012 25.860180810482056 12.24470786061286 -5.943 -2.991836552277142 0
CAR 0.0 0 -1.6945300158528032 1581.154835758267 365.1496833318537 1716.435491479681 464.57536821602065 1.5431 1.914 4.1258 36.51245685278991 10.01216323477464 -6.2228 -3.0202848208643336 0
