CAR 0.0 0 2.81611993383265 1080.7303165787484 196.0313574356182 1210.0359072367853 315.2629955453914 1.7 1.937 4.0135 31.399833383272238 -21.441686301694386 -6.2264 1.4637717899589517 0
CAR 0.0 0 -1.205462018794152 260.71595252595927 483.838329291117 529.0745761023883 646.4722234878872 1.7 1.9714 4.0628 11.37642776409171 25.7833174283003 -7.4038 -1.8201623861801035 0
CAR 0.0 0 -1.0473401838446579 447.6924060769816 475.9488328337589 655.6373309095566 604.6398667806117 1.4656 1.3758 3.7786 14.227752926835258 24.947988388168294 -7.4477 -1.8465701910156123 0
VAN 0.0 0 -1.0132546569828693 268.5267474223711 332.6871924281552 567.5248225543423 510.0887614239449 3.0074 3.0141 6.0193 16.52068867945129 33.947778137973934 -6.7457 -1.8040050303749324 0
CAR 0.0 0 2.7815572850391828 834.4187167936775 243.5118175222679 948.6044341919406 385.03495536728633 1.5329 1.947 4.1625 26.71773763090001 -15.369159255952553 -6.1782 1.5482138769844158 0
TRAILER 0.0 0 0.05934707694273755 3330.537186345083 133.50608366748213 5337.55645591204 598.2928831877086 4.1862 3.2286 10.2919 17.590378140663667 -66.15919921907653 -4.2942 -1.4315679485436985 0
CAR 0.0 0 2.920454607193412 1405.6073815324028 277.11768959162504 1635.047834675349 438.9411780204313 1.7 1.9624 4.2616 24.513042523653162 -26.9602283895279 -6.4566 1.5798550217274272 0
MOTORCYCLE 0.0 0 2.8807332006748902 1525.0830969596184 344.7006191532913 1649.8554064588725 479.95388093462856 1.7 0.8106 1.621 21.1735447085633 -26.570886869769375 -6.3809 1.5635222017560881 0
CAR 0.0 0 3.022785550224254 1778.165149965557 306.30889537999815 2111.704194528735 497.65512628717227 1.752 1.7066 4.5021 21.488668937870713 -32.90686117042918 -6.3051 1.6546732152024497 0
CAR 0.0 0 3.036971037744915 1723.8723107245464 282.1579253855144 2018.6949278414145 442.28903057026923 1.6356 1.9585 4.5139 24.288943715389934 -33.83968103576855 -6.5383 1.6564487319189027 0
CAR 0.0 0 1.784651923659134 1264.1821390402279 -329.4446114601707 1348.7648531380717 -267.63885184651855 1.7479 2.1574 4.4141 -67.4879 8.6671 -7.1261 -0.010319424834180245 0
CAR 0.0 0 3.014167338735324 2116.763448818972 306.878674088086 2507.251312891028 476.49274995391863 1.5888 1.9932 4.2218 21.60955244144648 -39.98857825902503 -6.2836 1.6104035849024376 0
PEDESTRIAN 0.0 0 2.416181263572467 85.10973642760996 172.25219872276335 141.98777505770795 247.28686980745098 1.651 0.5088 0.9606 38.0133 3.9866 -6.6051 1.9174778364964447 0
