VAN 0.0 0 -0.03384108089812776 1150.2991338605502 198.2365851666643 1269.1003500437175 266.1737953572277 2.7763 2.7552 7.2016 63.06829372452029 37.80569964972451 -5.1699 -1.416192480697106 0
CAR 0.0 0 -1.693262305438857 1484.7718021768646 330.3793970824003 1603.323001120015 415.0221052520646 1.7 1.9575 4.0881 41.89979827582408 14.185708009905058 -6.4594 -3.02834391244896 0
CAR 0.0 0 -0.8072706199653015 770.7189336365716 490.93362407404163 903.0908721509893 580.1241820183172 0.9948 1.2858 2.4998 18.051334819061385 20.71553536456836 -7.372 -1.8103800979548492 0
PEDESTRIAN 0.0 0 -0.013568268293907115 3385.3306990802253 934.0569111392899 3871.829477573108 1170.71882981089 1.7 0.9483 0.6324 7.0434 -35.0259 -6.4597 -1.3017621272550564 0
TRAILER 0.0 0 2.086382649392662 -1082.8800228212926 180.59092731112727 386.67408352116007 1221.729315812991 4.449 3.1064 14.302 16.179055241954185 -5.089255877339854 -5.4278 2.3400290696009995 0
CAR 0.0 0 -1.033859106577078 348.7157535856604 415.9793079002396 558.4441325464926 528.7137016945208 1.5443 1.9623 4.0978 15.652003642233447 31.12862869440268 -7.4616 -1.8023740043592795 0
TRUCK 0.0 0 2.0862276405858626 -2477.5197636858265 544.0731869870791 -540.0822226788113 1434.5698110388146 4.1117 3.1104 3.5612 9.696850052457469 -0.5353508820496016 -5.5624 3.026188985337398 0
PEDESTRIAN 0.0 0 -1.3842706104952875 1121.9574386959914 373.3907998789127 1163.4744412604327 444.8831521100482 1.7091 0.758 0.7219 30.572550463842024 21.375163646790902 -6.9127 -2.611545737766429 0
PEDESTRIAN 0.0 0 -1.6846218532241133 1152.9212280216054 373.7090750287706 1195.0859447357552 447.3282934807411 1.7376 0.7422 0.7187 30.626010119341785 20.419984869244225 -6.8157 -2.9193361529274826 0
CAR 0.0 0 2.990152941306752 1589.4409462619374 224.64407480953176 1809.156447726437 347.6548385857323 1.543 1.9551 4.1131 28.37960774901001 -32.92878801868033 -6.1946 1.5853587630622614 0
CAR 0.0 0 2.9458685504219106 1303.7794527571637 202.81001776414416 1464.054683169648 315.5031419910904 1.5805 1.9518 4.1417 31.596644173732557 -27.201892276633043 -6.3762 1.5592882711839928 0
CAR 0.0 0 -1.6954095238450984 1596.9692763800385 265.7042124918673 1681.9265568186208 320.9497227990532 1.5918 1.9068 4.1122 59.154456471983806 15.78769915477293 -5.8654 -3.0897284918201087 0
PEDESTRIAN 0.0 0 2.9654970817350517 962.9297375068262 128.94804578587224 993.6957657609128 196.72953806379064 1.7 0.7538 0.7055 40.3028 -18.69 -5.8126 1.5594767795872573 0
