VAN 0.0 0 -0.03384107832411676 1150.2991445873495 198.23658425924455 1269.1003589022232 266.17379347313687 2.7763 2.7552 7.2016 63.068294866865315 37.80569971348625 -5.1699 -1.416192480697106 0
CAR 0.0 0 -1.6932623007252592 1484.7718549060075 330.3794012496639 1603.3230541899584 415.0221112547767 1.7 1.9575 4.0881 41.89979858968117 14.185706551837209 -6.4594 -3.02834391244896 0
CAR 0.0 0 -0.7487827180084425 800.7063624457235 501.55249895448725 935.4635014759218 594.2532313538383 0.9948 1.2858 2.4998 17.908371089005175 19.70701487380635 -7.372 -1.7580518261324705 0
PEDESTRIAN 0.0 0 -0.013568268293907115 3385.3306990802253 934.0569111392899 3871.829477573108 1170.71882981089 1.7 0.9483 0.6324 7.0434 -35.0259 -6.4597 -1.3017621272550564 0
TRAILER 0.0 0 2.0497252034655755 -1287.4278620028279 188.01991588280157 359.2852265447699 1299.794886262193 4.449 3.1064 14.302 15.610646506984944 -4.804836869871421 -5.4278 2.4098872136976524 0
CAR 0.0 0 -1.0334803791137561 348.8399858054424 415.71869023436017 558.3835953275915 528.316999001687 1.5443 1.9623 4.0978 15.667838174595445 31.15465755431002 -7.4616 -1.8023740043592795 0
TRUCK 0.0 0 2.110591840747283 -2841.711208722895 594.5868092657684 -599.3751462397487 1576.4369462889792 4.1117 3.1104 3.5612 8.916501977217798 -0.7375395675935086 -5.5624 3.061322136603878 0
PEDESTRIAN 0.0 0 -1.384629321598629 1120.2616130856 373.25359768254924 1161.735937003686 444.7144930028951 1.7091 0.758 0.7219 30.555933615973952 21.42025283184163 -6.9127 -2.611545737766429 0
PEDESTRIAN 0.0 0 -1.6842247044336247 1153.3277256567783 373.36876466200357 1195.4425001134416 446.8868021690257 1.7376 0.7422 0.7187 30.675676740387612 20.437858926540226 -6.8157 -2.9193361529274826 0
CAR 0.0 0 2.986426677465257 1559.4411070695905 225.36121509587753 1775.4307224984336 349.0464158254263 1.543 1.9551 4.1131 28.313115305548433 -32.15850720344252 -6.1946 1.5853587630622614 0
CAR 0.0 0 2.9805439903131363 1302.36363483151 202.8201508691685 1462.4540821764745 315.53119500792207 1.5805 1.9518 4.1417 31.59552004872667 -27.164761594758993 -6.3762 1.5941736012422736 0
CAR 0.0 0 -1.6436313895231107 1595.4931701617354 266.3209273786331 1680.8589077366503 321.86378117527266 1.5918 1.9068 4.1122 58.852699934981224 15.762202498035801 -5.8654 -3.0373686142602785 0
PEDESTRIAN 0.0 0 2.965104135703216 958.3988455935918 128.6050145844842 988.9618324160123 196.31747044678764 1.7 0.7538 0.7055 40.36076234518578 -18.56308245105873 -5.8126 1.5594767795872573 0
