CAR 0.0 0 2.7325288661502993 1336.6596888797844 202.12746711955165 1535.0736857429283 315.51726235387804 1.5683 1.9824 4.1753 24.841135219172855 -22.727507569403535 -6.7242 1.33882426606999 0
VAN 0.0 0 4.357969241675768 1702.8315271210395 328.50779436492513 1846.9915826896122 447.37408613797015 1.9963 2.2756 5.9988 45.19045703040498 7.915666032367244 -6.704 3.0012018670575786 0
CAR 0.0 0 2.702977988854769 1388.8079385437973 207.35130853286628 1646.3555196558436 348.0122525573098 1.6094 1.8776 4.9449 21.344061720270577 -21.692910631075975 -6.2139 1.3114097922132018 0
PEDESTRIAN 0.0 0 2.727018311218216 638.609275447739 127.0703850137721 675.440708235758 194.23862021293357 1.7016 0.7772 0.6957 39.75979277481573 -7.078562027455461 -6.3348 1.3955368288674803 0
CAR 0.0 0 -1.54435472899338 248.51621284199496 421.58917899794494 457.36060943371615 541.9590454033483 1.5083 1.8983 4.1522 23.9227983405556 39.972597708054586 -8.1788 -2.18213576590055 0
VAN 0.0 0 1.33708191797684 397.84998845306995 42.8742176486388 462.32445815322825 107.07833220303024 2.001 2.2034 6.0581 67.67196553012431 -1.7264605612690356 -6.8553 -0.06338274536302377 0
CAR 0.0 0 -1.290162993521075 405.9199027574784 424.57390028299335 598.6213235052363 544.3413196512766 1.4958 1.977 4.1388 25.350099087253604 36.83360023725481 -8.1989 -2.09854158769705 0
TRAILER 0.0 0 4.392023742284433 1708.0966909816289 206.0332350776944 1867.891293107227 332.750155887591 3.4934 3.115 10.3352 63.2647973714355 5.0191 -5.0918 2.9686603356601298 0
CAR 0.0 0 -1.6596957688459435 140.676272246216 381.5900942120412 334.83433274707136 481.50830694854477 1.508 2.0028 4.001 26.0277 46.1866 -8.2196 -2.1681369818205787 0
TRUCK 0.0 0 4.391394218646928 1725.171275854398 254.6068781007159 1821.5750336537085 337.22110826493576 2.4532 2.2469 1.9737 57.1937 6.1447 -5.6178 2.985525566570448 0
CAR 0.0 0 4.362908778208361 1385.456415817258 361.3508157353323 1479.9364339945155 467.2033197773784 1.7 1.989 4.2817 38.63554518333773 16.774833152850658 -7.1172 3.07177948351002 0
VAN 0.0 0 4.430904596814025 1571.1759254779881 270.1640646277511 1703.6532126590873 398.52637327765257 3.0024 3.0029 5.9984 51.0404309546427 11.103853626698161 -6.3697 3.0599660791121774 0
VAN 0.0 0 -0.4522484365332802 1412.0350281874055 432.29100273800003 2092.203882947032 893.5753684677396 2.0449 2.1484 6.0265 8.997240071303326 -12.851377791557681 -6.4734 -1.6659531665355232 0
