VAN 0.0 0 -0.016680585239444934 1146.5561557651783 202.26546467673754 1268.3799153352031 276.788654841616 3.0887 3.0353 7.0662 63.377101496626196 38.0866079442648 -5.5641 -1.3929679825469414 0
TRAILER 0.0 0 3.0634744406062726 1698.744651350064 145.3676737361895 2442.985152792895 492.56771692467845 3.3784 3.4486 11.6024 25.068042310938306 -36.72191337939339 -5.4833 1.6400764467374094 0
VAN 0.0 0 -1.6999449009149772 1590.0046795058636 302.72553406169345 1735.9019525008605 424.1969071223184 2.5061 2.2666 5.3185 42.988420270227834 11.204259862234876 -5.9066 -3.0575834777366406 0
TRUCK 0.0 0 3.0598302424084682 1538.5603968228736 170.23024195685602 1937.4563005056627 430.9688978535341 3.5225 3.6418 4.7722 24.72800448781616 -30.870968003848617 -5.4368 1.6574552326525247 0
CAR 0.0 0 -1.6969850400230155 1534.4290944961133 310.37362255569076 1642.0712413172146 385.7878571526214 1.7 1.9666 4.1398 47.078502157447396 14.348702157447399 -6.3811 -3.0529654951011866 0
BUS 0.0 0 -0.7852283837215825 346.06744008768254 294.46838214833514 768.7824568285394 512.2984133578055 3.5244 2.84 10.3328 19.41873470858704 31.437830593604197 -6.2138 -1.7452594699376975 0
CAR 0.0 0 2.781609671643456 811.1467972258633 342.86548389615325 959.2587334466187 566.5672221455055 1.7885 1.936 4.1812 20.00506825943992 -14.87538354278411 -6.3142 1.6837361843739813 0
VAN 0.0 0 3.0507307176136935 2044.7000280082923 217.9052049505152 2688.0088731731666 511.48347907136775 3.0142 2.9998 6.4302 21.354456911207436 -39.74226600309009 -5.5653 1.6301165965656204 0
CAR 0.0 0 3.1449719339091704 2514.960144944849 277.7222941100909 2962.5565241916797 442.20701873081777 1.7728 1.9945 4.2516 22.53592509754164 -49.864966701704574 -6.13 1.7040956439614177 0
CAR 0.0 0 2.4268635506570737 170.1860256198897 314.89947848009064 391.3382352442836 515.5677499797915 1.7553 1.5689 4.1046 22.287222829495054 -5.727541379141506 -6.4088 1.814553251022208 0
BICYCLE 0.0 0 -1.598984996632044 811.7667216047113 175.75629185313173 837.0014990074865 241.910609645411 1.455 0.6025 0.8913 36.49887948040468 -14.253098636863752 -6.2896 -2.9220305006185083 0
CAR 0.0 0 2.9946683616953775 1519.8068315389576 317.6097838681723 1802.0906825577777 509.7303239438351 1.6332 1.7321 4.4876 21.2154178533416 -27.655879836568282 -6.3283 1.6668272518319063 0
CAR 0.0 0 -1.6611655395593645 1793.1474204391652 312.8032484245271 1900.3776455031114 395.8795048429489 1.661 1.8473 4.112 46.9431620524284 7.145714884567759 -5.6812 -3.043391217708986 0
MOTORCYCLE 0.0 0 2.454914781122328 690.9099112764441 189.50254602023608 723.6535145624761 270.227825357398 1.52 0.5676 1.6613 34.308 -11.4111 -6.32 1.1972627140360848 0
MOTORCYCLE 0.0 0 -1.746088819305295 1514.5697220410366 342.58235845018214 1566.3271561677018 411.76846965190515 1.7 0.7138 1.6517 41.1845 14.0867 -6.5238 -3.077139203314816 0
