VAN 0.0 0 -0.06107600660006396 1151.1803984273513 202.28222072494074 1272.7855509406802 276.75968812377624 3.0887 3.0353 7.0662 63.56962387804421 37.92392771802946 -5.5641 -1.438074103094086 0
CAR 0.0 0 -1.708275787561505 1782.084568031023 330.7831304509072 1900.120958777543 424.3789656555066 1.661 1.8473 4.112 42.48084870981871 6.7198747090203765 -5.6812 -3.078007174963612 0
CAR 0.0 0 2.9601077138386414 1345.7921804404157 192.05354570947532 1508.6413881833905 306.6683110029546 1.7 1.937 4.0135 31.88397881313125 -28.356378970337875 -6.2264 1.5613408777075723 0
CAR 0.0 0 -1.2043363706248027 204.93509303423448 429.11942090471837 439.69327115758557 559.1976887445094 1.7 1.9714 4.0628 12.642836557743646 31.387187490539556 -7.4038 -1.7860664048787567 0
CAR 0.0 0 -1.0172421652814903 392.38116378813237 439.29172907978284 584.7891700905991 550.4017251121868 1.4656 1.3758 3.7786 15.122045880571969 28.7463959548749 -7.4477 -1.7992607011529442 0
VAN 0.0 0 -1.0295288947705463 228.65484060563395 324.45783003931393 521.7768239489587 493.88813613140707 3.0074 3.0141 6.0193 16.454512303157653 36.01669109620328 -6.7457 -1.7806193478024308 0
CAR 0.0 0 2.9538108077032286 1404.0149908252538 228.6273917514937 1600.9271680954516 356.10866311375736 1.5329 1.947 4.1625 27.945131288114833 -28.258335889748903 -6.1782 1.5742731399333625 0
CAR 0.0 0 -1.366212406442419 100.50618421596393 398.6195796506788 313.4463778159744 500.03730191768705 1.5121 1.9339 4.1099 12.842543392998847 38.118060027885164 -7.6011 -1.800105966354912 0
TRUCK 0.0 0 -1.622255201791678 1755.6179619530487 270.45321147743005 1896.7619510939019 390.78577309929483 3.3377 3.0755 3.0748 54.408242549659555 8.656310295917056 -5.9795 -3.0152364718177616 0
PEDESTRIAN 0.0 0 2.983905355149294 628.356124543072 127.05530880839494 670.455665814411 201.5238365941085 1.8579 0.9295 0.9471 41.548596765521765 -9.290075409761263 -6.0836 1.6602932387710603 0
TRAILER 0.0 0 -1.5844197387035819 1751.1001420555465 195.44873090270727 1919.8008054147099 341.1081725965206 4.1862 3.2286 10.2919 60.36940552057952 9.388009711064404 -4.2942 -3.0134491712793317 0
VAN 0.0 0 -0.10571836805000978 2199.4223358804156 412.83400377726537 2779.433454388593 691.6316301108458 1.9675 1.9559 4.604 16.273465723564904 -36.70207017451243 -6.6285 -1.4591455572787007 0
CAR 0.0 0 -1.4328598430421235 72.91141467663478 339.2346757489081 247.11908224783997 415.5604262765849 1.5206 1.9327 4.0484 15.312099999999997 47.81179766928733 -7.4583 -1.835460922297258 0
VAN 0.0 0 -1.908980861750128 1156.3814402233145 540.9408046214986 1574.9498875743866 935.4360870246262 2.0176 2.2899 5.6298 13.584799785009757 7.576274925498832 -5.5529 -2.997667017415702 0
CAR 0.0 0 -1.1780851299458566 213.469611680818 337.2233875196304 378.4813168924071 419.39296538775574 1.7 1.6238 4.0308 17.7583 43.852 -7.2916 -1.8444774247416449 0
