CAR 0.0 0 4.344907452477663 1562.1190221535057 326.8803130523438 1653.180680448516 413.55162438998866 1.7 2.0096 4.0382 46.36386676680541 12.133142140066727 -6.8888 2.9997781404841044 0
VAN 0.0 0 -0.19565228467797113 1114.8760240897059 185.0247994205431 1202.440074073062 259.10888397787573 3.1128 3.0226 6.773 73.48524391639505 32.82518140411718 -5.828 -1.5785158727392246 0
TRUCK 0.0 0 2.138098336646517 -158802.44175297464 -15035.930877041803 35701.72381830034 78425.40406063151 3.8081 2.9722 2.9156 2.629718792670174 21.410980199427605 -7.0351 3.0882466766243977 0
CAR 0.0 0 1.3176566953464373 319.0208977972229 118.01310726153018 408.78836297150514 209.6288878245771 1.7 1.967 4.5895 43.11440742864603 0.8218979221139873 -6.577 0.16471018950639593 0
TRUCK 0.0 0 2.7434153047837544 1781.1187701749502 181.3028763219883 2068.4402334781694 399.0769879919213 3.4115 2.7462 2.4608 16.67652360300043 -27.55126630015759 -5.8128 1.320131568553655 0
CAR 0.0 0 2.689002219299399 1454.5217222263186 272.70624581764764 1726.0106882012426 426.79189494508375 1.5441 1.9368 4.2225 18.090295084364254 -20.59014283956813 -6.7047 1.3330889466936484 0
BUS 0.0 0 -1.1235113510546109 279.5108067637273 254.30179836237627 752.2905233179345 500.97269695179517 3.8144 4.294 14.4415 31.821926147219102 40.422898629426534 -6.7673 -2.0925929176360314 0
CAR 0.0 0 1.246861157590038 369.3328267302952 65.93790622114152 427.2457698745939 127.7760609547589 1.7 1.7559 4.4079 59.13230927234809 -0.2802133326953826 -6.7373 -0.08726646259971652 0
CAR 0.0 0 2.6707389528571133 1569.812582506749 307.0985447755429 1938.1465945268424 510.59688486453956 1.7 1.9879 4.7683 14.66653026455805 -20.55126756163027 -6.6494 1.3267852944624794 0
CAR 0.0 0 2.6906711507548184 1891.0267450286567 311.97664953808544 2273.4756660193148 488.72798004284675 1.5135 1.9357 4.3357 13.026728284578976 -26.5614989229053 -6.6523 1.3082793304274736 0
VAN 0.0 0 2.7248890435199202 2198.85968655008 268.77412119775664 2744.939530231987 488.2602775256307 2.0943 2.4031 5.4998 11.209721533814918 -34.172087463836036 -6.4152 1.3038398887486933 0
VAN 0.0 0 -0.316885142049141 3201.1141327565947 304.1690046035351 4250.930394381115 628.7767165701213 2.7252 2.5328 6.0568 2.0903760176414004 -47.02379888502409 -6.1749 -1.7657681287947185 0
TRAILER 0.0 0 2.7813693906278196 1875.104821653058 122.56410685680005 2640.7691789199002 465.7277109017471 4.1983 3.0119 9.4432 15.07332667048286 -33.28806512058084 -5.5448 1.33346725123444 0
TRAILER 0.0 0 -3.7506021799972356 -92100.20030127635 -14340.91775365275 42096.20820533998 36724.305783699514 3.8072 3.3433 7.7358 9.592634264377674 24.126258816887145 -6.4136 -2.66608129211848 0
BICYCLE 0.0 0 4.006363561043775 802.5681327569679 166.39179759257598 851.8197017430738 246.5736535931381 1.7142 0.8998 1.2689 33.4645 -10.3208 -6.5743 2.679422543851173 0
CAR 0.0 0 1.4124118627751079 437.9426007912886 24.728535266207114 485.7457609514561 64.94408433806571 1.5812 1.954 4.102 79.73424904668329 -3.797502282481859 -6.7166 -0.06254397204589136 0
CAR 0.0 0 -0.4272164474270794 2578.0552458818665 456.9218404363527 3229.9300485912004 721.0206498346158 1.5356 1.9913 4.1053 5.027317762591707 -29.951309819965783 -6.8917 -1.7996717894500955 0
OTHER 0.0 0 2.769771512103465 2534.212311557065 267.7414370995652 3002.500092835825 434.08063118584334 1.7 1.956 4.407 9.665957071643174 -40.9896655378054 -6.175 1.3238232411917104 0
