VAN 0.0 0 -0.04295484566877339 1147.3373331086586 202.70774735733627 1269.7169521473295 277.6471772823279 3.0887 3.0353 7.0662 63.10008403450739 37.865097999635275 -5.5641 -1.418903573797595 0
CAR 0.0 0 -1.7805430979541264 1771.3454090139728 352.06465430891546 1902.219623687278 458.7618858153754 1.661 1.8473 4.112 38.14530217343664 6.256169522421035 -5.6812 -3.135605278161685 0
CAR 0.0 0 2.9485748507518688 1348.8343453625828 191.25343710320232 1511.5736424353665 305.41841630803606 1.7 1.937 4.0135 31.982903364591778 -28.47350398023277 -6.2264 1.5487642730096802 0
CAR 0.0 0 -1.2835718703711674 213.17564349268818 428.32582502276523 446.63948676300265 557.9006792184927 1.7 1.9714 4.0628 12.793505123392844 31.345898601597547 -7.4038 -1.877003294840088 0
CAR 0.0 0 -1.1050995857643862 391.4045809951917 439.8369221060888 584.2085698744919 551.2087793115052 1.4656 1.3758 3.7786 15.081498630604466 28.711398812811034 -7.4477 -1.8856458483840466 0
VAN 0.0 0 -1.1436861943563774 246.38395938059188 323.20761875001915 535.7906515943355 491.1523767732804 3.0074 3.0141 6.0193 16.851101137304536 35.94315882285785 -6.7457 -1.917786575270122 0
CAR 0.0 0 2.9460820552562024 1401.9310860623902 229.36624693324094 1599.0432352882149 357.2822968293181 1.5329 1.947 4.1625 27.873161117907255 -28.17928520915325 -6.1782 1.5674036341292166 0
CAR 0.0 0 -1.4413273186953237 121.50197702575178 395.68821178329 330.7297589491792 495.5776041651535 1.5121 1.9339 4.1099 13.32592755687397 38.161289963964514 -7.6011 -1.9132188092271625 0
TRUCK 0.0 0 -1.6415881921339384 1760.20503547565 275.29856809548545 1906.083853616082 400.02861311332634 3.3377 3.0755 3.0748 52.782016148245525 8.23693087110879 -5.9795 -3.031595390596638 0
PEDESTRIAN 0.0 0 2.9153743386253295 624.1568420104328 127.76407859427235 666.5922790218315 202.48035358658976 1.8579 0.9295 0.9471 41.41599549241956 -9.189796598313013 -6.0836 1.594447662458931 0
TRAILER 0.0 0 -1.6441651201526444 92.03911378867016 -36.260393760305014 316.2590613062265 111.22119025145888 4.1862 3.2286 10.2919 58.7430219899979 8.788592503295177 -4.2942 -3.062835902477131 0
CAR 0.0 0 -1.4653591840048814 75.43455678835016 339.22873389104035 249.47217244188272 415.53911540827096 1.5206 1.9327 4.0484 15.364101758976126 47.76159829885421 -7.4583 -1.8734535741965284 0
CAR 0.0 0 -1.3040904070577803 226.83774783937727 336.1881089387855 390.1855246348293 417.8152820459505 1.7 1.6238 4.0308 18.111405324035598 43.78270039904979 -7.2916 -1.9923975746503848 0
CAR 0.0 0 2.9291181797130106 1412.798080160768 279.2315011286922 1645.077080268614 442.3119149841235 1.7 1.9624 4.2616 24.34858933355707 -27.04362532793957 -6.4566 1.58896339585535 0
MOTORCYCLE 0.0 0 2.8886732733769174 1527.0026314363756 344.5402005529288 1651.9173928657542 479.72365646850835 1.7 0.8106 1.621 21.18107466956124 -26.609557201791443 -6.3809 1.5710430576065737 0
