CAR 0.0 0 1.487387756323119 458.59180903356963 150.75231140321807 558.6509523277595 246.23636452341643 1.5683 1.9824 4.1753 37.7213859992716 -2.6787570926477144 -6.7242 0.2864640597075571 0
CAR 0.0 0 2.758029545068221 1584.1832226058027 422.50864318891763 1741.5934937121306 593.7791844539157 1.6094 1.8776 4.9449 28.590480473419422 12.522685195558608 -6.2139 1.482186023069 0
CAR 0.0 0 -3.9146008318179275 -36623.05683871947 2002.7012224908615 -5064.591991979238 11163.497914493242 1.5083 1.8983 4.1522 10.354287888258646 24.52661434977871 -8.1788 -2.6761519988648477 0
CAR 0.0 0 -1.1121224701262529 1196.2782477655117 736.9206242635702 1420.9144085958303 1070.7165752637256 1.4958 1.977 4.1388 16.38047898015549 16.96953050164359 -8.1989 -2.0866393628902347 0
TRAILER 0.0 0 -0.21002100240651234 3960.957200233553 155.4585665394165 5556.843154025969 450.7640172929545 3.4934 3.115 10.3352 -3.579488955594819 -85.28064104758774 -5.0918 -1.7195019127797606 0
CAR 0.0 0 -1.5665685476131321 285.0195188480738 490.26711861822815 526.220763689584 645.7433448544706 1.508 2.0028 4.001 20.24294929518911 34.818024615699194 -8.2196 -2.1934908846065175 0
MOTORCYCLE 0.0 0 2.798566109705993 1515.7707863342775 336.62422211017144 1670.9921322272257 474.93833504592124 1.6332 0.8894 1.834 15.205507434947181 -17.818865020695796 -6.5953 1.476332299180062 0
CAR 0.0 0 2.906805723592563 1396.2048561769193 224.19451945072143 1657.1920314016836 377.6058633651561 1.654 1.8689 4.1757 18.83636387359106 -19.48271886075529 -5.8865 1.5287366527938486 0
CAR 0.0 0 2.732103818665185 1238.9658512531753 172.03445684687017 1446.1413203703462 303.3826177385484 1.8284 1.8307 4.868 25.349138666706946 -20.233122403632787 -6.1655 1.3347066254717057 0
CAR 0.0 0 2.765720109137966 1768.0062869039186 303.51962112681787 2139.1567707650597 493.5624679985533 1.7 1.7312 4.5344 13.838 -24.3783 -6.639 1.394397955834217 0
PEDESTRIAN 0.0 0 2.82970263127073 1647.6407140106817 356.3006553393326 1701.4248624365491 433.40084951394203 1.7 0.84 1.0688 40.34843383191146 10.936986469288001 -6.3875 1.4902160803572406 0
CAR 0.0 0 2.7230520657557387 2003.7839246981537 307.2330937746814 2406.455124681789 491.8375164483263 1.7 1.6226 4.5676 12.538841823090863 -29.229479331367514 -6.7663 1.329991552531325 0
VAN 0.0 0 -1.226715090810952 526.5707379372275 458.44316095669717 773.2295691231691 656.0132810958177 2.0921 2.2958 4.814 22.1905321164675 30.401997615957022 -7.8814 -2.0976734452399306 0
CAR 0.0 0 -1.607024530986537 127.78637549308449 363.65162246103114 309.17658353372104 461.35277660593033 1.7 1.8129 4.0976 27.798981483588605 49.07490921903052 -8.412 -2.098775480781578 0
CAR 0.0 0 -1.411928074412961 291.42464027983715 365.9048600354682 460.1121736493553 461.22041979230386 1.5898 1.7895 4.1594 29.17381601069937 44.57119397021854 -8.2277 -2.153667325235009 0
