CAR 0.0 0 4.486587520863983 1555.285264033765 325.6542918957293 1645.005268247384 411.76735741196336 1.7 2.0096 4.0382 46.50610587129901 12.335708413910382 -6.8888 3.141592653589793 0
VAN 0.0 0 -0.1888256558600303 1140.3387387269815 186.9028595212186 1227.6893203583809 262.2085019022656 3.1128 3.0226 6.773 73.00170911521596 31.308746558747725 -5.828 -1.5736332775196553 0
TRUCK 0.0 0 3.2185011699487553 868.3570966565022 528.610353772981 1197.1856194598633 976.0951526562759 3.4115 2.7462 2.4608 14.011410973802931 19.94702057566876 -5.8128 2.2653455332529413 0
BUS 0.0 0 0.7540973693554631 247.78035225025553 83.29179775787424 494.3802750059178 353.12249520781114 3.8144 4.294 14.4415 38.89554697439931 0.5442967969828718 -6.7673 -0.32069630352402806 0
OTHER 0.0 0 1.1394266109223248 -10934.348255815179 1102.418531587998 -2420.9813814604054 3582.508925980334 1.7 1.956 4.407 9.676008143435913 16.189872607939247 -6.175 2.3234907022366906 0
TRAILER 0.0 0 3.219178502720336 1342.6406968988229 397.1773948824554 1828.4170833057826 1158.0285580411444 4.1983 3.0119 9.4432 17.395868990546052 14.833593817030515 -5.5448 2.080028840093037 0
BICYCLE 0.0 0 4.208949344318876 805.2632177443081 166.1350849483574 854.442278058075 246.2119392388039 1.7142 0.8998 1.2689 33.483084434839995 -10.398650642152639 -6.5743 2.88090798914154 0
VAN 0.0 0 1.5071947623662603 -572.184120478393 336.7768001668431 41.33996143683977 838.0663033697756 2.613 2.2684 5.5662 16.028086502749183 5.803148542514185 -5.7562 1.8681756852566807 0
CAR 0.0 0 -1.4235478404145214 232.1212617878906 447.535541136238 441.80264750654965 571.2335362833479 1.5269 1.9408 4.1155 23.72025828234807 40.374223994352725 -8.831 -2.013284002215193 0
CAR 0.0 0 2.6004980086746983 835.7538065134049 317.50264417711605 1072.0092152213874 528.8236349815518 1.5006 1.9544 4.3204 17.27581045033113 -7.220619418731384 -6.2434 1.4443889067573332 0
CAR 0.0 0 2.6614339892828447 1332.2145702407395 244.4367709132035 1600.0069295326768 402.3561980712571 1.5496 1.899 4.5119 18.85395594097635 -18.111827890517826 -6.1851 1.3058166515910927 0
CAR 0.0 0 2.764728246868999 1343.2787408541587 201.9043591507177 1542.1906565250438 315.09295858723425 1.5683 1.9824 4.1753 24.818071580695626 -22.913827022705792 -6.7242 1.3699820769311981 0
CAR 0.0 0 2.578706196722557 767.7339602544503 295.8605655199144 949.7361545532427 469.8611222160947 1.5716 1.9048 4.1778 21.109530570160594 -7.052447347077857 -6.8777 1.4243801718246891 0
CAR 0.0 0 2.783851693483637 1505.738445163055 321.7291512961124 1825.9638592524402 506.83767287304147 1.5502 1.9671 4.1367 14.9985225145461 -19.03813978143868 -6.7148 1.454966334691561 0
VAN 0.0 0 -1.778500980690633 1698.824142593386 332.6231654532077 1845.444813475101 454.7852993396889 1.9963 2.2756 5.9988 44.24261194728478 8.140471474514174 -6.704 -3.131880613887544 0
CAR 0.0 0 2.0352888273658865 37.84935832550697 345.71727049161336 263.03220954011437 568.0436543176112 1.651 1.9856 4.1758 21.497498685313303 3.559250245556164 -6.9778 1.69113397743489 0
