VAN 0.0 0 -0.03536798127786178 1147.8977114702561 202.7104401884883 1270.2516419160622 277.64496408610825 3.0887 3.0353 7.0662 63.12280334731871 37.84518430923937 -5.5641 -1.4114024759719594 0
TRAILER 0.0 0 2.9367317873410377 1079.2506385861568 148.31858056817296 1503.348324473712 533.0673468561806 3.3784 3.4486 11.6024 24.381581617328752 -21.56926321653276 -5.4833 1.615510736805473 0
VAN 0.0 0 -1.7069766784221165 1600.2886995491845 302.0880859916824 1745.1211484407727 422.90477303737623 2.5061 2.2666 5.3185 43.374321567370544 11.0274004529671 -5.9066 -3.0663557118638796 0
TRUCK 0.0 0 2.8475191110585216 794.597814522698 177.48357019189788 1037.8124944918518 465.6853069317242 3.5225 3.6418 4.7722 23.875951108735133 -15.538879565465486 -5.4368 1.608602696248196 0
CAR 0.0 0 -1.7477993835117327 1532.5164606810972 312.5920418763404 1641.490283246242 389.1470883914859 1.7 1.9666 4.1398 46.471086211627195 14.220696321715993 -6.3811 -3.1019631316146827 0
BUS 0.0 0 -0.3472195027474474 899.0942889222472 383.8320874634694 1375.371907746894 770.6662776341124 3.5244 2.84 10.3328 18.833147029204447 13.630341703453583 -6.2138 -1.465638698449689 0
VAN 0.0 0 2.8194333417050763 659.2455264146744 240.2899247131833 917.3324556295981 604.841706428327 3.0142 2.9998 6.4302 19.88019801076285 -13.686248467375755 -5.5653 1.7231895669304842 0
BICYCLE 0.0 0 -1.1470048453700694 809.1059018838585 174.41929742978184 834.2243194646738 240.2695780395496 1.455 0.6025 0.8913 36.681546525995415 -14.18456969534798 -6.2896 -2.470962799178619 0
CAR 0.0 0 -1.7230222466769045 1783.5633123839666 329.8619469992597 1901.0024692189309 422.89963338608646 1.661 1.8473 4.112 42.709200094690836 6.721631984790985 -5.6812 -3.093492692234448 0
MOTORCYCLE 0.0 0 -1.7221290352602079 1511.2403854917584 342.43719800213336 1562.9913466409284 411.5906213134122 1.7 0.7138 1.6517 41.13837202943238 14.16926603922169 -6.5238 -3.0527780599336807 0
CAR 0.0 0 2.9524459448236433 1347.1174475174007 192.85523753737286 1510.6477590690315 307.88019578523733 1.7 1.937 4.0135 31.785600000000002 -28.3542 -6.2264 1.554161860999463 0
CAR 0.0 0 3.020456902678715 1848.1869284484915 282.75284520654395 2103.187459018161 416.06106448260755 1.4668 1.6524 3.5756 24.38123483680437 -36.10128766580985 -6.3814 1.624041943715655 0
CAR 0.0 0 -1.1863606885818405 212.15076510163962 428.7896976245319 446.03582078786764 558.6343449872091 1.7 1.9714 4.0628 12.75950942500795 31.313118328985023 -7.4038 -1.7780935580836401 0
CAR 0.0 0 -0.8251793470369078 522.7843022238077 395.54713672773823 704.1631332340476 497.232915556282 1.5178 1.8289 3.9952 19.175246592819487 29.6611032625269 -7.2359 -1.7698026579119608 0
VAN 0.0 0 3.040392158330426 2107.716791540644 238.03589443171848 2592.6230262988884 472.70644459377763 2.5358 2.0016 5.2596 22.02004324326107 -40.643949947094804 -5.713 1.6178419900849237 0
