CAR 0.0 0 2.732529210750415 1336.5961424999527 202.11676353787206 1534.9952974634073 315.501305773142 1.5683 1.9824 4.1753 24.842718267829937 -22.72673964750119 -6.7242 1.33882426606999 0
VAN 0.0 0 4.3579694691039075 1702.8449396607048 328.51001372671027 1847.0090637557537 447.37779633518704 1.9963 2.2756 5.9988 45.19021261886996 7.915317970305281 -6.704 3.0012018670575786 0
CAR 0.0 0 2.702966280549477 1388.7425439252943 207.35546508884377 1646.285230981117 348.0203536814781 1.6094 1.8776 4.9449 21.34409812066231 -21.69109409902718 -6.2139 1.3114097922132018 0
PEDESTRIAN 0.0 0 2.727011327336248 638.5899782365805 127.07049682974886 675.4217943295907 194.23891181555953 1.7016 0.7772 0.6957 39.75989473579534 -7.078027592655355 -6.3348 1.3955368288674803 0
CAR 0.0 0 -1.5469663024576161 246.86991859869698 422.2236440488508 456.2948216542911 542.9389541297526 1.5083 1.8983 4.1522 23.86162194150647 39.95080543473231 -8.1788 -2.18213576590055 0
CAR 0.0 0 -1.290162952318058 405.9199398081196 424.57389373472796 598.6213524731082 544.3413093529158 1.4958 1.977 4.1388 25.350099955997045 36.83360001143791 -8.1989 -2.09854158769705 0
TRAILER 0.0 0 4.392023745003242 1708.0966835297468 206.03323121850562 1867.8912765419711 332.7501456647241 3.4934 3.115 10.3352 63.26479976117812 5.0191 -5.0918 2.9686603356601298 0
CAR 0.0 0 -1.659689071389776 140.67998733160277 381.5894082544978 334.8372236679257 481.5072690112054 1.508 2.0028 4.001 26.027801156065298 46.1866 -8.2196 -2.1681369818205787 0
TRUCK 0.0 0 4.391394218646928 1725.171275854398 254.6068781007159 1821.5750336537085 337.22110826493576 2.4532 2.2469 1.9737 57.1937 6.1447 -5.6178 2.985525566570448 0
VAN 0.0 0 4.831806884961806 2640.1264215938545 -2133.5253275763152 5112.744412992724 -620.8050112150602 3.0024 3.0029 5.9984 -5.257029170996937 21.42834248492366 -6.3697 2.9537335159015963 0
VAN 0.0 0 -0.4137498602266878 3045.3572692833304 365.767114602638 4067.3333495195307 681.6859157811568 2.0449 2.1484 6.0265 2.5588839876273064 -41.2737961801378 -6.4734 -1.8406291560509431 0
