CAR 0.0 0 2.732529228064225 1336.5929498845544 202.1162257823642 1534.9913591964616 315.5005041063126 1.5683 1.9824 4.1753 24.842797803980634 -22.726701065268188 -6.7242 1.33882426606999 0
VAN 0.0 0 4.3579694805304445 1702.8456135445892 328.51012523373237 1847.009942055399 447.37798274625726 1.9963 2.2756 5.9988 45.19020033904988 7.91530048283483 -6.704 3.0012018670575786 0
CAR 0.0 0 2.70296503643541 1388.7356908272327 207.3559221061145 1646.2778872710753 348.021239463878 1.6094 1.8776 4.9449 21.34409994950505 -21.69090214595785 -6.2139 1.3114097922132018 0
PEDESTRIAN 0.0 0 2.7270109764382386 638.58900869579 127.07050244766684 675.4208440470542 194.23892646641414 1.7016 0.7772 0.6957 39.75989985855881 -7.078000741372772 -6.3348 1.3955368288674803 0
CAR 0.0 0 -1.5469457894625611 246.88006562647047 422.2143493644118 456.2981936469972 542.9247283425135 1.5083 1.8983 4.1522 23.862378847603043 39.95138393979303 -8.1788 -2.18213576590055 0
CAR 0.0 0 -1.2901629502871448 405.9199416343608 424.5738934119615 598.6213539009462 544.3413088453055 1.4958 1.977 4.1388 25.350099998817758 36.8336000003073 -8.1989 -2.09854158769705 0
TRAILER 0.0 0 4.392023631234308 1708.096995354777 206.0333927067975 1867.8919697176448 332.75057344213957 3.4934 3.115 10.3352 63.264699762217575 5.0191 -5.0918 2.9686603356601298 0
CAR 0.0 0 -1.6596891458750584 140.6799460144779 381.5894158833402 334.8371915166948 481.5072805545702 1.508 2.0028 4.001 26.02780003106046 46.1866 -8.2196 -2.1681369818205787 0
TRUCK 0.0 0 4.391394218646928 1725.171275854398 254.6068781007159 1821.5750336537085 337.22110826493576 2.4532 2.2469 1.9737 57.1937 6.1447 -5.6178 2.985525566570448 0
TRAILER 0.0 0 4.78355269350627 3169.754704907805 -1610.0084722613942 4606.64554770293 -658.0439642491896 2.8877 2.2446 3.2188 -4.615748525964279 24.700641012944413 -6.4362 2.9438334821839995 0
VAN 0.0 0 4.787261479224047 2749.409108877562 -1220.7564209696134 3641.087485820762 -636.6084388798511 2.2938 1.9255 3.2364 -7.567294458539175 25.14330342167081 -6.7544 2.942028757548226 0
VAN 0.0 0 4.075463152421701 1241.7582082547028 466.07326615991593 1380.6190061752243 627.2882514200135 1.7028 1.988 4.1224 27.399745326593404 18.482729269914785 -7.5202 2.8962515980330505 0
TRAILER 0.0 0 4.851173880422841 5023.674523760131 -7118.575361809493 17944.940148844125 -1390.951196289417 1.8056 2.105 4.7288 0.9196842650205701 23.822824421659785 -7.5445 2.951585955702313 0
CAR 0.0 0 4.294486889138175 1526.1281027966072 375.9815085073127 1634.1321975040582 494.49837139603494 1.7 1.9526 4.3411 36.72285721149142 13.398930206362964 -6.8415 2.9914358996827604 0
