VAN 0.0 0 -0.04297944745515081 1147.247472763804 202.71769408525654 1269.6452136059572 277.66793224211597 3.0887 3.0353 7.0662 63.08916693833051 37.863730163725094 -5.5641 -1.418903573797595 0
CAR 0.0 0 -1.7129092857242467 1783.0787676052805 329.99354113062054 1900.6153651058269 423.1129024491013 1.661 1.8473 4.112 42.67089913321936 6.726872483663685 -5.6812 -3.0832454006018555 0
CAR 0.0 0 2.9485989875961613 1348.9047961069941 191.2348863604004 1511.6415036995925 305.3894461375823 1.7 1.937 4.0135 31.98520404978737 -28.47622563648787 -6.2264 1.5487642730096802 0
CAR 0.0 0 -1.2833022709895108 213.3665851318124 428.3073980298226 446.800452519138 557.8705762443698 1.7 1.9714 4.0628 12.797008464877566 31.344942383271935 -7.4038 -1.877003294840088 0
CAR 0.0 0 -1.1051335740651678 391.38208579878 439.84955631056135 584.1952422728255 551.2274845363191 1.4656 1.3758 3.7786 15.080562584428783 28.71058702108582 -7.4477 -1.8856458483840466 0
VAN 0.0 0 -1.1445520791012358 245.69003919700202 323.23570058680997 535.2147016983816 491.2173741223966 3.0074 3.0141 6.0193 16.83705595346192 35.949813064938255 -6.7457 -1.917786575270122 0
CAR 0.0 0 2.9465825295233823 1403.2306389189885 228.95141193055574 1600.2503223255549 356.62203853792397 1.5329 1.947 4.1625 27.913495769219516 -28.226661451043775 -6.1782 1.5674036341292166 0
CAR 0.0 0 -1.4347211023201725 125.25829204422935 395.38241460336064 333.9788856678486 495.1044546695743 1.5121 1.9339 4.1099 13.403082943155523 38.13882192379475 -7.6011 -1.9132188092271625 0
TRUCK 0.0 0 -1.6382047599526774 1763.4682966939176 270.967025267168 1905.1293709913507 391.66497921827033 3.3377 3.0755 3.0748 54.43823183156584 8.419684924585637 -5.9795 -3.031595390596638 0
PEDESTRIAN 0.0 0 2.9153114109504807 624.0590661679665 127.78061091435139 666.5023443332238 202.502663390627 1.8579 0.9295 0.9471 41.412913239351674 -9.18747054793638 -6.0836 1.594447662458931 0
TRAILER 0.0 0 -1.6172049401698148 111.13517777976364 -38.21517947734982 325.798904685971 104.48502234296261 4.1862 3.2286 10.2919 60.442299399933475 8.925698383883077 -4.2942 -3.062835902477131 0
CAR 0.0 0 -1.4652277918060266 75.49505182652337 339.22859952254805 249.52859670028764 415.53861602159253 1.5206 1.9327 4.0484 15.365348264770383 47.760392795089025 -7.4583 -1.8734535741965284 0
CAR 0.0 0 -1.303886771857062 226.96072945386274 336.1738785820542 390.2900251990993 417.7939411028281 1.7 1.6238 4.0308 18.11504689954378 43.782972840177486 -7.2916 -1.9923975746503848 0
CAR 0.0 0 -1.2873583289387074 1359.4648410546945 -437.12216652142416 1494.5678891187708 -334.2266941724937 1.8166 2.1601 4.1544 -46.13213040677553 5.09457463657048 -6.9374 -3.1212033226472595 0
