MOTORCYCLE 0.0 0 2.8674374170892656 1519.6426287613479 335.08587855111347 1674.5909100406134 472.7516892334149 1.6332 0.8894 1.834 15.254741075776764 -17.951358448345065 -6.5953 1.5435531208983042 0
CAR 0.0 0 2.9273087758652325 1375.2597234703017 228.14745144342726 1637.274022276942 384.7306312817344 1.654 1.8689 4.1757 18.65527892966 -18.8174066146053 -5.8865 1.55528535101477 0
CAR 0.0 0 1.3621813804788718 1851.7724542909511 219.05502163810888 1919.1623226288702 262.6089405517533 1.8284 1.8307 4.868 92.95032730766526 -5.37596058974656 -6.1655 -0.08181825378715425 0
CAR 0.0 0 2.8490701546067063 1749.6971824109573 300.9943109018577 2114.864696347927 489.39964313392204 1.7 1.7312 4.5344 14.077794966538537 -24.189983384318673 -6.639 1.4782455116673214 0
CAR 0.0 0 2.9019274860634887 2071.049826709642 301.9211054803449 2477.461118444653 481.6070480936358 1.7 1.6226 4.5676 12.37087752463886 -31.01974559583944 -6.7663 1.5002918376385186 0
CAR 0.0 0 -1.771654200734391 1469.8229850307403 322.50158632900065 1531.9903373462892 400.19809107327865 1.5848 1.5393 4.034 46.7869331239454 15.139115565525849 -6.9916 -3.1070258963177793 0
CAR 0.0 0 2.8748642778196043 1666.1560270733512 258.0496584022063 1971.1112653331045 415.1092265114877 1.7 1.9869 4.3341 17.105849600944524 -25.442554208915706 -6.6115 1.485498200037067 0
CAR 0.0 0 2.9438960837958037 2360.244923588622 263.7785797225997 2794.204587160873 427.98421510887994 1.7 1.9419 4.3933 11.126090908590752 -37.93404471940472 -6.2196 1.5052191833647506 0
CAR 0.0 0 -1.737760110746473 1572.886195557925 319.7003964965065 1657.9683533897055 398.8252773776528 1.6092 1.9505 4.2191 49.000796344829 11.714718431872207 -6.9696 -3.090318317252118 0
CAR 0.0 0 -1.7100538539126695 1481.3340856009258 290.7719802706695 1549.5348241688046 362.20624942445806 1.7 1.9624 4.4376 53.66675131731066 14.69664978089726 -6.8839 -3.0693585669112906 0
CAR 0.0 0 -0.37437573837375226 3245.031643293414 417.7086834482954 3973.6758623461433 653.6281558474176 1.7 1.9858 4.2822 1.9679255832663316 -44.3303659835825 -7.0263 -1.799148459894675 0
CAR 0.0 0 -0.4152693828766829 2037.2601173708788 474.43415137228857 2719.734682197756 817.7953857520231 1.7 2.2097 4.6079 6.704842195967535 -20.839953304902597 -6.7839 -1.7236637839953217 0
VAN 0.0 0 -0.2567085062632879 4013.3848411319855 264.67813422797076 5026.874127993927 500.04426005345965 2.5997 2.5313 6.0978 -2.8721702856572113 -74.63807169396723 -6.2218 -1.7443359766837814 0
