VAN 0.0 0 -0.035366393000742846 1147.8892773102273 202.70764289001536 1270.2398756880236 277.639578785085 3.0887 3.0353 7.0662 63.12439479789924 37.84669506168363 -5.5641 -1.4114024759719594 0
TRAILER 0.0 0 1.3015867112770718 -12647.784280293205 385.4020212382473 -1013.9540957713165 2769.4020111156865 3.3784 3.4486 11.6024 10.302334447783334 8.017606155099083 -5.4833 2.5695171760816544 0
VAN 0.0 0 -1.7069874355634669 1600.2250446133467 302.0920895898797 1745.0641195640637 422.91287437988865 2.5061 2.2666 5.3185 43.37190788977942 11.028496417533674 -5.9066 -3.0663557118638796 0
TRUCK 0.0 0 1.1288994332198414 -54099.71722951545 1054.8688893164733 -3720.294183848433 8886.583445127473 3.5225 3.6418 4.7722 5.486408919403641 11.840902395744246 -5.4368 2.481279655339955 0
CAR 0.0 0 -1.747787873192637 1532.5285767610558 312.5779990982033 1641.493962986146 389.12580314277665 1.7 1.9666 4.1398 46.47488757418463 14.221497381512293 -6.3811 -3.1019631316146827 0
BUS 0.0 0 1.2166002500882929 275.5037356348427 73.16428188147897 498.90523719682886 267.6924684516997 3.5244 2.84 10.3328 42.7377418498783 -2.0549890534615702 -6.2138 0.036301044908802704 0
BICYCLE 0.0 0 -1.147010546079682 809.1224800323428 174.4276241275804 834.2416222339123 240.27979811885024 1.455 0.6025 0.8913 36.68040373552986 -14.184998598011838 -6.2896 -2.470962799178619 0
CAR 0.0 0 -1.7229856876388534 1783.5600052727996 329.80360822899456 1900.9656717517237 422.8067116604417 1.661 1.8473 4.112 42.72175894794445 6.723693262149689 -5.6812 -3.093492692234448 0
MOTORCYCLE 0.0 0 -1.7221253174488538 1511.271162155171 342.4385398856846 1563.0221831968636 411.59226535076976 1.7 0.7138 1.6517 41.13879861430874 14.1685024802964 -6.5238 -3.0527780599336807 0
CAR 0.0 0 2.9524459448236433 1347.1174475174007 192.85523753737286 1510.6477590690315 307.88019578523733 1.7 1.937 4.0135 31.785600000000002 -28.3542 -6.2264 1.554161860999463 0
CAR 0.0 0 1.6378399906084373 -413.43641506125516 398.07746661169915 -42.67597646312264 617.1286406531791 1.4668 1.6524 3.5756 18.96355836000254 -0.5102601071069814 -6.3814 2.04285170630315 0
CAR 0.0 0 -1.1863571183209705 212.1555932778598 428.79397813966136 446.0432753928151 558.641024595957 1.7 1.9714 4.0628 12.759400351248804 31.312601663810128 -7.4038 -1.7780935580836401 0
VAN 0.0 0 1.4785293848341747 -2217.5953203041904 537.2283895247365 -582.2633172126795 1296.4305498353651 2.5358 2.0016 5.2596 11.06839832958931 0.8127804496451614 -5.713 2.4380586597119236 0
CAR 0.0 0 2.9143218575446266 1102.1237946397125 266.0854665582682 1266.273319868929 433.4583084713926 1.6434 1.7018 4.5628 24.509367479352786 -20.522689157965967 -6.2183 1.629278847740214 0
CAR 0.0 0 2.7685453849080677 392.50418809095754 395.6996502358534 595.7425095543291 621.3391574856789 1.4475 1.6209 3.887 18.224967745665147 -9.83992774652839 -6.2681 1.9840063171713263 0
VAN 0.0 0 -1.175293771424831 229.5152938839282 340.46589619096915 365.8487209822895 416.61447908515555 1.7 1.5386 3.3297 18.339113321673675 45.15590359490256 -7.5647 -1.8436813340996476 0
CAR 0.0 0 -1.1014095151218148 370.1538779432258 416.95674564026837 551.7126491030693 517.9065066617155 1.4656 1.3758 3.7786 15.935493889823583 31.299862304546593 -7.4477 -1.882531790964794 0
CAR 0.0 0 3.0172881416339927 528.6440625072427 300.5327058544525 677.6745286941168 487.299663487786 1.7252 1.6916 4.1704 23.106158663214185 -10.553635864809902 -6.4195 2.015832617389204 0
CAR 0.0 0 2.8492906833661618 1206.2205987540867 350.41231595519366 1395.526869049684 516.7794570400058 1.3809 1.6884 3.6526 21.089027789412377 -21.61140190653368 -6.5568 1.5995415649570985 0
CAR 0.0 0 0.19072938888781665 -19.183710441061613 228.47183215559045 199.4799868610831 369.8494755432378 1.7 1.8295 4.0434 29.267274683341135 0.34882993723229805 -6.4708 -0.12246623897676671 0
