VAN 0.0 0 -0.04059506676238578 1141.8651097962634 203.38041602193863 1265.4401903653409 279.0436328323448 3.0887 3.0353 7.0662 62.394108048412505 37.75319337319477 -5.5641 -1.4149697506383534 0
CAR 0.0 0 3.023265619571899 1354.4744035597564 193.10071410277263 1519.125082615217 308.1859258344615 1.7 1.937 4.0135 31.755797171037464 -28.535500772405673 -6.2264 1.6242341597410155 0
CAR 0.0 0 -1.2501032691848843 200.82193661409602 428.55587713074334 435.54051586537554 558.3405541196104 1.7 1.9714 4.0628 12.607297680562292 31.507602015391594 -7.4038 -1.826574111919186 0
CAR 0.0 0 -1.0701391867692267 383.16572694555566 439.9375132891699 576.7530083180568 551.4006290787027 1.4656 1.3758 3.7786 14.957698456159308 28.827801449991966 -7.4477 -1.8424388529812492 0
VAN 0.0 0 -1.0438994927243033 244.06747379320583 322.5869609409607 532.9424557513778 489.93167534739786 3.0074 3.0141 6.0193 16.858600318992284 36.09420180089496 -6.7457 -1.8157902456131392 0
CAR 0.0 0 2.977108338436045 1400.7676886736633 231.0620139876498 1598.8859834621749 359.944004499556 1.5329 1.947 4.1625 27.708397937527277 -28.08359872599693 -6.1782 1.5999076178923881 0
CAR 0.0 0 -1.3604109857734583 115.34194127109258 394.952890415338 324.5306606290906 494.52275383520123 1.5121 1.9339 4.1099 13.258298327097412 38.36930293469183 -7.6011 -1.8219666918375406 0
TRUCK 0.0 0 -0.42363303803819274 1618.6662687109886 470.3265294089669 2261.509840958622 932.7930592631566 3.3377 3.0755 3.0748 12.081646462589664 -24.712884035491705 -5.9795 -1.6473111025594127 0
PEDESTRIAN 0.0 0 3.013681919066946 439.4180382975302 135.67089051850215 493.0314475635356 214.03759407820837 1.8579 0.9295 0.9471 39.90089322631419 -4.515170027313354 -6.0836 1.8006514064715917 0
TRAILER 0.0 0 -0.45664174435173877 1062.2291906732225 187.18644907895523 2079.4748088488172 1187.8794564812483 4.1862 3.2286 10.2919 12.3758243870187 -18.825993317806546 -4.2942 -1.6215824951041267 0
CAR 0.0 0 -1.4319675232575757 69.70311745462215 341.33452374517606 245.62650296752506 418.5782168381436 1.5206 1.9327 4.0484 15.10969682984695 47.44309603236662 -7.4583 -1.826875486489279 0
CAR 0.0 0 -1.1434347150145552 209.63738023004743 337.19286175718065 374.90275161937683 419.36981786516964 1.7 1.6238 4.0308 17.68309466359784 43.93510189847408 -7.2916 -1.8037533996333603 0
CAR 0.0 0 2.9523691597964654 1402.2367797007648 276.8541357431802 1630.876938237901 438.54765628596374 1.7 1.9624 4.2616 24.534801771304735 -26.897597564749827 -6.4566 1.6121176661405914 0
MOTORCYCLE 0.0 0 2.9520031107973717 1544.0359644491512 345.1941201941993 1670.851999971209 480.4888971482136 1.7 0.8106 1.621 21.13529940369631 -26.895503709025732 -6.3809 1.632072091436402 0
CAR 0.0 0 3.0083642212379194 1777.008618860129 302.9619164892729 2106.899382627987 491.91094682099 1.752 1.7066 4.502 21.708154352850137 -33.03641500730533 -6.3051 1.6383132896588795 0
CAR 0.0 0 -3.4892535698636884 -532.7261463585206 283.3461981267781 -68.58731897715732 553.874268106088 2.5646 2.2507 5.3418 23.799069337987703 3.635539538455252 -6.7852 -2.8881874806299797 0
CAR 0.0 0 -1.998672302648489 -177.12398347132591 503.5754166645738 239.9122922646359 833.6063628988775 1.6579 1.8216 4.0307 15.021117461331752 -5.704691097907539 -6.5644 -2.0762784660830547 0
