CAR 0.0 0 2.7917566292763194 871.8151699754831 349.1153888944042 1023.1427037095444 544.6679539883809 1.5287 1.9324 4.1412 20.814139895925553 -15.867018600493932 -6.5387 1.661019611173656 0
VAN 0.0 0 3.0144620380701452 1284.194694582732 210.2412084738058 1368.7060972383504 257.7665365375339 2.0362 2.0313 6.0453 71.6245036545644 35.1780825493753 -5.6001 1.6176939212085473 0
TRAILER 0.0 0 4.503154839409547 1495.7352429905395 245.6650433074079 1695.5118298660188 412.4249661167886 3.7718 2.908 8.7734 44.85931021106825 13.615258370612839 -5.2888 3.131483313082973 0
TRUCK 0.0 0 4.4801318263467715 1473.3412540684928 271.399276145413 1627.1083531712356 423.39512746439095 3.537 2.7249 3.2089 40.09480429216028 13.680714490091935 -5.4189 3.127643232933447 0
CAR 0.0 0 4.47002965679596 1613.732775033714 347.20376660835285 1738.2916934688087 437.4210050264347 1.5619 1.9279 4.1837 40.34719221628635 10.21926798615278 -6.2537 3.1279286174672145 0
CAR 0.0 0 -1.7681099338287734 1669.5415795678155 309.8766414547461 1774.8195580703093 381.8307369056873 1.5132 1.9248 4.2656 48.43624505366782 10.679497017929059 -6.0367 -3.141592653589793 0
BUS 0.0 0 -0.8612689363521986 280.3525744232756 354.46581044340616 781.3600726445375 523.6493170414625 1.7 2.7509 13.0107 19.242055051217193 32.12706007140952 -7.1989 -1.7504477274704175 0
CAR 0.0 0 3.4258269748727717 1597.9924969535462 642.2971199548305 1894.5563447399206 967.6008061364656 1.5302 1.9318 4.6762 16.562243764768727 4.1418352498683015 -6.4832 2.279059577416979 0
TRUCK 0.0 0 3.7368592072473445 -40.8731533257191 20.708594949628065 169.4341173981882 188.91186092165222 4.0049 3.065 3.0468 43.428780373181795 7.065345068879933 -4.8285 3.1415926535897927 0
CAR 0.0 0 -1.2734429852234914 177.51180418771804 450.13821753361356 432.1621834726987 587.2351848501488 1.5873 1.9102 4.1657 11.51095025720568 29.744638161437837 -7.3642 -1.808518209653994 0
CAR 0.0 0 -1.7325846816782662 1704.6228532587386 301.67113095273646 1797.0690232869085 364.61990780548734 1.5032 1.9048 4.1528 54.64460692202314 10.892219357072284 -6.3637 -3.1160236696878245 0
TRAILER 0.0 0 4.183883341289997 -2.7126319200278886 -6.402722991556265 284.00340279649714 190.14381181057885 4.6993 3.7174 8.9897 48.94132636674343 7.030276170948867 -4.9958 3.1241677633491904 0
