CAR 0.0 0 2.936597130286972 1474.1068304560968 332.1300219807584 1740.9362542654465 510.265435690696 1.5287 1.9324 4.1412 21.421992698726108 -26.932657224897238 -6.5387 1.6212057522521428 0
CAR 0.0 0 -0.04841905293636861 3455.5790685002175 517.7196475048657 4467.333140589106 813.548177868786 1.4955 2.0028 4.1585 11.959426409495213 -50.584007118958674 -6.396 -1.4531187729773227 0
VAN 0.0 0 3.024189084810099 1279.832047754894 209.87809885964796 1364.227862467484 257.22579634062254 2.0362 2.0313 6.0453 71.6930091981498 35.477162079967755 -5.6001 1.6276636624152636 0
TRAILER 0.0 0 -1.6173906293656766 1454.9929543526007 243.9272566460395 1656.0486645395792 408.64068487228326 3.7718 2.908 8.7734 44.49291640187044 14.718812867413742 -5.2888 -2.9856662310441786 0
TRUCK 0.0 0 -1.6402819387940004 1460.5093865455965 270.58151261461694 1613.4580262833954 421.8735593703462 3.537 2.7249 3.2089 40.020076824080945 14.028165702057493 -5.4189 -2.9916543368882356 0
CAR 0.0 0 -1.6481390443913735 1605.3560814705122 344.3837548121711 1728.7107942145535 433.137739907994 1.5619 1.9279 4.1837 40.71035297770895 10.528712615920435 -6.2537 -2.9910380101133587 0
CAR 0.0 0 -1.6249744907524304 1650.0920949724316 306.9039673564416 1754.4923054482585 377.4927129162718 1.5132 1.9248 4.2656 48.760276161181785 11.325695203776215 -6.0367 -2.9982470412401536 0
TRAILER 0.0 0 0.00087328937083897 -40355.43893818728 74.21348100000615 -9077.901291576196 1244.1012905934078 3.728 3.348 13.6586 26.449149973221427 129.1239522934287 -5.7466 1.5461851073868618 0
BUS 0.0 0 -0.8710056290818219 245.3785769347912 343.20913041646077 732.1944882323087 499.06274871092353 1.7 2.7509 13.0107 19.53094262445574 34.64940368642032 -7.1989 -1.739353037122057 0
CAR 0.0 0 3.054016088044604 2540.907501607227 255.93869150274674 2945.459056020364 389.15664685814124 1.5302 1.9318 4.6763 26.02545942868558 -55.49045678186177 -6.4832 1.5996740107872995 0
