VAN 0.0 0 3.158189069115917 1271.0669553710848 207.66368661438673 1353.9259973486007 253.7921056878472 2.0362 2.0313 6.0453 72.9796695958432 36.671545028632764 -5.6001 1.760843688174661 0
TRAILER 0.0 0 -1.6597141375948445 1452.9094610218278 245.61165682775723 1656.9015929781606 413.2092497828997 3.7718 2.908 8.7734 43.83187460282029 14.540051098879005 -5.2888 -3.026109160605019 0
TRUCK 0.0 0 -1.6818834720074927 1450.538070943623 273.0682499357398 1606.04771276302 427.31016443821477 3.537 2.7249 3.2089 39.14352222704306 13.998292658010394 -5.4189 -3.0296551381354675 0
CAR 0.0 0 -1.7106687923520543 1612.900243683386 344.71966654089573 1736.108927314007 433.6046073946148 1.5619 1.9279 4.1837 40.800363015725964 10.357608668480328 -6.2537 -3.0543261909900767 0
CAR 0.0 0 -1.6824959830473576 1651.0696176176593 307.1579364448101 1755.5735864012643 377.86713838502607 1.5132 1.9248 4.2656 48.71536022206656 11.286087117722703 -6.0367 -3.055709966098818 0
BUS 0.0 0 0.27235428322077443 37.07660060547324 202.00907128496905 420.7620814657689 456.2998129085628 1.7 2.7509 13.0107 31.158383631996394 -2.1390246812936287 -7.1989 -0.3846372504143279 0
TRUCK 0.0 0 -2.67852637130472 -75.39824936858054 25.499772183921728 146.78331980152223 200.2090205878318 4.0049 3.065 3.0468 41.88042414414713 7.065327211706529 -4.8285 -3.036750637202603 0
CAR 0.0 0 -1.376275686659766 182.77900791725602 446.4619052809365 434.2466845701383 581.3970327411246 1.5873 1.9102 4.1657 11.713024889915259 30.01635792624271 -7.3642 -1.9206361231507973 0
TRAILER 0.0 0 -2.183486537892347 -62.21156506684747 -3.030228359373288 248.30667711751636 202.44061302756805 4.6993 3.7174 8.9897 47.158635100928734 7.6304007739518935 -4.9958 -3.03482524741764 0
CAR 0.0 0 -0.11066657507903632 3462.878026637174 482.6089841964164 4535.552067740837 798.2603147144 1.7 1.9202 4.2345 11.8595 -50.1556 -5.9737 -1.5232093557791107 0
