CAR 0.0 0 2.5384751811580557 320.81497534640727 368.8845208750067 547.5534754698289 582.8337462739064 1.5287 1.9324 4.1412 20.053449912530283 -8.605814358263716 -6.5387 1.7831926588132587 0
VAN 0.0 0 3.0144617459095064 1284.1894102237095 210.2407677717305 1368.7006726082109 257.7658800213478 2.0362 2.0313 6.0453 71.62458708220339 35.178444029084204 -5.6001 1.6176939212085473 0
TRAILER 0.0 0 4.5031507977538165 1495.6854793275836 245.66291967362338 1695.4636600587978 412.4203324873955 3.7718 2.908 8.7734 44.858868408044096 13.61659330152234 -5.2888 3.131483313082973 0
TRUCK 0.0 0 4.480130481910144 1473.325665915748 271.39828245116547 1627.0917693761662 423.39327790716754 3.537 2.7249 3.2089 40.09471398327701 13.681134903836345 -5.4189 3.127643232933447 0
CAR 0.0 0 4.470030630873688 1613.7225269585322 347.2003142724923 1738.2799745913576 437.41575471346624 1.5619 1.9279 4.1837 40.34763191741059 10.219642076477465 -6.2537 3.1279286174672145 0
CAR 0.0 0 -1.7681101835824484 1669.5177064880745 309.87298795330486 1774.7946152749864 381.8253981718403 1.5132 1.9248 4.2656 48.43663900173734 10.68027893003275 -6.0367 -3.141592653589793 0
BUS 0.0 0 -0.8117073703453547 359.2839444763142 384.8637332634128 899.8250492790869 594.1652007063399 1.7 2.7509 13.0107 18.29638010622388 26.54408432383173 -7.1989 -1.7329944349504742 0
TRUCK 0.0 0 3.557043643274879 -67.42825872346253 25.64883238719642 153.7260267561809 200.35369420208212 4.0049 3.065 3.0468 41.86117354672825 6.862953268924841 -4.8285 3.1415926535897927 0
CAR 0.0 0 -1.2825692515770513 171.05743877562261 450.5581189221082 426.6344030849621 587.9404479793632 1.5873 1.9102 4.1657 11.410634786905195 29.796151479414085 -7.3642 -1.808518209653994 0
TRAILER 0.0 0 4.102293866257916 -26.241557251164846 -3.189807084963837 274.19498690184867 200.74735625738393 4.6993 3.7174 8.9897 47.39322998080571 6.8385621441993525 -4.9958 3.1241677633491904 0
