VAN 0.0 0 3.118643693570668 1246.5674795042353 207.86207803397272 1330.7205779995652 254.29934956854993 2.0362 2.0313 6.0453 71.6461289174267 37.50989923607563 -5.6001 1.7247030387552342 0
TRAILER 0.0 0 -2.0725858101668297 810.8572603210521 399.48982517599165 1414.4145612055001 961.3657529934093 3.7718 2.908 8.7734 13.406259206642282 10.59523778943882 -5.2888 -3.12413936106985 0
TRUCK 0.0 0 -2.224975578045732 687.5492801281191 525.0229706350891 1122.2283421106608 1052.7159391168263 3.537 2.7249 3.2089 8.860901384720258 10.519720291938633 -5.4189 -3.0975968460902465 0
CAR 0.0 0 -1.930049637010796 1408.4838703975809 510.17216054316094 1650.3969786016144 717.1336688253749 1.5132 1.9248 4.2656 19.645326650606183 7.6774454641881205 -6.0367 -3.1238903321759413 0
BUS 0.0 0 1.6306233325307624 406.82289355078706 24.593683483832407 517.2535236226202 84.27446502919581 1.7 2.7509 13.0107 82.00521711378582 5.065674262736101 -7.1989 0.173830213715917 0
TRUCK 0.0 0 -2.7695129639118403 -86.11318364013192 28.24362454228033 141.56176363902205 206.50850102931182 4.0049 3.065 3.0468 41.069215090201254 6.864996703863299 -4.8285 -3.0543261909900767 0
CAR 0.0 0 -1.2901782355794522 178.79279764306168 447.3758919386165 431.3057595870176 582.863858646282 1.5873 1.9102 4.1657 11.626528944961319 29.98624015493651 -7.3642 -1.8285472070556688 0
TRAILER 0.0 0 -2.1565376148741713 -52.36988913679957 -3.3001728331598015 254.84021531034406 201.27875624780427 4.6993 3.7174 8.9897 47.31984195604956 7.467978788452034 -4.9958 -3.0475249162026388 0
CAR 0.0 0 -0.11066657507903632 3462.878026637174 482.6089841964164 4535.552067740837 798.2603147144 1.7 1.9202 4.2345 11.8595 -50.1556 -5.9737 -1.5232093557791107 0
VAN 0.0 0 -1.6509080729498238 1675.0468388460583 253.57590520835768 1788.589191200627 335.9251003441159 2.1852 2.217 6.1126 56.904084069258474 12.105357465823841 -5.3315 -3.0543261909900767 0
CAR 0.0 0 -1.7098912736985121 1610.178636442927 348.5267897924912 1737.976724716371 447.7794094250608 1.7658 1.9354 4.3076 40.19328334276689 10.20897542067658 -6.381 -3.048585635780555 0
CAR 0.0 0 0.6910579057137926 136.98664555843789 220.97453305190126 323.5102669080436 352.8555688917744 1.7 1.8972 4.2878 31.471060157505626 -1.4248809940260432 -6.8132 0.0 0
