CAR 0.0 0 2.9323146819625605 1451.2421756291603 332.5837884670314 1713.8935778307552 511.2455506113766 1.5287 1.9324 4.1412 21.40873245657275 -26.489339286253042 -6.5387 1.6212057522521428 0
CAR 0.0 0 -0.04841985186542508 3455.60824889827 517.7268608224219 4467.386260444826 813.5611686861355 1.4955 2.0028 4.1585 11.95920099714735 -50.58400003135315 -6.396 -1.4531187729773227 0
VAN 0.0 0 3.0241903374862975 1279.8428383528458 209.8782571387573 1364.2382931215905 257.2259613538174 2.0362 2.0313 6.0453 71.69339827883972 35.476702035081686 -5.6001 1.6276636624152636 0
TRAILER 0.0 0 -1.6173843885774226 1455.035751070286 243.9263905731504 1656.0857919350744 408.6374414861061 3.7718 2.908 8.7734 44.4942939063898 14.718003580011466 -5.2888 -2.9856662310441786 0
TRUCK 0.0 0 -1.640281049497794 1460.5165303136728 270.58166492507536 1613.465314992904 421.8737646344824 3.537 2.7249 3.2089 40.02019945751153 14.028000729781088 -5.4189 -2.9916543368882356 0
CAR 0.0 0 -1.648137915533418 1605.372450759278 344.3852622242452 1728.7272828152377 433.1399489551635 1.5619 1.9279 4.1837 40.710399792905534 10.528301817233292 -6.2537 -2.9910380101133587 0
CAR 0.0 0 -1.6249702213675463 1650.1124063127145 306.90097347910944 1754.5100865390798 377.48810179586434 1.5132 1.9248 4.2656 48.761594169580796 11.3254013001294 -6.0367 -2.9982470412401536 0
BUS 0.0 0 -0.8648235710122475 257.65494292609554 349.0478332434355 753.3027031474437 511.78516314711436 1.7 2.7509 13.0107 19.285784257910993 33.40687767004309 -7.1989 -1.739353037122057 0
CAR 0.0 0 2.870709961008586 1026.3828638324285 282.26892903748984 1188.600571111272 447.6620423500858 1.5302 1.9318 4.6762 24.52647244251276 -19.12456459468418 -6.4832 1.6171273033072429 0
TRUCK 0.0 0 -1.5510485135927052 1770.9256632942238 222.1242154013934 1911.97316302169 355.3890297574875 4.0049 3.065 3.0468 56.95699313341368 8.781770909268678 -4.8285 -2.9677010264147974 0
TRAILER 0.0 0 -1.5391838783035414 1753.5443535875504 191.7398174650224 1912.191866894242 342.8562379637304 4.6738 3.0868 9.7152 62.86175349608314 9.777724780846818 -4.488 -2.9683662689673658 0
CAR 0.0 0 -1.3331206188202331 58.372971673207836 343.73295251696675 244.2851029643659 426.4609027022424 1.5873 1.9102 4.1657 14.523451473710438 46.25530812316031 -7.3642 -1.7093003712482462 0
