CAR 0.0 0 2.937009731669587 1472.7008090145027 331.2137108776586 1738.5723296792607 508.7829905174714 1.5287 1.9324 4.1412 21.477723071880142 -26.931768789506897 -6.5387 1.6212057522521428 0
CAR 0.0 0 -0.048393277147081415 3454.6378875005585 517.4869927741264 4465.620017713438 813.1292142304627 1.4955 2.0028 4.1585 11.966699545635535 -50.58423580789279 -6.396 -1.4531187729773227 0
VAN 0.0 0 3.0241486553054227 1279.4838770320844 209.87299181051245 1363.8913057695986 257.22047200937044 2.0362 2.0313 6.0453 71.68045510772727 35.49200589990182 -5.6001 1.6276636624152636 0
TRAILER 0.0 0 -1.6175922431762366 1453.6114816785155 243.95521202058015 1654.8502362384284 408.7453830320976 3.7718 2.908 8.7734 44.44846981638561 14.744925349225218 -5.2888 -2.9856662310441786 0
TRUCK 0.0 0 -1.640310636887325 1460.278887614258 270.57659820445525 1613.2228507401153 421.8669363746026 3.537 2.7249 3.2089 40.01611993161553 14.03348870048161 -5.4189 -2.9916543368882356 0
BUS 0.0 0 -0.6197443323161482 -5428.083620727344 -4375.514764337364 11553.96476888647 1660.557384837545 3.2214 2.8044 11.8595 2.053169415470693 11.432840699065652 -6.5001 -2.473869747108382 0
CAR 0.0 0 -1.648175472718389 1604.8280137893742 344.3351255905989 1728.178873822711 433.06647726655916 1.5619 1.9279 4.1837 40.708842437737836 10.541967453714806 -6.2537 -2.9910380101133587 0
CAR 0.0 0 -1.6251142582991558 1649.4323885598171 307.00278995323816 1753.9156912517692 377.6448592079412 1.5132 1.9248 4.2656 48.717062937186334 11.335133509007823 -6.0367 -2.9982470412401536 0
TRAILER 0.0 0 0.011656165118623552 -16572.06554591219 76.76348339433937 -5634.6097564761985 791.4256198187733 3.728 3.348 13.6586 28.14481243643954 100.20272227887232 -5.7466 1.5461851073868618 0
BUS 0.0 0 -0.9294848713200208 154.94569010640063 289.8102321567784 552.0784336460324 391.2022205346376 1.7 2.7509 13.0107 22.758249964319546 49.04691551555452 -7.1989 -1.739353037122057 0
