CAR 0.0 0 4.277487027432912 1562.5550474676395 344.63901714133067 1659.952567715905 438.1456171357386 1.7 2.055 4.1881 44.42928817287893 12.121183978489674 -7.15 2.9442588671347862 0
CAR 0.0 0 2.6704093006478855 1346.8707224883044 312.08255968958946 1664.5697066556093 516.1047674722894 1.7 1.9474 4.637 15.990151377469372 -16.50512628435402 -6.7348 1.3657016564885573 0
TRAILER 0.0 0 4.294064315120513 1478.203091477358 312.16637423383014 1590.2373820468442 409.4793802215547 1.7 2.9345 6.7788 48.735908711664436 14.173032114403826 -7.15 2.953039041130617 0
TRUCK 0.0 0 4.283817477966149 1447.627889287865 308.7187676962536 1568.8403063610683 421.71583275274173 2.6595 2.9213 2.2023 44.26910708164156 15.013268021600359 -6.6703 2.9496064358704173 0
CAR 0.0 0 4.326308468976555 1603.8683872757626 308.01370572235084 1678.9720697669572 373.58731017201796 1.394 1.7497 4.126 52.4049350222736 10.672767449091776 -6.8366 2.9597831308202998 0
BUS 0.0 0 -1.165434526655261 318.0178018883762 284.24060654867935 735.1257184517752 494.84352324268116 2.9622 3.4932 13.074 31.36013266440485 39.98891040867437 -7.1029 -2.1205687351493454 0
CAR 0.0 0 2.5052685905232925 608.0314364445506 275.0212097079536 781.1447497042051 461.5100946682428 1.6502 1.8996 4.697 22.169710019116785 -4.425596789704591 -6.6578 1.4182028109481475 0
TRUCK 0.0 0 4.341084909258134 1709.3395992764006 288.8424169414764 1820.4746097048674 386.2149728861029 2.5787 2.3731 2.9231 53.713950538997956 6.783654135036395 -6.5815 2.958620580362239 0
CAR 0.0 0 -1.584440134803275 145.4474417766805 372.2338228522656 339.3459315842754 472.16201553276727 1.5379 1.9037 4.1311 26.33038336151001 46.32901355272412 -8.0541 -2.1106134925747027 0
TRAILER 0.0 0 4.3833379626401445 1697.8216471884975 206.80771477975517 1872.6824808996346 372.26007686613383 4.4182 2.9618 12.0602 60.80244733473634 5.521562908653744 -5.5026 2.9700313362899267 0
