CAR 0.0 0 2.9333918365827647 1456.8088078870242 332.4415745025526 1720.4563943465998 510.9549734758585 1.5287 1.9324 4.1412 21.413848353802173 -26.59795456823488 -6.5387 1.6212057522521428 0
CAR 0.0 0 -0.04841985149190675 3455.608235255626 517.7268574499949 4467.386235609734 813.5611626125507 1.4955 2.0028 4.1585 11.959201102532688 -50.584000034666765 -6.396 -1.4531187729773227 0
VAN 0.0 0 3.0241903369006478 1279.8428333079994 209.8782570647583 1364.2382882450256 257.22596127666986 2.0362 2.0313 6.0453 71.69339809693575 35.47670225016301 -5.6001 1.6276636624152636 0
TRAILER 0.0 0 -1.6173843914950234 1455.0357310621168 243.9263909780543 1656.0857745773894 408.6374430024416 3.7718 2.908 8.7734 44.49429326237548 14.718003958371513 -5.2888 -2.9856662310441786 0
TRUCK 0.0 0 -1.640281049913558 1460.5165269738 270.5816648538668 1613.4653115852675 421.8737645385168 3.537 2.7249 3.2089 40.020199400177646 14.028000806909334 -5.4189 -2.9916543368882356 0
CAR 0.0 0 -1.6481379160611822 1605.3724431062224 344.3852615194922 1728.7272751064024 433.13994792237804 1.5619 1.9279 4.1837 40.71039977101838 10.52830200929091 -6.2537 -2.9910380101133587 0
CAR 0.0 0 -1.6249702233635224 1650.1123968168831 306.90097487878995 1754.5100782261698 377.48810395162553 1.5132 1.9248 4.2656 48.76159355338229 11.325401437535948 -6.0367 -2.9982470412401536 0
BUS 0.0 0 -0.8647125986484869 257.7676500276874 349.0309019201326 753.3545806582115 511.74638371311977 1.7 2.7509 13.0107 19.288861489025088 33.40800770618262 -7.1989 -1.739353037122057 0
CAR 0.0 0 2.880144427272156 1056.8133020737898 281.7301368174743 1225.0257560779783 446.44095219498075 1.5302 1.9318 4.6762 24.552744952873734 -19.74741478737995 -6.4832 1.6171273033072429 0
TRUCK 0.0 0 -1.5504413998949609 1768.4917131145307 221.12897414321378 1908.11588302989 353.0198070972906 4.0049 3.065 3.0468 57.450246100597326 8.941281920753015 -4.8285 -2.9677010264147974 0
TRAILER 0.0 0 -1.556177471239234 1752.3506569238311 191.20302668117924 1909.8981075735512 340.98987047713547 4.6738 3.0868 9.7152 63.31328500093407 9.897136132813191 -4.488 -2.9858195614873093 0
CAR 0.0 0 -1.3315648616221158 58.63495389111598 339.58922439807975 241.4245974071698 420.43411359039004 1.5873 1.9102 4.1657 14.786937320450194 47.08627879727432 -7.3642 -1.7093003712482462 0
