VAN 0.0 0 3.1581900392511955 1271.0451579982964 207.65940044644265 1353.9014349015613 253.7855075253057 2.0362 2.0313 6.0453 72.98197923517694 36.67408982285102 -5.6001 1.760843688174661 0
TRAILER 0.0 0 -1.6597549981403723 1452.6088932952457 245.61429704010663 1656.6356004853276 413.2228706284137 3.7718 2.908 8.7734 43.823622202384946 14.54611450579901 -5.2888 -3.026109160605019 0
TRUCK 0.0 0 -1.6818917258117383 1450.4987167963689 273.07113359740066 1606.0113633160358 427.31693445896093 3.537 2.7249 3.2089 39.14190100036679 13.998833100053746 -5.4189 -3.0296551381354675 0
CAR 0.0 0 -1.7106072168033917 1612.997886931338 344.6467481439027 1736.1615390507818 433.49191475321294 1.5619 1.9279 4.1837 40.81630937273373 10.359217288702503 -6.2537 -3.0543261909900767 0
CAR 0.0 0 -1.6824964395194757 1651.0386054277424 307.15336876075287 1755.5412605555225 377.8604869856633 1.5132 1.9248 4.2656 48.71583515966897 11.287119431727673 -6.0367 -3.055709966098818 0
BUS 0.0 0 -0.012494057975910577 -61.615597998638236 217.8272217063594 379.20665052927274 500.42398314586126 1.7 2.7509 13.0107 29.280947971789644 -1.5940223135967564 -7.1989 -0.48935976912350276 0
TRUCK 0.0 0 -2.678604041602854 -75.40881792106937 25.499621408933724 146.77417868832444 200.20893212128706 4.0049 3.065 3.0468 41.88043608613782 7.065587977078003 -4.8285 -3.036750637202603 0
CAR 0.0 0 -1.3762591475716577 182.78841183023334 446.45551349836114 434.25054085821625 581.3868958351081 1.5873 1.9102 4.1657 11.71338342935151 30.01683172830265 -7.3642 -1.9206361231507973 0
TRAILER 0.0 0 -2.183740975092127 -62.27293370144085 -3.029307160504097 248.26414940103305 202.44550623134603 4.6993 3.7174 8.9897 47.15796000512026 7.631588226173529 -4.9958 -3.03482524741764 0
CAR 0.0 0 -0.11066657507903632 3462.878026637174 482.6089841964164 4535.552067740837 798.2603147144 1.7 1.9202 4.2345 11.8595 -50.1556 -5.9737 -1.5232093557791107 0
