VAN 0.0 0 3.118134606270619 1242.9693792999963 207.8898863618003 1327.3121481630283 254.37177072967765 2.0362 2.0313 6.0453 71.45269027772751 37.63268066514757 -5.6001 1.7247030387552342 0
TRAILER 0.0 0 4.0851535221469355 631.9830495518706 438.3608420277858 1380.7148228115275 1151.9293094917596 3.7718 2.908 8.7734 10.653488063986984 9.92062250817319 -5.2888 3.141592653589793 0
TRUCK 0.0 0 -4.445095896274182 -14645.339648970923 1036.3327900812105 -3505.4384050461204 2789.3070227396183 3.537 2.7249 3.2089 6.273204220876044 10.511079848420167 -5.4189 -3.132503431130133 0
CAR 0.0 0 -1.125803691744616 4512.060861853635 -8410.415764423522 15606.952602304978 -1710.0932876870052 1.7118 1.9245 4.4092 -5.1176 4.8614 -7.295 -3.1238903321759413 0
BUS 0.0 0 1.6511834273938861 410.36739762623756 17.181052916187756 514.4238322481332 72.13123008685774 1.7 2.7509 13.0107 87.12914358247076 6.220126652690903 -7.1989 0.173830213715917 0
TRUCK 0.0 0 -2.78026968042143 -87.71408837887688 28.65198361332587 140.78284403328294 207.44654830154025 4.0049 3.065 3.0468 40.951135251332296 6.835912183972304 -4.8285 -3.0543261909900767 0
CAR 0.0 0 -1.2910497577340405 178.21329871485094 447.50746932701037 430.87743824342346 583.0751505851507 1.5873 1.9102 4.1657 11.614043400278224 29.98199509923938 -7.3642 -1.8285472070556688 0
TRAILER 0.0 0 -2.151117954087737 -50.962375841904226 -3.339037148546933 255.77516556113744 201.11185534961345 4.6993 3.7174 8.9897 47.34310988020325 7.444684323630808 -4.9958 -3.0475249162026388 0
CAR 0.0 0 -0.11066657507903632 3462.878026637174 482.6089841964164 4535.552067740837 798.2603147144 1.7 1.9202 4.2345 11.8595 -50.1556 -5.9737 -1.5232093557791107 0
VAN 0.0 0 -1.6558778698853716 1661.018256309009 258.5815670980816 1779.7363529721224 345.0217489429074 2.1852 2.217 6.1126 54.36587043268403 11.996067431178988 -5.3315 -3.0543261909900767 0
CAR 0.0 0 -1.726879651446415 1589.8631858003223 369.3746573903487 1730.5635797726954 481.2386105493208 1.7658 1.9354 4.3076 36.2776181058098 9.659899182727726 -6.381 -3.048585635780555 0
CAR 0.0 0 0.9216438421580023 215.43335345169967 171.59273422256032 364.53703134184804 277.3439322376973 1.7 1.8972 4.2878 37.51717623646759 -0.6189918615368639 -6.8132 0.0 0
