CAR 0.0 0 2.9325124923839203 1469.1408158561742 331.08994915603563 1734.2211216305316 508.6178823899148 1.5287 1.9324 4.1412 21.4873 -26.8679 -6.5387 1.6172279672819478 0
CAR 0.0 0 -0.17818827655576253 3487.2785850761998 525.5587107396688 4525.257857056028 827.7052938240425 1.4955 2.0028 4.1585 11.7175 -50.57640000514945 -6.396 -1.5820279618721131 0
VAN 0.0 0 3.290863616653335 1291.4123590988986 210.0479686435076 1375.4219263633404 257.40289565081935 2.0362 2.0313 6.0453 72.11059847100786 34.98340102403951 -5.6001 1.8930050088945374 0
TRAILER 0.0 0 -1.7668747445565087 1500.3000072479244 243.0089734628352 1695.3949218810758 405.2091977476805 3.7718 2.908 8.7734 45.9714 13.850199999999997 -5.2888 -3.141592653589793 0
TRUCK 0.0 0 -1.786686412368764 1468.1789980067542 270.7450331559389 1621.283280299023 422.09393549664117 3.537 2.7249 3.2089 40.15170000041122 13.8511 -5.4189 -3.1390089788668956 0
BUS 0.0 0 -3.43782507007956 -1055162.2832671092 -34977.56489957684 192944.5596453043 212010.63996877783 3.2214 2.8044 11.8595 7.8353095525426495 16.834221974410298 -6.5001 -2.0766242665225483 0
CAR 0.0 0 -1.7974869648758525 1623.0376731139404 346.01133917208807 1746.517190939392 435.5243918292931 1.5619 1.9279 4.1837 40.7606 10.0878 -6.2537 -3.141592653589793 0
CAR 0.0 0 4.498543570450144 1668.3868243687934 306.5795917762594 1771.854227432255 376.8932779171787 1.5132 1.9248 4.2656 49.30319523762731 10.907494388942993 -6.0367 3.1230217012801686 0
CAR 0.0 0 1.591340340997454 412.40585545775974 2.8079950444089525 469.6181727246288 39.71390207424901 1.5448 1.9196 4.153 85.18114846325588 6.95598628938726 -5.9033 0.06788545702133873 0
TRAILER 0.0 0 -0.01832783483492051 -12258.388077272999 75.27600455287173 -4591.27285292931 684.3133313726364 3.728 3.348 13.6586 29.08171043707551 89.44256946701265 -5.7466 1.5106470069450406 0
BUS 0.0 0 -0.9807557620590783 53.60274476007717 268.84580240683135 425.27665229923053 353.2484748485045 1.7 2.7509 13.0107 22.7933 58.6532 -7.1989 -1.6411953424799908 0
