CAR 0.0 0 1.7805726961552637 -426.3860160942457 435.08746694952106 20.631271186792098 704.8788809771551 1.5287 1.9324 4.1412 17.512130240182245 -1.776605161471052 -6.5387 2.097351924172237 0
VAN 0.0 0 3.0144617051588822 1284.1886731636541 210.2407063027873 1368.6999159830934 257.7657884507679 2.0362 2.0313 6.0453 71.62459871870439 35.17849444833432 -5.6001 1.6176939212085473 0
TRAILER 0.0 0 4.503150234011328 1495.6785383800006 245.66262347247718 1695.4569414121845 412.41968619738935 3.7718 2.908 8.7734 44.858806785284564 13.616779497908363 -5.2888 3.131483313082973 0
TRUCK 0.0 0 4.480130294386806 1473.32349168979 271.3981438512813 1627.0894562788187 423.39301993212854 3.537 2.7249 3.2089 40.0947013869789 13.681193543215569 -5.4189 3.127643232933447 0
CAR 0.0 0 4.470030766736918 1613.721097580284 347.19983274797596 1738.2783400679152 437.4150224121713 1.5619 1.9279 4.1837 40.347693246996776 10.219694254658378 -6.2537 3.1279286174672145 0
CAR 0.0 0 -1.7681102184179867 1669.5143767360337 309.8724783722739 1774.791136319561 381.8246535402493 1.5132 1.9248 4.2656 48.43669394967982 10.680387991263453 -6.0367 -3.141592653589793 0
BUS 0.0 0 -0.5107646730905624 669.6878528589325 456.4068177176623 1256.4900866957194 785.1320957516699 1.7 2.7509 13.0107 17.67522096128569 15.982116041615575 -7.1989 -1.5235549247111546 0
TRUCK 0.0 0 3.5428089530992106 -69.4478739426766 25.609239343468833 151.96419809374862 200.31301878572486 4.0049 3.065 3.0468 41.866579249575 6.914529437512519 -4.8285 3.1415926535897927 0
CAR 0.0 0 -1.274026041861527 176.96565649633337 449.834860707076 431.44704926851824 586.7590328336944 1.5873 1.9102 4.1657 11.51443253243021 29.780656483236008 -7.3642 -1.808518209653994 0
TRAILER 0.0 0 4.104431500288126 -26.114693095808498 -3.5414693775623904 273.4632656230655 199.65834569788325 4.6993 3.7174 8.9897 47.54658371736978 6.9163552791736445 -4.9958 3.1241677633491904 0
