CAR 0.0 0 4.27751349285567 1562.6629189788387 344.62508047371716 1660.0676370207466 438.1229215788699 1.7 2.055 4.1881 44.43382550071018 12.117873256093935 -7.15 2.9442588671347862 0
CAR 0.0 0 2.5520289435423127 931.6213518462821 320.91710035133366 1177.6102801394384 538.8701267630661 1.7 1.9474 4.637 17.755376129501695 -9.090118125312515 -6.7348 1.3657016564885578 0
TRAILER 0.0 0 4.294177642699509 1478.4909992644 312.0728198642227 1590.4737713459954 409.3166382597515 1.7 2.9345 6.7788 48.76416758494155 14.16496577805546 -7.15 2.953039041130617 0
TRUCK 0.0 0 4.283840746755956 1447.6630308888857 308.6955275310682 1568.8620056777772 421.67746424820854 2.6595 2.9213 2.2023 44.27473546487309 15.012466184483602 -6.6703 2.9496064358704173 0
CAR 0.0 0 4.326323454448879 1604.0409825156278 308.0245419856458 1679.1662320718751 373.6012041199142 1.394 1.7497 4.126 52.40564167479603 10.666977857372917 -6.8366 2.9597831308202998 0
BUS 0.0 0 -1.1606244379209023 331.484925947308 288.48505467964463 752.6801433617431 506.1793284472875 2.9622 3.4932 13.074 30.85962309939582 39.03456844593091 -7.1029 -2.1205687351493454 0
CAR 0.0 0 3.2414991263566497 1590.6236978284364 593.8990580464013 1842.5803656559224 909.5069207240215 1.6502 1.8996 4.697 19.281164875975872 12.814728185398653 -6.6578 2.0813713330018784 0
TRUCK 0.0 0 4.339200694394332 1696.5903530072535 315.1447696986457 1824.183998384952 429.6521923048822 2.5787 2.3731 2.9231 46.52324559106821 8.034012228342208 -6.5815 2.9760738728821825 0
CAR 0.0 0 -1.5352345397322777 208.6199219611396 436.85740479230344 435.16484420033436 569.4180439730721 1.5379 1.9037 4.1311 22.147496577287342 39.0037214579312 -8.0541 -2.1106134925747027 0
TRAILER 0.0 0 4.37023741432568 1685.3457853195916 218.27486711001507 1883.2745128096064 411.6756401485847 4.4182 2.9618 12.0602 53.60989003860364 6.802637180474623 -5.5026 2.9700313362899267 0
