CAR 0.0 0 2.6018813415916004 483.9287937067207 360.39108956420796 671.3792001870657 567.050634272767 1.5287 1.9324 4.1412 20.406859154422555 -10.56276356892773 -6.5387 1.6959261962135421 0
VAN 0.0 0 3.0144617754303957 1284.1899441710966 210.24081230158924 1368.7012207290716 257.76594635769624 2.0362 2.0313 6.0453 71.62457865239699 35.17840750397093 -5.6001 1.6176939212085473 0
TRAILER 0.0 0 4.503151206142839 1495.6905075586562 245.6631342505661 1695.4685272472636 412.4208006793669 3.7718 2.908 8.7734 44.85891304929255 13.616458415658835 -5.2888 3.131483313082973 0
TRUCK 0.0 0 4.480130617757121 1473.3272409876336 271.3983828569089 1627.093445050514 423.39346479172343 3.537 2.7249 3.2089 40.094723108387235 13.681092423831918 -5.4189 3.127643232933447 0
CAR 0.0 0 4.470030532450371 1613.7235624438865 347.2006631035062 1738.2811586900116 437.41628521500485 1.5619 1.9279 4.1837 40.347587488545095 10.219604277145592 -6.2537 3.1279286174672145 0
CAR 0.0 0 -1.7681101583465888 1669.5201186640375 309.873357109562 1774.79713553816 381.825937606197 1.5132 1.9248 4.2656 48.43659919591282 10.680199923030559 -6.0367 -3.141592653589793 0
BUS 0.0 0 -0.8223751115781748 330.52881748933845 374.3363755172073 858.146417333816 569.0779418767349 1.7 2.7509 13.0107 18.59034289326612 28.354795748770066 -7.1989 -1.7329944349504742 0
TRUCK 0.0 0 3.530869755740765 -71.05485835666695 25.08126007920783 149.87385856779287 199.1860136230809 4.0049 3.065 3.0468 42.015179506425376 7.035704524365569 -4.8285 3.1415926535897927 0
CAR 0.0 0 -1.273623873129616 177.51708406178093 450.4801146669487 432.41644466774096 587.7758576070628 1.5873 1.9102 4.1657 11.498943503039365 29.712692490403175 -7.3642 -1.808518209653994 0
TRAILER 0.0 0 4.100620448597962 -26.7082938225835 -3.134104396926403 273.9842400182842 200.93485245761096 4.6993 3.7174 8.9897 47.36694784250608 6.836639467234088 -4.9958 3.1241677633491904 0
