CAR 0.0 0 2.93045997179743 1337.4669797733768 335.94796504053966 1579.6915990337338 517.9475725983324 1.5287 1.9324 4.1412 21.27876757062782 -24.2878088533431 -6.5387 1.6435663186537124 0
VAN 0.0 0 3.014466782085289 1284.2805063845606 210.2483649368855 1368.7941866879853 257.777197604216 2.0362 2.0313 6.0453 71.62314897674021 35.172212930376276 -5.6001 1.6176939212085473 0
TRAILER 0.0 0 4.503220446274245 1496.5434630354084 245.69953278102932 1696.2941511381844 412.5002224099761 3.7718 2.908 8.7734 44.86648409997898 13.59358208893308 -5.2888 3.131483313082973 0
TRUCK 0.0 0 4.480153655055871 1473.5943921483108 271.41541284013084 1627.3776599532075 423.42516278441803 3.537 2.7249 3.2089 40.096270705689335 13.673887914467883 -5.4189 3.127643232933447 0
CAR 0.0 0 4.470013837678916 1613.8992247863753 347.2598386499569 1738.4820302444155 437.5062816385451 1.5619 1.9279 4.1837 40.340052456791646 10.213193599029502 -6.2537 3.1279286174672145 0
CAR 0.0 0 -1.768105878134999 1669.9293465370454 309.93598366598354 1775.224696094066 381.91745396995697 1.5132 1.9248 4.2656 48.42984822045788 10.666800520297933 -6.0367 -3.141592653589793 0
BUS 0.0 0 -0.8846320833960963 265.95577787359485 347.06015588365915 755.6534357786725 507.29825800683443 1.7 2.7509 13.0107 19.570630652550157 33.62036448787466 -7.1989 -1.7679010199903609 0
CAR 0.0 0 2.683274261682364 404.6839744223172 305.13577623423663 595.49672538848 492.0574254945182 1.5302 1.9318 4.6762 23.187294363116344 -8.901060080250485 -6.4832 1.7729140943386235 0
TRUCK 0.0 0 -2.0180591224328763 60.72782656770158 4.429185916702181 234.7972262440258 151.03093464229218 4.0049 3.065 3.0468 49.620341159081576 7.448640685659593 -4.8285 -3.1241393610698505 0
CAR 0.0 0 -1.3144677451704132 133.68119231018986 404.2865863801504 358.68929792522454 516.2915336315532 1.5873 1.9102 4.1657 12.691945059262261 35.36142022046725 -7.3642 -1.808518209653994 0
CAR 0.0 0 -1.7175621154040512 1709.885305270959 279.04482365847934 1790.490534204357 332.05872203950713 1.5032 1.9048 4.1528 62.92802132877912 12.37829048888843 -6.3637 -3.1160236696878245 0
