CAR 0.0 0 2.9325124923839203 1469.1408158561742 331.08994915603563 1734.2211216305316 508.6178823899148 1.5287 1.9324 4.1412 21.4873 -26.8679 -6.5387 1.6172279672819478 0
CAR 0.0 0 -0.1781882765616738 3487.278584972336 525.5587107426804 4525.257856931498 827.7052938311174 1.4955 2.0028 4.1585 11.7175 -50.57640000344533 -6.396 -1.5820279618721131 0
VAN 0.0 0 3.290863617827349 1291.4123687278911 210.0479686991567 1375.4219355966854 257.40289566244564 2.0362 2.0313 6.0453 72.11059888332805 34.98340064561994 -5.6001 1.8930050088945374 0
TRAILER 0.0 0 -1.7668747445565087 1500.3000072479244 243.0089734628352 1695.3949218810758 405.2091977476805 3.7718 2.908 8.7734 45.9714 13.850199999999997 -5.2888 -3.141592653589793 0
TRUCK 0.0 0 -1.7866864123693158 1468.1789980050937 270.74503315630545 1621.283280297741 422.0939354974449 3.537 2.7249 3.2089 40.151700000275135 13.8511 -5.4189 -3.1390089788668956 0
BUS 0.0 0 -0.365303773708197 -36213.172328654895 -44843.10452488538 224241.2878291409 10924.187487293457 3.2214 2.8044 11.8595 7.6066562549159755 16.920405182517325 -6.5001 -2.0940775590424914 0
CAR 0.0 0 -1.7974869648758525 1623.0376731139404 346.01133917208807 1746.517190939392 435.5243918292931 1.5619 1.9279 4.1837 40.7606 10.0878 -6.2537 -3.141592653589793 0
CAR 0.0 0 4.514940137475865 1666.9326822475232 307.9423043502627 1771.2278184333466 378.9441254477515 1.5132 1.9248 4.2656 48.89362692248172 10.858376074911924 -6.0367 3.1404749938001117 0
TRAILER 0.0 0 -0.020129442241910267 -13219.362714600691 74.89677055706936 -4856.336229217179 705.5468853834162 3.728 3.348 13.6586 28.91777933642359 92.573335318867 -5.7466 1.5106470069450406 0
BUS 0.0 0 -0.989193270803732 68.41830349684984 272.836447301049 445.9775417755284 360.36230094553434 1.7 2.7509 13.0107 22.68348078154526 56.75854825925741 -7.1989 -1.6761019275198774 0
