CAR 0.0 0 2.624520077564247 536.1953476875932 357.69024426966575 711.3931755871729 562.0520531678019 1.5287 1.9324 4.1412 20.522440433999765 -11.214671488797741 -6.5387 1.678472903693599 0
VAN 0.0 0 3.014461792067417 1284.1902450868204 210.2408373971971 1368.7015296325071 257.7659837427476 2.0362 2.0313 6.0453 71.62457390162974 35.17838691959409 -5.6001 1.6176939212085473 0
TRAILER 0.0 0 4.50315143629707 1495.6933413131162 245.66325517942298 1695.471270242717 412.42106453780667 3.7718 2.908 8.7734 44.85893820766166 13.616382398332764 -5.2888 3.131483313082973 0
TRUCK 0.0 0 4.480130694316038 1473.3281286480828 271.39843944239317 1627.0943894073234 423.3935701139225 3.537 2.7249 3.2089 40.094728251005314 13.681068483470312 -5.4189 3.127643232933447 0
CAR 0.0 0 4.470030476982089 1613.724146011479 347.2008596938699 1738.2818260114148 437.4165841893261 1.5619 1.9279 4.1837 40.347562449868185 10.219582974660206 -6.2537 3.1279286174672145 0
CAR 0.0 0 -1.7681101441244633 1669.5214780925915 309.87356515469645 1774.7985558812238 381.82624161491765 1.5132 1.9248 4.2656 48.43657676263284 10.680155397230068 -6.0367 -3.141592653589793 0
BUS 0.0 0 -0.8266480950011842 320.5018389990692 370.87470629970403 843.9177108678431 560.9967976290353 1.7 2.7509 13.0107 18.681246551293547 28.990287138255923 -7.1989 -1.7329944349504742 0
TRUCK 0.0 0 3.540412151995089 -69.67838009584283 24.679385923308534 150.48072302672284 198.2682795612715 4.0049 3.065 3.0468 42.13689141046389 7.069970095481217 -4.8285 3.1415926535897927 0
CAR 0.0 0 -1.2736390282077859 177.47127725934462 450.39344325156117 432.3117898960524 587.6390659566443 1.5873 1.9102 4.1657 11.501395595614508 29.72140997327767 -7.3642 -1.808518209653994 0
TRAILER 0.0 0 4.09927692409199 -27.14680168481101 -3.1287438039588618 273.6761356535769 200.96603891165816 4.6993 3.7174 8.9897 47.362593278458604 6.845580397871816 -4.9958 3.1241677633491904 0
