CAR 0.0 0 2.936473406079643 1470.5192685202753 331.4439977260781 1736.1329528160395 509.18184614619474 1.5287 1.9324 4.1412 21.465224969241895 -26.88407770018917 -6.5387 1.6212057522521428 0
CAR 0.0 0 -0.048419845747733614 3455.6080254514377 517.7268055869341 4467.385853681883 813.5610692095835 1.4955 2.0028 4.1585 11.959202723207227 -50.584000085625384 -6.396 -1.4531187729773227 0
VAN 0.0 0 3.0241903278942 1279.842755725533 209.8782559267599 1364.238213250491 257.2259600902547 2.0362 2.0313 6.0453 71.69339529951505 35.476705557803605 -5.6001 1.6276636624152636 0
TRAILER 0.0 0 -1.6173844363635284 1455.0354233652954 243.92639720489294 1656.0855076411995 408.6374663214971 3.7718 2.908 8.7734 44.49428335836391 14.718009777003456 -5.2888 -2.9856662310441786 0
TRUCK 0.0 0 -1.6402810563074122 1460.516475611369 270.5816637587815 1613.4652591807342 421.87376306270403 3.537 2.7249 3.2089 40.02019851846517 14.028001993030552 -5.4189 -2.9916543368882356 0
CAR 0.0 0 -1.6481379241774392 1605.3723254132667 344.38525068140893 1728.7271565556352 433.13993203962684 1.5619 1.9279 4.1837 40.710399434425476 10.528304962860132 -6.2537 -2.9910380101133587 0
CAR 0.0 0 -1.6249702540587638 1650.1122507846683 306.90099640385876 1754.5099503855847 377.4881371041288 1.5132 1.9248 4.2656 48.76158407713794 11.325403550650536 -6.0367 -2.9982470412401536 0
BUS 0.0 0 -0.8637022810384671 258.80017580261574 348.88279986769936 753.8440512042248 511.4067520759882 1.7 2.7509 13.0107 19.31654989974323 33.417143914280004 -7.1989 -1.739353037122057 0
CAR 0.0 0 2.9344331622275686 1357.4624331778457 276.19223964463515 1582.1749551921191 434.090919480841 1.5302 1.9318 4.6762 24.838278471435398 -26.118145514495286 -6.4832 1.5996740107872995 0
TRUCK 0.0 0 -1.5438193205817419 1780.7568924218235 214.37061956391165 1910.7110980032294 336.37507125306956 4.0049 3.065 3.0468 62.088411796979806 9.288968008097745 -4.8285 -2.9677010264147974 0
TRAILER 0.0 0 -1.5333725615410532 1763.4322894601328 186.86580791003075 1910.0960709286944 325.3441768069132 4.6738 3.0868 9.7152 68.08063921919585 10.328509430084871 -4.488 -2.9683662689673658 0
CAR 0.0 0 -1.3984248435477822 28.775443017988874 306.3905474284009 188.6133982702027 372.9907919785808 1.5873 1.9102 4.1657 16.51824856573905 55.6271004446125 -7.3642 -1.7093003712482462 0
