TRAILER 0.0 0 2.366232009032742 125.88321635830447 184.80552517137008 443.1742302713081 284.7331018496131 3.728 3.348 13.6586 30.713530079880226 71.77161664006121 -5.6034 1.4757404219051542 0
CAR 0.0 0 2.9325124923839203 1469.1408158561742 331.08994915603563 1734.2211216305316 508.6178823899148 1.5287 1.9324 4.1412 21.4873 -26.8679 -6.5387 1.6172279672819478 0
CAR 0.0 0 -0.17818827639229395 3487.278587948447 525.5587106563872 4525.257860499779 827.7052936283959 1.4955 2.0028 4.1585 11.7175 -50.576400052275176 -6.396 -1.5820279618721131 0
VAN 0.0 0 3.2908637412238084 1291.414046960411 210.04807148311664 1375.423625901464 257.4030451834331 2.0362 2.0313 6.0453 72.11059999105102 34.98329969755078 -5.6001 1.8930050088945374 0
TRAILER 0.0 0 -1.7668747445565087 1500.3000072479244 243.0089734628352 1695.3949218810758 405.2091977476805 3.7718 2.908 8.7734 45.9714 13.850199999999997 -5.2888 -3.141592653589793 0
TRUCK 0.0 0 -1.7866864123536221 1468.1789980523201 270.7450331458786 1621.2832803342096 422.093935474587 3.537 2.7249 3.2089 40.15170000414584 13.8511 -5.4189 -3.1390089788668956 0
BUS 0.0 0 -3.2358995126592784 -26229.499507658682 486.76213949894645 -2638.8393462816334 3695.086458552429 3.2214 2.8044 11.8595 11.145444058581068 24.955041271532608 -6.5001 -1.849731463763286 0
CAR 0.0 0 -1.7974869648758525 1623.0376731139404 346.01133917208807 1746.517190939392 435.5243918292931 1.5619 1.9279 4.1837 40.7606 10.0878 -6.2537 -3.141592653589793 0
CAR 0.0 0 -1.7379436219688302 1681.0052567581042 290.65629054434805 1775.0408983906702 353.1555621699015 1.5132 1.9248 4.2656 54.45789868876589 11.652729505513872 -6.0367 -3.1252570208595314 0
CAR 0.0 0 1.4815549609278407 338.0033812651115 53.7375199518335 426.6282064889183 110.76958597159745 1.5448 1.9196 4.153 58.14411974742714 2.677035816825578 -5.9033 0.12024533458116861 0
