CAR 0.0 0 2.921813217224959 1375.1446037708624 334.34313607203313 1623.8809898811528 514.920688116562 1.5287 1.9324 4.1412 21.35032766192383 -25.021858757909964 -6.5387 1.626113026133769 0
VAN 0.0 0 3.014468526499347 1284.3120630372896 210.2509966683422 1368.8265808435665 257.78111814778737 2.0362 2.0313 6.0453 71.62265084185425 35.170054603216514 -5.6001 1.6176939212085473 0
TRAILER 0.0 0 4.503244560942113 1496.8407356091316 245.712218036571 1696.58189186675 412.52790294286086 3.7718 2.908 8.7734 44.86912201560712 13.585611460740433 -5.2888 3.131483313082973 0
TRUCK 0.0 0 4.480161680821491 1473.6874842393202 271.42134712990895 1627.476698281291 423.4362083997175 3.537 2.7249 3.2089 40.0968099229322 13.671377700167568 -5.4189 3.127643232933447 0
CAR 0.0 0 4.470008019705489 1613.9604511276923 347.2804635816408 1738.552042266285 437.53764992580676 1.5619 1.9279 4.1837 40.33742707918504 10.21095997570914 -6.2537 3.1279286174672145 0
CAR 0.0 0 -1.7681043867203425 1670.0719907436596 309.95781286664896 1775.373728474511 381.9493542118973 1.5132 1.9248 4.2656 48.42749601545002 10.662131864678694 -6.0367 -3.141592653589793 0
BUS 0.0 0 -0.8688279385916415 263.44436288324994 346.44681316727707 752.5100534820506 505.97285491879546 1.7 2.7509 13.0107 19.577041883871775 33.76959824026992 -7.1989 -1.7504477274704175 0
CAR 0.0 0 2.7446928821633256 544.4795754504971 297.32684280368716 702.4750908720141 477.56619488506374 1.5302 1.9318 4.6762 23.65442800512407 -10.832565030676376 -6.4832 1.7205542167787935 0
TRUCK 0.0 0 4.304429202813201 80.73522943342206 1.4451192270267172 248.2645444554649 144.0630418828593 4.0049 3.065 3.0468 50.962472510994004 7.487119708929798 -4.8285 3.133807997042425 0
CAR 0.0 0 -1.371539314103707 126.97640627571433 391.6453713608734 343.233224287198 497.1414069643398 1.5873 1.9102 4.1657 13.164002243568163 37.12284186886224 -7.3642 -1.860878087213824 0
CAR 0.0 0 -1.7145184718970237 1716.2390186338419 275.2336142821308 1794.6854339384172 326.60758353291436 1.5032 1.9048 4.1528 64.74250008557976 12.501722663854766 -6.3637 -3.1160236696878245 0
