CAR 0.0 0 2.9258528486344613 1249.9800567805341 339.33260197175736 1476.4663891990685 524.4337847775716 1.5287 1.9324 4.1412 21.135303518919372 -22.61997689533463 -6.5387 1.661019611173656 0
VAN 0.0 0 3.0144644830468748 1284.238918969139 210.24489666851957 1368.7514954891913 257.7720308734178 2.0362 2.0313 6.0453 71.62380548029286 35.175057462782895 -5.6001 1.6176939212085473 0
TRAILER 0.0 0 4.503188656736292 1496.1517437874525 245.6828169930917 1695.9149872097203 412.4637478389142 3.7718 2.908 8.7734 44.863007493022025 13.604086840103129 -5.2888 3.131483313082973 0
TRUCK 0.0 0 4.480143076888063 1473.4717114195867 271.4075923683207 1627.2471431529962 423.41060645286365 3.537 2.7249 3.2089 40.09556005295466 13.677196206906558 -5.4189 3.127643232933447 0
CAR 0.0 0 4.470021504470209 1613.8185496168473 347.2326617785371 1738.3897778973094 437.4649494339377 1.5619 1.9279 4.1837 40.34351252433349 10.216137366099359 -6.2537 3.1279286174672145 0
CAR 0.0 0 -1.7681078436630746 1669.7413984138243 309.9072211366779 1775.0283293169825 381.8754225879075 1.5132 1.9248 4.2656 48.43294825167606 10.67295349207277 -6.0367 -3.141592653589793 0
BUS 0.0 0 -0.8841404544492587 267.1236881832465 347.6744536866062 757.7715006081844 508.6423095014575 1.7 2.7509 13.0107 19.542387877848633 33.49351285439581 -7.1989 -1.7679010199903609 0
CAR 0.0 0 2.4226809834004106 90.56369879403114 324.65189180566506 361.1801799256055 528.4400249066532 1.5302 1.9318 4.6762 22.096557874349084 -5.014467845100321 -6.4832 1.9125404344981696 0
TRUCK 0.0 0 4.1219460156866 29.562022891827066 9.837042174245596 215.0186787965486 163.54705320414698 4.0049 3.065 3.0468 47.38460863890301 7.24903561867081 -4.8285 3.1415926535897927 0
CAR 0.0 0 -1.308279374703572 144.61991278397434 426.12640822744333 384.74216884945594 549.827673540712 1.5873 1.9102 4.1657 11.949164890338496 32.64279387904297 -7.3642 -1.808518209653994 0
CAR 0.0 0 -1.7225953349593937 1702.6514303816327 285.7887200507412 1786.9654761922845 341.7276512284762 1.5032 1.9048 4.1528 60.04932441724186 12.057159208596008 -6.3637 -3.1160236696878245 0
TRAILER 0.0 0 4.362783394425906 67.09236477653387 -14.002845866829794 318.9358233177484 164.99021279874304 4.6993 3.7174 8.9897 53.10971024605139 7.128727783624919 -4.9958 3.1241677633491904 0
