CAR 0.0 0 2.919583223500459 1363.3928455508615 334.2294270507461 1609.690912678802 514.857429187785 1.5287 1.9324 4.1412 21.36411139218673 -24.806061977082294 -6.5387 1.626113026133769 0
VAN 0.0 0 3.014467898279044 1284.3006982540464 210.2500488778769 1368.8149144468355 257.77970620363294 2.0362 2.0313 6.0453 71.62283023844176 35.170831890429376 -5.6001 1.6176939212085473 0
TRAILER 0.0 0 4.503235877032749 1496.7336725784646 245.70764944583365 1696.478262102228 412.517933730138 3.7718 2.908 8.7734 44.86817201425312 13.588481957970178 -5.2888 3.131483313082973 0
TRUCK 0.0 0 4.480158790524 1473.6539579411735 271.4192099479817 1627.4410304875532 423.4322304135115 3.537 2.7249 3.2089 40.09661573243391 13.672281714857178 -5.4189 3.127643232933447 0
CAR 0.0 0 4.470010115028973 1613.9384001503095 347.27303542639334 1738.5268271293974 437.5263524401619 1.5619 1.9279 4.1837 40.338372568694425 10.211764379799039 -6.2537 3.1279286174672145 0
CAR 0.0 0 -1.7681049238273419 1670.0206160992986 309.9499508925239 1775.3200531838331 381.9378649955957 1.5132 1.9248 4.2656 48.4283431291981 10.663813208514721 -6.0367 -3.141592653589793 0
BUS 0.0 0 -0.8681101044337551 264.2331915604887 346.39687486305934 753.0127708120859 505.8544667074819 1.7 2.7509 13.0107 19.593732218340243 33.76557420655092 -7.1989 -1.7504477274704175 0
CAR 0.0 0 2.71415502491904 501.96970922703105 299.0723118994618 669.5531072170868 480.8964874137983 1.5302 1.9318 4.6762 23.55241166675185 -10.22422264466433 -6.4832 1.7205542167787935 0
TRUCK 0.0 0 -1.980415323723494 75.15030355237593 2.5955471328828468 244.90731658825268 146.69986056656526 4.0049 3.065 3.0468 50.44710883624947 7.414038559653865 -4.8285 -3.1319240176172185 0
CAR 0.0 0 -1.3519700411161903 129.46369351687045 395.7135194047481 348.51234669558363 503.2818326941621 1.5873 1.9102 4.1657 13.013171199988927 36.534510636955844 -7.3642 -1.8434247946938807 0
CAR 0.0 0 -1.7155980820492989 1714.825495399083 276.71403067383454 1794.075366212258 328.71707299609636 1.5032 1.9048 4.1528 64.06173472476938 12.420787362420143 -6.3637 -3.1160236696878245 0
