VAN 0.0 0 3.118162304711628 1243.1646502989413 207.88837563756664 1327.4971191144896 254.36783778749353 2.0362 2.0313 6.0453 71.46318055778508 37.626023604011316 -5.6001 1.7247030387552342 0
TRAILER 0.0 0 4.184754017623404 811.8290683931385 407.2186325943804 1432.4725110483857 995.9190664189433 3.7718 2.908 8.7734 13.037210801970197 10.199898572393002 -5.2888 3.141592653589793 0
TRUCK 0.0 0 -2.281473194945621 657.1286208361781 532.1880964820151 1102.279638779001 1073.266590688312 3.537 2.7249 3.2089 8.50933255176352 10.519499746274196 -5.4189 -3.132503431130133 0
CAR 0.0 0 -1.9586423212597126 1378.9786446852017 541.4243462390468 1643.6586282476949 776.0099145466111 1.5132 1.9248 4.2656 17.762882063977923 7.323270462776552 -6.0367 -3.1238903321759413 0
BUS 0.0 0 1.637744017062405 408.05555812641416 22.03126778404688 516.2758178817597 80.05418001561351 1.7 2.7509 13.0107 83.71319260334747 5.450491726054368 -7.1989 0.173830213715917 0
TRUCK 0.0 0 -2.7796862644742806 -87.6270270038323 28.62977984834419 140.8251861120029 207.3955409031516 4.0049 3.065 3.0468 40.957538281428434 6.837489421840395 -4.8285 -3.0543261909900767 0
CAR 0.0 0 -1.2910024647464347 178.24473931344644 447.50032939647866 430.9006747922116 583.0636844542746 1.5873 1.9102 4.1657 11.61472057324142 29.982225462869263 -7.3642 -1.8285472070556688 0
TRAILER 0.0 0 -2.1514101834225348 -51.03867594166439 -3.3369303918935658 255.72447506856912 201.12090238341668 4.6993 3.7174 8.9897 47.341847905606905 7.445947921495056 -4.9958 -3.0475249162026388 0
CAR 0.0 0 -0.11066657507903632 3462.878026637174 482.6089841964164 4535.552067740837 798.2603147144 1.7 1.9202 4.2345 11.8595 -50.1556 -5.9737 -1.5232093557791107 0
VAN 0.0 0 -1.652654005738745 1671.2154263735035 255.49111223966938 1786.6382773782932 339.3810942959217 2.1852 2.217 6.1126 55.95512184708697 12.022314230071318 -5.3315 -3.0543261909900767 0
CAR 0.0 0 -1.7148014837562728 1607.1250106532113 355.15625809360574 1738.8453688451507 458.32327274405935 1.7658 1.9354 4.3076 38.938274817250694 9.957628753347489 -6.381 -3.048585635780555 0
CAR 0.0 0 0.7808084439765042 168.4808340280789 202.51618645073717 340.27278157903 324.24518209177813 1.7 1.8972 4.2878 33.51379271773454 -1.1870446534213377 -6.8132 0.0 0
