CAR 0.0 0 2.9338795994309868 1350.2944328142412 334.92002903395587 1594.423168209277 516.1267074190124 1.5287 1.9324 4.1412 21.331319904723966 -24.547502183555093 -6.5387 1.6435663186537124 0
VAN 0.0 0 3.0144673151785573 1284.290149920834 210.2491691785743 1368.8040861644556 257.7783956979497 2.0362 2.0313 6.0453 71.62299674807988 35.171553347690704 -5.6001 1.6176939212085473 0
TRAILER 0.0 0 4.503227816249951 1496.6343046154336 245.70340920266318 1696.382080279662 412.50868109007564 3.7718 2.908 8.7734 44.867290245879424 13.591146274268302 -5.2888 3.131483313082973 0
TRUCK 0.0 0 4.480156107772579 1473.6228403982295 271.41722631539596 1627.4079253193163 423.4285382379741 3.537 2.7249 3.2089 40.09643548996914 13.673120796069288 -5.4189 3.127643232933447 0
CAR 0.0 0 4.470012059777751 1613.9179343126898 347.26614122928345 1738.5034245415343 437.5158671183175 1.5619 1.9279 4.1837 40.33925014501711 10.212511006026 -6.2537 3.1279286174672145 0
CAR 0.0 0 -1.7681054223600539 1669.9729351572093 309.94265416023563 1775.2702368926189 381.927201874904 1.5132 1.9248 4.2656 48.42912939211342 10.665373784913506 -6.0367 -3.141592653589793 0
BUS 0.0 0 -0.867675737828689 264.9170144461264 346.58236039483415 753.9057502481057 506.2558078456434 1.7 2.7509 13.0107 19.590551465406953 33.721592115660634 -7.1989 -1.7504477274704175 0
CAR 0.0 0 2.6934322073494465 454.31452886252674 301.57460782814974 632.992691225627 485.5618791970078 1.5302 1.9318 4.6762 23.40304409347443 -9.561263454282217 -6.4832 1.7380075092987368 0
TRUCK 0.0 0 -1.9991520079001885 69.13086692933955 3.4202362039245537 240.75958479771944 148.63689158175984 4.0049 3.065 3.0468 50.074100262002304 7.417172867051586 -4.8285 -3.1319240176172185 0
CAR 0.0 0 -1.3487118098708202 132.70384203476357 399.8513243428204 354.5288746916225 509.5430660866981 1.5873 1.9102 4.1657 12.87489114225033 35.940501071404135 -7.3642 -1.8434247946938807 0
CAR 0.0 0 -1.7165894854690809 1712.4917566057607 277.91640746259264 1792.4332976551411 330.43887405843975 1.5032 1.9048 4.1528 63.47959133891999 12.39220205328098 -6.3637 -3.1160236696878245 0
