CAR 0.0 0 2.936871887187707 1473.1101140431417 331.50523414477465 1739.278700231706 509.2549229195536 1.5287 1.9324 4.1412 21.459990220535715 -26.931332939814435 -6.5387 1.6212057522521428 0
CAR 0.0 0 -0.048410910334358404 3455.281692965046 517.6461373478535 4466.7918207092425 813.4157936156918 1.4955 2.0028 4.1585 11.961723860486282 -50.584079357354156 -6.396 -1.4531187729773227 0
VAN 0.0 0 3.0241763161381043 1279.7220675667186 209.87648564363317 1364.121550910831 257.22411448920127 2.0362 2.0313 6.0453 71.68904360451873 35.48185095586775 -5.6001 1.6276636624152636 0
TRAILER 0.0 0 -1.6174542631951052 1454.556698044343 243.93608497790004 1655.670203703628 408.67374715196024 3.7718 2.908 8.7734 44.478876581108544 14.727061297755068 -5.2888 -2.9856662310441786 0
TRUCK 0.0 0 -1.6402910031211486 1460.4365759474338 270.57996023828514 1613.383738418679 421.8714672807917 3.537 2.7249 3.2089 40.018826917920485 14.029847134792432 -5.4189 -2.9916543368882356 0
BUS 0.0 0 -3.859253263562464 -22016.715151832523 -1883.1258893658105 4994.865244807957 5597.6649301945035 3.2214 2.8044 11.8595 -3.0468418108296262 8.726339349316776 -6.5001 -2.6134960872679285 0
CAR 0.0 0 -1.6481505504394462 1605.1892532404793 344.36839189853697 1728.5427496140394 433.11522636936115 1.5619 1.9279 4.1837 40.709875827209835 10.532899564025243 -6.2537 -2.9910380101133587 0
CAR 0.0 0 -1.625018019681324 1649.885032238252 306.9344879368249 1754.3110384319975 377.5397210436211 1.5132 1.9248 4.2656 48.74684257965259 11.328690762593155 -6.0367 -2.9982470412401536 0
TRAILER 0.0 0 0.007846685859097313 -21489.62785292922 77.35742791880567 -6599.772737553335 902.3703010620109 3.728 3.348 13.6586 27.470879016472445 109.10105136932339 -5.7466 1.5461851073868618 0
BUS 0.0 0 -0.9035945601366242 186.8147587638321 308.4262814561355 615.8960399042757 427.1098016532801 1.7 2.7509 13.0107 21.486051786954967 43.200230049519064 -7.1989 -1.739353037122057 0
