CAR 0.0 0 2.6480471116762905 570.1527682570844 356.5026787580487 737.6716753118869 559.7615332667212 1.5287 1.9324 4.1412 20.568630877301203 -11.649512001685139 -6.5387 1.678472903693599 0
VAN 0.0 0 3.0144618017267257 1284.1904197959184 210.2408519674924 1368.7017089792002 257.76600544818905 2.0362 2.0313 6.0453 71.62457114337583 35.1783749684849 -5.6001 1.6176939212085473 0
TRAILER 0.0 0 4.5031515699223865 1495.69498656798 245.66332538972807 1695.4728628035032 412.4212177318853 3.7718 2.908 8.7734 44.858952814390754 13.616338263338008 -5.2888 3.131483313082973 0
TRUCK 0.0 0 4.480130738765456 1473.3286440162053 271.3984722954447 1627.094937692875 423.3936312630985 3.537 2.7249 3.2089 40.0947312367644 13.68105458390572 -5.4189 3.127643232933447 0
CAR 0.0 0 4.470030444777664 1613.7244848261876 347.20097383266335 1738.2822134529017 437.41675777145036 1.5619 1.9279 4.1837 40.347547912631335 10.219570606623478 -6.2537 3.1279286174672145 0
CAR 0.0 0 -1.7681101358672189 1669.522267366216 309.8736859440686 1774.7993805212932 381.8264181200198 1.5132 1.9248 4.2656 48.43656373806665 10.680129545939677 -6.0367 -3.141592653589793 0
BUS 0.0 0 -0.8290448410978138 315.8464174472944 369.66769229882914 838.080279249001 558.2108635636379 1.7 2.7509 13.0107 18.696375501880745 29.232934463398756 -7.1989 -1.7329944349504742 0
TRUCK 0.0 0 3.524031019027018 -71.9268547387275 24.579735801073166 148.4404710660342 198.10052776353572 4.0049 3.065 3.0468 42.15924864255445 7.136834445562606 -4.8285 3.1415926535897927 0
CAR 0.0 0 -1.273737217777609 177.30689713277906 450.1618907063979 431.9942153571793 587.2739253016935 1.5873 1.9102 4.1657 11.507395103847882 29.74531126934659 -7.3642 -1.808518209653994 0
TRAILER 0.0 0 4.097918653592534 -27.653724842997104 -3.1632181727107995 273.2245417996609 200.87656087622037 4.6993 3.7174 8.9897 47.37515655816563 6.865229129901065 -4.9958 3.1241677633491904 0
