CAR 0.0 0 2.825302433629982 946.5501780814437 347.2254121110996 1112.5552818984663 540.7271993532013 1.5287 1.9324 4.1412 20.87357155524466 -17.14794133655687 -6.5387 1.661019611173656 0
VAN 0.0 0 3.014462204951428 1284.1977130120001 210.241460203041 1368.7091957899577 257.7669115400398 2.0362 2.0313 6.0453 71.62445600093072 35.17787607317822 -5.6001 1.6176939212085473 0
TRAILER 0.0 0 4.503157147926066 1495.7636683999408 245.66625634167818 1695.5393448113591 412.4276128859687 3.7718 2.908 8.7734 44.85956256771799 13.614495861816984 -5.2888 3.131483313082973 0
TRUCK 0.0 0 4.480132594279037 1473.3501580464947 271.3998437450486 1627.1178258628115 423.3961839348292 3.537 2.7249 3.2089 40.09485587634141 13.680474350938871 -5.4189 3.127643232933447 0
CAR 0.0 0 4.47002910039818 1613.7386288466553 347.2057386173417 1738.2983874142965 437.4240040652268 1.5619 1.9279 4.1837 40.34694106023595 10.219054306807289 -6.2537 3.1279286174672145 0
CAR 0.0 0 -1.7681097911693506 1669.5552161943176 309.8787283807764 1774.8338057194387 381.83378646527376 1.5132 1.9248 4.2656 48.43602003163411 10.679050391925866 -6.0367 -3.141592653589793 0
BUS 0.0 0 -0.8634350196620086 274.93551102612696 351.6968504804437 771.740245159627 517.4972288547676 1.7 2.7509 13.0107 19.362664595453765 32.67561616058266 -7.1989 -1.7504477274704175 0
CAR 0.0 0 1.4488743015758014 -988.2223508742305 436.9301714918461 -340.1376212485798 744.2176776312389 1.5302 1.9318 4.6762 17.242461354724803 2.888175075677269 -6.4832 2.279059577416979 0
TRUCK 0.0 0 3.777737041483557 -34.88107432771969 18.913890022257654 172.07739876163603 184.85179925129364 4.0049 3.065 3.0468 44.01534373527159 7.228098442289641 -4.8285 3.1415926535897927 0
CAR 0.0 0 -1.2770412166210752 174.73119174574262 449.722892859671 429.3450936140659 586.5962671009864 1.5873 1.9102 4.1657 11.488717260017385 29.822588986600042 -7.3642 -1.808518209653994 0
CAR 0.0 0 -1.7302525465660894 1705.806441373289 298.2226634073507 1796.427446799908 359.6131930903552 1.5032 1.9048 4.1528 55.782346507844885 11.08429204298305 -6.3637 -3.1160236696878245 0
TRAILER 0.0 0 4.227056540395226 12.077263571138165 -7.853551493780269 291.6066753748968 185.260555692249 4.6993 3.7174 8.9897 49.6946122249726 7.016261783086075 -4.9958 3.1241677633491904 0
