CAR 0.0 0 2.9325124923839203 1469.1408158561742 331.08994915603563 1734.2211216305316 508.6178823899148 1.5287 1.9324 4.1412 21.4873 -26.8679 -6.5387 1.6172279672819478 0
CAR 0.0 0 -0.1781882765196836 3487.278585710132 525.5587107212878 4525.2578578160965 827.7052937808616 1.4955 2.0028 4.1585 11.7175 -50.57640001555055 -6.396 -1.5820279618721131 0
VAN 0.0 0 3.290863740979826 1291.4140435087238 210.0480712604725 1375.4236224151598 257.4030448580906 2.0362 2.0313 6.0453 72.11059999731968 34.983299909401545 -5.6001 1.8930050088945374 0
TRAILER 0.0 0 -1.7668747445565087 1500.3000072479244 243.0089734628352 1695.3949218810758 405.2091977476805 3.7718 2.908 8.7734 45.9714 13.850199999999997 -5.2888 -3.141592653589793 0
TRUCK 0.0 0 -1.7866864123653967 1468.1789980168871 270.7450331537016 1621.2832803068482 422.0939354917368 3.537 2.7249 3.2089 40.15170000124173 13.8511 -5.4189 -3.1390089788668956 0
BUS 0.0 0 -3.215906958252606 -48193.15960816041 549.7549853837891 -2413.410800445498 7885.024600973248 3.2214 2.8044 11.8595 9.492116366915639 20.042962447833162 -6.5001 -1.8497314637632856 0
CAR 0.0 0 -1.7974869648758525 1623.0376731139404 346.01133917208807 1746.517190939392 435.5243918292931 1.5619 1.9279 4.1837 40.7606 10.0878 -6.2537 -3.141592653589793 0
CAR 0.0 0 4.504113334459428 1686.5557258410338 301.07280491716654 1786.1983907729332 368.55784117815443 1.5132 1.9248 4.2656 51.33966168151108 10.808056743752076 -6.0367 3.1230217012801686 0
CAR 0.0 0 1.6201826947487374 387.9801451683452 23.095842920225575 456.8620161080499 67.70239036635145 1.5448 1.9196 4.153 71.98879291184602 4.654897876568102 -5.9033 0.15515191962105518 0
TRAILER 0.0 0 2.170811086523531 30.78805484048694 180.69208263701185 340.5853651696202 272.98861539558743 3.728 3.348 13.6586 29.4617 80.7495 -5.7466 1.4757404219051542 0
