CAR 0.0 0 2.9370349611510456 1472.435957645612 331.1149427342694 1738.1820934274067 508.6244334491013 1.5287 1.9324 4.1412 21.48381242279645 -26.929529586434203 -6.5387 1.6212057522521428 0
CAR 0.0 0 -0.048419736435606486 3455.6040328639215 517.7258186295167 4467.378585573374 813.559291745708 1.4955 2.0028 4.1585 11.959233564800408 -50.58400105537282 -6.396 -1.4531187729773227 0
VAN 0.0 0 3.0241901565004348 1279.8412793236796 209.878234270539 1364.2367860972267 257.22593751265623 2.0362 2.0313 6.0453 71.69334206432865 35.476768502524074 -5.6001 1.6276636624152636 0
TRAILER 0.0 0 -1.6173852902200696 1455.0295678541472 243.92651570243135 1656.0804278109717 408.6379100862394 3.7718 2.908 8.7734 44.49409488406598 14.718120506131976 -5.2888 -2.9856662310441786 0
TRUCK 0.0 0 -1.6402811779831479 1460.515498179387 270.5816429192034 1613.4642619174224 421.87373497784284 3.537 2.7249 3.2089 40.02018173939156 14.028024565031973 -5.4189 -2.9916543368882356 0
CAR 0.0 0 -1.6481380786306743 1605.3700857068534 344.38504443180113 1728.724900524931 433.1396297896016 1.5619 1.9279 4.1837 40.71039302902993 10.52836116956803 -6.2537 -2.9910380101133587 0
CAR 0.0 0 -1.6249708381945849 1650.1094717700787 306.9014060290326 1754.507517560607 377.4887680012053 1.5132 1.9248 4.2656 48.761403743291154 11.325443763425548 -6.0367 -2.9982470412401536 0
TRAILER 0.0 0 -0.003944125262077325 -69708.40043889848 63.17854195802009 -11275.057054340235 1601.60896189587 3.728 3.348 13.6586 26.331081971034436 145.66732802334147 -5.7466 1.5461851073868618 0
BUS 0.0 0 -0.8606248901471136 262.16610504156824 348.65605936952454 755.9541182819418 510.8679131980654 1.7 2.7509 13.0107 19.387718970826313 33.40232558798367 -7.1989 -1.739353037122057 0
CAR 0.0 0 3.0187538643202267 2035.0943163253266 266.37866344670414 2373.1060100343093 411.03216994716166 1.5302 1.9318 4.6762 25.32669362701758 -41.86609442762756 -6.4832 1.5996740107872995 0
TRUCK 0.0 0 -1.5242628009020822 1814.7441503037453 193.7833712180163 1915.3520775435227 286.53701524156475 4.0049 3.065 3.0468 81.4788 10.8722 -4.8285 -2.9677010264147974 0
