TRUCK 0.0 0 2.53807377899195 435.0218169373936 220.09291531178712 538.8041768004575 327.89905420531426 3.6098 2.7825 2.3967 28.493038285452435 50.521837741428484 -5.6546 1.4768949994604825 0
TRAILER 0.0 0 2.57949494447974 383.1406885473791 222.5046652034792 774.4459654533205 379.21962038002357 3.728 3.348 13.6586 28.08102901330063 42.672688302787975 -5.6034 1.4757404219051542 0
CAR 0.0 0 2.9325124923839203 1469.1408158561742 331.08994915603563 1734.2211216305316 508.6178823899148 1.5287 1.9324 4.1412 21.4873 -26.8679 -6.5387 1.6172279672819478 0
CAR 0.0 0 -0.17818826419103528 3487.278802332118 525.5587044402736 4525.2581175403075 827.7052790253734 1.4955 2.0028 4.1585 11.7175 -50.5764035697249 -6.396 -1.5820279618721131 0
VAN 0.0 0 3.2908636362734387 1291.412460927408 210.0479609750288 1375.4220168201753 257.402882690442 2.0362 2.0313 6.0453 72.11060910764417 34.983400126240106 -5.6001 1.8930050088945374 0
TRAILER 0.0 0 -1.7668747445565087 1500.3000072479244 243.0089734628352 1695.3949218810758 405.2091977476805 3.7718 2.908 8.7734 45.9714 13.850199999999997 -5.2888 -3.141592653589793 0
TRUCK 0.0 0 -1.7866864112196852 1468.179001464642 270.7450323924918 1621.2832829692163 422.09393382300016 3.537 2.7249 3.2089 40.15170028382172 13.8511 -5.4189 -3.1390089788668956 0
BUS 0.0 0 -3.2708279338122264 -23845.960913659586 442.01618718895656 -3214.014195149514 2816.154974897927 3.2214 2.8044 11.8595 12.69491256478174 33.08799330221534 -6.5001 -1.8497314637632865 0
CAR 0.0 0 -1.7974869648758525 1623.0376731139404 346.01133917208807 1746.517190939392 435.5243918292931 1.5619 1.9279 4.1837 40.7606 10.0878 -6.2537 -3.141592653589793 0
CAR 0.0 0 2.4698081294335013 642.7938078171395 204.27590169848398 745.8966166284919 318.10485329203425 1.5448 1.9196 4.153 32.41765654777084 -11.302036255146437 -6.5496 1.2547093483774832 0
