CAR 0.0 0 4.277515558353487 1562.6713383952406 344.6239926955156 1660.07661812706 438.121150171679 1.7 2.055 4.1881 44.434179670856565 12.117614833305371 -7.15 2.9442588671347862 0
CAR 0.0 0 2.1195900883410816 221.29412073199904 347.1244701948591 420.7286453656832 598.7503235852766 1.7 1.9474 4.637 19.526717841170715 1.2128936897956144 -6.7348 1.505327996648103 0
TRAILER 0.0 0 4.294186482472515 1478.5134594604722 312.06552106511407 1590.492212082713 409.3039427317078 1.7 2.9345 6.7788 48.766373388277216 14.164336140783043 -7.15 2.953039041130617 0
TRUCK 0.0 0 4.283842561190988 1447.6657731198602 308.6937156894167 1568.8637000053034 421.6744729569517 2.6595 2.9213 2.2023 44.27517436121749 15.0124035927274 -6.6703 2.9496064358704173 0
BUS 0.0 0 -1.1106591125744392 453.4795087994359 324.67291152318967 903.0526747857823 609.8404098562087 2.9622 3.4932 13.074 27.223775962232846 32.13205524923377 -7.1029 -2.103116021864177 0
CAR 0.0 0 4.794066274884148 4231.663664347003 -2816.1817052977585 8754.548363796514 -975.9894369254445 1.6502 1.8996 4.697 -0.4660376484965063 25.299389274015773 -6.6578 2.9540521923878056 0
TRUCK 0.0 0 4.332608939788363 1692.7849095392069 323.85216661210256 1825.8725742421461 444.192158878803 2.5787 2.3731 2.9231 44.540835814755106 8.36831985634044 -6.5815 2.975860767967409 0
CAR 0.0 0 -1.5361239709768537 207.2232010384201 435.4798321004439 433.1037720057686 567.2958572563422 1.5379 1.9037 4.1311 22.221572070320747 39.134098572835335 -8.0541 -2.1106134925747027 0
TRAILER 0.0 0 4.366015391648814 1681.6838868826023 221.9261849904293 1887.1778181266518 424.67153365064354 4.4182 2.9618 12.0602 51.640197628152066 7.14404910826922 -5.5026 2.9700313362899267 0
CAR 0.0 0 4.350495378041995 1611.7575013556898 282.1829428994809 1695.3945956239816 365.38207326692935 2.1344 1.9598 4.2672 55.32964118915041 10.077000097892746 -6.6298 2.9723862059487596 0
