CAR 0.0 0 1.2353634719622346 -1376.6174229428564 525.1285250754127 -499.53530713307543 928.6719470655232 1.5034 1.901 5.0458 14.983800000000002 3.3319 -6.7602 2.132258509212124 0
VAN 0.0 0 3.0144617021577913 1284.1886188826952 210.24070177589255 1368.69986026126 257.7657817070313 2.0362 2.0313 6.0453 71.6245995756777 35.17849816147382 -5.6001 1.6176939212085473 0
TRAILER 0.0 0 4.503150192494245 1495.678027212946 245.6626016586979 1695.4564466164466 412.41963860127555 3.7718 2.908 8.7734 44.858802247059536 13.616793210392261 -5.2888 3.131483313082973 0
TRUCK 0.0 0 4.480130280576589 1473.3233315684413 271.39813364406217 1627.0892859302576 423.3930009335007 3.537 2.7249 3.2089 40.094700459321075 13.68119786172873 -5.4189 3.127643232933447 0
CAR 0.0 0 4.47003077674259 1613.720992313573 347.19979728604704 1738.2782196932549 437.41496848176985 1.5619 1.9279 4.1837 40.34769776363096 10.219698097334817 -6.2537 3.1279286174672145 0
CAR 0.0 0 -1.7681102209834583 1669.5141315162002 309.8724408441356 1774.790880111611 381.8245987018054 1.5132 1.9248 4.2656 48.43669799633611 10.68039602310769 -6.0367 -3.141592653589793 0
BUS 0.0 0 -0.24361868642363627 1011.1345261837045 494.9919871792131 1553.6871282439236 903.9658687744992 1.7 2.7509 13.0107 18.753544619250647 10.38227280662238 -7.1989 -1.331568706991779 0
TRUCK 0.0 0 3.5430294185556495 -69.41535513975269 25.59683003195484 151.97449404100715 200.28490557180345 4.0049 3.065 3.0468 41.87027169873662 6.915794231293113 -4.8285 3.1415926535897927 0
CAR 0.0 0 -1.2740214220161512 176.99580359905602 449.90181192640244 431.5231668819576 586.8646864985922 1.5873 1.9102 4.1657 11.512463589614212 29.773974083632464 -7.3642 -1.808518209653994 0
TRAILER 0.0 0 4.104531971539846 -26.082825573521482 -3.542493923814315 273.48419092134384 199.65412321893763 4.6993 3.7174 8.9897 47.54717947814507 6.915849407054912 -4.9958 3.1241677633491904 0
