VAN 0.0 0 3.1181733659198394 1243.2426694139963 207.887775702289 1327.5710263316914 254.36627220472107 2.0362 2.0313 6.0453 71.46736936286004 37.62336213889599 -5.6001 1.7247030387552342 0
TRAILER 0.0 0 1.8212095549255651 -23253.64368477365 500.25472127386035 -1756.1593247088856 4013.36027516167 3.7718 2.908 8.7734 8.148146600666998 9.489111666983392 -5.2888 3.141592653589793 0
TRUCK 0.0 0 -4.512045858699791 -504427.00926169485 1810.8970182459814 -5348.560258451951 89151.90596937787 3.537 2.7249 3.2089 3.8437376697577808 10.354660023733423 -5.4189 -3.132503431130133 0
CAR 0.0 0 -1.125803691744616 4512.060861853635 -8410.415764423522 15606.952602304978 -1710.0932876870052 1.7118 1.9245 4.4092 -5.1176 4.8614 -7.295 -3.1238903321759413 0
TRUCK 0.0 0 -2.779453137951647 -87.59224675259652 28.620911864220382 140.84210524254794 207.37516888506502 4.0049 3.065 3.0468 40.96009617584454 6.838119289059367 -4.8285 -3.0543261909900767 0
CAR 0.0 0 -1.2909835865299641 178.25729110035522 447.49748245447466 430.9099539092596 583.0591124255012 1.5873 1.9102 4.1657 11.6149907995732 29.982317102093898 -7.3642 -1.8285472070556688 0
TRAILER 0.0 0 -2.1515267918807623 -51.069108313308014 -3.3360894900969282 255.70425883415308 201.12451272691206 4.6993 3.7174 8.9897 47.34134431944443 7.4464517373977595 -4.9958 -3.0475249162026388 0
VAN 0.0 0 -1.659573363801448 1652.2299543370716 262.46640898917 1774.8740332943987 352.1116714488273 2.1852 2.217 6.1126 52.58144572092297 11.862860537079404 -5.3315 -3.0543261909900767 0
CAR 0.0 0 -1.741822226935131 1566.5521117053056 386.1808597294738 1718.164059828115 508.7492190536448 1.7658 1.9354 4.3076 33.455986500807995 9.395664587656091 -6.381 -3.048585635780555 0
CAR 0.0 0 1.0372601458565256 253.69167675643072 145.13757669136862 384.6077460559856 238.00719608682775 1.7 1.8972 4.2878 41.704786834512205 -0.001825881652419703 -6.8132 0.0 0
CAR 0.0 0 -1.2460880470827214 1565.936651001153 -649.2035452228376 1795.2424460407449 -486.0853122332793 1.4962 1.9734 4.3696 -32.43941971634039 4.474000059928087 -7.8888 -3.141278484403826 0
