CAR 0.0 0 4.277512067573584 1562.6571092724348 344.6258310807078 1660.0614397198053 438.1241439162153 1.7 2.055 4.1881 44.433581112553135 12.118051575666259 -7.15 2.9442588671347862 0
CAR 0.0 0 2.5662896116342733 1020.5044802556135 319.6983760327454 1283.2086035298883 535.1860642393991 1.7 1.9474 4.637 17.354225765010895 -10.60068738993613 -6.7348 1.348248363968615 0
TRAILER 0.0 0 4.294171542460379 1478.4754999387296 312.0778565753134 1590.461045730792 409.3253992021054 1.7 2.9345 6.7788 48.76264551365042 14.16540024689531 -7.15 2.953039041130617 0
TRUCK 0.0 0 4.283839493651186 1447.6611382646715 308.69677909221434 1568.860836965831 421.6795305112084 2.6595 2.9213 2.2023 44.274432321752045 15.012509374696272 -6.6703 2.9496064358704173 0
CAR 0.0 0 4.326322647366183 1604.0316859970435 308.0239583105037 1679.1557738517488 373.6004557464505 1.394 1.7497 4.126 52.40560361333771 10.667289694233155 -6.8366 2.9597831308202998 0
BUS 0.0 0 -1.1612707767541317 328.25854927082173 287.0854099374197 747.7428060638671 502.38911337895115 2.9622 3.4932 13.074 31.037154051736422 39.32238270313846 -7.1029 -2.1205687351493454 0
CAR 0.0 0 1.2411513219467771 -662.1001320127693 371.52934167464264 -208.4984583205656 658.8250569273689 1.6502 1.8996 4.697 20.87148944625747 9.686499238163602 -6.6578 1.9243102174271434 0
TRUCK 0.0 0 4.341384115387227 1697.7586065764579 312.13588408770005 1823.4410587707703 424.6497223826448 2.5787 2.3731 2.9231 47.245354436514745 7.916331981804576 -6.5815 2.9760738728821825 0
CAR 0.0 0 -1.5365641700656847 205.84043503684163 433.4713699300854 430.6653776932556 564.199204314225 1.5379 1.9037 4.1311 22.33654388042592 39.314465828629714 -8.0541 -2.1106134925747027 0
TRAILER 0.0 0 4.371720364985338 1686.2314067938164 216.93561640442442 1881.2766629382138 406.99511057686505 4.4182 2.9618 12.0602 54.35249277544541 6.689350479558545 -5.5026 2.9700313362899267 0
