CAR 0.0 0 2.2939319003516836 64.9792613060319 387.277495592704 359.2768491112342 616.5250416816051 1.5287 1.9324 4.1412 19.293700140164937 -5.866765315354808 -6.5387 1.8704591214129747 0
VAN 0.0 0 3.0144617230629254 1284.1889969955278 210.2407333095464 1368.7002484110008 257.76582868286584 2.0362 2.0313 6.0453 71.6245936061345 35.17847229631968 -5.6001 1.6176939212085473 0
TRAILER 0.0 0 4.503150481695488 1495.6815879260669 245.6627536102037 1695.459893289232 412.41997014868497 3.7718 2.908 8.7734 44.85883385963152 13.616697691355137 -5.2888 3.131483313082973 0
TRUCK 0.0 0 4.480130376776398 1473.3244469492713 271.3982047459893 1627.090472552289 423.3931332750388 3.537 2.7249 3.2089 40.094706921241695 13.681167779635512 -5.4189 3.127643232933447 0
CAR 0.0 0 4.470030707044592 1613.7217255858538 347.20004430856335 1738.279058205239 437.4153441529518 1.5619 1.9279 4.1837 40.34766630145737 10.219671329846435 -6.2537 3.1279286174672145 0
CAR 0.0 0 -1.7681102031127782 1669.5158396814504 309.8727022596044 1774.7926648184018 381.8249806983426 1.5132 1.9248 4.2656 48.43666980795572 10.680340074525837 -6.0367 -3.141592653589793 0
BUS 0.0 0 -0.7779459268242003 410.570882535274 402.868850052554 972.8669853413604 638.8403054054593 1.7 2.7509 13.0107 17.84351010003285 23.722377747252715 -7.1989 -1.715541142430531 0
TRUCK 0.0 0 3.56980736681802 -65.59154396711048 25.63220744744457 155.2555519788439 200.274629578952 4.0049 3.065 3.0468 41.87150500908765 6.824466210558991 -4.8285 3.1415926535897927 0
CAR 0.0 0 -1.2741269545694904 176.78297672419603 449.5616087290668 431.0824561580808 586.3282602354824 1.5873 1.9102 4.1657 11.521683314069621 29.80879604195724 -7.3642 -1.808518209653994 0
TRAILER 0.0 0 4.10352730135554 -25.90632812260205 -3.2366266199949014 274.3304447211538 200.59168616489916 4.6993 3.7174 8.9897 47.41507696713474 6.841502913723882 -4.9958 3.1241677633491904 0
