CAR 0.0 0 2.9363520282919633 1470.160203401564 331.5281177677296 1735.7656589471042 509.3230051172081 1.5287 1.9324 4.1412 21.46039944603466 -26.87494454709018 -6.5387 1.6212057522521428 0
CAR 0.0 0 -0.0484198495591015 3455.6081646604994 517.7268399990596 4467.386107098261 813.561131184225 1.4955 2.0028 4.1585 11.959201647858874 -50.584000051813376 -6.396 -1.4531187729773227 0
VAN 0.0 0 3.0241903338701492 1279.8428072029735 209.8782566818435 1364.23826301079 257.2259608774637 2.0362 2.0313 6.0453 71.69339715565684 35.47670336312121 -5.6001 1.6276636624152636 0
TRAILER 0.0 0 -1.61738440659242 1455.0356275279896 243.92639307326698 1656.085684758439 408.63745084886017 3.7718 2.908 8.7734 44.49428992986378 14.718005916230595 -5.2888 -2.9856662310441786 0
TRUCK 0.0 0 -1.6402810520649684 1460.5165096913177 270.58166448539134 1613.465293952138 421.87376404193395 3.537 2.7249 3.2089 40.02019910349815 14.028001206016585 -5.4189 -2.9916543368882356 0
CAR 0.0 0 -1.6481379187921483 1605.372403504778 344.38525787268304 1728.7272352163209 433.1399425781339 1.5619 1.9279 4.1837 40.710399657761265 10.528303003110828 -6.2537 -2.9910380101133587 0
CAR 0.0 0 -1.6249702336918865 1650.112347679822 306.90098212156596 1754.5100352102463 377.48811510681185 1.5132 1.9248 4.2656 48.76159036480614 11.325402148558853 -6.0367 -2.9982470412401536 0
BUS 0.0 0 -0.8642669084290705 258.2217505182141 348.96427044259775 753.5668114559056 511.59367649359984 1.7 2.7509 13.0107 19.30114601601722 33.41228561339097 -7.1989 -1.739353037122057 0
CAR 0.0 0 2.8997210878662254 1193.0306626152194 278.9189984562638 1387.244788147612 440.3304751448632 1.5302 1.9318 4.6762 24.702942618500142 -22.5908355646435 -6.4832 1.5996740107872995 0
TRUCK 0.0 0 -1.5473043578880585 1774.782933689141 217.9865590849656 1909.9082979184575 345.25147525043735 4.0049 3.065 3.0468 59.545038265785344 9.080686627698356 -4.8285 -2.9677010264147974 0
TRAILER 0.0 0 -1.5366840411974525 1755.5563617503628 189.47853494976053 1908.8776383652164 334.7763713002312 4.6738 3.0868 9.7152 65.0870968545186 10.096149015304682 -4.488 -2.9683662689673658 0
CAR 0.0 0 -1.3775012825910982 37.581723749905485 324.7556864456433 210.67705179298426 399.13029218896327 1.5873 1.9102 4.1657 15.337343593854417 50.766076264150435 -7.3642 -1.7093003712482462 0
