CAR 0.0 0 2.9368371386411534 1473.232538388762 331.5833490140435 1739.4832638129424 509.3812626064857 1.5287 1.9324 4.1412 21.455234945525806 -26.931457234098886 -6.5387 1.6212057522521428 0
CAR 0.0 0 -0.04841323794240715 3455.366694200167 517.6671492915036 4466.9465465898 813.4536332658511 1.4955 2.0028 4.1585 11.961067108012145 -50.58405870718787 -6.396 -1.4531187729773227 0
VAN 0.0 0 3.024179966417644 1279.7535066711696 209.8769468000114 1364.1519412940563 257.2245952658205 2.0362 2.0313 6.0453 71.69017721446066 35.48051058748133 -5.6001 1.6276636624152636 0
TRAILER 0.0 0 -1.6174360678370996 1454.68141857511 243.9335610886459 1655.7784004134835 408.6642949956278 3.7718 2.908 8.7734 44.48289002320016 14.724703390337078 -5.2888 -2.9856662310441786 0
TRUCK 0.0 0 -1.6402884119004355 1460.457389643332 270.58040400185 1613.4049744065849 421.87206532713566 3.537 2.7249 3.2089 40.019184217780655 14.029366478163897 -5.4189 -2.9916543368882356 0
BUS 0.0 0 -3.8871873509225727 -87411.77400005895 -1663.4847854714956 4348.886914075923 22861.80317708108 3.2214 2.8044 11.8595 -4.316785772477724 7.835893300239261 -6.5001 -2.6134960872679285 0
CAR 0.0 0 -1.6481472612146264 1605.2369409266578 344.37278338463415 1728.5907850726128 433.1216618330833 1.5619 1.9279 4.1837 40.71001222609481 10.531702677395119 -6.2537 -2.9910380101133587 0
CAR 0.0 0 -1.625005573676524 1649.9442321967272 306.9257620363083 1754.3628630624569 377.526281163296 1.5132 1.9248 4.2656 48.750682776922766 11.327834439178806 -6.0367 -2.9982470412401536 0
TRAILER 0.0 0 0.006876437003657587 -22735.964446640715 76.37697818753307 -6836.277272168975 923.9926767740762 3.728 3.348 13.6586 27.426787667909984 111.48088494568076 -5.7466 1.5461851073868618 0
BUS 0.0 0 -0.896510981565867 196.4517174664137 313.3565538343067 633.6067126984511 436.8996308850444 1.7 2.7509 13.0107 21.203430919030325 41.795961669860446 -7.1989 -1.739353037122057 0
