CAR 0.0 0 2.9369079962873883 1472.99472005189 331.42689989534443 1739.0824005630138 509.1281585028934 1.5287 1.9324 4.1412 21.464756099204585 -26.93134767987651 -6.5387 1.6212057522521428 0
CAR 0.0 0 -0.048407764226277905 3455.166807801564 517.6177382933543 4466.582702761742 813.3646516815822 1.4955 2.0028 4.1585 11.962611575995167 -50.584107269655696 -6.396 -1.4531187729773227 0
VAN 0.0 0 3.024171381882147 1279.6795721122812 209.87586231006136 1364.0804729875424 257.22346463541504 2.0362 2.0313 6.0453 71.68751133309235 35.483662697368686 -5.6001 1.6276636624152636 0
TRAILER 0.0 0 -1.6174788636381618 1454.388101600338 243.93949672190243 1655.5239450481438 408.6865245703786 3.7718 2.908 8.7734 44.4734517145815 14.730248420612128 -5.2888 -2.9856662310441786 0
TRUCK 0.0 0 -1.6402945057093037 1460.408442660327 270.57936041553063 1613.355034332103 421.87065891844105 3.537 2.7249 3.2089 40.01834396488235 14.030496826004017 -5.4189 -2.9916543368882356 0
BUS 0.0 0 -3.838208293532786 -12711.89219694481 -2176.217136043747 5848.30406138328 3141.214050185214 3.2214 2.8044 11.8595 -1.7768978491815286 9.61678539839429 -6.5001 -2.6134960872679285 0
CAR 0.0 0 -1.6481549965151374 1605.124797637239 344.3624562649755 1728.4778238606204 433.1065280833152 1.5619 1.9279 4.1837 40.709691460342555 10.534517364922381 -6.2537 -2.9910380101133587 0
CAR 0.0 0 -1.6250348469943552 1649.8049999801071 306.94628502031384 1754.2409775153901 377.5578914177566 1.5132 1.9248 4.2656 48.74165151044062 11.329848235172754 -6.0367 -2.9982470412401536 0
TRAILER 0.0 0 0.008852196191779127 -20047.789188141927 77.50855599424536 -6332.398230614035 872.0537314329024 3.728 3.348 13.6586 27.617395281045784 106.64568964894302 -5.7466 1.5461851073868618 0
BUS 0.0 0 -0.9130642047480763 175.55770941047376 303.4759824529332 596.7851769357625 417.419003161094 1.7 2.7509 13.0107 21.748075371854064 44.7085113123195 -7.1989 -1.739353037122057 0
