CAR 0.0 0 2.9325124923839203 1469.1408158561742 331.08994915603563 1734.2211216305316 508.6178823899148 1.5287 1.9324 4.1412 21.4873 -26.8679 -6.5387 1.6172279672819478 0
CAR 0.0 0 -0.1781882765604108 3487.278584994528 525.558710742037 4525.2578569581065 827.7052938296058 1.4955 2.0028 4.1585 11.7175 -50.576400003809454 -6.396 -1.5820279618721131 0
VAN 0.0 0 3.2908636175453534 1291.4123666401804 210.04796871855277 1375.421933622144 257.40289570977626 2.0362 2.0313 6.0453 72.1105987700164 34.983400715839615 -5.6001 1.8930050088945374 0
TRAILER 0.0 0 -1.7668747445565087 1500.3000072479244 243.0089734628352 1695.3949218810758 405.2091977476805 3.7718 2.908 8.7734 45.9714 13.850199999999997 -5.2888 -3.141592653589793 0
TRUCK 0.0 0 -1.786686412369198 1468.1789980054484 270.7450331562271 1621.283280298015 422.09393549727315 3.537 2.7249 3.2089 40.15170000030421 13.8511 -5.4189 -3.1390089788668956 0
BUS 0.0 0 -0.3262473447061134 -33386.719533393334 -96743.16702309104 482828.13390766416 10093.725841280782 3.2214 2.8044 11.8595 7.7084505116667605 16.88602300989693 -6.5001 -2.0766242665225483 0
CAR 0.0 0 -1.7974869648758525 1623.0376731139404 346.01133917208807 1746.517190939392 435.5243918292931 1.5619 1.9279 4.1837 40.7606 10.0878 -6.2537 -3.141592653589793 0
CAR 0.0 0 -1.7506167968689659 1667.310380291464 307.73966945050233 1771.4757328632033 378.6379881048903 1.5132 1.9248 4.2656 48.958135112386984 10.861780611233783 -6.0367 -3.1252570208595314 0
TRAILER 0.0 0 -0.019709788996459254 -13036.87336321741 75.25687263630337 -4802.376176922242 702.779965915348 3.728 3.348 13.6586 28.9175838829912 91.85526973941808 -5.7466 1.5106470069450406 0
BUS 0.0 0 -0.9463617267794957 62.946987876433404 271.4297427244761 438.485705411827 357.84883649615904 1.7 2.7509 13.0107 22.715794424114744 57.4226829714386 -7.1989 -1.6237420499600477 0
