CAR 0.0 0 2.9370512059223928 1472.5005500182644 331.10758305766285 1738.253906076178 508.61174208085066 1.5287 1.9324 4.1412 21.48421542385846 -26.930958032898335 -6.5387 1.6212057522521428 0
CAR 0.0 0 -0.048399366289550994 3454.860188282985 517.541943180793 4466.024609940763 813.2281624086518 1.4955 2.0028 4.1585 11.96498122144725 -50.58418181687817 -6.396 -1.4531187729773227 0
VAN 0.0 0 3.024158201713403 1279.5660739117225 209.87419762116022 1363.9707608919923 257.22172919130105 2.0362 2.0313 6.0453 71.68341880110101 35.488501498194445 -5.6001 1.6276636624152636 0
TRAILER 0.0 0 -1.6175445996044837 1453.9377446562646 243.94861002424702 1655.1332626627152 408.72065606335667 3.7718 2.908 8.7734 44.458963446327296 14.738760314993689 -5.2888 -2.9856662310441786 0
TRUCK 0.0 0 -1.6403038606942417 1460.333306976568 270.577758466105 1613.278374215935 421.86850002178767 3.537 2.7249 3.2089 40.01705413539584 14.032231965570851 -5.4189 -2.9916543368882356 0
BUS 0.0 0 -0.5199661962491378 -4481.641377576637 -7501.097546164195 19731.709338684257 1391.89364573065 3.2214 2.8044 11.8595 3.6053550475819245 12.49401654527565 -6.5001 -2.3866032845086655 0
CAR 0.0 0 -1.6481668713610182 1604.952669882263 344.34660515349407 1728.3044400453985 433.08329950268865 1.5619 1.9279 4.1837 40.70919906912574 10.538838048807005 -6.2537 -2.9910380101133587 0
CAR 0.0 0 -1.6251660197037023 1649.4122099579697 307.0773686462827 1753.9386137285323 377.75672145496264 1.5132 1.9248 4.2656 48.69629143473471 11.330835639452195 -6.0367 -2.9982470412401536 0
TRAILER 0.0 0 0.013349209508309201 -15529.411305402851 78.52168267913558 -5366.684229370856 775.4823945405948 3.728 3.348 13.6586 28.137939528481752 96.91437475202736 -5.7466 1.5461851073868618 0
BUS 0.0 0 -0.9441937065624302 140.94050449410088 283.31596121994767 527.2749034640581 379.0935049579157 1.7 2.7509 13.0107 23.184868488463536 51.42025024513666 -7.1989 -1.739353037122057 0
