CAR 0.0 0 4.277514877188414 1562.6685618090332 344.62435142700605 1660.0736563061744 438.12173435262235 1.7 2.055 4.1881 44.43406287089317 12.117700057236723 -7.15 2.9442588671347862 0
CAR 0.0 0 2.485640180296369 746.5482055788924 324.85775102017965 964.7065932634446 549.0597371083236 1.7 1.9474 4.637 18.458336727782775 -6.104268388565645 -6.7348 1.383154949008501 0
TRAILER 0.0 0 4.294183567348863 1478.5060526371824 312.06792803851175 1590.486130785794 409.308129403293 1.7 2.9345 6.7788 48.76564594766293 14.16454378564277 -7.15 2.953039041130617 0
TRUCK 0.0 0 4.28384196385881 1447.6648691401967 308.69431192542396 1568.8631408132435 421.67545734722916 2.6595 2.9213 2.2023 44.275029902782805 15.012424234542944 -6.6703 2.9496064358704173 0
CAR 0.0 0 4.326324238348516 1604.0500120987178 308.0251089014552 1679.1763900034957 373.60193100518666 1.394 1.7497 4.126 52.405678643262235 10.666674975377836 -6.8366 2.9597831308202998 0
BUS 0.0 0 -1.1575420478667808 347.3042062135371 295.17339369520585 776.4081899705376 524.5392522904343 2.9622 3.4932 13.074 30.042497782311777 37.70296420866411 -7.1029 -2.1205687351493454 0
CAR 0.0 0 3.3925038922904953 1011.0482264281312 656.0049592985897 1299.4154620687427 1060.035005439136 1.6502 1.8996 4.697 14.275088384254817 18.434381762032746 -6.6578 2.447870911403512 0
TRUCK 0.0 0 4.3347743778452745 1694.083025900212 321.2139089255361 1825.5201420569722 439.7753780510889 2.5787 2.3731 2.9231 45.126720506049296 8.265662892881863 -6.5815 2.9760738728821825 0
CAR 0.0 0 -1.535763413816253 207.8153473204112 436.0891489537221 433.99326247949654 568.2345101533953 1.5379 1.9037 4.1311 22.18850855804959 39.076758263515124 -8.0541 -2.1106134925747027 0
TRAILER 0.0 0 4.3672804524888456 1682.7791250074426 220.83617883743534 1886.0075812040702 420.7675631896983 4.4182 2.9618 12.0602 52.21459194322197 7.044395756296104 -5.5026 2.9700313362899267 0
