VAN 0.0 0 3.158187136408109 1271.1103825761122 207.6722259535941 1353.9749332466877 253.80525132602514 2.0362 2.0313 6.0453 72.97506866408209 36.66647565508457 -5.6001 1.760843688174661 0
TRAILER 0.0 0 -1.7036827933231025 1342.0283793017327 274.1531426222119 1605.9182470680198 495.8053196937763 3.7718 2.908 8.7734 33.412693095636484 13.361889639942591 -5.2888 -3.026109160605019 0
TRUCK 0.0 0 -1.737820746061348 1333.389057833483 314.0123065511403 1531.0140770952344 518.0057793309777 3.537 2.7249 3.2089 28.81364749185175 12.835398593449852 -5.4189 -3.0296551381354675 0
CAR 0.0 0 -1.8202008337041804 1448.9917381030234 465.2820435904871 1651.2143471373538 631.1274439545363 1.5619 1.9279 4.1837 23.738125047352874 8.582557198540577 -6.2537 -3.0543261909900767 0
CAR 0.0 0 -1.6995700500030635 1630.8484227869865 329.2505036704635 1748.8182992702866 411.45680382488354 1.5132 1.9248 4.2656 42.90302517745128 10.454468408402104 -6.0367 -3.055709966098818 0
BUS 0.0 0 1.3648685465206647 390.1785308545174 77.27776631847313 545.3693189489221 176.59705567788612 1.7 2.7509 13.0107 57.0683972175997 -0.9028631203788287 -7.1989 0.051671990524793356 0
TRUCK 0.0 0 -2.6783716618334372 -75.37719624119225 25.500072535870107 146.8015293955066 200.2091968179847 4.0049 3.065 3.0468 41.88040035502766 7.064807752385669 -4.8285 -3.036750637202603 0
CAR 0.0 0 -1.3763086348526012 182.76027363513842 446.4746387778977 434.2390021923848 581.4172273054362 1.5873 1.9102 4.1657 11.712310659145315 30.01541408582849 -7.3642 -1.9206361231507973 0
TRAILER 0.0 0 -2.182980108123979 -62.08932255357548 -3.0320633503232703 248.3913908465832 202.43086603400366 4.6993 3.7174 8.9897 47.15997992983868 7.628035302185723 -4.9958 -3.03482524741764 0
CAR 0.0 0 -0.11066657507903632 3462.878026637174 482.6089841964164 4535.552067740837 798.2603147144 1.7 1.9202 4.2345 11.8595 -50.1556 -5.9737 -1.5232093557791107 0
VAN 0.0 0 -1.6352951347015925 1702.7347375224388 239.05677732974502 1802.3074347433726 310.0845574391171 2.1852 2.217 6.1126 65.07136205516173 12.856125469811802 -5.3315 -3.051610665334258 0
CAR 0.0 0 -1.6579297444901138 1667.0212165478613 299.6545009487135 1765.0434318876087 371.79038809657453 1.7658 1.9354 4.3076 53.22129465604853 11.731301762335539 -6.381 -3.0363435510577563 0
