CAR 0.0 0 2.9369962695300504 1472.7337429716742 331.24049219187094 1738.6316291893777 508.8263900351726 1.5287 1.9324 4.1412 21.47609584043236 -26.931640437495897 -6.5387 1.6212057522521428 0
CAR 0.0 0 -0.048395593052583674 3454.7224298111996 517.5078909545739 4465.773884576941 813.1668447554307 1.4955 2.0028 4.1585 11.966046015114474 -50.58421525851521 -6.396 -1.4531187729773227 0
VAN 0.0 0 3.0241522890376213 1279.5151628120043 209.87345071606956 1363.9215479375173 257.2209504385831 2.0362 2.0313 6.0453 71.68158318624573 35.49067207402466 -5.6001 1.6276636624152636 0
TRAILER 0.0 0 -1.6175741069957201 1453.7356640028702 243.9526991837262 1654.9579613492278 408.735971418647 3.7718 2.908 8.7734 44.45246366207356 14.742578954744136 -5.2888 -2.9856662310441786 0
TRUCK 0.0 0 -1.64030805783605 1460.2995994426299 270.5770397962733 1613.2439827901142 421.86753149365126 3.537 2.7249 3.2089 40.01647548688945 14.033010390751599 -5.4189 -2.9916543368882356 0
BUS 0.0 0 -0.6800272616558887 -5839.265870703049 -3880.5640472726272 10306.114442810374 1764.074647841919 3.2214 2.8044 11.8595 1.58071077821835 11.19715422315903 -6.5001 -2.5262296246682117 0
CAR 0.0 0 -1.6481721990079201 1604.875456217357 344.3394945653543 1728.226662681589 433.0728795768217 1.5619 1.9279 4.1837 40.708978170628995 10.540776411114072 -6.2537 -2.9910380101133587 0
CAR 0.0 0 -1.625100703273279 1649.4937511902392 306.99276838924914 1753.968853728359 377.6294638066786 1.5132 1.9248 4.2656 48.721305894882335 11.334309299334759 -6.0367 -2.9982470412401536 0
TRAILER 0.0 0 0.011292138555479392 -16907.354075935666 76.68731561421221 -5709.81539601891 798.6721128921049 3.728 3.348 13.6586 28.102145748183737 100.97677459845583 -5.7466 1.5461851073868618 0
BUS 0.0 0 -0.9258354086618905 158.63817210696715 291.51192049393444 558.5748833746871 394.4075898201041 1.7 2.7509 13.0107 22.65073368707901 48.45026185660452 -7.1989 -1.739353037122057 0
