CAR 0.0 0 2.936920237469531 1472.9550903247552 331.40022409626124 1739.015156997917 509.08499541809056 1.5287 1.9324 4.1412 21.466379653166538 -26.93134639639822 -6.5387 1.6212057522521428 0
CAR 0.0 0 -0.04840648671172754 3455.1201594934805 517.6062070807969 4466.497793535917 813.3438861961188 1.4955 2.0028 4.1585 11.962972048988712 -50.5841186039528 -6.396 -1.4531187729773227 0
VAN 0.0 0 3.0241693781504537 1279.662316054354 209.8756091940505 1364.0637925443718 257.22320075037817 2.0362 2.0313 6.0453 71.68688912649714 35.48439838785284 -5.6001 1.6276636624152636 0
TRAILER 0.0 0 -1.6174888551442095 1454.319635064805 243.9408822102881 1655.4645501496016 408.691713460595 3.7718 2.908 8.7734 44.47124884917876 14.731542609628786 -5.2888 -2.9856662310441786 0
TRUCK 0.0 0 -1.6402959280321043 1460.397018645701 270.5791168469717 1613.3433785345887 421.8703306687532 3.537 2.7249 3.2089 40.018147853045576 14.030760644898978 -5.4189 -2.9916543368882356 0
BUS 0.0 0 -3.823828578138638 -11161.991955976631 -2296.9803864918777 6197.1366538888105 2837.6944698455063 3.2214 2.8044 11.8595 -1.35358319529883 9.913600748086795 -6.5001 -2.6134960872679285 0
CAR 0.0 0 -1.6481568019625294 1605.09862512964 344.3600460673024 1728.4514604153514 433.10299610630574 1.5619 1.9279 4.1837 40.70961659483364 10.535174302306384 -6.2537 -2.9910380101133587 0
CAR 0.0 0 -1.6250416823097313 1649.7724952787275 306.9510772294789 1754.212523235458 377.5652726104528 1.5132 1.9248 4.2656 48.73954315217367 11.330318230209302 -6.0367 -2.9982470412401536 0
TRAILER 0.0 0 0.009241442437975866 -19734.710022491287 78.12773330137931 -6260.584154994632 868.1523358856408 3.728 3.348 13.6586 27.599321715079654 105.78726863567665 -5.7466 1.5461851073868618 0
BUS 0.0 0 -0.9160512878537493 172.12909942270232 301.9133606506883 590.8358820866835 414.3842703866624 1.7 2.7509 13.0107 21.835362979190577 45.1970989258169 -7.1989 -1.739353037122057 0
