TRAILER 0.0 0 2.397582282880829 148.09057972169802 188.2717828356049 473.4179388420741 292.9020659001068 3.728 3.348 13.6586 30.38741258088311 68.21998206435246 -5.6034 1.4757404219051542 0
CAR 0.0 0 2.9325124923839203 1469.1408158561742 331.08994915603563 1734.2211216305316 508.6178823899148 1.5287 1.9324 4.1412 21.4873 -26.8679 -6.5387 1.6172279672819478 0
CAR 0.0 0 -0.17818827627540434 3487.278590002269 525.5587105968361 4525.257862962259 827.705293488497 1.4955 2.0028 4.1585 11.7175 -50.57640008597277 -6.396 -1.5820279618721131 0
VAN 0.0 0 3.290863741445701 1291.4140501017714 210.0480716859211 1375.4236290744846 257.4030454798065 2.0362 2.0313 6.0453 72.11059998521111 34.9832995046799 -5.6001 1.8930050088945374 0
TRAILER 0.0 0 -1.7668747445565087 1500.3000072479244 243.0089734628352 1695.3949218810758 405.2091977476805 3.7718 2.908 8.7734 45.9714 13.850199999999997 -5.2888 -3.141592653589793 0
TRUCK 0.0 0 -1.786686412342653 1468.1789980853296 270.74503313859066 1621.2832803596996 422.09393545861013 3.537 2.7249 3.2089 40.151700006851314 13.8511 -5.4189 -3.1390089788668956 0
BUS 0.0 0 -3.245697264496206 -24739.62969268137 472.11430385878094 -2775.302318787944 3282.548000556874 3.2214 2.8044 11.8595 11.61190186786286 27.03525679403219 -6.5001 -1.849731463763286 0
CAR 0.0 0 -1.7974869648758525 1623.0376731139404 346.01133917208807 1746.517190939392 435.5243918292931 1.5619 1.9279 4.1837 40.7606 10.0878 -6.2537 -3.141592653589793 0
CAR 0.0 0 -1.7175345518895495 1681.2943189046175 286.18481276386643 1772.822556299944 346.57442997205163 1.5132 1.9248 4.2656 55.99056465616168 11.975212901820019 -6.0367 -3.107803728339588 0
CAR 0.0 0 1.4157050645234823 316.31169958582666 72.38288586873864 416.74071572888124 137.34126317052772 1.5448 1.9196 4.153 52.0045 1.5019 -5.9033 0.12024533458116861 0
