CAR 0.0 0 2.937001216397211 1472.0285465771642 331.06487015505684 1737.6574895610374 508.5468939326427 1.5287 1.9324 4.1412 21.487065254703488 -26.923226314427772 -6.5387 1.6212057522521428 0
CAR 0.0 0 -0.04850556427203756 3458.741751451776 518.5014798303889 4473.09261847902 814.9566051161688 1.4955 2.0028 4.1585 11.93502487847743 -50.58324012913162 -6.396 -1.4531187729773227 0
VAN 0.0 0 3.024324526191152 1280.999728150798 209.89522756943924 1365.3565934563512 257.2436542699025 2.0362 2.0313 6.0453 71.73511241268827 35.427378559987055 -5.6001 1.6276636624152636 0
TRAILER 0.0 0 -1.616717942805606 1459.6178796118709 243.83364795799312 1660.0613455535404 408.2902031192577 3.7718 2.908 8.7734 44.64198553606966 14.631234372621183 -5.2888 -2.9856662310441786 0
TRUCK 0.0 0 -1.640185745710668 1461.2824840955834 270.5979956161869 1614.2468096972161 421.8957730507804 3.537 2.7249 3.2089 40.03334782224567 14.010312929841769 -5.4189 -2.9916543368882356 0
BUS 0.0 0 -0.42516660552768193 -4042.96223342048 -15338.265177325067 41414.59875390802 1246.4757811258216 3.2214 2.8044 11.8595 4.717193062677049 13.476049275663447 -6.5001 -2.299336821908949 0
CAR 0.0 0 -1.6480169324327647 1607.12863959607 344.54697909314274 1730.496231511921 433.37695295594335 1.5619 1.9279 4.1837 40.715419168580794 10.484257295620685 -6.2537 -2.9910380101133587 0
CAR 0.0 0 -1.6250967812989718 1651.0803660222984 307.25586468016485 1755.63937442218 378.01381324854094 1.5132 1.9248 4.2656 48.68902699005301 11.279585605851924 -6.0367 -2.9982470412401536 0
TRAILER 0.0 0 0.014073100430210594 -15018.41163112027 78.79134024565674 -5241.898788396267 764.8403814655247 3.728 3.348 13.6586 28.19460569529614 95.52496973416541 -5.7466 1.5461851073868618 0
BUS 0.0 0 -0.9552964122891222 131.64800181055764 279.966157771279 512.7425107693966 372.94104179970094 1.7 2.7509 13.0107 23.36501004558402 52.754930003303514 -7.1989 -1.739353037122057 0
