CAR 0.0 0 2.9325124923839203 1469.1408158561742 331.08994915603563 1734.2211216305316 508.6178823899148 1.5287 1.9324 4.1412 21.4873 -26.8679 -6.5387 1.6172279672819478 0
CAR 0.0 0 -0.17818827654098568 3487.2785853358378 525.5587107321406 4525.257857367329 827.7052938063571 1.4955 2.0028 4.1585 11.7175 -50.57640000940942 -6.396 -1.5820279618721131 0
VAN 0.0 0 3.2908636691044846 1291.4123887926753 210.0479128522136 1375.4219061218428 257.4028070124806 2.0362 2.0313 6.0453 72.11064228087145 34.98342089533001 -5.6001 1.8930050088945374 0
TRAILER 0.0 0 -1.7668747445565087 1500.3000072479244 243.0089734628352 1695.3949218810758 405.2091977476805 3.7718 2.908 8.7734 45.9714 13.850199999999997 -5.2888 -3.141592653589793 0
TRUCK 0.0 0 -1.786686412367385 1468.1789980109045 270.74503315502255 1621.2832803022284 422.0939354946324 3.537 2.7249 3.2089 40.15170000075139 13.8511 -5.4189 -3.1390089788668956 0
BUS 0.0 0 -3.308135512139608 -153073.14469114452 594.350075279191 -2374.4047530362204 26688.014678731575 3.2214 2.8044 11.8595 8.533112365774294 18.046005168497835 -6.5001 -1.936997926363002 0
CAR 0.0 0 -1.7974869648758525 1623.0376731139404 346.01133917208807 1746.517190939392 435.5243918292931 1.5619 1.9279 4.1837 40.7606 10.0878 -6.2537 -3.141592653589793 0
CAR 0.0 0 4.518466934872368 1671.9802785098093 303.4180568593235 1773.5223060399715 372.14435599108896 1.5132 1.9248 4.2656 50.28269860090747 11.01877775947921 -6.0367 3.1404749938001117 0
CAR 0.0 0 1.5631097445975974 399.24305138444373 12.745129278425141 462.20293005622597 53.38496303598767 1.5448 1.9196 4.153 78.17416448925616 5.794449658197134 -5.9033 0.06788545702133873 0
TRAILER 0.0 0 -0.015343396752876437 -11241.168389632272 77.61759992116092 -4268.253940593869 669.6528067169389 3.728 3.348 13.6586 29.05982004227952 84.89608935937274 -5.7466 1.5106470069450406 0
