VAN 0.0 0 3.1581875422083105 1271.1012641377297 207.6704329487529 1353.9646581668 253.80249112472458 2.0362 2.0313 6.0453 72.97603465906465 36.66754000240953 -5.6001 1.760843688174661 0
TRAILER 0.0 0 -1.6632757035761019 1443.5123753702278 248.05596604058414 1652.431097245823 420.01637097370065 3.7718 2.908 8.7734 42.75210337795573 14.421677757108746 -5.2888 -3.026109160605019 0
TRUCK 0.0 0 -1.6861935053550332 1441.0842157722088 276.4113935092051 1600.031057711363 434.5752135164384 3.537 2.7249 3.2089 38.096508063775794 13.879456004633605 -5.4189 -3.0296551381354675 0
CAR 0.0 0 -1.7172673319675908 1601.2259337821145 352.2463465841984 1729.172472883387 445.2890209106636 1.5619 1.9279 4.1837 39.17779966839486 10.22807610536118 -6.2537 -3.0543261909900767 0
CAR 0.0 0 -1.682495264638972 1651.118427838688 307.1651255182653 1755.6244640934624 377.8776070689784 1.5132 1.9248 4.2656 48.714612759840165 11.284462450144147 -6.0367 -3.055709966098818 0
BUS 0.0 0 1.005711767464552 257.4512129197546 148.3884871783442 509.70215418149854 323.4868482063238 1.7 2.7509 13.0107 39.232751866580024 -2.8659622995370704 -7.1989 -0.03558576258541227 0
TRUCK 0.0 0 -2.6784041425123157 -75.38161647687414 25.500009475098246 146.79770617713083 200.20915981736118 4.0049 3.065 3.0468 41.8804053497051 7.064916816184841 -4.8285 -3.036750637202603 0
CAR 0.0 0 -1.3763017170149943 182.7642071450314 446.47196522101405 434.2406152046034 581.4129871868638 1.5873 1.9102 4.1657 11.71246061645309 30.01561225114626 -7.3642 -1.9206361231507973 0
TRAILER 0.0 0 -2.183086389542511 -62.114987346846775 -3.0316780921070694 248.37360508702886 202.43291241740027 4.6993 3.7174 8.9897 47.15969757442748 7.628531948077452 -4.9958 -3.03482524741764 0
CAR 0.0 0 -0.11066657507903632 3462.878026637174 482.6089841964164 4535.552067740837 798.2603147144 1.7 1.9202 4.2345 11.8595 -50.1556 -5.9737 -1.5232093557791107 0
