VAN 0.0 0 3.15818712334928 1271.1106760137911 207.67228365368413 1353.9752639056962 253.80534015124738 2.0362 2.0313 6.0453 72.97503757827221 36.666441404287006 -5.6001 1.760843688174661 0
TRAILER 0.0 0 -1.723619385913213 1299.1964656731313 286.72999237728567 1590.2854442944986 534.3200893567816 3.7718 2.908 8.7734 30.096977020328623 12.845166143206367 -5.2888 -3.026109160605019 0
TRUCK 0.0 0 -1.7646227704058783 1286.5082253478251 333.17672824146604 1503.898155206562 561.6215998609822 3.537 2.7249 3.2089 25.47823200863088 12.318811545625772 -5.4189 -3.0296551381354675 0
CAR 0.0 0 -1.9107049468487374 1308.7378784461323 548.4494193657322 1572.9594683689638 782.0275829105802 1.5619 1.9279 4.1837 17.40543759398478 8.13926047689893 -6.2537 -3.0543261909900767 0
CAR 0.0 0 -1.7120182781499402 1610.4437375750006 343.98262295068696 1737.856429071797 434.3098964855034 1.5132 1.9248 4.2656 39.53183778327232 10.12493874832418 -6.0367 -3.055709966098818 0
BUS 0.0 0 1.4985583867745051 383.6789203588002 64.90481321353096 530.48967709431 154.00866120609373 1.7 2.7509 13.0107 61.57689020521783 0.5586790951817644 -7.1989 0.1563791996988933 0
TRUCK 0.0 0 -2.6783706166159065 -75.37705399761407 25.50007456517138 146.80165242701725 200.2091980086681 4.0049 3.065 3.0468 41.880400194298474 7.064804242702299 -4.8285 -3.036750637202603 0
CAR 0.0 0 -1.3763088574706317 182.76014705328976 446.474724813899 434.23895028507536 581.417363754097 1.5873 1.9102 4.1657 11.71230583350497 30.015407708849825 -7.3642 -1.9206361231507973 0
TRAILER 0.0 0 -2.1829766883903203 -62.08849666518441 -3.0320757478821587 248.3919631902255 202.43080018172287 4.6993 3.7174 8.9897 47.15998901606251 7.628019320073965 -4.9958 -3.03482524741764 0
CAR 0.0 0 -0.11066657507903632 3462.878026637174 482.6089841964164 4535.552067740837 798.2603147144 1.7 1.9202 4.2345 11.8595 -50.1556 -5.9737 -1.5232093557791107 0
VAN 0.0 0 -1.636781513457608 1699.4822859115282 240.74872100990447 1800.6657764369982 313.06501286343547 2.1852 2.217 6.1126 64.01510001117093 12.760676000964342 -5.3315 -3.051610665334258 0
CAR 0.0 0 -1.6623187177811212 1660.0667914042228 305.09056039038995 1761.3617696307324 380.07763559037375 1.7658 1.9354 4.3076 51.4112170868218 11.540019964780713 -6.381 -3.0363435510577563 0
