CAR 0.0 0 2.90119584958202 1158.81968139012 341.06650184116046 1367.3206048923514 528.2585761582644 1.5287 1.9324 4.1412 21.091029516780356 -20.947958689811497 -6.5387 1.661019611173656 0
VAN 0.0 0 3.0144633843405 1284.2190453559103 210.24323926411893 1368.7310943750467 257.7695618207449 2.0362 2.0313 6.0453 71.62411922122281 35.17641685615797 -5.6001 1.6176939212085473 0
TRAILER 0.0 0 4.503173461402376 1495.9645689022636 245.6748295740928 1695.7338096398717 412.44631934096964 3.7718 2.908 8.7734 44.86134603294871 13.609107028485461 -5.2888 3.131483313082973 0
TRUCK 0.0 0 4.4801380213134605 1473.4130860303064 271.4038551967972 1627.1847731957637 423.40365044277104 3.537 2.7249 3.2089 40.095220434174955 13.678777229700035 -5.4189 3.127643232933447 0
CAR 0.0 0 4.470025168049522 1613.7800020776856 347.21967620056034 1738.3456983630942 437.44520054386913 1.5619 1.9279 4.1837 40.34516607992995 10.217544183402165 -6.2537 3.1279286174672145 0
CAR 0.0 0 -1.768108782943784 1669.6515976076164 309.8934783555471 1774.93450546145 381.8553402982492 1.5132 1.9248 4.2656 48.43442974671908 10.67589397837914 -6.0367 -3.141592653589793 0
BUS 0.0 0 -0.8662336447168423 268.10763665536 348.1400566478803 759.4514837122883 509.661466823647 1.7 2.7509 13.0107 19.522645754311114 33.396186782441895 -7.1989 -1.7504477274704175 0
CAR 0.0 0 1.9852095508865608 -217.2533754965785 351.8955224682096 144.54751656509876 579.1567704255197 1.5302 1.9318 4.6762 20.702471048261707 -1.9842439408510355 -6.4832 2.034713482137773 0
TRUCK 0.0 0 3.993610887265259 1.949857084976289 13.320667788425776 195.95884304095102 171.78742980449798 4.0049 3.065 3.0468 46.01961045359269 7.314040516241805 -4.8285 3.1415926535897927 0
CAR 0.0 0 -1.285783957946863 164.3568956707623 438.90946509695215 412.04614581172905 569.6409315561675 1.5873 1.9102 4.1657 11.739905657861746 31.017517258597273 -7.3642 -1.808518209653994 0
CAR 0.0 0 -1.7440790821800447 1700.9281273366382 291.79302886993634 1788.3991149127883 350.358482255148 1.5032 1.9048 4.1528 57.81726845624892 11.660470885599315 -6.3637 -3.1334769622077676 0
TRAILER 0.0 0 4.308735906824266 42.22190638737607 -11.552611983464487 305.68627725297614 173.1303026996112 4.6993 3.7174 8.9897 51.67831604619868 7.162220785046886 -4.9958 3.1241677633491904 0
